/*--------------------------------*- C++ -*----------------------------------*\
  =========                 |
  \\      /  F ield         | OpenFOAM: The Open Source CFD Toolbox
   \\    /   O peration     | Website:  https://openfoam.org
    \\  /    A nd           | Version:  7
     \\/     M anipulation  |
\*---------------------------------------------------------------------------*/
FoamFile
{
    version     2.0;
    format      ascii;
    class       volScalarField;
    location    "6.34";
    object      T;
}
// * * * * * * * * * * * * * * * * * * * * * * * * * * * * * * * * * * * * * //

dimensions      [0 0 0 1 0 0 0];

internalField   nonuniform List<scalar> 
12013
(
300.104
300.316
300.533
300.754
300.976
301.199
301.421
301.64
301.857
302.07
302.279
302.482
302.68
302.873
303.059
303.24
303.414
303.583
303.745
303.902
304.054
304.2
304.341
304.477
304.609
304.737
304.861
304.982
305.1
305.215
305.329
305.44
305.551
305.661
305.772
305.883
305.997
306.113
306.232
306.356
306.486
306.624
306.77
306.926
307.094
307.276
307.474
307.69
307.928
308.188
308.476
308.794
309.145
309.534
309.965
310.443
310.972
311.558
312.207
312.925
313.72
314.599
315.571
316.644
317.828
319.136
320.578
322.168
323.922
325.857
327.993
330.353
332.963
335.858
339.078
342.673
346.714
351.296
356.564
362.762
370.351
300.104
300.316
300.534
300.754
300.977
301.199
301.421
301.641
301.858
302.071
302.28
302.483
302.682
302.874
303.061
303.241
303.416
303.585
303.747
303.904
304.056
304.202
304.343
304.479
304.611
304.739
304.864
304.984
305.102
305.217
305.331
305.442
305.553
305.663
305.774
305.885
305.999
306.115
306.234
306.358
306.488
306.626
306.771
306.927
307.095
307.277
307.475
307.691
307.928
308.189
308.476
308.794
309.145
309.533
309.963
310.44
310.968
311.553
312.201
312.919
313.712
314.589
315.559
316.629
317.811
319.114
320.552
322.136
323.883
325.809
327.934
330.279
332.871
335.741
338.925
342.471
346.437
350.9
355.958
361.736
368.344
300.105
300.317
300.534
300.755
300.978
301.201
301.423
301.643
301.86
302.073
302.282
302.486
302.685
302.877
303.064
303.245
303.42
303.589
303.751
303.908
304.06
304.206
304.348
304.484
304.616
304.744
304.868
304.989
305.107
305.222
305.336
305.447
305.558
305.668
305.779
305.89
306.003
306.119
306.239
306.363
306.492
306.63
306.775
306.931
307.099
307.28
307.478
307.693
307.93
308.19
308.476
308.793
309.143
309.53
309.959
310.435
310.961
311.544
312.19
312.904
313.694
314.568
315.532
316.597
317.772
319.067
320.494
322.066
323.798
325.705
327.805
330.119
332.671
335.487
338.598
342.043
345.862
350.103
354.813
360.019
365.682
300.105
300.317
300.535
300.756
300.979
301.203
301.425
301.646
301.864
302.077
302.287
302.491
302.69
302.883
303.07
303.251
303.426
303.595
303.758
303.916
304.067
304.214
304.355
304.492
304.624
304.752
304.877
304.997
305.115
305.231
305.344
305.456
305.566
305.676
305.787
305.898
306.011
306.127
306.246
306.37
306.499
306.636
306.781
306.937
307.104
307.285
307.482
307.697
307.932
308.191
308.477
308.792
309.141
309.526
309.953
310.426
310.95
311.529
312.171
312.881
313.665
314.532
315.489
316.544
317.708
318.989
320.4
321.952
323.659
325.535
327.596
329.861
332.349
335.082
338.084
341.381
344.996
348.951
353.254
357.887
362.775
300.105
300.318
300.537
300.758
300.982
301.206
301.429
301.651
301.869
302.083
302.293
302.498
302.697
302.891
303.079
303.26
303.436
303.605
303.768
303.926
304.078
304.225
304.367
304.503
304.636
304.764
304.888
305.009
305.127
305.243
305.356
305.468
305.578
305.688
305.799
305.91
306.023
306.138
306.257
306.38
306.51
306.646
306.791
306.945
307.112
307.292
307.488
307.702
307.936
308.194
308.478
308.791
309.137
309.52
309.944
310.413
310.933
311.507
312.143
312.846
313.623
314.48
315.426
316.467
317.615
318.877
320.264
321.787
323.458
325.291
327.298
329.495
331.897
334.521
337.382
340.494
343.868
347.506
351.397
355.505
359.766
300.105
300.319
300.538
300.761
300.986
301.211
301.435
301.657
301.876
302.091
302.302
302.507
302.708
302.902
303.09
303.272
303.449
303.618
303.782
303.941
304.093
304.24
304.382
304.519
304.652
304.78
304.905
305.026
305.144
305.26
305.373
305.484
305.595
305.705
305.815
305.926
306.038
306.153
306.272
306.395
306.524
306.659
306.803
306.957
307.123
307.302
307.496
307.709
307.941
308.197
308.479
308.789
309.132
309.512
309.931
310.396
310.91
311.478
312.106
312.799
313.565
314.409
315.34
316.363
317.489
318.725
320.08
321.566
323.191
324.967
326.905
329.017
331.313
333.805
336.5
339.404
342.518
345.834
349.331
352.975
356.713
300.106
300.321
300.541
300.765
300.991
301.217
301.442
301.665
301.885
302.102
302.313
302.52
302.721
302.917
303.106
303.289
303.466
303.636
303.801
303.96
304.113
304.261
304.403
304.541
304.674
304.802
304.927
305.048
305.167
305.282
305.395
305.507
305.617
305.727
305.837
305.947
306.06
306.174
306.292
306.415
306.543
306.677
306.82
306.973
307.137
307.315
307.508
307.718
307.949
308.202
308.48
308.787
309.127
309.501
309.915
310.373
310.88
311.439
312.057
312.739
313.49
314.318
315.229
316.229
317.327
318.53
319.846
321.284
322.853
324.56
326.415
328.426
330.599
332.941
335.454
338.139
340.988
343.99
347.124
350.358
353.653
300.107
300.323
300.544
300.77
300.997
301.224
301.451
301.676
301.897
302.115
302.328
302.537
302.739
302.936
303.126
303.31
303.488
303.66
303.825
303.985
304.139
304.287
304.43
304.568
304.701
304.831
304.956
305.077
305.195
305.311
305.424
305.536
305.646
305.755
305.865
305.975
306.087
306.201
306.318
306.44
306.567
306.701
306.843
306.994
307.157
307.332
307.523
307.731
307.959
308.208
308.483
308.786
309.12
309.489
309.896
310.346
310.843
311.391
311.996
312.663
313.397
314.204
315.091
316.063
317.127
318.29
319.558
320.94
322.441
324.069
325.829
327.726
329.764
331.945
334.268
336.729
339.319
342.024
344.826
347.698
350.61
300.107
300.325
300.549
300.776
301.005
301.234
301.463
301.689
301.913
302.132
302.347
302.557
302.761
302.96
303.151
303.337
303.516
303.689
303.856
304.016
304.171
304.32
304.464
304.603
304.737
304.866
304.992
305.114
305.232
305.348
305.461
305.572
305.682
305.792
305.901
306.011
306.122
306.235
306.352
306.472
306.598
306.731
306.871
307.021
307.181
307.355
307.543
307.748
307.972
308.217
308.487
308.785
309.112
309.474
309.873
310.313
310.798
311.333
311.923
312.572
313.284
314.067
314.924
315.862
316.886
318.002
319.216
320.533
321.959
323.497
325.151
326.925
328.82
330.834
332.965
335.205
337.547
339.977
342.477
345.027
347.606
300.108
300.328
300.554
300.783
301.014
301.246
301.477
301.706
301.932
302.154
302.371
302.583
302.789
302.989
303.183
303.371
303.551
303.726
303.894
304.056
304.212
304.362
304.507
304.646
304.781
304.911
305.037
305.159
305.278
305.394
305.507
305.618
305.728
305.837
305.946
306.055
306.166
306.278
306.394
306.513
306.638
306.768
306.907
307.054
307.213
307.383
307.568
307.769
307.989
308.23
308.494
308.785
309.105
309.457
309.846
310.274
310.746
311.266
311.837
312.464
313.152
313.906
314.729
315.628
316.606
317.669
318.821
320.066
321.408
322.849
324.392
326.037
327.784
329.63
331.571
333.6
335.708
337.882
340.11
342.374
344.658
300.11
300.332
300.56
300.792
301.027
301.261
301.495
301.727
301.956
302.18
302.4
302.615
302.824
303.026
303.222
303.412
303.595
303.771
303.941
304.104
304.262
304.413
304.559
304.7
304.835
304.966
305.093
305.215
305.334
305.45
305.564
305.675
305.784
305.893
306.001
306.11
306.22
306.331
306.445
306.564
306.686
306.815
306.952
307.097
307.252
307.419
307.6
307.797
308.012
308.247
308.504
308.787
309.098
309.44
309.817
310.232
310.688
311.189
311.738
312.341
313.001
313.721
314.507
315.361
316.289
317.293
318.377
319.545
320.797
322.136
323.563
325.077
326.675
328.356
330.113
331.941
333.831
335.772
337.754
339.763
341.786
300.111
300.337
300.568
300.804
301.041
301.279
301.517
301.752
301.984
302.212
302.436
302.654
302.865
303.071
303.27
303.462
303.647
303.826
303.998
304.163
304.323
304.476
304.623
304.765
304.902
305.033
305.161
305.284
305.403
305.52
305.633
305.744
305.854
305.962
306.07
306.177
306.286
306.396
306.509
306.626
306.747
306.873
307.007
307.149
307.301
307.464
307.641
307.833
308.041
308.269
308.519
308.793
309.094
309.424
309.787
310.186
310.624
311.104
311.63
312.205
312.832
313.516
314.259
315.066
315.938
316.879
317.891
318.976
320.136
321.37
322.679
324.062
325.515
327.035
328.618
330.257
331.945
333.674
335.433
337.214
339.004
300.113
300.342
300.578
300.817
301.059
301.301
301.543
301.783
302.019
302.251
302.479
302.7
302.916
303.125
303.327
303.523
303.711
303.893
304.067
304.235
304.396
304.551
304.701
304.844
304.982
305.115
305.243
305.367
305.487
305.604
305.717
305.828
305.938
306.045
306.152
306.259
306.367
306.476
306.587
306.702
306.821
306.945
307.075
307.214
307.362
307.521
307.692
307.878
308.08
308.3
308.541
308.805
309.094
309.411
309.759
310.14
310.557
311.014
311.513
312.057
312.65
313.294
313.991
314.746
315.559
316.434
317.371
318.372
319.437
320.566
321.758
323.012
324.325
325.692
327.111
328.575
330.078
331.613
333.172
334.748
336.332
300.115
300.349
300.589
300.834
301.08
301.328
301.574
301.819
302.061
302.298
302.53
302.757
302.977
303.19
303.396
303.596
303.788
303.973
304.15
304.321
304.485
304.643
304.794
304.939
305.079
305.213
305.343
305.467
305.588
305.705
305.819
305.93
306.039
306.146
306.252
306.358
306.465
306.572
306.682
306.794
306.91
307.032
307.159
307.294
307.437
307.591
307.757
307.936
308.13
308.342
308.573
308.825
309.101
309.403
309.734
310.095
310.49
310.922
311.392
311.903
312.458
313.059
313.709
314.409
315.162
315.968
316.828
317.744
318.715
319.74
320.818
321.948
323.127
324.351
325.616
326.918
328.252
329.612
330.991
332.383
333.782
300.118
300.357
300.603
300.853
301.106
301.359
301.612
301.863
302.11
302.354
302.592
302.824
303.049
303.268
303.479
303.683
303.879
304.068
304.25
304.424
304.591
304.752
304.906
305.053
305.195
305.331
305.462
305.588
305.709
305.827
305.941
306.052
306.16
306.267
306.373
306.478
306.583
306.688
306.796
306.906
307.019
307.137
307.261
307.391
307.53
307.678
307.837
308.009
308.195
308.397
308.617
308.857
309.119
309.404
309.716
310.057
310.428
310.832
311.271
311.748
312.264
312.821
313.421
314.065
314.755
315.492
316.276
317.108
317.986
318.91
319.879
320.891
321.944
323.034
324.158
325.312
326.491
327.692
328.909
330.137
331.372
300.121
300.367
300.619
300.876
301.136
301.397
301.657
301.915
302.169
302.42
302.664
302.903
303.135
303.36
303.577
303.786
303.988
304.182
304.368
304.547
304.718
304.882
305.039
305.189
305.333
305.471
305.603
305.731
305.853
305.972
306.086
306.197
306.306
306.412
306.516
306.62
306.724
306.827
306.933
307.04
307.15
307.265
307.384
307.51
307.643
307.785
307.937
308.101
308.278
308.47
308.678
308.904
309.151
309.419
309.711
310.03
310.376
310.751
311.158
311.599
312.074
312.586
313.135
313.724
314.352
315.02
315.729
316.478
317.267
318.095
318.961
319.862
320.797
321.763
322.757
323.776
324.816
325.874
326.946
328.027
329.114
300.125
300.378
300.639
300.904
301.172
301.441
301.71
301.976
302.239
302.498
302.751
302.997
303.237
303.469
303.693
303.909
304.117
304.317
304.508
304.692
304.867
305.035
305.196
305.35
305.497
305.637
305.772
305.9
306.024
306.143
306.258
306.37
306.478
306.584
306.687
306.79
306.891
306.993
307.096
307.201
307.308
307.418
307.533
307.654
307.781
307.917
308.061
308.216
308.383
308.564
308.759
308.972
309.202
309.452
309.724
310.019
310.339
310.686
311.06
311.464
311.898
312.364
312.864
313.396
313.964
314.565
315.202
315.872
316.576
317.313
318.082
318.88
319.707
320.559
321.435
322.331
323.246
324.175
325.116
326.066
327.021
300.129
300.392
300.662
300.936
301.214
301.493
301.772
302.049
302.322
302.59
302.853
303.108
303.357
303.598
303.83
304.054
304.269
304.476
304.674
304.863
305.044
305.217
305.382
305.539
305.69
305.833
305.97
306.101
306.226
306.346
306.462
306.573
306.681
306.787
306.889
306.99
307.09
307.19
307.29
307.392
307.495
307.601
307.712
307.827
307.948
308.076
308.213
308.359
308.516
308.685
308.867
309.065
309.279
309.51
309.761
310.033
310.326
310.643
310.984
311.351
311.745
312.167
312.617
313.096
313.604
314.142
314.709
315.306
315.93
316.582
317.261
317.965
318.692
319.441
320.209
320.995
321.797
322.611
323.436
324.268
325.106
300.134
300.408
300.688
300.974
301.264
301.555
301.845
302.134
302.419
302.698
302.972
303.239
303.498
303.749
303.991
304.224
304.448
304.663
304.868
305.064
305.252
305.43
305.6
305.762
305.916
306.063
306.203
306.336
306.463
306.584
306.701
306.813
306.921
307.025
307.127
307.227
307.325
307.422
307.52
307.618
307.717
307.819
307.925
308.034
308.149
308.27
308.398
308.535
308.681
308.838
309.007
309.19
309.386
309.599
309.829
310.077
310.344
310.631
310.94
311.272
311.626
312.004
312.407
312.835
313.287
313.765
314.267
314.794
315.345
315.919
316.515
317.133
317.77
318.425
319.097
319.784
320.484
321.195
321.916
322.644
323.377
300.141
300.426
300.72
301.019
301.322
301.627
301.931
302.234
302.532
302.825
303.112
303.392
303.664
303.926
304.18
304.423
304.657
304.882
305.096
305.3
305.494
305.679
305.855
306.022
306.181
306.332
306.474
306.61
306.739
306.862
306.98
307.092
307.2
307.304
307.405
307.503
307.6
307.695
307.789
307.884
307.979
308.077
308.177
308.28
308.388
308.502
308.622
308.749
308.884
309.029
309.185
309.352
309.532
309.726
309.935
310.159
310.401
310.66
310.937
311.234
311.551
311.888
312.246
312.625
313.025
313.447
313.889
314.353
314.836
315.339
315.86
316.399
316.955
317.527
318.112
318.711
319.32
319.94
320.568
321.202
321.842
300.148
300.448
300.757
301.072
301.391
301.711
302.032
302.35
302.665
302.974
303.276
303.571
303.857
304.134
304.4
304.656
304.902
305.137
305.361
305.574
305.777
305.97
306.152
306.325
306.489
306.644
306.79
306.929
307.061
307.185
307.304
307.417
307.525
307.629
307.729
307.825
307.92
308.012
308.104
308.195
308.286
308.379
308.474
308.571
308.673
308.778
308.89
309.007
309.132
309.265
309.407
309.559
309.723
309.898
310.087
310.289
310.505
310.737
310.985
311.249
311.53
311.829
312.145
312.479
312.831
313.201
313.589
313.994
314.416
314.854
315.308
315.777
316.261
316.757
317.266
317.785
318.315
318.853
319.399
319.951
320.508
300.156
300.473
300.8
301.133
301.47
301.81
302.149
302.487
302.82
303.147
303.468
303.78
304.083
304.375
304.657
304.927
305.186
305.434
305.669
305.893
306.105
306.306
306.496
306.676
306.845
307.005
307.155
307.298
307.432
307.558
307.678
307.792
307.9
308.004
308.103
308.198
308.29
308.38
308.469
308.556
308.644
308.732
308.821
308.913
309.007
309.105
309.208
309.316
309.43
309.551
309.68
309.818
309.965
310.123
310.292
310.473
310.666
310.872
311.091
311.325
311.573
311.836
312.114
312.407
312.715
313.038
313.376
313.729
314.096
314.477
314.871
315.278
315.696
316.126
316.567
317.017
317.476
317.942
318.415
318.894
319.378
300.166
300.503
300.85
301.204
301.564
301.925
302.287
302.646
303.001
303.349
303.691
304.023
304.345
304.656
304.955
305.241
305.516
305.777
306.025
306.261
306.483
306.694
306.892
307.079
307.255
307.42
307.575
307.721
307.858
307.987
308.108
308.223
308.331
308.434
308.532
308.626
308.717
308.804
308.89
308.973
309.057
309.14
309.224
309.309
309.397
309.487
309.582
309.68
309.784
309.894
310.011
310.135
310.267
310.408
310.558
310.719
310.89
311.072
311.266
311.471
311.689
311.92
312.162
312.418
312.687
312.968
313.261
313.567
313.885
314.215
314.556
314.908
315.27
315.641
316.022
316.411
316.807
317.21
317.62
318.034
318.453
300.177
300.538
300.909
301.288
301.672
302.059
302.446
302.831
303.211
303.584
303.949
304.304
304.648
304.98
305.299
305.604
305.895
306.172
306.435
306.683
306.918
307.138
307.346
307.541
307.723
307.895
308.055
308.205
308.345
308.476
308.599
308.715
308.823
308.926
309.023
309.115
309.204
309.289
309.371
309.451
309.53
309.609
309.687
309.767
309.848
309.931
310.017
310.107
310.201
310.3
310.404
310.515
310.633
310.759
310.892
311.034
311.185
311.345
311.515
311.695
311.886
312.087
312.298
312.521
312.754
312.998
313.252
313.517
313.792
314.077
314.371
314.674
314.987
315.307
315.635
315.97
316.312
316.66
317.014
317.372
317.735
300.191
300.578
300.977
301.385
301.798
302.215
302.631
303.046
303.455
303.856
304.249
304.63
304.999
305.355
305.696
306.021
306.331
306.626
306.904
307.167
307.414
307.646
307.863
308.067
308.257
308.434
308.599
308.753
308.897
309.031
309.155
309.272
309.381
309.483
309.579
309.67
309.756
309.839
309.918
309.995
310.069
310.143
310.217
310.29
310.365
310.441
310.519
310.601
310.685
310.774
310.868
310.966
311.071
311.182
311.3
311.425
311.557
311.698
311.847
312.004
312.17
312.345
312.528
312.721
312.923
313.134
313.354
313.583
313.82
314.066
314.319
314.581
314.85
315.126
315.408
315.697
315.992
316.292
316.596
316.906
317.219
300.206
300.625
301.057
301.498
301.945
302.396
302.847
303.295
303.737
304.171
304.595
305.006
305.403
305.785
306.151
306.499
306.83
307.144
307.439
307.717
307.978
308.222
308.45
308.662
308.86
309.044
309.214
309.373
309.519
309.656
309.782
309.899
310.008
310.11
310.205
310.294
310.379
310.458
310.534
310.608
310.678
310.748
310.816
310.884
310.953
311.022
311.093
311.166
311.242
311.322
311.405
311.493
311.585
311.683
311.787
311.896
312.012
312.135
312.265
312.402
312.547
312.698
312.858
313.025
313.2
313.382
313.572
313.769
313.974
314.186
314.404
314.63
314.861
315.099
315.342
315.591
315.844
316.103
316.365
316.632
316.902
300.224
300.68
301.149
301.629
302.116
302.606
303.096
303.583
304.063
304.534
304.993
305.438
305.867
306.278
306.671
307.044
307.398
307.732
308.046
308.34
308.615
308.872
309.11
309.332
309.538
309.728
309.904
310.066
310.216
310.355
310.483
310.601
310.71
310.811
310.905
310.992
311.074
311.151
311.224
311.294
311.361
311.426
311.489
311.552
311.615
311.678
311.742
311.808
311.876
311.947
312.021
312.099
312.18
312.266
312.357
312.454
312.555
312.662
312.776
312.895
313.021
313.152
313.291
313.436
313.587
313.745
313.909
314.079
314.256
314.438
314.627
314.821
315.02
315.225
315.435
315.649
315.868
316.09
316.317
316.547
316.78
300.245
300.743
301.256
301.781
302.313
302.849
303.385
303.916
304.44
304.952
305.451
305.933
306.397
306.84
307.263
307.663
308.041
308.397
308.73
309.041
309.331
309.601
309.85
310.081
310.294
310.491
310.672
310.838
310.991
311.131
311.26
311.378
311.487
311.588
311.68
311.766
311.845
311.92
311.99
312.056
312.119
312.18
312.239
312.297
312.354
312.412
312.47
312.529
312.59
312.653
312.719
312.788
312.86
312.936
313.016
313.1
313.189
313.283
313.382
313.486
313.595
313.71
313.83
313.956
314.087
314.224
314.366
314.514
314.666
314.824
314.987
315.155
315.327
315.504
315.685
315.87
316.059
316.251
316.446
316.645
316.846
300.269
300.817
301.381
301.958
302.542
303.13
303.718
304.3
304.873
305.432
305.975
306.498
307
307.479
307.934
308.363
308.766
309.144
309.497
309.826
310.131
310.412
310.673
310.912
311.133
311.335
311.52
311.69
311.845
311.986
312.116
312.234
312.343
312.442
312.533
312.616
312.694
312.765
312.832
312.895
312.955
313.012
313.067
313.12
313.173
313.226
313.278
313.332
313.387
313.443
313.502
313.563
313.626
313.693
313.764
313.838
313.917
313.999
314.086
314.177
314.273
314.373
314.478
314.588
314.702
314.821
314.945
315.073
315.206
315.343
315.485
315.63
315.779
315.932
316.089
316.249
316.413
316.579
316.749
316.921
317.095
300.297
300.903
301.526
302.162
302.807
303.456
304.102
304.742
305.37
305.981
306.573
307.142
307.685
308.202
308.69
309.149
309.579
309.98
310.352
310.698
311.017
311.31
311.58
311.828
312.054
312.261
312.45
312.622
312.778
312.921
313.05
313.168
313.275
313.373
313.462
313.544
313.619
313.688
313.752
313.812
313.868
313.922
313.973
314.023
314.072
314.12
314.168
314.217
314.267
314.318
314.37
314.425
314.482
314.542
314.605
314.671
314.74
314.813
314.89
314.971
315.055
315.144
315.236
315.333
315.433
315.538
315.646
315.758
315.875
315.994
316.118
316.245
316.375
316.509
316.645
316.785
316.927
317.072
317.219
317.368
317.52
300.33
301.002
301.693
302.399
303.113
303.831
304.545
305.249
305.938
306.608
307.253
307.871
308.458
309.014
309.537
310.026
310.483
310.906
311.298
311.659
311.99
312.295
312.573
312.827
313.058
313.268
313.459
313.632
313.789
313.932
314.06
314.177
314.283
314.379
314.466
314.546
314.618
314.685
314.747
314.804
314.858
314.909
314.958
315.004
315.05
315.095
315.14
315.185
315.231
315.277
315.326
315.376
315.428
315.482
315.539
315.599
315.661
315.727
315.796
315.868
315.944
316.023
316.105
316.191
316.28
316.373
316.469
316.568
316.671
316.777
316.886
316.997
317.112
317.229
317.349
317.471
317.596
317.723
317.851
317.982
318.114
300.368
301.117
301.887
302.672
303.467
304.263
305.052
305.829
306.587
307.319
308.022
308.692
309.326
309.922
310.48
310.999
311.48
311.924
312.333
312.708
313.05
313.363
313.647
313.905
314.139
314.351
314.543
314.716
314.873
315.014
315.141
315.256
315.36
315.455
315.54
315.618
315.689
315.754
315.813
315.869
315.921
315.97
316.017
316.062
316.106
316.149
316.191
316.234
316.278
316.322
316.367
316.414
316.463
316.514
316.566
316.622
316.679
316.74
316.803
316.869
316.938
317.01
317.085
317.162
317.243
317.327
317.413
317.502
317.594
317.688
317.785
317.885
317.987
318.091
318.197
318.305
318.415
318.527
318.64
318.755
318.872
300.412
301.25
302.111
302.988
303.874
304.758
305.634
306.491
307.323
308.124
308.888
309.611
310.292
310.928
311.519
312.066
312.57
313.032
313.455
313.84
314.19
314.507
314.795
315.055
315.29
315.502
315.693
315.864
316.019
316.159
316.284
316.398
316.5
316.593
316.676
316.753
316.822
316.886
316.945
317
317.052
317.1
317.147
317.191
317.235
317.278
317.32
317.362
317.405
317.449
317.493
317.539
317.586
317.635
317.686
317.738
317.793
317.851
317.91
317.972
318.037
318.104
318.173
318.245
318.319
318.396
318.475
318.556
318.639
318.725
318.813
318.902
318.994
319.087
319.182
319.279
319.377
319.477
319.578
319.68
319.783
300.463
301.404
302.369
303.352
304.341
305.326
306.296
307.242
308.154
309.027
309.854
310.631
311.358
312.031
312.653
313.224
313.746
314.221
314.653
315.044
315.398
315.717
316.005
316.264
316.497
316.707
316.895
317.065
317.217
317.354
317.478
317.589
317.69
317.782
317.865
317.941
318.01
318.075
318.134
318.19
318.243
318.292
318.34
318.386
318.431
318.476
318.52
318.563
318.608
318.652
318.698
318.744
318.792
318.841
318.892
318.944
318.999
319.055
319.113
319.173
319.234
319.298
319.364
319.432
319.502
319.574
319.647
319.723
319.8
319.879
319.959
320.041
320.125
320.21
320.296
320.383
320.471
320.561
320.651
320.742
320.834
300.522
301.581
302.667
303.769
304.875
305.972
307.047
308.088
309.085
310.032
310.921
311.751
312.518
313.225
313.871
314.459
314.992
315.475
315.91
316.302
316.655
316.972
317.257
317.512
317.742
317.947
318.132
318.298
318.448
318.583
318.705
318.815
318.916
319.007
319.091
319.168
319.239
319.306
319.368
319.427
319.482
319.535
319.587
319.636
319.685
319.733
319.781
319.828
319.876
319.924
319.972
320.022
320.072
320.123
320.176
320.23
320.285
320.342
320.4
320.459
320.52
320.583
320.647
320.713
320.78
320.848
320.918
320.989
321.062
321.135
321.21
321.286
321.363
321.441
321.519
321.599
321.679
321.76
321.841
321.923
322.005
300.589
301.784
303.007
304.246
305.484
306.704
307.892
309.033
310.118
311.137
312.085
312.96
313.761
314.491
315.154
315.751
316.288
316.769
317.201
317.588
317.935
318.245
318.523
318.773
318.996
319.197
319.378
319.541
319.689
319.822
319.944
320.055
320.157
320.25
320.337
320.417
320.492
320.563
320.63
320.693
320.754
320.813
320.87
320.925
320.98
321.033
321.087
321.14
321.193
321.246
321.299
321.353
321.408
321.463
321.519
321.575
321.633
321.691
321.751
321.811
321.873
321.935
321.998
322.063
322.128
322.194
322.262
322.33
322.398
322.468
322.538
322.609
322.68
322.752
322.824
322.897
322.97
323.043
323.117
323.191
323.265
300.666
302.016
303.396
304.788
306.171
307.526
308.834
310.078
311.246
312.333
313.331
314.238
315.058
315.797
316.46
317.054
317.586
318.06
318.484
318.862
319.199
319.501
319.771
320.014
320.232
320.428
320.606
320.767
320.914
321.048
321.17
321.284
321.389
321.486
321.577
321.663
321.744
321.821
321.895
321.965
322.033
322.099
322.164
322.227
322.289
322.35
322.41
322.47
322.529
322.589
322.648
322.708
322.767
322.827
322.887
322.947
323.007
323.068
323.13
323.191
323.254
323.316
323.38
323.443
323.507
323.572
323.637
323.702
323.767
323.833
323.899
323.965
324.032
324.098
324.165
324.231
324.298
324.364
324.431
324.497
324.563
300.753
302.279
303.836
305.399
306.941
308.439
309.87
311.212
312.448
313.577
314.599
315.521
316.346
317.084
317.741
318.325
318.845
319.307
319.717
320.083
320.409
320.701
320.963
321.198
321.411
321.604
321.779
321.939
322.086
322.222
322.348
322.465
322.574
322.678
322.775
322.868
322.956
323.041
323.123
323.202
323.278
323.353
323.425
323.497
323.566
323.635
323.703
323.77
323.837
323.902
323.968
324.032
324.097
324.161
324.225
324.288
324.352
324.415
324.478
324.541
324.604
324.667
324.73
324.793
324.856
324.918
324.981
325.043
325.105
325.167
325.229
325.291
325.352
325.413
325.474
325.535
325.595
325.655
325.714
325.773
325.832
300.85
302.574
304.327
306.078
307.793
309.43
310.957
312.362
313.641
314.795
315.829
316.751
317.57
318.296
318.937
319.505
320.007
320.451
320.846
321.197
321.51
321.791
322.043
322.272
322.479
322.668
322.842
323.002
323.151
323.289
323.419
323.541
323.656
323.766
323.87
323.97
324.066
324.159
324.249
324.336
324.421
324.503
324.584
324.663
324.74
324.816
324.891
324.964
325.036
325.108
325.178
325.247
325.316
325.384
325.451
325.517
325.582
325.647
325.711
325.775
325.838
325.901
325.963
326.024
326.085
326.145
326.205
326.265
326.323
326.382
326.439
326.496
326.553
326.609
326.664
326.719
326.773
326.827
326.88
326.932
326.983
300.953
302.889
304.856
306.806
308.662
310.397
311.991
313.439
314.74
315.9
316.929
317.837
318.637
319.34
319.959
320.502
320.982
321.406
321.782
322.117
322.416
322.685
322.929
323.15
323.353
323.539
323.711
323.871
324.021
324.162
324.295
324.421
324.541
324.656
324.766
324.872
324.975
325.074
325.17
325.264
325.355
325.444
325.53
325.615
325.698
325.779
325.859
325.937
326.013
326.088
326.162
326.235
326.306
326.376
326.445
326.512
326.579
326.644
326.709
326.773
326.835
326.897
326.958
327.018
327.077
327.135
327.192
327.248
327.304
327.359
327.413
327.466
327.518
327.569
327.62
327.669
327.718
327.766
327.814
327.86
327.906
301.045
303.175
305.339
307.42
309.371
311.166
312.795
314.256
315.554
316.702
317.71
318.595
319.369
320.046
320.64
321.16
321.619
322.023
322.383
322.703
322.991
323.25
323.486
323.701
323.899
324.082
324.252
324.411
324.561
324.703
324.837
324.965
325.088
325.205
325.319
325.428
325.534
325.637
325.736
325.833
325.928
326.02
326.109
326.197
326.283
326.367
326.449
326.529
326.608
326.685
326.76
326.834
326.906
326.978
327.047
327.115
327.183
327.248
327.313
327.376
327.438
327.499
327.559
327.618
327.676
327.732
327.788
327.842
327.896
327.948
327.999
328.05
328.099
328.147
328.195
328.241
328.287
328.332
328.376
328.418
328.46
380.505
388.449
395.137
400.973
406.157
410.796
414.954
418.664
421.94
424.784
427.185
429.12
430.555
431.442
431.714
431.282
430.014
427.717
424.058
418.379
409.035
402.711
397.868
393.904
390.531
387.588
384.973
382.618
380.473
378.503
376.68
374.981
373.39
371.892
370.475
369.128
367.845
366.617
365.437
364.302
363.205
362.143
361.112
360.109
359.131
358.175
357.239
356.321
355.42
354.532
353.658
352.796
351.943
351.101
350.266
349.44
348.62
347.807
346.999
346.197
345.4
344.607
343.819
343.036
342.257
341.482
340.711
339.944
339.182
338.425
337.672
336.924
336.181
335.444
334.712
333.986
333.266
332.553
331.847
331.149
330.458
329.776
329.102
328.437
327.782
327.137
326.502
325.878
325.266
324.665
324.076
323.499
322.935
322.384
321.845
321.321
320.809
320.312
319.828
319.358
318.902
318.46
318.032
317.617
317.216
316.829
316.454
316.093
315.745
315.41
315.087
314.776
314.477
314.189
313.912
313.646
313.391
313.146
312.91
312.684
312.466
312.257
312.057
311.864
311.679
311.5
311.329
311.164
311.005
310.852
310.705
310.562
310.425
310.292
310.163
310.038
309.917
309.8
309.686
309.575
309.467
309.362
309.26
309.159
309.061
308.965
308.87
308.778
308.687
308.597
308.509
308.422
308.336
308.251
308.167
308.083
308.001
307.919
307.838
307.758
307.68
375.764
382.666
388.884
394.475
399.516
404.068
408.17
411.845
415.1
417.935
420.336
422.28
423.734
424.651
424.968
424.603
423.443
421.333
418.055
413.342
407.147
401.792
397.325
393.542
390.271
387.391
384.819
382.494
380.372
378.419
376.609
374.921
373.339
371.848
370.436
369.095
367.816
366.591
365.415
364.282
363.187
362.127
361.098
360.096
359.119
358.165
357.23
356.313
355.412
354.525
353.652
352.79
351.938
351.096
350.262
349.436
348.616
347.803
346.996
346.194
345.397
344.604
343.817
343.033
342.254
341.479
340.708
339.942
339.18
338.422
337.67
336.922
336.179
335.441
334.71
333.984
333.264
332.551
331.845
331.147
330.456
329.774
329.1
328.435
327.78
327.135
326.5
325.876
325.264
324.663
324.074
323.497
322.933
322.381
321.843
321.319
320.808
320.31
319.826
319.356
318.9
318.458
318.03
317.615
317.215
316.827
316.453
316.092
315.744
315.409
315.086
314.775
314.476
314.188
313.911
313.646
313.39
313.145
312.909
312.683
312.466
312.257
312.056
311.864
311.678
311.5
311.329
311.164
311.005
310.852
310.705
310.562
310.425
310.292
310.163
310.039
309.918
309.8
309.687
309.576
309.468
309.363
309.26
309.159
309.061
308.965
308.871
308.778
308.687
308.597
308.509
308.422
308.336
308.251
308.167
308.084
308.001
307.919
307.839
307.758
307.68
371.674
377.578
383.163
388.35
393.126
397.499
401.478
405.069
408.272
411.076
413.468
415.422
416.906
417.877
418.28
418.046
417.088
415.304
412.589
408.897
404.445
400.125
396.228
392.773
389.704
386.956
384.476
382.218
380.145
378.231
376.451
374.788
373.225
371.75
370.352
369.021
367.751
366.534
365.365
364.238
363.148
362.093
361.067
360.069
359.095
358.143
357.21
356.295
355.396
354.511
353.639
352.778
351.927
351.086
350.253
349.427
348.608
347.796
346.989
346.187
345.391
344.599
343.811
343.028
342.249
341.474
340.704
339.937
339.175
338.418
337.665
336.917
336.175
335.437
334.705
333.979
333.26
332.547
331.841
331.142
330.452
329.769
329.095
328.431
327.776
327.13
326.496
325.872
325.259
324.658
324.069
323.493
322.928
322.377
321.839
321.315
320.804
320.306
319.823
319.353
318.897
318.455
318.027
317.612
317.212
316.824
316.451
316.09
315.742
315.407
315.084
314.773
314.474
314.187
313.91
313.644
313.389
313.144
312.909
312.682
312.465
312.256
312.056
311.863
311.678
311.5
311.329
311.164
311.005
310.852
310.705
310.563
310.425
310.292
310.164
310.039
309.918
309.801
309.687
309.576
309.468
309.363
309.26
309.16
309.062
308.966
308.871
308.779
308.688
308.598
308.51
308.423
308.337
308.252
308.168
308.084
308.002
307.92
307.839
307.759
307.681
367.839
372.929
377.884
382.605
387.041
391.164
394.962
398.423
401.536
404.285
406.652
408.611
410.131
411.173
411.692
411.634
410.939
409.55
407.433
404.622
401.309
397.894
394.619
391.58
388.794
386.245
383.908
381.756
379.765
377.914
376.185
374.562
373.032
371.584
370.209
368.898
367.644
366.441
365.284
364.166
363.085
362.037
361.018
360.025
359.056
358.108
357.179
356.268
355.371
354.489
353.619
352.76
351.911
351.071
350.239
349.415
348.597
347.785
346.979
346.178
345.382
344.591
343.804
343.021
342.242
341.468
340.697
339.931
339.169
338.412
337.659
336.912
336.169
335.431
334.699
333.974
333.254
332.541
331.835
331.136
330.445
329.763
329.089
328.424
327.769
327.124
326.489
325.865
325.253
324.652
324.063
323.486
322.922
322.371
321.833
321.309
320.798
320.3
319.817
319.347
318.892
318.45
318.022
317.608
317.207
316.82
316.447
316.086
315.738
315.403
315.081
314.77
314.472
314.184
313.908
313.643
313.388
313.143
312.907
312.681
312.464
312.256
312.055
311.863
311.678
311.5
311.329
311.164
311.006
310.853
310.705
310.563
310.426
310.293
310.164
310.04
309.919
309.802
309.688
309.577
309.469
309.364
309.262
309.161
309.063
308.967
308.873
308.78
308.689
308.6
308.511
308.424
308.338
308.253
308.169
308.086
308.003
307.922
307.841
307.76
307.682
364.138
368.568
372.951
377.204
381.266
385.099
388.672
391.965
394.956
397.625
399.949
401.903
403.458
404.579
405.231
405.372
404.967
403.987
402.432
400.352
397.88
395.224
392.553
389.97
387.522
385.226
383.081
381.076
379.2
377.44
375.784
374.221
372.741
371.335
369.994
368.712
367.483
366.301
365.162
364.06
362.993
361.956
360.947
359.963
359.001
358.059
357.136
356.229
355.337
354.458
353.591
352.735
351.888
351.051
350.221
349.398
348.582
347.772
346.967
346.167
345.371
344.581
343.794
343.012
342.234
341.46
340.69
339.924
339.162
338.405
337.652
336.905
336.162
335.424
334.692
333.966
333.247
332.534
331.827
331.129
330.438
329.755
329.081
328.416
327.761
327.116
326.481
325.857
325.244
324.643
324.054
323.478
322.914
322.363
321.825
321.301
320.79
320.293
319.81
319.34
318.885
318.443
318.016
317.602
317.202
316.815
316.442
316.081
315.734
315.399
315.077
314.767
314.468
314.181
313.905
313.64
313.386
313.141
312.906
312.68
312.463
312.255
312.055
311.863
311.678
311.5
311.329
311.165
311.006
310.854
310.706
310.564
310.427
310.294
310.166
310.041
309.921
309.804
309.69
309.579
309.471
309.366
309.264
309.163
309.065
308.969
308.875
308.782
308.691
308.602
308.513
308.426
308.34
308.255
308.171
308.088
308.006
307.924
307.843
307.762
307.683
360.532
364.414
368.293
372.103
375.791
379.314
382.638
385.735
388.578
391.145
393.409
395.346
396.929
398.128
398.915
399.261
399.144
398.552
397.496
396.021
394.215
392.198
390.085
387.961
385.881
383.877
381.963
380.143
378.416
376.777
375.22
373.74
372.328
370.979
369.687
368.447
367.254
366.102
364.989
363.91
362.862
361.842
360.848
359.876
358.925
357.992
357.077
356.177
355.291
354.417
353.555
352.703
351.86
351.025
350.198
349.378
348.564
347.755
346.952
346.153
345.359
344.569
343.784
343.002
342.225
341.451
340.681
339.916
339.154
338.397
337.645
336.897
336.154
335.417
334.685
333.959
333.239
332.525
331.819
331.12
330.429
329.746
329.072
328.406
327.751
327.106
326.471
325.847
325.234
324.633
324.044
323.467
322.903
322.353
321.815
321.291
320.78
320.283
319.8
319.331
318.876
318.435
318.008
317.594
317.194
316.808
316.435
316.075
315.728
315.394
315.072
314.762
314.464
314.178
313.902
313.638
313.383
313.139
312.904
312.679
312.462
312.254
312.055
311.863
311.678
311.501
311.33
311.166
311.007
310.855
310.708
310.566
310.429
310.296
310.168
310.043
309.923
309.806
309.692
309.582
309.474
309.369
309.266
309.166
309.068
308.972
308.878
308.785
308.694
308.605
308.516
308.429
308.344
308.259
308.175
308.091
308.009
307.927
307.846
307.765
307.686
357.01
360.428
363.864
367.268
370.596
373.809
376.874
379.759
382.437
384.884
387.072
388.979
390.579
391.847
392.761
393.299
393.449
393.205
392.581
391.61
390.35
388.876
387.264
385.581
383.877
382.187
380.534
378.93
377.383
375.893
374.462
373.087
371.765
370.493
369.266
368.082
366.937
365.827
364.75
363.703
362.683
361.687
360.713
359.759
358.823
357.904
357
356.11
355.232
354.366
353.51
352.663
351.825
350.995
350.171
349.354
348.542
347.736
346.935
346.138
345.346
344.557
343.773
342.992
342.215
341.443
340.673
339.908
339.147
338.39
337.638
336.89
336.147
335.41
334.677
333.951
333.231
332.517
331.81
331.111
330.419
329.736
329.061
328.396
327.74
327.094
326.459
325.835
325.222
324.621
324.032
323.455
322.891
322.341
321.803
321.279
320.769
320.272
319.79
319.321
318.866
318.425
317.998
317.585
317.186
316.8
316.428
316.068
315.722
315.388
315.067
314.758
314.46
314.174
313.899
313.635
313.381
313.137
312.903
312.678
312.462
312.254
312.055
311.863
311.679
311.502
311.331
311.167
311.009
310.857
310.71
310.568
310.432
310.299
310.171
310.047
309.926
309.81
309.696
309.586
309.478
309.373
309.27
309.17
309.072
308.976
308.882
308.79
308.699
308.609
308.521
308.434
308.348
308.263
308.179
308.096
308.013
307.932
307.85
307.77
307.69
353.572
356.591
359.637
362.674
365.666
368.58
371.386
374.053
376.557
378.87
380.97
382.833
384.436
385.759
386.782
387.49
387.874
387.931
387.673
387.123
386.318
385.306
384.139
382.866
381.529
380.161
378.785
377.42
376.077
374.763
373.482
372.235
371.024
369.848
368.704
367.593
366.511
365.456
364.427
363.422
362.439
361.475
360.53
359.601
358.687
357.787
356.899
356.023
355.157
354.301
353.453
352.614
351.782
350.958
350.139
349.326
348.518
347.715
346.917
346.122
345.332
344.545
343.762
342.983
342.207
341.435
340.667
339.902
339.141
338.385
337.632
336.884
336.141
335.403
334.671
333.944
333.223
332.509
331.802
331.102
330.41
329.726
329.051
328.385
327.729
327.083
326.447
325.822
325.209
324.608
324.019
323.442
322.878
322.327
321.79
321.266
320.756
320.26
319.777
319.309
318.855
318.414
317.988
317.576
317.177
316.791
316.42
316.061
315.715
315.382
315.061
314.753
314.456
314.17
313.896
313.632
313.379
313.136
312.902
312.677
312.462
312.255
312.056
311.865
311.681
311.504
311.334
311.17
311.013
310.861
310.714
310.572
310.436
310.304
310.176
310.052
309.931
309.815
309.701
309.591
309.483
309.379
309.276
309.176
309.078
308.982
308.888
308.796
308.705
308.615
308.527
308.44
308.354
308.269
308.185
308.102
308.02
307.938
307.857
307.776
307.696
350.224
352.895
355.597
358.304
360.987
363.62
366.175
368.627
370.951
373.125
375.125
376.931
378.523
379.882
380.992
381.842
382.422
382.732
382.779
382.578
382.152
381.533
380.757
379.857
378.867
377.814
376.721
375.607
374.486
373.366
372.255
371.158
370.079
369.017
367.976
366.953
365.95
364.966
363.999
363.048
362.113
361.192
360.285
359.389
358.505
357.63
356.765
355.909
355.06
354.218
353.383
352.554
351.731
350.913
350.101
349.294
348.491
347.692
346.897
346.106
345.318
344.534
343.753
342.975
342.2
341.429
340.662
339.898
339.137
338.381
337.629
336.881
336.137
335.399
334.666
333.939
333.218
332.503
331.795
331.094
330.401
329.717
329.041
328.375
327.718
327.071
326.435
325.81
325.196
324.594
324.005
323.428
322.864
322.313
321.776
321.252
320.742
320.246
319.765
319.297
318.843
318.403
317.977
317.565
317.167
316.782
316.411
316.053
315.708
315.376
315.056
314.748
314.452
314.167
313.893
313.63
313.378
313.135
312.902
312.678
312.463
312.256
312.058
311.867
311.684
311.508
311.338
311.175
311.017
310.866
310.72
310.578
310.442
310.31
310.182
310.058
309.938
309.822
309.709
309.598
309.491
309.386
309.284
309.184
309.086
308.99
308.896
308.804
308.713
308.624
308.536
308.449
308.363
308.278
308.194
308.111
308.028
307.946
307.865
307.784
307.704
346.975
349.34
351.739
354.149
356.551
358.923
361.241
363.484
365.631
367.661
369.555
371.293
372.858
374.234
375.407
376.366
377.105
377.62
377.916
378.001
377.891
377.604
377.165
376.598
375.927
375.174
374.359
373.499
372.606
371.694
370.769
369.838
368.907
367.979
367.056
366.14
365.232
364.332
363.441
362.559
361.684
360.818
359.959
359.107
358.261
357.421
356.586
355.756
354.93
354.109
353.291
352.477
351.666
350.859
350.056
349.256
348.459
347.666
346.876
346.088
345.304
344.523
343.744
342.969
342.196
341.426
340.66
339.896
339.137
338.381
337.628
336.88
336.137
335.398
334.665
333.937
333.215
332.499
331.79
331.089
330.395
329.71
329.033
328.365
327.708
327.06
326.423
325.798
325.184
324.581
323.992
323.414
322.85
322.3
321.762
321.239
320.729
320.233
319.752
319.284
318.831
318.391
317.966
317.555
317.158
316.774
316.403
316.046
315.702
315.37
315.051
314.744
314.449
314.165
313.892
313.63
313.378
313.136
312.903
312.68
312.466
312.26
312.062
311.872
311.689
311.514
311.344
311.182
311.025
310.873
310.728
310.587
310.451
310.319
310.191
310.068
309.948
309.832
309.719
309.609
309.501
309.397
309.295
309.195
309.097
309.001
308.907
308.815
308.724
308.635
308.547
308.46
308.374
308.289
308.205
308.122
308.04
307.958
307.877
307.796
307.715
343.836
345.932
348.06
350.206
352.353
354.484
356.581
358.626
360.601
362.488
364.27
365.931
367.455
368.828
370.039
371.078
371.937
372.614
373.108
373.425
373.573
373.564
373.413
373.137
372.753
372.277
371.725
371.112
370.449
369.749
369.018
368.266
367.496
366.715
365.926
365.131
364.333
363.533
362.732
361.931
361.131
360.331
359.533
358.735
357.938
357.142
356.346
355.551
354.757
353.963
353.169
352.376
351.583
350.791
350
349.21
348.422
347.636
346.852
346.071
345.291
344.513
343.738
342.965
342.195
341.427
340.662
339.899
339.14
338.385
337.633
336.885
336.141
335.402
334.667
333.939
333.216
332.499
331.789
331.087
330.392
329.705
329.027
328.359
327.7
327.052
326.414
325.787
325.173
324.57
323.98
323.402
322.838
322.287
321.749
321.226
320.716
320.221
319.74
319.273
318.82
318.381
317.957
317.546
317.149
316.766
316.397
316.041
315.697
315.367
315.048
314.742
314.448
314.165
313.893
313.631
313.38
313.139
312.908
312.685
312.472
312.267
312.069
311.88
311.698
311.523
311.354
311.192
311.035
310.884
310.739
310.598
310.463
310.331
310.204
310.081
309.961
309.845
309.732
309.622
309.515
309.411
309.309
309.209
309.111
309.016
308.922
308.829
308.739
308.649
308.562
308.475
308.389
308.304
308.22
308.137
308.055
307.973
307.892
307.811
307.73
340.82
342.675
344.564
346.473
348.39
350.303
352.195
354.054
355.863
357.609
359.277
360.853
362.324
363.677
364.903
365.992
366.938
367.735
368.383
368.883
369.239
369.458
369.549
369.522
369.389
369.163
368.854
368.475
368.035
367.544
367.01
366.44
365.841
365.217
364.573
363.911
363.236
362.549
361.851
361.145
360.432
359.712
358.985
358.254
357.517
356.775
356.029
355.278
354.524
353.766
353.004
352.239
351.47
350.7
349.927
349.153
348.377
347.601
346.826
346.051
345.277
344.505
343.734
342.964
342.197
341.431
340.668
339.907
339.149
338.394
337.642
336.894
336.15
335.411
334.676
333.946
333.222
332.504
331.793
331.089
330.393
329.705
329.026
328.356
327.696
327.047
326.408
325.78
325.165
324.561
323.97
323.392
322.827
322.276
321.739
321.215
320.706
320.211
319.73
319.263
318.811
318.373
317.949
317.54
317.144
316.762
316.393
316.038
315.695
315.366
315.048
314.743
314.45
314.168
313.897
313.636
313.386
313.146
312.916
312.694
312.481
312.277
312.081
311.892
311.71
311.536
311.368
311.206
311.05
310.9
310.755
310.614
310.479
310.348
310.221
310.098
309.979
309.863
309.75
309.64
309.534
309.429
309.327
309.228
309.13
309.034
308.941
308.848
308.758
308.669
308.581
308.494
308.408
308.324
308.24
308.157
308.074
307.993
307.911
307.83
307.749
337.937
339.58
341.254
342.952
344.662
346.375
348.08
349.765
351.418
353.027
354.58
356.066
357.473
358.791
360.011
361.125
362.125
363.008
363.77
364.41
364.929
365.331
365.62
365.802
365.886
365.878
365.788
365.623
365.392
365.102
364.76
364.373
363.946
363.484
362.992
362.472
361.929
361.366
360.783
360.183
359.568
358.939
358.297
357.643
356.978
356.302
355.615
354.92
354.215
353.502
352.78
352.052
351.316
350.574
349.826
349.074
348.317
347.556
346.793
346.028
345.262
344.497
343.731
342.966
342.203
341.44
340.68
339.921
339.164
338.41
337.659
336.911
336.167
335.427
334.691
333.96
333.235
332.516
331.804
331.098
330.401
329.711
329.031
328.359
327.698
327.047
326.407
325.778
325.162
324.557
323.965
323.387
322.822
322.27
321.732
321.209
320.7
320.205
319.724
319.258
318.806
318.369
317.946
317.537
317.142
316.761
316.393
316.039
315.698
315.369
315.053
314.749
314.457
314.176
313.906
313.647
313.398
313.158
312.929
312.708
312.496
312.293
312.097
311.909
311.728
311.554
311.387
311.226
311.07
310.92
310.776
310.636
310.501
310.37
310.244
310.121
310.002
309.886
309.774
309.664
309.557
309.453
309.351
309.252
309.154
309.059
308.965
308.873
308.782
308.693
308.605
308.519
308.433
308.348
308.265
308.182
308.099
308.018
307.936
307.855
307.774
335.201
336.654
338.138
339.646
341.17
342.702
344.235
345.759
347.264
348.741
350.18
351.572
352.908
354.178
355.375
356.49
357.519
358.455
359.296
360.038
360.681
361.225
361.672
362.026
362.291
362.47
362.571
362.598
362.557
362.454
362.294
362.083
361.825
361.525
361.187
360.814
360.41
359.976
359.517
359.033
358.526
357.998
357.451
356.885
356.302
355.702
355.087
354.456
353.811
353.153
352.482
351.799
351.105
350.4
349.685
348.961
348.23
347.491
346.747
345.997
345.243
344.487
343.729
342.971
342.212
341.454
340.697
339.941
339.186
338.433
337.683
336.936
336.192
335.451
334.715
333.984
333.257
332.537
331.823
331.116
330.417
329.726
329.043
328.37
327.707
327.055
326.413
325.784
325.166
324.56
323.968
323.388
322.823
322.271
321.733
321.209
320.7
320.205
319.725
319.259
318.808
318.371
317.949
317.541
317.147
316.767
316.4
316.047
315.707
315.379
315.064
314.762
314.47
314.191
313.922
313.664
313.416
313.177
312.949
312.729
312.518
312.315
312.12
311.933
311.753
311.58
311.413
311.252
311.098
310.948
310.804
310.665
310.53
310.4
310.273
310.151
310.032
309.917
309.804
309.695
309.588
309.484
309.382
309.283
309.185
309.09
308.996
308.904
308.814
308.725
308.637
308.55
308.464
308.38
308.296
308.213
308.131
308.049
307.968
307.887
307.806
332.624
333.908
335.221
336.559
337.915
339.284
340.659
342.034
343.401
344.751
346.079
347.375
348.633
349.845
351.004
352.103
353.136
354.1
354.989
355.8
356.531
357.182
357.751
358.241
358.652
358.988
359.25
359.443
359.571
359.636
359.644
359.598
359.502
359.358
359.172
358.945
358.681
358.382
358.05
357.687
357.296
356.878
356.434
355.965
355.474
354.96
354.425
353.87
353.295
352.702
352.091
351.464
350.82
350.161
349.488
348.802
348.104
347.394
346.675
345.947
345.212
344.471
343.725
342.975
342.224
341.472
340.719
339.967
339.215
338.465
337.716
336.97
336.226
335.486
334.75
334.017
333.29
332.569
331.853
331.145
330.444
329.751
329.067
328.392
327.727
327.073
326.43
325.799
325.18
324.573
323.979
323.399
322.833
322.28
321.742
321.218
320.709
320.214
319.734
319.269
318.819
318.383
317.961
317.554
317.161
316.782
316.416
316.064
315.725
315.399
315.085
314.783
314.493
314.214
313.947
313.689
313.443
313.205
312.978
312.759
312.549
312.347
312.153
311.967
311.787
311.615
311.448
311.288
311.134
310.985
310.841
310.702
310.568
310.438
310.312
310.19
310.071
309.956
309.843
309.734
309.627
309.523
309.422
309.322
309.225
309.129
309.036
308.944
308.853
308.764
308.676
308.589
308.504
308.419
308.336
308.253
308.17
308.089
308.008
307.927
307.846
330.218
331.351
332.511
333.696
334.901
336.122
337.353
338.59
339.827
341.058
342.277
343.477
344.653
345.798
346.907
347.974
348.994
349.962
350.873
351.725
352.515
353.24
353.899
354.491
355.018
355.478
355.874
356.207
356.479
356.692
356.849
356.953
357.006
357.01
356.968
356.883
356.756
356.59
356.388
356.149
355.878
355.574
355.239
354.875
354.483
354.063
353.617
353.146
352.651
352.132
351.591
351.028
350.444
349.841
349.219
348.579
347.923
347.252
346.566
345.868
345.158
344.439
343.711
342.976
342.236
341.492
340.746
339.999
339.252
338.505
337.759
337.015
336.272
335.532
334.796
334.064
333.336
332.613
331.897
331.187
330.484
329.789
329.104
328.427
327.761
327.105
326.46
325.827
325.207
324.599
324.004
323.423
322.856
322.303
321.764
321.24
320.731
320.236
319.756
319.292
318.841
318.406
317.985
317.579
317.187
316.808
316.444
316.093
315.755
315.43
315.117
314.816
314.527
314.25
313.983
313.727
313.481
313.245
313.018
312.8
312.591
312.39
312.197
312.011
311.832
311.66
311.495
311.335
311.181
311.033
310.889
310.751
310.617
310.487
310.361
310.239
310.12
310.005
309.893
309.784
309.677
309.573
309.471
309.372
309.274
309.179
309.085
308.993
308.902
308.813
308.725
308.638
308.553
308.468
308.385
308.302
308.219
308.138
308.057
307.976
307.895
327.992
328.99
330.015
331.063
332.131
333.218
334.318
335.428
336.543
337.66
338.774
339.879
340.971
342.044
343.095
344.117
345.107
346.061
346.974
347.842
348.663
349.435
350.155
350.821
351.432
351.989
352.49
352.936
353.328
353.666
353.952
354.187
354.373
354.512
354.604
354.651
354.656
354.619
354.543
354.428
354.276
354.088
353.866
353.61
353.322
353.003
352.653
352.273
351.865
351.429
350.965
350.476
349.962
349.423
348.861
348.277
347.672
347.047
346.404
345.744
345.068
344.378
343.676
342.963
342.241
341.511
340.775
340.036
339.295
338.554
337.811
337.07
336.33
335.592
334.856
334.124
333.396
332.673
331.956
331.245
330.541
329.844
329.157
328.479
327.811
327.153
326.507
325.872
325.25
324.641
324.045
323.463
322.895
322.342
321.802
321.278
320.768
320.274
319.794
319.33
318.88
318.445
318.025
317.619
317.228
316.851
316.487
316.137
315.8
315.476
315.164
314.864
314.577
314.3
314.034
313.779
313.534
313.299
313.073
312.856
312.648
312.447
312.255
312.07
311.892
311.72
311.555
311.396
311.242
311.094
310.951
310.812
310.679
310.549
310.423
310.301
310.182
310.067
309.955
309.846
309.739
309.635
309.533
309.433
309.336
309.24
309.146
309.054
308.963
308.874
308.786
308.699
308.613
308.528
308.445
308.362
308.28
308.198
308.117
308.036
307.956
325.958
326.836
327.738
328.663
329.608
330.573
331.553
332.546
333.549
334.558
335.571
336.582
337.589
338.587
339.572
340.541
341.49
342.414
343.31
344.176
345.007
345.801
346.556
347.269
347.939
348.564
349.144
349.678
350.164
350.604
350.998
351.345
351.646
351.902
352.114
352.282
352.408
352.492
352.536
352.54
352.505
352.432
352.322
352.176
351.994
351.778
351.528
351.245
350.929
350.582
350.204
349.795
349.358
348.892
348.399
347.879
347.334
346.765
346.173
345.56
344.927
344.275
343.606
342.923
342.226
341.518
340.8
340.074
339.343
338.609
337.873
337.136
336.4
335.664
334.931
334.2
333.473
332.75
332.033
331.321
330.616
329.919
329.23
328.551
327.881
327.222
326.574
325.938
325.315
324.705
324.108
323.525
322.956
322.401
321.861
321.337
320.827
320.332
319.853
319.388
318.939
318.504
318.085
317.68
317.289
316.912
316.549
316.2
315.864
315.541
315.23
314.931
314.644
314.369
314.104
313.85
313.606
313.371
313.146
312.93
312.722
312.522
312.33
312.145
311.968
311.797
311.632
311.473
311.319
311.171
311.028
310.89
310.756
310.626
310.501
310.378
310.26
310.144
310.032
309.922
309.815
309.711
309.609
309.509
309.411
309.315
309.221
309.129
309.038
308.948
308.86
308.773
308.687
308.602
308.518
308.435
308.353
308.271
308.19
308.11
308.03
324.123
324.893
325.686
326.5
327.335
328.189
329.059
329.945
330.843
331.752
332.668
333.588
334.51
335.431
336.347
337.256
338.153
339.037
339.903
340.748
341.571
342.367
343.136
343.873
344.578
345.248
345.882
346.479
347.036
347.555
348.033
348.471
348.868
349.224
349.539
349.814
350.048
350.241
350.395
350.51
350.585
350.622
350.621
350.582
350.506
350.394
350.245
350.061
349.841
349.587
349.299
348.978
348.623
348.237
347.82
347.373
346.896
346.391
345.859
345.301
344.719
344.114
343.487
342.842
342.178
341.499
340.807
340.103
339.389
338.668
337.941
337.211
336.481
335.75
335.021
334.293
333.568
332.847
332.13
331.419
330.714
330.016
329.327
328.646
327.975
327.315
326.666
326.029
325.405
324.793
324.195
323.611
323.041
322.486
321.946
321.42
320.91
320.415
319.936
319.471
319.022
318.588
318.169
317.764
317.374
316.998
316.636
316.287
315.952
315.629
315.319
315.021
314.735
314.46
314.196
313.942
313.698
313.465
313.24
313.024
312.817
312.617
312.426
312.241
312.064
311.893
311.728
311.569
311.416
311.268
311.125
310.986
310.852
310.722
310.596
310.474
310.355
310.239
310.126
310.017
309.909
309.805
309.702
309.602
309.504
309.407
309.313
309.22
309.128
309.038
308.95
308.863
308.776
308.691
308.607
308.524
308.442
308.36
308.279
308.199
308.119
322.495
323.168
323.863
324.578
325.313
326.067
326.838
327.625
328.426
329.24
330.065
330.898
331.737
332.58
333.425
334.268
335.108
335.942
336.767
337.58
338.379
339.162
339.925
340.668
341.386
342.08
342.746
343.383
343.989
344.564
345.106
345.613
346.086
346.523
346.923
347.287
347.614
347.903
348.155
348.369
348.546
348.684
348.785
348.849
348.874
348.863
348.814
348.728
348.605
348.446
348.25
348.019
347.752
347.451
347.115
346.746
346.344
345.911
345.446
344.952
344.429
343.879
343.304
342.705
342.084
341.443
340.784
340.109
339.42
338.719
338.01
337.293
336.572
335.849
335.125
334.402
333.681
332.963
332.249
331.539
330.835
330.138
329.449
328.768
328.097
327.437
326.787
326.149
325.524
324.911
324.312
323.727
323.157
322.601
322.06
321.534
321.024
320.529
320.049
319.584
319.135
318.701
318.282
317.877
317.488
317.112
316.75
316.402
316.067
315.745
315.435
315.138
314.852
314.577
314.314
314.06
313.817
313.584
313.359
313.144
312.937
312.737
312.546
312.361
312.184
312.013
311.848
311.689
311.536
311.387
311.244
311.105
310.971
310.84
310.714
310.591
310.472
310.355
310.242
310.132
310.024
309.918
309.815
309.714
309.616
309.519
309.424
309.33
309.238
309.148
309.059
308.971
308.884
308.799
308.715
308.631
308.549
308.467
308.386
308.305
308.225
321.077
321.664
322.272
322.898
323.544
324.207
324.887
325.584
326.296
327.022
327.76
328.51
329.269
330.036
330.808
331.585
332.363
333.141
333.917
334.688
335.452
336.207
336.951
337.682
338.397
339.095
339.774
340.432
341.066
341.676
342.261
342.817
343.346
343.844
344.311
344.747
345.15
345.519
345.854
346.155
346.42
346.65
346.844
347.001
347.121
347.205
347.251
347.26
347.232
347.166
347.063
346.923
346.746
346.532
346.281
345.994
345.672
345.316
344.925
344.501
344.045
343.558
343.042
342.498
341.928
341.333
340.716
340.079
339.423
338.752
338.067
337.371
336.667
335.956
335.242
334.527
333.813
333.1
332.39
331.683
330.982
330.287
329.6
328.92
328.25
327.589
326.94
326.302
325.676
325.063
324.464
323.878
323.307
322.751
322.21
321.683
321.172
320.677
320.197
319.732
319.283
318.849
318.429
318.025
317.635
317.26
316.898
316.55
316.215
315.893
315.584
315.286
315.001
314.726
314.463
314.21
313.967
313.733
313.509
313.293
313.086
312.886
312.695
312.51
312.332
312.161
311.996
311.836
311.682
311.534
311.39
311.25
311.115
310.984
310.857
310.733
310.613
310.496
310.382
310.271
310.162
310.056
309.952
309.85
309.751
309.653
309.557
309.463
309.37
309.279
309.189
309.101
309.014
308.928
308.843
308.759
308.676
308.594
308.513
308.432
308.353
319.872
320.384
320.914
321.461
322.026
322.608
323.206
323.821
324.451
325.095
325.753
326.424
327.106
327.799
328.5
329.209
329.923
330.642
331.363
332.085
332.806
333.523
334.236
334.942
335.64
336.327
337.002
337.662
338.307
338.934
339.542
340.129
340.694
341.234
341.75
342.239
342.7
343.133
343.536
343.908
344.248
344.556
344.83
345.071
345.276
345.446
345.581
345.679
345.74
345.764
345.75
345.699
345.61
345.484
345.319
345.117
344.878
344.602
344.289
343.94
343.557
343.14
342.69
342.208
341.696
341.156
340.589
339.998
339.384
338.751
338.099
337.432
336.753
336.063
335.366
334.663
333.959
333.255
332.552
331.852
331.155
330.465
329.78
329.103
328.435
327.776
327.128
326.491
325.865
325.253
324.654
324.068
323.497
322.94
322.399
321.872
321.361
320.865
320.385
319.92
319.471
319.036
318.617
318.212
317.822
317.446
317.084
316.736
316.401
316.079
315.77
315.472
315.187
314.912
314.648
314.395
314.152
313.918
313.693
313.477
313.269
313.069
312.877
312.692
312.514
312.342
312.176
312.016
311.861
311.711
311.566
311.426
311.29
311.158
311.03
310.905
310.784
310.666
310.551
310.438
310.329
310.221
310.116
310.013
309.913
309.814
309.717
309.622
309.528
309.436
309.346
309.256
309.169
309.082
308.996
308.912
308.828
308.746
308.664
308.584
308.504
318.882
319.327
319.787
320.264
320.757
321.266
321.791
322.331
322.886
323.456
324.04
324.637
325.246
325.868
326.5
327.141
327.792
328.449
329.113
329.781
330.452
331.125
331.798
332.47
333.139
333.802
334.459
335.109
335.748
336.375
336.99
337.59
338.173
338.739
339.285
339.81
340.312
340.791
341.245
341.672
342.072
342.444
342.785
343.096
343.374
343.62
343.833
344.011
344.154
344.26
344.331
344.364
344.36
344.318
344.239
344.121
343.964
343.77
343.537
343.267
342.96
342.617
342.238
341.825
341.378
340.9
340.391
339.854
339.29
338.702
338.093
337.463
336.817
336.156
335.484
334.803
334.116
333.424
332.732
332.041
331.353
330.669
329.991
329.319
328.654
327.999
327.353
326.718
326.095
325.484
324.885
324.301
323.73
323.174
322.633
322.106
321.595
321.099
320.619
320.153
319.704
319.269
318.849
318.444
318.054
317.678
317.316
316.967
316.632
316.309
315.999
315.701
315.415
315.14
314.876
314.622
314.378
314.143
313.918
313.701
313.492
313.292
313.099
312.913
312.733
312.56
312.393
312.232
312.076
311.925
311.779
311.638
311.5
311.367
311.237
311.111
310.989
310.869
310.753
310.639
310.528
310.419
310.313
310.208
310.106
310.006
309.908
309.811
309.717
309.623
309.532
309.441
309.352
309.265
309.178
309.093
309.009
308.926
308.844
308.763
308.682
318.106
318.491
318.891
319.305
319.734
320.178
320.636
321.11
321.597
322.099
322.614
323.143
323.685
324.239
324.805
325.382
325.969
326.566
327.17
327.783
328.401
329.025
329.652
330.282
330.912
331.543
332.172
332.798
333.419
334.033
334.64
335.238
335.824
336.398
336.958
337.502
338.029
338.538
339.026
339.493
339.937
340.356
340.75
341.117
341.455
341.765
342.043
342.29
342.504
342.685
342.831
342.942
343.016
343.054
343.055
343.017
342.942
342.828
342.675
342.484
342.255
341.988
341.684
341.343
340.966
340.555
340.11
339.634
339.128
338.594
338.034
337.45
336.846
336.223
335.584
334.932
334.27
333.601
332.926
332.249
331.573
330.899
330.229
329.565
328.907
328.258
327.617
326.986
326.366
325.758
325.162
324.579
324.01
323.455
322.915
322.389
321.878
321.383
320.902
320.437
319.987
319.552
319.132
318.727
318.336
317.96
317.597
317.248
316.912
316.589
316.278
315.979
315.692
315.416
315.151
314.896
314.651
314.416
314.189
313.971
313.762
313.56
313.365
313.178
312.997
312.823
312.654
312.492
312.334
312.182
312.034
311.891
311.752
311.617
311.486
311.358
311.233
311.112
310.994
310.878
310.765
310.655
310.546
310.441
310.337
310.235
310.135
310.037
309.94
309.846
309.752
309.661
309.57
309.481
309.394
309.307
309.222
309.138
309.056
308.974
308.893
317.539
317.873
318.219
318.578
318.951
319.337
319.737
320.15
320.576
321.016
321.47
321.936
322.415
322.907
323.41
323.926
324.452
324.989
325.536
326.092
326.656
327.227
327.805
328.388
328.976
329.566
330.159
330.752
331.345
331.935
332.523
333.105
333.681
334.25
334.809
335.358
335.894
336.416
336.924
337.414
337.886
338.338
338.769
339.177
339.561
339.92
340.251
340.555
340.828
341.072
341.283
341.461
341.606
341.716
341.789
341.827
341.827
341.79
341.714
341.6
341.448
341.257
341.028
340.761
340.457
340.117
339.741
339.33
338.888
338.414
337.911
337.38
336.825
336.248
335.651
335.037
334.409
333.769
333.121
332.466
331.809
331.149
330.493
329.84
329.192
328.551
327.918
327.294
326.68
326.076
325.485
324.906
324.339
323.787
323.249
322.724
322.215
321.721
321.241
320.776
320.327
319.892
319.472
319.066
318.675
318.298
317.935
317.585
317.248
316.924
316.613
316.313
316.025
315.748
315.481
315.225
314.979
314.742
314.514
314.295
314.083
313.88
313.684
313.495
313.312
313.136
312.966
312.801
312.642
312.487
312.338
312.192
312.051
311.914
311.781
311.651
311.524
311.401
311.28
311.162
311.047
310.934
310.824
310.716
310.61
310.506
310.404
310.304
310.205
310.108
310.013
309.92
309.828
309.737
309.648
309.56
309.474
309.389
309.305
309.222
309.14
317.179
317.467
317.767
318.078
318.401
318.736
319.084
319.444
319.816
320.201
320.598
321.007
321.429
321.863
322.309
322.767
323.236
323.716
324.206
324.707
325.217
325.735
326.262
326.796
327.337
327.883
328.434
328.988
329.545
330.103
330.662
331.219
331.774
332.325
332.872
333.411
333.943
334.466
334.977
335.477
335.962
336.432
336.885
337.32
337.735
338.128
338.498
338.844
339.165
339.458
339.722
339.957
340.161
340.332
340.471
340.575
340.643
340.676
340.672
340.631
340.552
340.435
340.279
340.086
339.855
339.586
339.281
338.94
338.564
338.155
337.714
337.243
336.745
336.22
335.673
335.104
334.518
333.916
333.302
332.678
332.047
331.412
330.775
330.138
329.505
328.877
328.255
327.64
327.035
326.439
325.854
325.281
324.72
324.171
323.637
323.116
322.609
322.116
321.638
321.175
320.726
320.292
319.873
319.467
319.076
318.699
318.335
317.985
317.648
317.323
317.01
316.709
316.42
316.142
315.874
315.616
315.368
315.13
314.9
314.679
314.466
314.26
314.062
313.871
313.686
313.508
313.335
313.168
313.006
312.85
312.697
312.55
312.406
312.266
312.13
311.998
311.868
311.742
311.619
311.498
311.38
311.265
311.152
311.041
310.933
310.826
310.721
310.619
310.518
310.419
310.321
310.225
310.131
310.039
309.947
309.858
309.77
309.683
309.597
309.513
309.43
317.019
317.268
317.527
317.796
318.076
318.367
318.668
318.981
319.306
319.641
319.988
320.347
320.717
321.099
321.492
321.896
322.312
322.738
323.175
323.623
324.08
324.547
325.023
325.507
325.999
326.499
327.005
327.516
328.032
328.552
329.075
329.599
330.125
330.65
331.173
331.693
332.209
332.719
333.223
333.718
334.203
334.677
335.139
335.586
336.017
336.431
336.826
337.201
337.554
337.883
338.188
338.466
338.717
338.939
339.131
339.291
339.419
339.513
339.573
339.597
339.585
339.536
339.45
339.327
339.167
338.969
338.734
338.463
338.156
337.814
337.439
337.032
336.595
336.129
335.637
335.122
334.585
334.029
333.457
332.872
332.276
331.672
331.063
330.451
329.839
329.228
328.622
328.021
327.428
326.844
326.269
325.704
325.15
324.609
324.08
323.564
323.062
322.573
322.098
321.637
321.191
320.758
320.34
319.936
319.545
319.168
318.805
318.454
318.116
317.791
317.477
317.175
316.885
316.605
316.336
316.077
315.827
315.587
315.355
315.132
314.916
314.709
314.508
314.314
314.127
313.946
313.771
313.601
313.437
313.277
313.122
312.971
312.825
312.682
312.543
312.407
312.275
312.145
312.019
311.895
311.774
311.655
311.539
311.425
311.313
311.203
311.096
310.99
310.886
310.784
310.683
310.585
310.488
310.393
310.299
310.207
310.116
310.027
309.94
309.854
309.769
317.053
317.268
317.492
317.725
317.968
318.22
318.482
318.754
319.036
319.328
319.631
319.944
320.268
320.602
320.948
321.303
321.67
322.047
322.434
322.832
323.239
323.656
324.083
324.518
324.962
325.414
325.873
326.34
326.812
327.29
327.773
328.259
328.749
329.24
329.733
330.225
330.716
331.205
331.689
332.169
332.643
333.109
333.566
334.012
334.447
334.868
335.274
335.663
336.035
336.387
336.719
337.028
337.313
337.572
337.805
338.01
338.186
338.331
338.444
338.525
338.572
338.584
338.561
338.503
338.408
338.277
338.11
337.907
337.668
337.394
337.086
336.744
336.372
335.969
335.537
335.08
334.598
334.095
333.572
333.033
332.48
331.915
331.342
330.763
330.18
329.596
329.012
328.432
327.855
327.286
326.725
326.172
325.63
325.098
324.578
324.07
323.574
323.092
322.622
322.166
321.723
321.294
320.878
320.476
320.087
319.711
319.348
318.998
318.661
318.335
318.021
317.719
317.427
317.146
316.876
316.615
316.363
316.121
315.887
315.662
315.444
315.234
315.031
314.835
314.645
314.461
314.283
314.11
313.942
313.779
313.621
313.466
313.316
313.17
313.027
312.888
312.752
312.619
312.489
312.361
312.236
312.114
311.994
311.876
311.761
311.647
311.536
311.426
311.318
311.213
311.109
311.007
310.906
310.808
310.711
310.616
310.522
310.431
310.341
310.252
310.165
317.274
317.46
317.654
317.856
318.067
318.285
318.513
318.749
318.994
319.249
319.513
319.786
320.069
320.361
320.664
320.976
321.298
321.63
321.971
322.323
322.683
323.054
323.433
323.822
324.219
324.624
325.038
325.458
325.886
326.32
326.761
327.206
327.656
328.109
328.565
329.023
329.482
329.941
330.399
330.854
331.307
331.754
332.196
332.63
333.056
333.472
333.877
334.268
334.646
335.008
335.353
335.679
335.985
336.269
336.53
336.767
336.979
337.163
337.318
337.445
337.54
337.604
337.636
337.634
337.598
337.528
337.423
337.284
337.109
336.901
336.658
336.383
336.075
335.736
335.368
334.972
334.551
334.105
333.637
333.151
332.647
332.129
331.599
331.06
330.514
329.963
329.411
328.858
328.307
327.759
327.217
326.682
326.154
325.637
325.129
324.632
324.146
323.672
323.211
322.761
322.325
321.901
321.49
321.091
320.705
320.332
319.972
319.623
319.287
318.962
318.648
318.346
318.054
317.772
317.501
317.239
316.986
316.742
316.506
316.279
316.059
315.846
315.64
315.441
315.248
315.061
314.88
314.703
314.532
314.366
314.203
314.046
313.892
313.741
313.595
313.451
313.311
313.174
313.039
312.907
312.778
312.651
312.527
312.405
312.285
312.167
312.051
311.937
311.825
311.715
311.607
311.5
311.396
311.293
311.192
311.094
310.996
310.901
310.808
310.716
310.626
317.675
317.837
318.006
318.182
318.364
318.555
318.752
318.958
319.171
319.393
319.623
319.861
320.108
320.363
320.628
320.901
321.183
321.474
321.774
322.083
322.401
322.728
323.064
323.408
323.76
324.121
324.49
324.866
325.249
325.64
326.036
326.439
326.846
327.259
327.675
328.095
328.517
328.941
329.365
329.79
330.213
330.634
331.051
331.464
331.871
332.272
332.664
333.046
333.418
333.777
334.123
334.454
334.768
335.064
335.341
335.597
335.831
336.042
336.228
336.388
336.521
336.626
336.701
336.746
336.761
336.743
336.693
336.611
336.495
336.348
336.167
335.954
335.71
335.435
335.13
334.797
334.437
334.052
333.644
333.215
332.766
332.301
331.821
331.329
330.827
330.317
329.803
329.285
328.766
328.248
327.733
327.222
326.717
326.218
325.727
325.246
324.774
324.313
323.862
323.423
322.995
322.58
322.176
321.783
321.403
321.035
320.678
320.333
319.999
319.676
319.364
319.063
318.771
318.49
318.218
317.956
317.702
317.457
317.22
316.99
316.768
316.553
316.345
316.143
315.947
315.757
315.572
315.392
315.217
315.047
314.881
314.719
314.561
314.406
314.255
314.107
313.962
313.82
313.681
313.544
313.41
313.279
313.149
313.022
312.897
312.774
312.653
312.534
312.416
312.301
312.188
312.077
311.967
311.86
311.754
311.65
311.548
311.448
311.351
311.255
311.161
318.25
318.392
318.539
318.692
318.851
319.017
319.19
319.369
319.555
319.748
319.948
320.156
320.372
320.595
320.825
321.064
321.311
321.565
321.828
322.099
322.378
322.665
322.96
323.263
323.574
323.892
324.218
324.551
324.892
325.239
325.592
325.952
326.317
326.687
327.062
327.441
327.823
328.208
328.595
328.983
329.372
329.76
330.146
330.53
330.911
331.287
331.657
332.02
332.376
332.722
333.058
333.381
333.692
333.988
334.268
334.531
334.776
335.001
335.205
335.387
335.545
335.679
335.787
335.868
335.922
335.947
335.943
335.909
335.845
335.751
335.626
335.471
335.286
335.072
334.828
334.557
334.259
333.936
333.588
333.219
332.829
332.42
331.995
331.556
331.105
330.643
330.174
329.698
329.219
328.738
328.257
327.778
327.301
326.829
326.363
325.903
325.451
325.007
324.573
324.148
323.733
323.328
322.935
322.552
322.18
321.819
321.469
321.129
320.8
320.481
320.172
319.874
319.585
319.305
319.034
318.772
318.518
318.273
318.035
317.804
317.581
317.364
317.153
316.949
316.75
316.557
316.369
316.186
316.007
315.833
315.663
315.497
315.334
315.175
315.019
314.867
314.717
314.57
314.425
314.283
314.144
314.007
313.871
313.739
313.608
313.479
313.352
313.227
313.104
312.983
312.864
312.746
312.631
312.517
312.406
312.296
312.189
312.083
311.98
311.879
311.78
318.991
319.115
319.244
319.378
319.518
319.663
319.814
319.97
320.133
320.302
320.477
320.658
320.846
321.041
321.242
321.45
321.665
321.887
322.117
322.353
322.597
322.847
323.105
323.37
323.642
323.921
324.207
324.5
324.799
325.105
325.416
325.734
326.057
326.385
326.718
327.055
327.395
327.739
328.086
328.435
328.785
329.135
329.486
329.835
330.183
330.528
330.869
331.205
331.536
331.86
332.176
332.483
332.78
333.065
333.338
333.596
333.84
334.068
334.278
334.47
334.642
334.792
334.921
335.027
335.109
335.166
335.198
335.203
335.181
335.132
335.055
334.951
334.819
334.659
334.472
334.259
334.021
333.757
333.47
333.161
332.831
332.481
332.115
331.732
331.336
330.928
330.509
330.083
329.65
329.213
328.773
328.332
327.891
327.453
327.017
326.586
326.161
325.741
325.329
324.924
324.528
324.14
323.762
323.392
323.032
322.682
322.342
322.011
321.689
321.377
321.074
320.78
320.495
320.218
319.95
319.691
319.438
319.194
318.956
318.726
318.502
318.284
318.072
317.866
317.665
317.47
317.279
317.093
316.911
316.733
316.559
316.388
316.222
316.058
315.897
315.739
315.584
315.432
315.282
315.134
314.989
314.846
314.705
314.566
314.428
314.293
314.16
314.028
313.899
313.771
313.645
313.521
313.398
313.278
313.159
313.043
312.928
312.816
312.706
312.598
312.493
319.888
319.998
320.112
320.23
320.352
320.48
320.612
320.749
320.892
321.039
321.192
321.351
321.514
321.684
321.859
322.041
322.228
322.421
322.62
322.826
323.037
323.255
323.479
323.709
323.946
324.188
324.437
324.691
324.952
325.218
325.489
325.766
326.048
326.334
326.626
326.921
327.22
327.522
327.827
328.135
328.444
328.754
329.066
329.377
329.687
329.996
330.303
330.606
330.906
331.2
331.489
331.771
332.045
332.311
332.566
332.811
333.044
333.263
333.469
333.659
333.834
333.99
334.129
334.248
334.347
334.425
334.481
334.515
334.525
334.511
334.473
334.411
334.324
334.212
334.076
333.915
333.731
333.524
333.294
333.043
332.772
332.481
332.173
331.849
331.511
331.159
330.796
330.423
330.042
329.655
329.262
328.867
328.469
328.071
327.674
327.278
326.886
326.497
326.114
325.736
325.364
324.999
324.641
324.29
323.948
323.613
323.287
322.968
322.658
322.357
322.063
321.777
321.499
321.229
320.966
320.711
320.462
320.22
319.985
319.756
319.533
319.315
319.104
318.897
318.695
318.498
318.305
318.116
317.932
317.751
317.573
317.399
317.228
317.06
316.895
316.732
316.572
316.414
316.259
316.105
315.954
315.805
315.657
315.512
315.368
315.226
315.085
314.947
314.81
314.674
314.541
314.409
314.279
314.151
314.024
313.9
313.777
313.656
313.538
313.421
313.308
320.928
321.025
321.126
321.231
321.339
321.451
321.567
321.688
321.813
321.942
322.075
322.213
322.356
322.503
322.656
322.813
322.975
323.142
323.315
323.492
323.675
323.863
324.056
324.254
324.457
324.666
324.88
325.099
325.322
325.551
325.784
326.022
326.265
326.511
326.762
327.016
327.274
327.534
327.798
328.064
328.331
328.6
328.87
329.141
329.411
329.681
329.95
330.216
330.48
330.74
330.996
331.247
331.492
331.731
331.962
332.184
332.398
332.601
332.793
332.972
333.139
333.292
333.43
333.552
333.658
333.746
333.816
333.868
333.899
333.911
333.902
333.872
333.821
333.749
333.655
333.539
333.403
333.245
333.068
332.871
332.655
332.421
332.171
331.904
331.623
331.329
331.023
330.707
330.381
330.047
329.707
329.362
329.013
328.662
328.309
327.956
327.603
327.253
326.905
326.56
326.219
325.883
325.552
325.227
324.907
324.594
324.287
323.987
323.693
323.406
323.126
322.852
322.585
322.324
322.07
321.822
321.58
321.344
321.113
320.888
320.668
320.453
320.243
320.037
319.836
319.639
319.445
319.255
319.069
318.886
318.706
318.529
318.355
318.183
318.014
317.847
317.682
317.519
317.358
317.199
317.042
316.886
316.733
316.58
316.43
316.28
316.133
315.987
315.842
315.699
315.557
315.417
315.279
315.142
315.006
314.872
314.74
314.61
314.481
314.354
314.23
322.089
322.176
322.265
322.358
322.454
322.553
322.655
322.76
322.87
322.982
323.099
323.219
323.342
323.47
323.601
323.737
323.876
324.02
324.168
324.32
324.476
324.636
324.801
324.969
325.142
325.32
325.501
325.687
325.876
326.07
326.267
326.468
326.673
326.881
327.093
327.307
327.525
327.745
327.967
328.192
328.418
328.645
328.874
329.103
329.333
329.562
329.79
330.017
330.242
330.465
330.685
330.901
331.113
331.32
331.521
331.715
331.903
332.083
332.254
332.415
332.567
332.707
332.836
332.952
333.055
333.145
333.219
333.279
333.322
333.35
333.36
333.353
333.328
333.286
333.225
333.147
333.05
332.936
332.804
332.654
332.488
332.306
332.109
331.897
331.672
331.434
331.184
330.923
330.654
330.375
330.09
329.799
329.502
329.201
328.898
328.592
328.286
327.979
327.673
327.368
327.064
326.764
326.466
326.172
325.882
325.596
325.315
325.038
324.766
324.5
324.238
323.981
323.73
323.483
323.242
323.005
322.773
322.546
322.324
322.106
321.892
321.682
321.476
321.274
321.075
320.88
320.688
320.498
320.312
320.129
319.948
319.769
319.592
319.418
319.246
319.075
318.906
318.739
318.574
318.41
318.247
318.086
317.926
317.768
317.61
317.454
317.299
317.146
316.993
316.842
316.692
316.544
316.396
316.25
316.105
315.961
315.819
315.678
315.538
315.399
315.261
323.34
323.417
323.496
323.578
323.663
323.75
323.839
323.931
324.026
324.124
324.225
324.329
324.435
324.545
324.657
324.773
324.892
325.014
325.139
325.267
325.399
325.534
325.672
325.813
325.958
326.106
326.257
326.411
326.569
326.729
326.892
327.059
327.228
327.4
327.574
327.751
327.93
328.111
328.293
328.478
328.664
328.851
329.038
329.227
329.416
329.604
329.792
329.979
330.166
330.35
330.532
330.711
330.887
331.06
331.228
331.391
331.549
331.701
331.846
331.984
332.115
332.237
332.35
332.454
332.547
332.629
332.701
332.76
332.807
332.841
332.862
332.869
332.862
332.841
332.805
332.754
332.689
332.609
332.514
332.405
332.282
332.146
331.996
331.833
331.658
331.472
331.275
331.068
330.853
330.629
330.398
330.16
329.917
329.669
329.417
329.162
328.904
328.645
328.385
328.124
327.864
327.604
327.345
327.088
326.833
326.581
326.33
326.083
325.839
325.598
325.36
325.126
324.895
324.668
324.444
324.224
324.007
323.793
323.583
323.376
323.171
322.97
322.772
322.576
322.383
322.193
322.005
321.819
321.635
321.453
321.273
321.095
320.918
320.743
320.569
320.396
320.225
320.055
319.886
319.718
319.551
319.386
319.221
319.056
318.893
318.731
318.569
318.409
318.249
318.09
317.932
317.775
317.618
317.463
317.308
317.155
317.002
316.849
316.697
316.545
316.393
324.629
324.698
324.768
324.84
324.914
324.99
325.068
325.148
325.23
325.314
325.4
325.489
325.579
325.672
325.767
325.865
325.964
326.066
326.171
326.277
326.386
326.498
326.612
326.728
326.846
326.967
327.09
327.216
327.344
327.473
327.605
327.739
327.875
328.013
328.153
328.294
328.437
328.582
328.727
328.874
329.022
329.17
329.319
329.469
329.618
329.768
329.917
330.065
330.212
330.358
330.503
330.645
330.785
330.922
331.056
331.187
331.313
331.436
331.553
331.666
331.772
331.872
331.966
332.052
332.131
332.201
332.263
332.316
332.36
332.394
332.418
332.432
332.434
332.426
332.407
332.376
332.334
332.28
332.214
332.138
332.05
331.95
331.84
331.72
331.589
331.449
331.3
331.142
330.976
330.802
330.622
330.436
330.244
330.047
329.846
329.641
329.433
329.222
329.009
328.795
328.58
328.364
328.147
327.931
327.715
327.5
327.285
327.072
326.86
326.65
326.441
326.234
326.029
325.825
325.624
325.424
325.227
325.031
324.837
324.645
324.455
324.266
324.079
323.894
323.71
323.528
323.347
323.168
322.989
322.812
322.636
322.46
322.286
322.112
321.939
321.767
321.595
321.424
321.254
321.084
320.914
320.745
320.577
320.408
320.241
320.073
319.906
319.74
319.574
319.408
319.243
319.078
318.914
318.75
318.586
318.423
318.259
318.096
317.932
317.767
317.6
325.891
325.951
326.012
326.075
326.139
326.205
326.272
326.34
326.41
326.481
326.554
326.629
326.705
326.782
326.861
326.941
327.024
327.107
327.193
327.28
327.368
327.458
327.55
327.643
327.738
327.834
327.932
328.032
328.133
328.235
328.338
328.443
328.549
328.657
328.765
328.875
328.985
329.096
329.208
329.321
329.434
329.547
329.661
329.775
329.889
330.002
330.115
330.227
330.339
330.449
330.558
330.666
330.772
330.875
330.977
331.076
331.172
331.264
331.354
331.439
331.52
331.597
331.669
331.736
331.798
331.854
331.903
331.947
331.983
332.012
332.034
332.048
332.055
332.053
332.043
332.025
331.998
331.963
331.919
331.866
331.805
331.735
331.657
331.571
331.477
331.375
331.266
331.15
331.027
330.898
330.763
330.623
330.477
330.327
330.173
330.015
329.853
329.689
329.522
329.353
329.181
329.008
328.834
328.659
328.483
328.306
328.129
327.951
327.774
327.596
327.419
327.242
327.065
326.889
326.713
326.538
326.363
326.188
326.015
325.841
325.668
325.496
325.324
325.153
324.982
324.811
324.64
324.47
324.3
324.131
323.961
323.792
323.622
323.453
323.283
323.114
322.944
322.775
322.605
322.435
322.266
322.096
321.925
321.755
321.585
321.414
321.244
321.073
320.903
320.732
320.561
320.391
320.22
320.049
319.878
319.706
319.534
319.361
319.187
319.009
318.829
327.035
327.087
327.141
327.195
327.25
327.306
327.363
327.421
327.48
327.54
327.6
327.662
327.725
327.788
327.853
327.919
327.985
328.053
328.121
328.191
328.262
328.333
328.405
328.479
328.553
328.628
328.704
328.781
328.859
328.937
329.016
329.096
329.176
329.257
329.339
329.421
329.504
329.587
329.67
329.753
329.837
329.92
330.003
330.087
330.17
330.252
330.334
330.415
330.496
330.575
330.654
330.731
330.807
330.881
330.954
331.025
331.093
331.159
331.223
331.284
331.342
331.397
331.448
331.496
331.54
331.58
331.616
331.648
331.675
331.697
331.713
331.725
331.731
331.731
331.726
331.714
331.697
331.674
331.644
331.608
331.567
331.519
331.465
331.405
331.339
331.267
331.19
331.107
331.02
330.927
330.829
330.727
330.621
330.511
330.396
330.279
330.158
330.034
329.907
329.778
329.646
329.512
329.376
329.239
329.099
328.958
328.816
328.673
328.528
328.382
328.236
328.088
327.939
327.79
327.64
327.489
327.338
327.186
327.033
326.88
326.725
326.571
326.415
326.259
326.103
325.945
325.787
325.629
325.469
325.309
325.149
324.987
324.825
324.662
324.498
324.334
324.169
324.003
323.836
323.669
323.501
323.332
323.163
322.993
322.822
322.651
322.479
322.306
322.133
321.96
321.786
321.612
321.437
321.261
321.085
320.908
320.729
320.549
320.366
320.179
319.986
327.951
327.997
328.044
328.091
328.138
328.186
328.235
328.284
328.334
328.385
328.436
328.487
328.539
328.592
328.645
328.698
328.753
328.807
328.863
328.918
328.975
329.031
329.089
329.146
329.204
329.263
329.322
329.381
329.44
329.5
329.56
329.621
329.681
329.742
329.803
329.864
329.925
329.986
330.047
330.108
330.168
330.229
330.289
330.348
330.408
330.466
330.524
330.582
330.638
330.694
330.749
330.803
330.855
330.906
330.956
331.005
331.051
331.097
331.14
331.181
331.22
331.257
331.292
331.324
331.353
331.38
331.404
331.424
331.442
331.456
331.467
331.474
331.478
331.477
331.473
331.465
331.452
331.436
331.415
331.39
331.361
331.328
331.29
331.248
331.202
331.151
331.097
331.039
330.976
330.91
330.84
330.767
330.69
330.61
330.526
330.439
330.35
330.257
330.162
330.064
329.963
329.86
329.755
329.647
329.537
329.425
329.311
329.195
329.078
328.958
328.837
328.713
328.589
328.462
328.334
328.204
328.073
327.94
327.806
327.67
327.532
327.393
327.253
327.111
326.967
326.822
326.676
326.528
326.379
326.229
326.077
325.923
325.769
325.613
325.455
325.296
325.136
324.975
324.813
324.649
324.484
324.318
324.15
323.982
323.813
323.642
323.471
323.298
323.125
322.951
322.776
322.6
322.423
322.245
322.066
321.885
321.703
321.518
321.33
321.137
320.936
328.502
328.544
328.586
328.629
328.672
328.715
328.759
328.803
328.847
328.892
328.937
328.982
329.028
329.074
329.12
329.166
329.213
329.26
329.307
329.355
329.403
329.451
329.499
329.547
329.596
329.644
329.693
329.742
329.79
329.839
329.888
329.937
329.986
330.035
330.083
330.132
330.18
330.228
330.276
330.324
330.371
330.417
330.464
330.51
330.555
330.599
330.643
330.687
330.729
330.771
330.812
330.851
330.89
330.928
330.964
330.999
331.033
331.065
331.096
331.125
331.153
331.179
331.203
331.225
331.245
331.263
331.279
331.293
331.304
331.313
331.319
331.323
331.324
331.323
331.318
331.311
331.3
331.287
331.27
331.251
331.228
331.202
331.173
331.141
331.105
331.067
331.025
330.98
330.932
330.881
330.827
330.77
330.71
330.647
330.581
330.512
330.441
330.367
330.29
330.21
330.128
330.043
329.956
329.866
329.774
329.679
329.582
329.482
329.381
329.277
329.171
329.062
328.952
328.839
328.724
328.607
328.488
328.367
328.244
328.118
327.991
327.862
327.731
327.598
327.463
327.326
327.187
327.046
326.903
326.759
326.613
326.465
326.315
326.164
326.011
325.856
325.7
325.542
325.382
325.221
325.059
324.895
324.73
324.563
324.395
324.226
324.055
323.883
323.71
323.536
323.361
323.185
323.008
322.829
322.649
322.468
322.284
322.097
321.907
321.71
321.505
307.528
307.303
307.077
306.85
306.622
306.392
306.159
305.923
305.684
305.44
305.193
304.94
304.684
304.423
304.158
303.89
303.62
303.349
303.078
302.809
302.543
302.283
302.029
301.785
301.552
301.333
301.13
300.944
300.778
300.632
300.506
300.399
300.311
300.239
300.182
300.137
300.102
300.075
300.054
300.039
300.028
300.02
300.014
300.009
300.006
300.004
300.003
300.002
300.001
300.001
300.001
307.528
307.303
307.078
306.851
306.622
306.392
306.159
305.924
305.684
305.441
305.193
304.941
304.684
304.423
304.159
303.891
303.621
303.35
303.079
302.81
302.544
302.283
302.029
301.785
301.552
301.333
301.13
300.945
300.778
300.632
300.506
300.399
300.311
300.239
300.182
300.137
300.102
300.075
300.054
300.039
300.028
300.02
300.014
300.009
300.006
300.004
300.003
300.002
300.001
300.001
300.001
307.529
307.304
307.079
306.852
306.623
306.393
306.161
305.925
305.685
305.442
305.194
304.942
304.686
304.425
304.16
303.892
303.623
303.352
303.081
302.811
302.546
302.285
302.031
301.786
301.553
301.334
301.131
300.946
300.779
300.633
300.506
300.4
300.311
300.24
300.182
300.137
300.102
300.075
300.054
300.039
300.028
300.02
300.014
300.009
300.006
300.004
300.003
300.002
300.001
300.001
300.001
307.531
307.306
307.08
306.854
306.625
306.395
306.162
305.927
305.688
305.444
305.197
304.945
304.688
304.427
304.163
303.895
303.625
303.354
303.084
302.814
302.548
302.287
302.033
301.789
301.556
301.336
301.133
300.947
300.78
300.634
300.507
300.4
300.312
300.24
300.183
300.137
300.102
300.075
300.055
300.039
300.028
300.02
300.014
300.009
300.006
300.004
300.003
300.002
300.001
300.001
300.001
307.533
307.309
307.083
306.856
306.628
306.398
306.166
305.93
305.691
305.448
305.201
304.949
304.692
304.432
304.167
303.9
303.63
303.359
303.088
302.819
302.553
302.291
302.037
301.793
301.559
301.339
301.136
300.949
300.782
300.635
300.509
300.401
300.313
300.241
300.183
300.138
300.102
300.075
300.055
300.039
300.028
300.02
300.014
300.009
300.006
300.004
300.003
300.002
300.001
300.001
300.001
307.537
307.312
307.087
306.86
306.632
306.402
306.17
305.935
305.696
305.453
305.206
304.955
304.698
304.438
304.174
303.906
303.637
303.366
303.095
302.825
302.559
302.298
302.043
301.798
301.564
301.344
301.139
300.953
300.785
300.638
300.511
300.403
300.314
300.242
300.184
300.138
300.103
300.075
300.055
300.039
300.028
300.02
300.014
300.009
300.006
300.004
300.003
300.002
300.001
300.001
300.001
307.542
307.318
307.092
306.866
306.638
306.409
306.177
305.942
305.703
305.461
305.214
304.963
304.707
304.447
304.183
303.916
303.646
303.375
303.104
302.834
302.568
302.306
302.051
301.805
301.571
301.35
301.145
300.957
300.789
300.641
300.513
300.405
300.315
300.243
300.185
300.139
300.103
300.076
300.055
300.04
300.028
300.02
300.014
300.009
300.006
300.004
300.003
300.002
300.001
300.001
300.001
307.549
307.325
307.1
306.874
306.646
306.417
306.186
305.951
305.713
305.471
305.225
304.974
304.719
304.459
304.195
303.928
303.659
303.388
303.116
302.847
302.579
302.317
302.062
301.815
301.58
301.358
301.152
300.963
300.794
300.645
300.516
300.408
300.317
300.244
300.186
300.14
300.104
300.076
300.055
300.04
300.028
300.02
300.014
300.01
300.006
300.004
300.003
300.002
300.001
300.001
300.001
307.558
307.335
307.11
306.884
306.657
306.429
306.198
305.964
305.727
305.485
305.24
304.989
304.734
304.475
304.212
303.945
303.675
303.404
303.133
302.862
302.595
302.332
302.075
301.828
301.591
301.368
301.161
300.971
300.801
300.651
300.521
300.411
300.32
300.246
300.187
300.141
300.105
300.077
300.056
300.04
300.029
300.02
300.014
300.01
300.007
300.004
300.003
300.002
300.001
300.001
300.001
307.57
307.347
307.123
306.898
306.672
306.444
306.214
305.981
305.744
305.504
305.259
305.009
304.755
304.496
304.233
303.966
303.697
303.426
303.154
302.883
302.615
302.351
302.093
301.844
301.606
301.381
301.172
300.981
300.809
300.657
300.526
300.415
300.323
300.249
300.189
300.142
300.106
300.078
300.056
300.041
300.029
300.02
300.014
300.01
300.007
300.004
300.003
300.002
300.001
300.001
300.001
307.586
307.364
307.141
306.916
306.69
306.463
306.234
306.002
305.767
305.527
305.283
305.034
304.781
304.522
304.26
303.993
303.724
303.453
303.18
302.909
302.64
302.374
302.115
301.864
301.625
301.398
301.187
300.993
300.819
300.666
300.533
300.42
300.327
300.252
300.191
300.144
300.107
300.079
300.057
300.041
300.029
300.021
300.014
300.01
300.007
300.004
300.003
300.002
300.001
300.001
300.001
307.607
307.385
307.163
306.939
306.714
306.488
306.26
306.029
305.795
305.556
305.314
305.066
304.813
304.556
304.294
304.027
303.758
303.486
303.213
302.941
302.67
302.404
302.143
301.89
301.647
301.418
301.204
301.008
300.832
300.676
300.541
300.427
300.332
300.255
300.194
300.146
300.108
300.08
300.058
300.042
300.03
300.021
300.014
300.01
300.007
300.004
300.003
300.002
300.001
300.001
300.001
307.633
307.413
307.19
306.968
306.744
306.519
306.293
306.063
305.83
305.593
305.352
305.105
304.854
304.597
304.335
304.069
303.8
303.528
303.254
302.98
302.708
302.439
302.176
301.92
301.675
301.443
301.226
301.027
300.847
300.688
300.551
300.434
300.338
300.26
300.197
300.148
300.11
300.081
300.059
300.042
300.03
300.021
300.015
300.01
300.007
300.005
300.003
300.002
300.001
300.001
300.001
307.666
307.446
307.225
307.004
306.781
306.558
306.333
306.105
305.874
305.638
305.398
305.153
304.903
304.647
304.386
304.121
303.851
303.578
303.304
303.028
302.754
302.483
302.217
301.958
301.709
301.473
301.252
301.049
300.865
300.703
300.563
300.444
300.345
300.265
300.202
300.151
300.112
300.083
300.06
300.043
300.031
300.021
300.015
300.01
300.007
300.005
300.003
300.002
300.001
300.001
300.001
307.706
307.488
307.268
307.048
306.827
306.606
306.382
306.156
305.927
305.694
305.455
305.212
304.963
304.708
304.448
304.183
303.913
303.639
303.363
303.086
302.81
302.535
302.266
302.003
301.749
301.509
301.283
301.075
300.887
300.721
300.577
300.455
300.353
300.272
300.206
300.155
300.115
300.084
300.061
300.044
300.031
300.022
300.015
300.01
300.007
300.005
300.003
300.002
300.001
300.001
300.001
307.757
307.539
307.321
307.102
306.883
306.663
306.442
306.219
305.992
305.76
305.524
305.283
305.035
304.782
304.522
304.257
303.987
303.713
303.435
303.156
302.876
302.598
302.324
302.057
301.798
301.552
301.32
301.107
300.914
300.742
300.594
300.468
300.363
300.279
300.212
300.159
300.118
300.087
300.063
300.045
300.032
300.022
300.016
300.011
300.007
300.005
300.003
300.002
300.001
300.001
300.001
307.818
307.602
307.384
307.167
306.95
306.733
306.515
306.294
306.069
305.84
305.607
305.368
305.122
304.87
304.611
304.346
304.075
303.8
303.52
303.238
302.955
302.673
302.394
302.121
301.856
301.603
301.365
301.145
300.945
300.768
300.614
300.483
300.375
300.288
300.219
300.164
300.122
300.089
300.065
300.046
300.033
300.023
300.016
300.011
300.007
300.005
300.003
300.002
300.001
300.001
300.001
307.892
307.677
307.461
307.246
307.031
306.817
306.601
306.383
306.162
305.936
305.705
305.468
305.225
304.974
304.716
304.452
304.18
303.903
303.622
303.336
303.049
302.762
302.477
302.196
301.924
301.663
301.417
301.189
300.982
300.798
300.638
300.502
300.389
300.299
300.227
300.17
300.126
300.092
300.067
300.048
300.034
300.024
300.016
300.011
300.008
300.005
300.003
300.002
300.001
300.001
300.001
307.981
307.767
307.553
307.34
307.128
306.916
306.704
306.489
306.271
306.049
305.821
305.587
305.346
305.098
304.841
304.576
304.304
304.026
303.741
303.452
303.16
302.866
302.574
302.286
302.005
301.735
301.48
301.242
301.026
300.833
300.666
300.523
300.406
300.311
300.236
300.177
300.131
300.096
300.069
300.049
300.035
300.024
300.017
300.012
300.008
300.005
300.003
300.002
300.001
300.001
300.001
308.088
307.875
307.662
307.452
307.242
307.034
306.825
306.615
306.401
306.182
305.958
305.728
305.489
305.242
304.987
304.723
304.45
304.169
303.881
303.588
303.29
302.989
302.689
302.391
302.1
301.819
301.553
301.304
301.077
300.875
300.699
300.549
300.426
300.326
300.247
300.185
300.136
300.1
300.072
300.051
300.036
300.025
300.018
300.012
300.008
300.005
300.004
300.002
300.001
300.001
300.001
308.215
308.003
307.792
307.584
307.378
307.173
306.968
306.762
306.552
306.338
306.119
305.892
305.657
305.412
305.158
304.894
304.62
304.337
304.045
303.746
303.442
303.133
302.823
302.515
302.212
301.918
301.639
301.377
301.138
300.924
300.738
300.579
300.448
300.343
300.26
300.194
300.143
300.104
300.075
300.053
300.038
300.026
300.018
300.012
300.008
300.006
300.004
300.002
300.002
300.001
300.001
308.366
308.154
307.945
307.739
307.536
307.336
307.136
306.934
306.73
306.521
306.306
306.083
305.851
305.609
305.357
305.093
304.818
304.532
304.236
303.931
303.619
303.301
302.98
302.659
302.343
302.034
301.74
301.463
301.209
300.982
300.783
300.614
300.475
300.364
300.274
300.205
300.151
300.11
300.079
300.056
300.039
300.027
300.019
300.013
300.009
300.006
300.004
300.002
300.002
300.001
300.001
308.544
308.332
308.124
307.921
307.722
307.526
307.331
307.135
306.936
306.732
306.523
306.305
306.077
305.838
305.587
305.323
305.047
304.758
304.458
304.146
303.825
303.496
303.163
302.828
302.495
302.17
301.858
301.563
301.293
301.049
300.836
300.655
300.507
300.387
300.292
300.217
300.159
300.116
300.083
300.059
300.041
300.029
300.02
300.014
300.009
300.006
300.004
300.003
300.002
300.001
300.001
308.753
308.541
308.334
308.134
307.939
307.747
307.557
307.367
307.175
306.977
306.774
306.561
306.338
306.102
305.853
305.589
305.312
305.02
304.714
304.394
304.064
303.723
303.375
303.024
302.673
302.328
301.995
301.681
301.39
301.128
300.899
300.704
300.544
300.415
300.312
300.232
300.17
300.123
300.088
300.062
300.044
300.03
300.021
300.014
300.01
300.006
300.004
300.003
300.002
300.001
300.001
308.998
308.785
308.579
308.381
308.19
308.003
307.819
307.636
307.45
307.259
307.062
306.855
306.637
306.405
306.157
305.895
305.615
305.32
305.008
304.681
304.339
303.984
303.62
303.25
302.879
302.512
302.156
301.818
301.504
301.221
300.972
300.761
300.588
300.447
300.336
300.249
300.182
300.131
300.094
300.066
300.046
300.032
300.022
300.015
300.01
300.007
300.004
300.003
300.002
300.001
300.001
309.285
309.07
308.864
308.668
308.48
308.299
308.121
307.944
307.765
307.582
307.392
307.192
306.978
306.75
306.506
306.243
305.963
305.663
305.345
305.009
304.655
304.285
303.904
303.513
303.118
302.726
302.343
301.978
301.638
301.33
301.058
300.828
300.639
300.485
300.364
300.268
300.196
300.141
300.1
300.071
300.049
300.034
300.023
300.016
300.011
300.007
300.005
300.003
300.002
300.001
300.001
309.62
309.401
309.195
309
308.815
308.638
308.466
308.296
308.125
307.95
307.767
307.574
307.366
307.143
306.901
306.639
306.357
306.054
305.729
305.383
305.016
304.63
304.229
303.815
303.394
302.974
302.561
302.165
301.794
301.457
301.159
300.907
300.699
300.53
300.396
300.292
300.212
300.152
300.108
300.076
300.052
300.036
300.025
300.017
300.011
300.007
300.005
300.003
300.002
300.001
300.001
310.009
309.786
309.576
309.382
309.199
309.026
308.86
308.697
308.534
308.366
308.191
308.005
307.804
307.585
307.346
307.086
306.803
306.496
306.164
305.808
305.427
305.024
304.601
304.162
303.712
303.26
302.813
302.381
301.976
301.605
301.277
300.999
300.769
300.582
300.434
300.318
300.231
300.165
300.116
300.081
300.056
300.039
300.026
300.018
300.012
300.008
300.005
300.003
300.002
300.001
300.001
310.462
310.23
310.017
309.82
309.639
309.469
309.308
309.151
308.994
308.835
308.668
308.489
308.294
308.08
307.845
307.587
307.303
306.992
306.654
306.287
305.892
305.47
305.024
304.558
304.077
303.589
303.104
302.633
302.187
301.778
301.416
301.108
300.852
300.643
300.478
300.35
300.252
300.18
300.126
300.088
300.061
300.041
300.028
300.019
300.013
300.008
300.005
300.003
300.002
300.001
300.001
310.986
310.744
310.523
310.323
310.14
309.971
309.813
309.661
309.511
309.359
309.199
309.027
308.839
308.631
308.399
308.143
307.859
307.545
307.2
306.824
306.415
305.974
305.504
305.008
304.493
303.967
303.44
302.924
302.433
301.98
301.579
301.235
300.948
300.715
300.53
300.386
300.278
300.197
300.138
300.096
300.066
300.045
300.03
300.02
300.013
300.009
300.006
300.004
300.002
300.002
300.001
311.591
311.334
311.103
310.896
310.709
310.539
310.382
310.233
310.088
309.94
309.787
309.621
309.439
309.236
309.009
308.754
308.471
308.155
307.805
307.419
306.997
306.537
306.043
305.517
304.966
304.398
303.825
303.259
302.718
302.216
301.77
301.384
301.062
300.799
300.59
300.429
300.307
300.217
300.151
300.104
300.071
300.048
300.032
300.022
300.014
300.009
300.006
300.004
300.002
300.002
300.001
312.287
312.011
311.766
311.547
311.352
311.177
311.018
310.869
310.725
310.581
310.432
310.271
310.093
309.894
309.671
309.42
309.138
308.821
308.467
308.074
307.639
307.162
306.644
306.088
305.499
304.888
304.265
303.645
303.047
302.491
301.992
301.559
301.194
300.896
300.66
300.478
300.34
300.239
300.166
300.114
300.078
300.052
300.035
300.023
300.015
300.01
300.006
300.004
300.003
300.002
300.001
313.08
312.783
312.519
312.284
312.077
311.891
311.724
311.571
311.425
311.281
311.132
310.973
310.798
310.603
310.383
310.134
309.854
309.538
309.182
308.783
308.338
307.846
307.306
306.721
306.096
305.439
304.763
304.086
303.428
302.81
302.25
301.761
301.347
301.009
300.741
300.534
300.379
300.265
300.183
300.125
300.085
300.057
300.038
300.025
300.016
300.011
300.007
300.004
300.003
300.002
300.001
313.977
313.655
313.368
313.112
312.886
312.685
312.505
312.34
312.187
312.037
311.884
311.723
311.548
311.353
311.135
310.89
310.612
310.297
309.941
309.539
309.088
308.584
308.026
307.415
306.755
306.054
305.326
304.588
303.864
303.177
302.549
301.995
301.525
301.14
300.834
300.599
300.423
300.294
300.202
300.137
300.092
300.062
300.041
300.027
300.018
300.011
300.007
300.005
300.003
300.002
300.001
314.98
314.629
314.314
314.032
313.781
313.557
313.356
313.175
313.006
312.844
312.682
312.514
312.334
312.137
311.919
311.674
311.399
311.086
310.732
310.33
309.876
309.365
308.793
308.161
307.471
306.729
305.949
305.15
304.356
303.594
302.889
302.264
301.729
301.29
300.941
300.673
300.473
300.327
300.223
300.151
300.101
300.067
300.044
300.029
300.019
300.012
300.008
300.005
300.003
300.002
300.002
316.079
315.697
315.349
315.035
314.753
314.5
314.272
314.065
313.874
313.693
313.515
313.333
313.144
312.94
312.719
312.473
312.198
311.889
311.538
311.139
310.686
310.172
309.593
308.946
308.231
307.454
306.626
305.767
304.901
304.06
303.273
302.567
301.96
301.458
301.06
300.755
300.528
300.363
300.247
300.166
300.11
300.073
300.048
300.031
300.02
300.013
300.008
300.005
300.003
300.002
300.002
317.252
316.834
316.451
316.101
315.782
315.494
315.232
314.993
314.773
314.565
314.364
314.163
313.957
313.743
313.513
313.264
312.988
312.681
312.334
311.94
311.492
310.981
310.4
309.746
309.014
308.21
307.341
306.426
305.491
304.569
303.695
302.902
302.215
301.645
301.192
300.845
300.587
300.402
300.271
300.181
300.12
300.079
300.051
300.033
300.021
300.014
300.009
300.006
300.004
300.002
300.002
318.446
317.994
317.573
317.185
316.828
316.5
316.2
315.924
315.668
315.428
315.198
314.972
314.746
314.515
314.273
314.017
313.738
313.431
313.088
312.701
312.26
311.757
311.181
310.527
309.788
308.965
308.065
307.103
306.105
305.105
304.144
303.261
302.489
301.845
301.332
300.939
300.649
300.442
300.296
300.197
300.129
300.084
300.055
300.035
300.023
300.015
300.009
300.006
300.004
300.002
300.002
319.572
319.089
318.635
318.211
317.816
317.449
317.11
316.796
316.503
316.228
315.966
315.712
315.463
315.212
314.956
314.69
314.406
314.098
313.759
313.378
312.946
312.453
311.888
311.241
310.504
309.674
308.754
307.757
306.706
305.637
304.595
303.624
302.767
302.047
301.472
301.033
300.71
300.48
300.32
300.211
300.138
300.09
300.058
300.037
300.024
300.015
300.01
300.006
300.004
300.003
300.002
320.498
319.992
319.512
319.059
318.633
318.234
317.862
317.514
317.189
316.883
316.592
316.312
316.04
315.771
315.501
315.224
314.934
314.625
314.288
313.913
313.491
313.009
312.457
311.821
311.092
310.264
309.337
308.32
307.233
306.112
305.002
303.955
303.02
302.23
301.598
301.115
300.763
300.513
300.34
300.223
300.145
300.094
300.061
300.039
300.025
300.016
300.01
300.006
300.004
300.003
300.002
321.054
320.535
320.04
319.57
319.127
318.708
318.316
317.947
317.601
317.275
316.966
316.67
316.384
316.103
315.823
315.54
315.246
314.935
314.6
314.229
313.814
313.341
312.799
312.174
311.456
310.635
309.709
308.686
307.582
306.432
305.28
304.183
303.195
302.355
301.682
301.17
300.796
300.533
300.352
300.23
300.15
300.097
300.062
300.04
300.025
300.016
300.01
300.006
300.004
300.003
300.002
)
;

boundaryField
{
    inlet
    {
        type            fixedValue;
        value           uniform 300;
    }
    outlet
    {
        type            zeroGradient;
    }
    top
    {
        type            zeroGradient;
    }
    slip-bottom
    {
        type            zeroGradient;
    }
    bottom
    {
        type            zeroGradient;
    }
    interface
    {
        type            fixedGradient;
        gradient        nonuniform List<scalar> 
161
(
2999.99
2999.99
2999.99
2999.99
2999.99
2999.99
2999.99
2999.99
2999.99
2999.99
2999.99
2999.99
2999.99
2999.99
2999.99
2999.99
2999.99
2999.99
2999.99
2999.99
1.62004e-12
1.62004e-12
1.62004e-12
1.62004e-12
1.62004e-12
1.62004e-12
1.62004e-12
1.62004e-12
1.62004e-12
1.62004e-12
1.62004e-12
1.62004e-12
1.62004e-12
1.62004e-12
1.62004e-12
1.62004e-12
1.62004e-12
1.62004e-12
1.62004e-12
1.62004e-12
-2.55795e-13
-2.55795e-13
-2.55795e-13
-2.55795e-13
-2.55795e-13
-2.55795e-13
-2.55795e-13
-2.55795e-13
-2.55795e-13
-2.55795e-13
-2.55795e-13
-2.55795e-13
-2.55795e-13
-2.55795e-13
-2.55795e-13
-2.55795e-13
-2.55795e-13
-2.55795e-13
-2.55795e-13
-2.55795e-13
-2.55795e-13
-2.55795e-13
-2.55795e-13
-2.55795e-13
-2.55795e-13
-2.55795e-13
-2.55795e-13
-2.55795e-13
-2.55795e-13
-2.55795e-13
-2.55795e-13
5.68434e-14
5.68434e-14
5.68434e-14
5.68434e-14
5.68434e-14
5.68434e-14
5.68434e-14
5.68434e-14
5.68434e-14
5.68434e-14
5.68434e-14
5.68434e-14
8.52651e-14
8.52651e-14
8.52651e-14
8.52651e-14
8.52651e-14
8.52651e-14
8.52651e-14
8.52651e-14
8.52651e-14
8.52651e-14
8.52651e-14
-2.84217e-13
-2.84217e-13
-2.84217e-13
-2.84217e-13
-2.84217e-13
-2.84217e-13
-2.84217e-13
-2.84217e-13
-2.84217e-13
-2.84217e-13
8.81073e-13
8.81073e-13
8.81073e-13
8.81073e-13
8.81073e-13
8.81073e-13
8.81073e-13
8.81073e-13
8.81073e-13
3.12639e-13
3.12639e-13
3.12639e-13
3.12639e-13
3.12639e-13
3.12639e-13
3.12639e-13
3.12639e-13
8.52651e-13
8.52651e-13
8.52651e-13
8.52651e-13
8.52651e-13
8.52651e-13
8.52651e-13
8.52651e-13
1.3074e-12
1.3074e-12
1.3074e-12
1.3074e-12
1.3074e-12
1.3074e-12
1.3074e-12
5.68434e-14
5.68434e-14
5.68434e-14
5.68434e-14
5.68434e-14
5.68434e-14
5.68434e-14
1.4353e-12
1.4353e-12
1.4353e-12
1.4353e-12
1.4353e-12
1.4353e-12
7.67386e-13
7.67386e-13
7.67386e-13
7.67386e-13
7.67386e-13
7.67386e-13
3.69482e-13
3.69482e-13
3.69482e-13
3.69482e-13
3.69482e-13
3.69482e-13
)
;
    }
    defaultFaces
    {
        type            empty;
    }
}


// ************************************************************************* //
