/*--------------------------------*- C++ -*----------------------------------*\
  =========                 |
  \\      /  F ield         | OpenFOAM: The Open Source CFD Toolbox
   \\    /   O peration     | Website:  https://openfoam.org
    \\  /    A nd           | Version:  7
     \\/     M anipulation  |
\*---------------------------------------------------------------------------*/
FoamFile
{
    version     2.0;
    format      ascii;
    class       volScalarField;
    location    "3.78";
    object      T;
}
// * * * * * * * * * * * * * * * * * * * * * * * * * * * * * * * * * * * * * //

dimensions      [0 0 0 1 0 0 0];

internalField   nonuniform List<scalar> 
12013
(
300.033
300.101
300.171
300.242
300.316
300.392
300.469
300.547
300.627
300.709
300.791
300.876
300.961
301.047
301.135
301.225
301.315
301.407
301.501
301.596
301.694
301.793
301.894
301.998
302.104
302.213
302.325
302.441
302.561
302.685
302.814
302.949
303.089
303.236
303.391
303.554
303.726
303.908
304.101
304.307
304.526
304.759
305.009
305.278
305.565
305.875
306.208
306.567
306.954
307.372
307.824
308.312
308.84
309.412
310.031
310.702
311.428
312.216
313.07
313.995
314.999
316.088
317.269
318.551
319.944
321.456
323.099
324.887
326.832
328.953
331.266
333.796
336.567
339.612
342.97
346.692
350.847
355.528
360.881
367.147
374.786
300.033
300.101
300.171
300.243
300.316
300.392
300.469
300.548
300.628
300.709
300.792
300.876
300.961
301.048
301.136
301.225
301.316
301.408
301.502
301.597
301.694
301.793
301.895
301.998
302.104
302.214
302.326
302.442
302.562
302.686
302.815
302.95
303.09
303.237
303.392
303.555
303.727
303.909
304.102
304.307
304.526
304.76
305.01
305.278
305.566
305.875
306.208
306.567
306.954
307.371
307.823
308.311
308.839
309.41
310.029
310.699
311.424
312.211
313.064
313.988
314.99
316.077
317.257
318.536
319.925
321.434
323.072
324.854
326.792
328.904
331.206
333.721
336.473
339.492
342.815
346.487
350.566
355.128
360.269
366.113
372.77
300.033
300.101
300.171
300.243
300.317
300.392
300.469
300.548
300.628
300.71
300.792
300.876
300.962
301.049
301.137
301.226
301.317
301.409
301.503
301.598
301.695
301.795
301.896
302
302.106
302.215
302.328
302.443
302.563
302.688
302.817
302.951
303.092
303.239
303.394
303.557
303.728
303.91
304.104
304.309
304.528
304.761
305.011
305.279
305.566
305.875
306.208
306.566
306.953
307.37
307.821
308.308
308.835
309.406
310.023
310.692
311.416
312.2
313.051
313.972
314.971
316.054
317.229
318.503
319.885
321.385
323.013
324.782
326.705
328.797
331.074
333.557
336.268
339.233
342.482
346.052
349.983
354.321
359.113
364.383
370.092
300.033
300.101
300.171
300.243
300.317
300.393
300.47
300.549
300.629
300.71
300.793
300.878
300.963
301.05
301.138
301.227
301.318
301.411
301.505
301.6
301.697
301.797
301.898
302.002
302.108
302.218
302.33
302.446
302.566
302.69
302.82
302.954
303.095
303.242
303.397
303.559
303.731
303.913
304.106
304.311
304.53
304.763
305.013
305.281
305.568
305.876
306.208
306.566
306.952
307.368
307.818
308.304
308.83
309.398
310.014
310.68
311.401
312.183
313.029
313.946
314.939
316.016
317.183
318.447
319.818
321.304
322.916
324.664
326.562
328.622
330.86
333.293
335.94
338.821
341.959
345.379
349.104
353.154
357.536
362.231
367.165
300.033
300.101
300.171
300.243
300.317
300.393
300.471
300.55
300.63
300.712
300.795
300.879
300.965
301.052
301.14
301.23
301.321
301.413
301.507
301.603
301.701
301.8
301.902
302.006
302.112
302.222
302.334
302.45
302.57
302.695
302.824
302.959
303.099
303.246
303.401
303.564
303.736
303.917
304.11
304.315
304.533
304.767
305.016
305.283
305.569
305.877
306.209
306.565
306.95
307.365
307.813
308.298
308.821
309.387
310
310.663
311.38
312.157
312.997
313.908
314.893
315.96
317.115
318.366
319.72
321.187
322.774
324.494
326.355
328.371
330.554
332.918
335.478
338.247
341.243
344.476
347.958
351.688
355.656
359.825
364.13
300.033
300.101
300.172
300.244
300.318
300.394
300.472
300.551
300.632
300.713
300.797
300.881
300.967
301.055
301.143
301.233
301.324
301.417
301.511
301.607
301.705
301.805
301.906
302.011
302.117
302.227
302.34
302.456
302.576
302.701
302.83
302.965
303.105
303.252
303.407
303.57
303.741
303.923
304.116
304.32
304.538
304.771
305.02
305.286
305.572
305.879
306.209
306.565
306.948
307.361
307.807
308.289
308.81
309.372
309.981
310.639
311.351
312.121
312.954
313.855
314.829
315.883
317.023
318.256
319.588
321.028
322.583
324.264
326.079
328.037
330.15
332.427
334.879
337.514
340.342
343.365
346.584
349.99
353.562
357.265
361.047
300.033
300.102
300.172
300.245
300.319
300.395
300.473
300.553
300.634
300.716
300.799
300.884
300.971
301.058
301.147
301.237
301.329
301.422
301.516
301.613
301.711
301.811
301.913
302.017
302.124
302.234
302.347
302.463
302.584
302.708
302.838
302.972
303.113
303.26
303.415
303.578
303.749
303.931
304.123
304.327
304.545
304.777
305.025
305.29
305.575
305.881
306.21
306.564
306.945
307.356
307.799
308.278
308.794
309.353
309.956
310.608
311.312
312.074
312.896
313.785
314.746
315.783
316.903
318.112
319.416
320.822
322.338
323.97
325.727
327.616
329.644
331.818
334.145
336.629
339.272
342.073
345.025
348.116
351.322
354.614
357.953
300.034
300.102
300.173
300.246
300.321
300.397
300.475
300.555
300.636
300.719
300.803
300.888
300.975
301.063
301.152
301.243
301.335
301.428
301.523
301.62
301.718
301.818
301.921
302.026
302.133
302.243
302.356
302.473
302.594
302.718
302.848
302.983
303.124
303.271
303.425
303.588
303.759
303.94
304.132
304.336
304.553
304.784
305.032
305.296
305.58
305.884
306.211
306.562
306.941
307.349
307.789
308.263
308.775
309.327
309.924
310.568
311.263
312.014
312.824
313.698
314.64
315.657
316.752
317.932
319.202
320.567
322.035
323.609
325.298
327.105
329.036
331.094
333.284
335.604
338.055
340.63
343.321
346.113
348.986
351.915
354.871
300.034
300.103
300.174
300.247
300.322
300.399
300.478
300.558
300.64
300.723
300.807
300.893
300.98
301.069
301.159
301.25
301.342
301.436
301.532
301.629
301.728
301.828
301.931
302.036
302.144
302.255
302.368
302.485
302.606
302.731
302.861
302.996
303.137
303.284
303.438
303.601
303.772
303.953
304.144
304.347
304.564
304.794
305.04
305.303
305.585
305.887
306.212
306.561
306.936
307.34
307.776
308.245
308.751
309.296
309.884
310.518
311.202
311.939
312.734
313.589
314.511
315.502
316.568
317.713
318.942
320.26
321.671
323.179
324.79
326.506
328.33
330.263
332.306
334.458
336.714
339.067
341.507
344.022
346.593
349.2
351.822
300.034
300.103
300.175
300.249
300.324
300.402
300.481
300.562
300.644
300.728
300.813
300.899
300.987
301.076
301.167
301.258
301.351
301.446
301.542
301.64
301.739
301.841
301.944
302.05
302.158
302.269
302.383
302.5
302.622
302.747
302.877
303.012
303.153
303.3
303.455
303.617
303.788
303.968
304.159
304.361
304.577
304.806
305.051
305.312
305.592
305.892
306.213
306.559
306.93
307.33
307.76
308.223
308.721
309.258
309.836
310.458
311.128
311.85
312.625
313.459
314.355
315.317
316.348
317.453
318.635
319.898
321.246
322.681
324.206
325.823
327.533
329.335
331.228
333.21
335.274
337.413
339.618
341.876
344.174
346.496
348.824
300.034
300.104
300.176
300.251
300.327
300.405
300.485
300.566
300.649
300.734
300.82
300.907
300.995
301.085
301.177
301.269
301.363
301.458
301.555
301.654
301.754
301.856
301.96
302.067
302.175
302.287
302.401
302.519
302.641
302.767
302.897
303.032
303.173
303.321
303.475
303.637
303.807
303.987
304.177
304.379
304.593
304.821
305.064
305.323
305.6
305.897
306.216
306.557
306.924
307.318
307.741
308.196
308.686
309.212
309.778
310.387
311.041
311.743
312.497
313.306
314.172
315.1
316.092
317.152
318.281
319.484
320.762
322.118
323.551
325.064
326.655
328.324
330.067
331.881
333.759
335.696
337.681
339.706
341.757
343.824
345.892
300.035
300.105
300.178
300.253
300.33
300.409
300.49
300.572
300.656
300.741
300.828
300.916
301.006
301.096
301.189
301.282
301.377
301.473
301.571
301.671
301.772
301.875
301.98
302.087
302.196
302.309
302.424
302.542
302.664
302.79
302.921
303.057
303.198
303.345
303.499
303.661
303.831
304.01
304.2
304.4
304.613
304.839
305.08
305.337
305.611
305.905
306.219
306.555
306.916
307.304
307.72
308.166
308.645
309.159
309.711
310.304
310.939
311.62
312.349
313.129
313.962
314.852
315.8
316.81
317.882
319.02
320.224
321.495
322.833
324.239
325.71
327.245
328.84
330.492
332.194
333.941
335.724
337.535
339.365
341.204
343.041
300.035
300.106
300.18
300.256
300.334
300.414
300.495
300.579
300.664
300.75
300.838
300.927
301.018
301.11
301.203
301.298
301.394
301.492
301.591
301.691
301.793
301.897
302.003
302.111
302.222
302.335
302.451
302.57
302.693
302.82
302.951
303.087
303.228
303.375
303.529
303.691
303.86
304.039
304.227
304.426
304.637
304.861
305.1
305.354
305.625
305.914
306.223
306.554
306.909
307.288
307.695
308.131
308.598
309.099
309.635
310.209
310.823
311.479
312.18
312.928
313.725
314.573
315.474
316.43
317.442
318.51
319.636
320.82
322.062
323.359
324.711
326.115
327.568
329.065
330.602
332.172
333.77
335.388
337.018
338.654
340.286
300.035
300.108
300.182
300.259
300.338
300.419
300.502
300.587
300.673
300.761
300.85
300.941
301.033
301.126
301.221
301.317
301.415
301.514
301.614
301.716
301.819
301.925
302.032
302.141
302.253
302.367
302.484
302.604
302.727
302.855
302.986
303.122
303.264
303.411
303.565
303.726
303.895
304.073
304.26
304.458
304.667
304.889
305.124
305.375
305.642
305.927
306.23
306.555
306.902
307.272
307.669
308.093
308.546
309.031
309.549
310.103
310.693
311.323
311.993
312.706
313.464
314.267
315.118
316.016
316.964
317.962
319.008
320.104
321.248
322.439
323.675
324.953
326.269
327.621
329.004
330.412
331.84
333.283
334.734
336.188
337.638
300.036
300.109
300.185
300.263
300.344
300.426
300.511
300.597
300.684
300.774
300.865
300.957
301.051
301.146
301.242
301.34
301.439
301.54
301.642
301.745
301.851
301.957
302.066
302.177
302.29
302.405
302.523
302.644
302.769
302.897
303.029
303.166
303.307
303.455
303.609
303.769
303.938
304.114
304.3
304.496
304.703
304.922
305.155
305.401
305.664
305.943
306.24
306.557
306.895
307.256
307.641
308.052
308.491
308.958
309.456
309.987
310.552
311.152
311.789
312.465
313.181
313.937
314.735
315.575
316.457
317.382
318.349
319.357
320.406
321.493
322.617
323.774
324.963
326.179
327.419
328.679
329.954
331.239
332.53
333.822
335.109
300.037
300.111
300.189
300.268
300.35
300.434
300.52
300.608
300.698
300.789
300.882
300.976
301.072
301.169
301.268
301.368
301.469
301.571
301.675
301.781
301.888
301.997
302.107
302.219
302.334
302.451
302.57
302.692
302.818
302.947
303.08
303.217
303.36
303.507
303.661
303.821
303.989
304.164
304.348
304.542
304.747
304.963
305.192
305.434
305.691
305.964
306.255
306.563
306.892
307.242
307.614
308.01
308.432
308.881
309.357
309.864
310.401
310.97
311.573
312.209
312.881
313.589
314.332
315.112
315.929
316.782
317.67
318.593
319.549
320.537
321.554
322.598
323.668
324.759
325.868
326.993
328.128
329.272
330.419
331.566
332.709
300.037
300.114
300.193
300.274
300.358
300.444
300.532
300.622
300.714
300.808
300.903
300.999
301.097
301.197
301.298
301.4
301.504
301.609
301.715
301.823
301.932
302.043
302.156
302.27
302.386
302.505
302.626
302.75
302.877
303.007
303.141
303.279
303.422
303.57
303.723
303.883
304.05
304.224
304.407
304.599
304.8
305.013
305.238
305.475
305.727
305.993
306.275
306.575
306.893
307.231
307.589
307.97
308.373
308.802
309.255
309.736
310.244
310.781
311.347
311.943
312.57
313.228
313.918
314.638
315.39
316.172
316.983
317.824
318.691
319.585
320.502
321.441
322.4
323.376
324.367
325.369
326.379
327.396
328.414
329.433
330.448
300.038
300.117
300.198
300.281
300.367
300.456
300.546
300.639
300.733
300.829
300.927
301.027
301.128
301.23
301.334
301.439
301.545
301.653
301.762
301.873
301.985
302.098
302.213
302.33
302.449
302.57
302.693
302.818
302.947
303.078
303.213
303.352
303.496
303.644
303.797
303.957
304.123
304.296
304.477
304.666
304.865
305.074
305.295
305.527
305.772
306.031
306.305
306.594
306.901
307.226
307.569
307.933
308.318
308.725
309.154
309.608
310.086
310.589
311.118
311.674
312.256
312.864
313.5
314.162
314.85
315.563
316.301
317.063
317.848
318.653
319.477
320.32
321.177
322.049
322.931
323.823
324.721
325.623
326.528
327.431
328.332
300.04
300.12
300.203
300.29
300.378
300.469
300.563
300.658
300.756
300.855
300.956
301.059
301.163
301.269
301.376
301.485
301.595
301.706
301.819
301.932
302.047
302.164
302.282
302.402
302.523
302.646
302.772
302.9
303.03
303.163
303.3
303.44
303.584
303.733
303.886
304.045
304.21
304.382
304.561
304.748
304.944
305.149
305.365
305.591
305.829
306.081
306.345
306.625
306.919
307.23
307.558
307.904
308.269
308.654
309.059
309.485
309.932
310.402
310.894
311.408
311.946
312.506
313.089
313.694
314.321
314.969
315.638
316.326
317.032
317.756
318.495
319.248
320.014
320.79
321.575
322.368
323.165
323.966
324.768
325.57
326.369
300.041
300.124
300.21
300.299
300.391
300.486
300.582
300.681
300.782
300.885
300.99
301.097
301.205
301.315
301.427
301.539
301.653
301.768
301.885
302.002
302.121
302.242
302.363
302.486
302.611
302.737
302.865
302.996
303.128
303.264
303.402
303.544
303.689
303.838
303.992
304.151
304.315
304.486
304.663
304.847
305.04
305.241
305.451
305.672
305.903
306.146
306.401
306.669
306.951
307.248
307.56
307.888
308.233
308.595
308.975
309.373
309.79
310.226
310.681
311.156
311.65
312.163
312.695
313.246
313.816
314.402
315.006
315.625
316.26
316.908
317.569
318.241
318.923
319.614
320.312
321.016
321.723
322.434
323.145
323.856
324.565
300.042
300.129
300.218
300.311
300.406
300.505
300.605
300.708
300.814
300.921
301.031
301.142
301.255
301.37
301.486
301.603
301.722
301.842
301.963
302.085
302.209
302.333
302.459
302.586
302.715
302.845
302.976
303.11
303.245
303.383
303.523
303.667
303.813
303.963
304.118
304.277
304.44
304.61
304.785
304.967
305.156
305.353
305.558
305.773
305.997
306.231
306.476
306.733
307.003
307.285
307.58
307.89
308.215
308.554
308.909
309.28
309.667
310.07
310.489
310.925
311.378
311.846
312.331
312.831
313.346
313.875
314.418
314.975
315.543
316.123
316.713
317.312
317.919
318.533
319.153
319.777
320.405
321.035
321.666
322.296
322.926
300.044
300.134
300.228
300.325
300.424
300.527
300.632
300.741
300.851
300.964
301.079
301.195
301.314
301.434
301.556
301.679
301.803
301.929
302.056
302.183
302.312
302.442
302.572
302.704
302.837
302.971
303.107
303.244
303.383
303.524
303.667
303.813
303.961
304.112
304.268
304.427
304.59
304.758
304.932
305.111
305.297
305.49
305.69
305.898
306.115
306.341
306.576
306.822
307.078
307.346
307.625
307.917
308.221
308.539
308.869
309.213
309.571
309.943
310.328
310.727
311.14
311.566
312.006
312.458
312.923
313.4
313.888
314.387
314.895
315.413
315.939
316.472
317.012
317.558
318.108
318.662
319.219
319.777
320.337
320.896
321.454
300.046
300.141
300.239
300.341
300.445
300.553
300.665
300.778
300.895
301.014
301.135
301.258
301.383
301.51
301.638
301.768
301.899
302.031
302.165
302.299
302.434
302.57
302.706
302.844
302.982
303.121
303.262
303.403
303.546
303.691
303.837
303.985
304.136
304.289
304.446
304.605
304.769
304.936
305.109
305.286
305.468
305.657
305.852
306.054
306.264
306.481
306.707
306.941
307.185
307.439
307.702
307.976
308.261
308.557
308.864
309.182
309.513
309.854
310.207
310.572
310.948
311.335
311.733
312.142
312.561
312.99
313.427
313.874
314.328
314.79
315.259
315.734
316.214
316.699
317.187
317.678
318.172
318.668
319.164
319.66
320.156
300.049
300.149
300.252
300.359
300.47
300.585
300.702
300.823
300.946
301.072
301.201
301.332
301.465
301.6
301.736
301.873
302.012
302.152
302.293
302.435
302.577
302.72
302.864
303.008
303.153
303.298
303.444
303.591
303.739
303.888
304.038
304.19
304.344
304.499
304.658
304.818
304.982
305.149
305.321
305.496
305.676
305.861
306.051
306.247
306.45
306.659
306.875
307.099
307.331
307.571
307.819
308.076
308.343
308.618
308.903
309.197
309.501
309.815
310.138
310.471
310.813
311.164
311.524
311.893
312.27
312.655
313.048
313.448
313.854
314.266
314.684
315.106
315.533
315.964
316.398
316.834
317.272
317.712
318.152
318.592
319.033
300.052
300.158
300.268
300.382
300.5
300.621
300.747
300.875
301.007
301.142
301.279
301.419
301.561
301.705
301.851
301.998
302.146
302.295
302.445
302.596
302.747
302.898
303.05
303.202
303.355
303.507
303.66
303.813
303.967
304.121
304.276
304.433
304.59
304.749
304.909
305.072
305.236
305.404
305.574
305.748
305.926
306.108
306.294
306.485
306.681
306.882
307.09
307.304
307.524
307.751
307.985
308.226
308.475
308.732
308.996
309.268
309.548
309.836
310.132
310.435
310.746
311.065
311.391
311.724
312.063
312.409
312.761
313.119
313.482
313.85
314.223
314.599
314.979
315.362
315.748
316.135
316.525
316.915
317.306
317.698
318.089
300.055
300.168
300.286
300.408
300.534
300.664
300.799
300.937
301.078
301.223
301.371
301.522
301.674
301.829
301.986
302.144
302.303
302.463
302.624
302.785
302.947
303.108
303.27
303.431
303.593
303.754
303.915
304.075
304.236
304.397
304.558
304.719
304.881
305.044
305.208
305.373
305.539
305.708
305.878
306.051
306.227
306.406
306.589
306.775
306.965
307.16
307.36
307.564
307.774
307.989
308.21
308.437
308.67
308.909
309.154
309.406
309.664
309.928
310.199
310.476
310.759
311.049
311.344
311.645
311.951
312.262
312.578
312.899
313.224
313.553
313.886
314.222
314.56
314.901
315.245
315.59
315.936
316.283
316.631
316.979
317.327
300.059
300.181
300.307
300.438
300.574
300.715
300.86
301.009
301.163
301.32
301.48
301.643
301.808
301.976
302.146
302.317
302.489
302.662
302.835
303.009
303.183
303.356
303.529
303.702
303.873
304.045
304.215
304.385
304.554
304.722
304.89
305.058
305.226
305.393
305.561
305.73
305.899
306.069
306.24
306.413
306.588
306.766
306.945
307.128
307.313
307.502
307.694
307.891
308.091
308.295
308.504
308.718
308.937
309.16
309.388
309.622
309.86
310.104
310.352
310.606
310.864
311.127
311.395
311.668
311.944
312.225
312.51
312.798
313.09
313.384
313.682
313.982
314.285
314.589
314.895
315.203
315.511
315.82
316.13
316.44
316.75
300.064
300.196
300.332
300.475
300.622
300.775
300.933
301.095
301.262
301.433
301.608
301.785
301.966
302.149
302.334
302.521
302.708
302.896
303.085
303.273
303.461
303.649
303.835
304.021
304.205
304.388
304.569
304.75
304.929
305.106
305.283
305.458
305.633
305.806
305.979
306.152
306.325
306.498
306.671
306.845
307.02
307.196
307.374
307.554
307.735
307.919
308.105
308.294
308.487
308.682
308.88
309.083
309.288
309.498
309.711
309.928
310.149
310.374
310.603
310.836
311.072
311.312
311.556
311.804
312.054
312.308
312.565
312.825
313.088
313.353
313.62
313.889
314.16
314.432
314.706
314.98
315.256
315.532
315.808
316.085
316.361
300.07
300.213
300.362
300.517
300.678
300.845
301.018
301.196
301.379
301.567
301.758
301.954
302.152
302.353
302.557
302.761
302.967
303.173
303.379
303.585
303.79
303.994
304.196
304.397
304.596
304.792
304.987
305.18
305.37
305.559
305.745
305.93
306.112
306.294
306.473
306.652
306.829
307.006
307.182
307.358
307.534
307.71
307.887
308.065
308.243
308.423
308.605
308.788
308.973
309.16
309.35
309.542
309.737
309.934
310.134
310.337
310.543
310.752
310.964
311.178
311.396
311.616
311.839
312.064
312.293
312.523
312.756
312.991
313.228
313.467
313.708
313.95
314.193
314.438
314.683
314.929
315.176
315.423
315.67
315.917
316.164
300.077
300.233
300.397
300.567
300.744
300.928
301.118
301.315
301.517
301.724
301.936
302.153
302.372
302.595
302.819
303.046
303.273
303.5
303.727
303.953
304.178
304.401
304.622
304.84
305.056
305.269
305.479
305.686
305.891
306.092
306.29
306.485
306.677
306.867
307.055
307.24
307.423
307.605
307.785
307.964
308.142
308.32
308.497
308.673
308.85
309.028
309.205
309.384
309.564
309.744
309.926
310.11
310.295
310.482
310.671
310.862
311.055
311.249
311.446
311.645
311.846
312.049
312.254
312.461
312.669
312.88
313.092
313.306
313.521
313.737
313.955
314.173
314.393
314.613
314.834
315.055
315.277
315.498
315.72
315.941
316.162
300.085
300.257
300.438
300.626
300.822
301.025
301.236
301.455
301.679
301.91
302.147
302.387
302.632
302.88
303.13
303.381
303.634
303.886
304.137
304.387
304.635
304.88
305.123
305.362
305.598
305.83
306.058
306.282
306.501
306.717
306.929
307.136
307.34
307.541
307.737
307.931
308.121
308.309
308.495
308.678
308.859
309.039
309.217
309.394
309.57
309.746
309.921
310.096
310.271
310.447
310.623
310.8
310.977
311.155
311.335
311.515
311.697
311.879
312.064
312.249
312.436
312.624
312.813
313.004
313.196
313.389
313.583
313.778
313.974
314.171
314.369
314.567
314.766
314.965
315.164
315.364
315.563
315.763
315.962
316.161
316.359
300.094
300.286
300.486
300.695
300.913
301.14
301.376
301.619
301.871
302.13
302.394
302.664
302.939
303.216
303.496
303.778
304.059
304.341
304.621
304.898
305.173
305.445
305.713
305.976
306.234
306.488
306.736
306.979
307.217
307.45
307.677
307.899
308.116
308.328
308.535
308.738
308.937
309.133
309.324
309.513
309.698
309.881
310.062
310.24
310.417
310.592
310.766
310.938
311.111
311.282
311.453
311.624
311.795
311.966
312.138
312.309
312.482
312.654
312.828
313.001
313.176
313.351
313.527
313.704
313.882
314.06
314.238
314.417
314.597
314.777
314.957
315.138
315.319
315.499
315.68
315.86
316.041
316.22
316.4
316.579
316.757
300.105
300.318
300.542
300.776
301.02
301.274
301.539
301.813
302.096
302.388
302.686
302.991
303.3
303.613
303.928
304.244
304.561
304.876
305.19
305.5
305.806
306.108
306.404
306.695
306.98
307.258
307.529
307.794
308.052
308.303
308.548
308.786
309.018
309.243
309.463
309.677
309.886
310.089
310.288
310.483
310.674
310.861
311.045
311.225
311.403
311.579
311.752
311.924
312.094
312.262
312.43
312.596
312.762
312.927
313.092
313.256
313.421
313.585
313.749
313.913
314.077
314.242
314.406
314.571
314.736
314.901
315.066
315.231
315.397
315.562
315.727
315.892
316.056
316.221
316.385
316.548
316.711
316.874
317.035
317.196
317.356
300.117
300.357
300.607
300.87
301.145
301.431
301.73
302.04
302.361
302.691
303.029
303.374
303.725
304.079
304.436
304.793
305.15
305.505
305.857
306.204
306.546
306.882
307.211
307.533
307.847
308.153
308.451
308.74
309.021
309.293
309.557
309.812
310.06
310.301
310.534
310.76
310.979
311.192
311.399
311.601
311.798
311.99
312.178
312.361
312.541
312.718
312.892
313.063
313.231
313.398
313.563
313.726
313.887
314.047
314.207
314.365
314.522
314.679
314.835
314.991
315.146
315.301
315.455
315.61
315.764
315.917
316.071
316.224
316.376
316.528
316.679
316.83
316.98
317.13
317.279
317.427
317.574
317.721
317.866
318.011
318.155
300.132
300.401
300.683
300.979
301.29
301.614
301.953
302.305
302.67
303.045
303.43
303.823
304.222
304.624
305.029
305.434
305.838
306.238
306.634
307.024
307.407
307.781
308.147
308.504
308.85
309.187
309.513
309.828
310.134
310.428
310.713
310.988
311.253
311.509
311.756
311.995
312.226
312.449
312.665
312.874
313.077
313.275
313.467
313.654
313.836
314.015
314.189
314.36
314.528
314.693
314.856
315.016
315.174
315.33
315.484
315.637
315.789
315.939
316.088
316.236
316.383
316.53
316.675
316.82
316.964
317.107
317.249
317.39
317.531
317.67
317.809
317.947
318.083
318.219
318.354
318.488
318.621
318.753
318.884
319.014
319.142
300.148
300.452
300.77
301.105
301.456
301.825
302.21
302.611
303.027
303.456
303.896
304.344
304.799
305.258
305.718
306.177
306.634
307.086
307.532
307.969
308.397
308.814
309.22
309.615
309.996
310.366
310.722
311.065
311.396
311.715
312.021
312.315
312.598
312.87
313.132
313.383
313.625
313.858
314.083
314.3
314.509
314.712
314.908
315.099
315.284
315.464
315.639
315.81
315.978
316.141
316.302
316.459
316.614
316.766
316.916
317.064
317.21
317.354
317.496
317.637
317.777
317.915
318.052
318.187
318.321
318.454
318.585
318.715
318.844
318.971
319.098
319.223
319.347
319.469
319.591
319.711
319.83
319.948
320.064
320.18
320.294
300.167
300.509
300.868
301.247
301.645
302.064
302.503
302.961
303.436
303.927
304.429
304.942
305.461
305.983
306.507
307.028
307.544
308.053
308.554
309.043
309.519
309.982
310.431
310.865
311.283
311.685
312.072
312.444
312.8
313.142
313.469
313.783
314.082
314.369
314.644
314.907
315.159
315.401
315.633
315.856
316.071
316.278
316.478
316.671
316.858
317.039
317.215
317.386
317.552
317.714
317.872
318.026
318.177
318.325
318.47
318.612
318.752
318.89
319.026
319.159
319.291
319.42
319.547
319.673
319.796
319.918
320.038
320.157
320.274
320.389
320.503
320.616
320.727
320.836
320.944
321.051
321.156
321.26
321.363
321.464
321.564
300.187
300.571
300.975
301.402
301.854
302.329
302.829
303.351
303.894
304.455
305.029
305.614
306.205
306.798
307.391
307.979
308.561
309.132
309.691
310.234
310.76
311.27
311.761
312.233
312.686
313.12
313.536
313.933
314.312
314.673
315.018
315.346
315.66
315.958
316.243
316.515
316.774
317.023
317.26
317.488
317.706
317.915
318.117
318.311
318.498
318.679
318.853
319.022
319.186
319.345
319.499
319.649
319.796
319.938
320.078
320.214
320.347
320.477
320.604
320.728
320.85
320.969
321.086
321.201
321.313
321.424
321.532
321.639
321.744
321.847
321.948
322.048
322.146
322.243
322.338
322.431
322.523
322.613
322.702
322.789
322.875
300.208
300.636
301.087
301.565
302.073
302.61
303.176
303.769
304.387
305.025
305.68
306.344
307.012
307.681
308.346
309.003
309.649
310.28
310.894
311.488
312.062
312.614
313.143
313.649
314.133
314.593
315.032
315.449
315.845
316.221
316.578
316.917
317.239
317.544
317.835
318.111
318.374
318.625
318.864
319.092
319.31
319.519
319.719
319.911
320.095
320.272
320.443
320.608
320.767
320.921
321.069
321.213
321.353
321.488
321.619
321.747
321.871
321.992
322.109
322.223
322.335
322.444
322.55
322.654
322.755
322.855
322.952
323.047
323.14
323.231
323.32
323.407
323.493
323.577
323.659
323.739
323.818
323.896
323.971
324.046
324.119
300.228
300.695
301.191
301.718
302.28
302.879
303.514
304.183
304.876
305.59
306.32
307.06
307.803
308.545
309.28
310.002
310.708
311.394
312.057
312.695
313.308
313.893
314.451
314.981
315.484
315.961
316.413
316.84
317.244
317.626
317.986
318.328
318.651
318.956
319.246
319.52
319.781
320.028
320.263
320.487
320.701
320.905
321.1
321.286
321.465
321.636
321.801
321.959
322.111
322.257
322.398
322.535
322.666
322.793
322.916
323.035
323.15
323.262
323.37
323.475
323.577
323.677
323.773
323.867
323.959
324.048
324.135
324.219
324.302
324.382
324.461
324.537
324.612
324.685
324.756
324.826
324.894
324.96
325.025
325.088
325.15
300.241
300.736
301.262
301.825
302.429
303.077
303.765
304.487
305.239
306.014
306.807
307.609
308.415
309.215
310.004
310.775
311.524
312.247
312.942
313.606
314.239
314.839
315.409
315.947
316.455
316.935
317.386
317.812
318.213
318.591
318.948
319.284
319.601
319.901
320.184
320.452
320.706
320.948
321.177
321.394
321.602
321.799
321.988
322.168
322.34
322.506
322.664
322.816
322.962
323.102
323.237
323.367
323.492
323.613
323.729
323.842
323.951
324.056
324.158
324.257
324.353
324.446
324.536
324.623
324.708
324.791
324.871
324.949
325.024
325.098
325.17
325.239
325.307
325.373
325.437
325.5
325.561
325.62
325.678
325.734
325.788
384.97
392.92
399.596
405.407
410.557
415.154
419.263
422.919
426.137
428.921
431.261
433.134
434.508
435.336
435.552
435.067
433.751
431.408
427.706
421.988
412.603
406.235
401.344
397.331
393.906
390.907
388.234
385.817
383.607
381.568
379.672
377.897
376.224
374.639
373.13
371.686
370.299
368.961
367.666
366.408
365.183
363.985
362.812
361.659
360.525
359.406
358.301
357.206
356.122
355.045
353.976
352.912
351.854
350.801
349.751
348.705
347.663
346.624
345.588
344.555
343.524
342.497
341.473
340.452
339.434
338.42
337.41
336.403
335.402
334.406
333.417
332.434
331.459
330.493
329.537
328.592
327.659
326.739
325.834
324.944
324.072
323.217
322.381
321.565
320.77
319.997
319.247
318.52
317.817
317.139
316.486
315.857
315.254
314.677
314.125
313.598
313.095
312.618
312.164
311.735
311.328
310.943
310.58
310.238
309.916
309.613
309.327
309.059
308.807
308.571
308.348
308.139
307.943
307.757
307.582
307.417
307.26
307.111
306.969
306.834
306.704
306.579
306.459
306.342
306.228
306.117
306.008
305.9
305.794
305.689
305.585
305.481
305.377
305.273
305.169
305.064
304.958
304.852
304.744
304.636
304.526
304.416
304.304
304.191
304.077
303.962
303.846
303.729
303.611
303.492
303.373
303.253
303.133
303.012
302.892
302.771
302.651
302.532
302.413
302.297
302.182
380.219
387.129
393.338
398.907
403.916
408.426
412.48
416.1
419.298
422.072
424.411
426.293
427.685
428.542
428.803
428.385
427.176
425.021
421.701
416.947
410.713
405.314
400.8
396.968
393.644
390.71
388.079
385.693
383.506
381.485
379.602
377.838
376.174
374.596
373.093
371.654
370.272
368.937
367.646
366.39
365.167
363.971
362.8
361.649
360.516
359.398
358.293
357.2
356.116
355.04
353.971
352.908
351.851
350.797
349.748
348.702
347.66
346.621
345.585
344.552
343.522
342.495
341.471
340.45
339.432
338.418
337.408
336.402
335.4
334.404
333.415
332.432
331.457
330.491
329.535
328.589
327.656
326.736
325.831
324.941
324.069
323.214
322.378
321.562
320.767
319.994
319.244
318.517
317.814
317.136
316.482
315.854
315.251
314.674
314.122
313.595
313.093
312.616
312.162
311.733
311.326
310.942
310.579
310.237
309.915
309.611
309.326
309.058
308.807
308.57
308.348
308.139
307.942
307.757
307.582
307.417
307.26
307.111
306.97
306.834
306.704
306.58
306.459
306.342
306.228
306.117
306.008
305.901
305.795
305.69
305.586
305.482
305.378
305.274
305.169
305.065
304.959
304.853
304.745
304.637
304.527
304.417
304.305
304.192
304.078
303.963
303.847
303.73
303.612
303.493
303.374
303.254
303.134
303.013
302.892
302.772
302.652
302.533
302.414
302.298
302.183
376.113
382.027
387.607
392.774
397.52
401.853
405.784
409.322
412.467
415.211
417.54
419.431
420.853
421.764
422.109
421.82
420.812
418.982
416.224
412.492
408
403.638
399.696
396.192
393.072
390.271
387.733
385.415
383.278
381.296
379.445
377.705
376.061
374.5
373.01
371.584
370.211
368.885
367.6
366.351
365.133
363.942
362.774
361.627
360.496
359.381
358.279
357.187
356.105
355.03
353.963
352.901
351.844
350.791
349.742
348.697
347.656
346.617
345.581
344.549
343.519
342.492
341.468
340.447
339.429
338.415
337.404
336.398
335.397
334.401
333.411
332.428
331.452
330.486
329.53
328.584
327.651
326.731
325.825
324.935
324.062
323.207
322.371
321.555
320.76
319.987
319.237
318.51
317.807
317.129
316.476
315.848
315.245
314.668
314.116
313.59
313.088
312.611
312.158
311.728
311.322
310.938
310.575
310.234
309.912
309.609
309.324
309.056
308.805
308.569
308.347
308.138
307.941
307.756
307.582
307.417
307.26
307.112
306.97
306.835
306.705
306.581
306.46
306.343
306.23
306.119
306.01
305.903
305.797
305.692
305.588
305.484
305.38
305.276
305.172
305.067
304.961
304.855
304.747
304.639
304.53
304.419
304.307
304.195
304.081
303.966
303.849
303.732
303.614
303.496
303.376
303.256
303.136
303.015
302.895
302.774
302.654
302.535
302.416
302.299
302.184
372.257
377.359
382.311
387.015
391.423
395.508
399.26
402.669
405.725
408.414
410.718
412.613
414.07
415.05
415.51
415.396
414.649
413.213
411.051
408.199
404.846
401.389
398.071
394.986
392.15
389.549
387.157
384.946
382.893
380.975
379.175
377.477
375.868
374.335
372.87
371.463
370.107
368.796
367.524
366.286
365.077
363.894
362.733
361.591
360.466
359.355
358.256
357.167
356.088
355.015
353.95
352.889
351.834
350.782
349.735
348.691
347.649
346.611
345.576
344.544
343.514
342.488
341.464
340.443
339.425
338.411
337.4
336.393
335.392
334.395
333.405
332.421
331.446
330.479
329.522
328.576
327.642
326.722
325.816
324.925
324.052
323.197
322.36
321.544
320.749
319.976
319.226
318.499
317.797
317.119
316.466
315.838
315.236
314.659
314.107
313.581
313.08
312.603
312.151
311.722
311.316
310.932
310.57
310.229
309.908
309.605
309.321
309.054
308.803
308.567
308.345
308.137
307.941
307.756
307.582
307.417
307.261
307.112
306.971
306.836
306.707
306.582
306.462
306.346
306.232
306.121
306.013
305.906
305.8
305.695
305.591
305.487
305.383
305.279
305.175
305.07
304.965
304.859
304.751
304.643
304.534
304.423
304.312
304.199
304.085
303.97
303.854
303.737
303.619
303.5
303.38
303.26
303.14
303.019
302.898
302.778
302.658
302.538
302.42
302.303
302.187
368.531
372.974
377.356
381.595
385.632
389.429
392.959
396.2
399.135
401.744
404.005
405.895
407.385
408.444
409.034
409.118
408.659
407.629
406.027
403.904
401.391
398.693
395.98
393.352
390.857
388.511
386.312
384.251
382.315
380.491
378.767
377.131
375.573
374.083
372.654
371.278
369.949
368.661
367.408
366.187
364.992
363.822
362.671
361.539
360.421
359.317
358.223
357.14
356.064
354.996
353.933
352.875
351.822
350.772
349.726
348.683
347.643
346.606
345.571
344.539
343.51
342.483
341.46
340.439
339.421
338.406
337.395
336.388
335.386
334.389
333.398
332.413
331.437
330.469
329.512
328.565
327.63
326.709
325.803
324.912
324.038
323.182
322.346
321.529
320.734
319.961
319.211
318.484
317.782
317.104
316.452
315.824
315.222
314.646
314.095
313.569
313.069
312.593
312.141
311.713
311.308
310.925
310.564
310.223
309.902
309.601
309.317
309.05
308.8
308.565
308.344
308.136
307.94
307.756
307.582
307.418
307.262
307.114
306.974
306.839
306.71
306.586
306.466
306.349
306.236
306.126
306.017
305.91
305.805
305.7
305.596
305.493
305.389
305.285
305.181
305.077
304.971
304.865
304.758
304.65
304.54
304.43
304.318
304.206
304.092
303.977
303.86
303.743
303.625
303.506
303.387
303.267
303.146
303.025
302.905
302.784
302.663
302.544
302.425
302.308
302.192
364.895
368.792
372.672
376.47
380.136
383.626
386.908
389.956
392.744
395.251
397.453
399.325
400.842
401.977
402.701
402.987
402.813
402.168
401.063
399.542
397.693
395.634
393.478
391.31
389.184
387.132
385.167
383.294
381.509
379.809
378.187
376.636
375.149
373.72
372.343
371.011
369.719
368.464
367.239
366.042
364.87
363.717
362.583
361.465
360.359
359.265
358.18
357.103
356.034
354.97
353.912
352.858
351.807
350.76
349.716
348.675
347.636
346.6
345.566
344.535
343.506
342.48
341.456
340.435
339.417
338.402
337.39
336.382
335.379
334.381
333.389
332.404
331.426
330.458
329.499
328.551
327.616
326.693
325.786
324.894
324.02
323.164
322.327
321.51
320.715
319.942
319.191
318.465
317.763
317.086
316.433
315.807
315.205
314.63
314.08
313.555
313.055
312.58
312.129
311.702
311.298
310.916
310.556
310.216
309.896
309.596
309.313
309.047
308.798
308.563
308.343
308.136
307.941
307.757
307.584
307.42
307.265
307.118
306.977
306.843
306.715
306.591
306.471
306.355
306.243
306.132
306.024
305.918
305.812
305.708
305.604
305.501
305.398
305.294
305.19
305.086
304.98
304.874
304.767
304.659
304.55
304.44
304.328
304.215
304.102
303.987
303.87
303.753
303.635
303.516
303.397
303.276
303.156
303.035
302.914
302.793
302.672
302.552
302.433
302.315
302.198
361.339
364.774
368.213
371.608
374.916
378.099
381.124
383.962
386.587
388.974
391.101
392.943
394.476
395.679
396.528
397.004
397.094
396.794
396.117
395.097
393.791
392.273
390.617
388.89
387.141
385.405
383.703
382.048
380.446
378.898
377.405
375.962
374.569
373.219
371.91
370.637
369.397
368.187
367.002
365.839
364.696
363.57
362.459
361.36
360.272
359.193
358.121
357.055
355.994
354.938
353.886
352.837
351.791
350.747
349.706
348.667
347.63
346.596
345.563
344.532
343.504
342.478
341.454
340.433
339.414
338.398
337.386
336.377
335.372
334.373
333.38
332.393
331.414
330.444
329.484
328.535
327.598
326.675
325.766
324.873
323.998
323.141
322.304
321.487
320.691
319.918
319.168
318.442
317.74
317.063
316.412
315.786
315.185
314.611
314.062
313.538
313.039
312.566
312.116
311.69
311.287
310.906
310.547
310.209
309.89
309.591
309.309
309.044
308.796
308.562
308.343
308.137
307.943
307.76
307.588
307.425
307.27
307.123
306.984
306.85
306.722
306.599
306.48
306.364
306.252
306.142
306.034
305.928
305.823
305.719
305.616
305.513
305.41
305.307
305.203
305.099
304.994
304.888
304.781
304.673
304.564
304.454
304.342
304.23
304.116
304.001
303.884
303.767
303.649
303.53
303.41
303.29
303.169
303.047
302.926
302.805
302.684
302.563
302.444
302.326
302.208
357.862
360.899
363.951
366.981
369.956
372.843
375.612
378.235
380.686
382.943
384.981
386.779
388.316
389.572
390.529
391.172
391.494
391.492
391.178
390.575
389.72
388.661
387.449
386.131
384.749
383.334
381.911
380.496
379.101
377.731
376.39
375.08
373.801
372.551
371.329
370.133
368.96
367.808
366.675
365.558
364.456
363.366
362.286
361.215
360.151
359.092
358.039
356.989
355.941
354.896
353.853
352.811
351.771
350.733
349.696
348.66
347.626
346.593
345.561
344.532
343.504
342.478
341.454
340.432
339.413
338.396
337.382
336.372
335.366
334.365
333.37
332.382
331.401
330.429
329.467
328.516
327.578
326.653
325.743
324.849
323.973
323.115
322.277
321.46
320.664
319.891
319.141
318.415
317.714
317.038
316.387
315.762
315.163
314.59
314.042
313.52
313.022
312.55
312.102
311.677
311.276
310.897
310.539
310.202
309.885
309.587
309.306
309.043
308.796
308.563
308.345
308.14
307.947
307.765
307.594
307.432
307.278
307.132
306.993
306.86
306.733
306.61
306.492
306.377
306.265
306.156
306.049
305.943
305.838
305.735
305.632
305.529
305.427
305.324
305.22
305.116
305.012
304.906
304.799
304.692
304.583
304.473
304.361
304.249
304.135
304.02
303.903
303.786
303.668
303.548
303.428
303.308
303.186
303.065
302.943
302.821
302.7
302.579
302.458
302.34
302.221
354.471
357.162
359.872
362.575
365.244
367.852
370.373
372.783
375.058
377.177
379.117
380.859
382.385
383.676
384.719
385.502
386.017
386.265
386.253
385.995
385.516
384.847
384.022
383.075
382.038
380.939
379.799
378.636
377.463
376.29
375.122
373.965
372.821
371.69
370.573
369.47
368.381
367.303
366.236
365.178
364.128
363.085
362.047
361.013
359.981
358.952
357.923
356.895
355.867
354.839
353.809
352.779
351.747
350.716
349.684
348.653
347.622
346.592
345.562
344.534
343.507
342.481
341.457
340.435
339.414
338.396
337.381
336.369
335.362
334.359
333.361
332.371
331.388
330.414
329.45
328.497
327.556
326.63
325.719
324.823
323.946
323.087
322.249
321.431
320.635
319.862
319.112
318.387
317.687
317.011
316.362
315.738
315.14
314.568
314.021
313.501
313.005
312.534
312.088
311.665
311.265
310.888
310.532
310.197
309.881
309.585
309.306
309.044
308.798
308.567
308.35
308.147
307.955
307.774
307.604
307.443
307.29
307.145
307.007
306.875
306.748
306.626
306.509
306.394
306.283
306.174
306.068
305.963
305.859
305.756
305.653
305.551
305.449
305.346
305.243
305.14
305.035
304.93
304.824
304.716
304.608
304.498
304.386
304.274
304.16
304.045
303.928
303.811
303.692
303.573
303.452
303.331
303.209
303.087
302.965
302.842
302.72
302.599
302.478
302.358
302.239
351.173
353.56
355.968
358.378
360.769
363.119
365.406
367.611
369.711
371.689
373.524
375.2
376.7
378.008
379.113
380.004
380.676
381.127
381.36
381.386
381.218
380.878
380.387
379.769
379.049
378.248
377.385
376.475
375.533
374.568
373.588
372.6
371.607
370.612
369.618
368.626
367.635
366.647
365.661
364.676
363.692
362.708
361.723
360.736
359.748
358.756
357.762
356.764
355.762
354.756
353.746
352.732
351.715
350.694
349.67
348.645
347.619
346.593
345.566
344.539
343.513
342.488
341.464
340.441
339.419
338.4
337.383
336.37
335.36
334.354
333.355
332.361
331.376
330.399
329.433
328.478
327.535
326.607
325.694
324.797
323.918
323.059
322.219
321.401
320.605
319.832
319.083
318.358
317.659
316.984
316.336
315.714
315.117
314.547
314.002
313.483
312.99
312.521
312.076
311.655
311.258
310.882
310.528
310.195
309.881
309.586
309.309
309.049
308.805
308.575
308.36
308.157
307.967
307.787
307.618
307.458
307.307
307.163
307.026
306.895
306.769
306.648
306.531
306.418
306.307
306.199
306.093
305.989
305.886
305.783
305.681
305.58
305.478
305.376
305.273
305.17
305.066
304.961
304.855
304.748
304.64
304.53
304.419
304.306
304.192
304.077
303.96
303.842
303.724
303.604
303.483
303.361
303.239
303.116
302.993
302.87
302.747
302.624
302.502
302.381
302.261
347.977
350.096
352.237
354.385
356.525
358.639
360.709
362.718
364.65
366.487
368.214
369.814
371.275
372.582
373.725
374.695
375.486
376.096
376.525
376.779
376.867
376.8
376.594
376.264
375.827
375.301
374.699
374.036
373.323
372.57
371.785
370.976
370.147
369.303
368.446
367.578
366.702
365.818
364.927
364.029
363.123
362.211
361.292
360.365
359.431
358.488
357.537
356.578
355.611
354.636
353.653
352.662
351.664
350.66
349.65
348.635
347.616
346.595
345.572
344.548
343.523
342.499
341.475
340.451
339.429
338.408
337.39
336.374
335.362
334.354
333.351
332.355
331.367
330.388
329.419
328.461
327.516
326.586
325.671
324.773
323.893
323.032
322.192
321.373
320.577
319.804
319.056
318.332
317.633
316.96
316.313
315.692
315.097
314.529
313.986
313.469
312.977
312.511
312.068
311.65
311.254
310.881
310.529
310.197
309.885
309.592
309.317
309.059
308.816
308.589
308.375
308.174
307.985
307.807
307.639
307.48
307.33
307.187
307.051
306.921
306.796
306.676
306.56
306.448
306.338
306.231
306.126
306.023
305.92
305.818
305.717
305.616
305.515
305.414
305.312
305.209
305.106
305.001
304.895
304.788
304.68
304.57
304.459
304.347
304.233
304.117
304.001
303.882
303.763
303.643
303.521
303.399
303.276
303.152
303.028
302.904
302.78
302.656
302.533
302.411
302.289
344.893
346.775
348.679
350.594
352.508
354.406
356.277
358.104
359.875
361.575
363.191
364.709
366.119
367.408
368.567
369.588
370.464
371.194
371.775
372.21
372.502
372.66
372.691
372.608
372.42
372.14
371.778
371.347
370.855
370.311
369.723
369.098
368.44
367.754
367.045
366.314
365.564
364.797
364.014
363.215
362.402
361.575
360.734
359.878
359.01
358.127
357.231
356.322
355.399
354.463
353.516
352.556
351.585
350.604
349.614
348.615
347.609
346.596
345.579
344.559
343.537
342.514
341.491
340.467
339.444
338.422
337.402
336.384
335.37
334.359
333.354
332.355
331.364
330.382
329.41
328.449
327.502
326.57
325.653
324.753
323.872
323.01
322.169
321.35
320.554
319.781
319.033
318.31
317.612
316.941
316.295
315.676
315.083
314.516
313.976
313.461
312.971
312.507
312.067
311.65
311.257
310.885
310.536
310.206
309.897
309.606
309.332
309.076
308.835
308.609
308.397
308.198
308.01
307.834
307.667
307.51
307.361
307.219
307.084
306.956
306.832
306.713
306.598
306.487
306.378
306.272
306.168
306.065
305.964
305.863
305.762
305.662
305.562
305.461
305.36
305.258
305.155
305.051
304.945
304.839
304.731
304.621
304.51
304.398
304.284
304.168
304.051
303.932
303.812
303.691
303.569
303.446
303.322
303.197
303.072
302.946
302.821
302.696
302.571
302.447
302.324
341.93
343.602
345.296
347.003
348.714
350.419
352.106
353.764
355.383
356.951
358.456
359.889
361.238
362.494
363.65
364.696
365.629
366.443
367.137
367.71
368.164
368.501
368.728
368.851
368.876
368.811
368.665
368.446
368.161
367.816
367.42
366.976
366.491
365.969
365.413
364.827
364.212
363.572
362.907
362.22
361.51
360.779
360.028
359.256
358.464
357.653
356.823
355.974
355.106
354.221
353.318
352.399
351.464
350.514
349.551
348.575
347.587
346.59
345.584
344.572
343.555
342.535
341.513
340.49
339.467
338.444
337.423
336.403
335.386
334.373
333.365
332.363
331.369
330.384
329.409
328.446
327.497
326.562
325.643
324.741
323.859
322.996
322.155
321.335
320.539
319.767
319.019
318.297
317.6
316.93
316.286
315.668
315.077
314.512
313.974
313.461
312.974
312.512
312.074
311.659
311.268
310.899
310.551
310.224
309.917
309.628
309.356
309.102
308.863
308.638
308.428
308.23
308.044
307.869
307.704
307.548
307.401
307.261
307.127
307
306.877
306.76
306.646
306.536
306.428
306.323
306.22
306.118
306.018
305.918
305.819
305.719
305.62
305.52
305.419
305.318
305.216
305.112
305.007
304.901
304.793
304.684
304.573
304.46
304.346
304.23
304.113
303.993
303.873
303.751
303.628
303.503
303.378
303.252
303.125
302.998
302.871
302.744
302.618
302.492
302.367
339.098
340.584
342.091
343.613
345.143
346.672
348.192
349.695
351.172
352.613
354.01
355.353
356.635
357.848
358.983
360.034
360.996
361.866
362.638
363.313
363.888
364.367
364.75
365.041
365.244
365.364
365.406
365.375
365.278
365.118
364.902
364.634
364.317
363.957
363.556
363.118
362.644
362.137
361.599
361.03
360.434
359.809
359.157
358.479
357.776
357.047
356.293
355.515
354.714
353.889
353.042
352.173
351.284
350.375
349.447
348.502
347.541
346.566
345.578
344.58
343.573
342.559
341.54
340.519
339.497
338.474
337.452
336.431
335.413
334.398
333.387
332.383
331.386
330.398
329.421
328.455
327.503
326.566
325.645
324.742
323.858
322.995
322.153
321.333
320.537
319.765
319.018
318.296
317.601
316.931
316.289
315.673
315.083
314.521
313.984
313.473
312.988
312.528
312.092
311.68
311.291
310.924
310.578
310.253
309.947
309.66
309.391
309.138
308.901
308.678
308.47
308.274
308.089
307.916
307.752
307.598
307.452
307.313
307.181
307.055
306.934
306.818
306.705
306.596
306.49
306.386
306.284
306.184
306.084
305.986
305.887
305.789
305.691
305.592
305.492
305.391
305.29
305.187
305.083
304.977
304.869
304.76
304.649
304.537
304.422
304.306
304.188
304.068
303.947
303.824
303.699
303.574
303.447
303.319
303.191
303.062
302.932
302.803
302.674
302.546
302.419
336.406
337.726
339.068
340.424
341.791
343.162
344.531
345.892
347.236
348.557
349.849
351.103
352.312
353.471
354.573
355.611
356.582
357.48
358.303
359.047
359.711
360.295
360.799
361.224
361.572
361.845
362.046
362.179
362.248
362.255
362.204
362.099
361.943
361.739
361.49
361.198
360.866
360.495
360.087
359.643
359.166
358.654
358.111
357.536
356.929
356.292
355.625
354.929
354.203
353.45
352.669
351.861
351.027
350.168
349.286
348.381
347.456
346.511
345.549
344.572
343.582
342.581
341.571
340.554
339.535
338.514
337.492
336.471
335.452
334.436
333.423
332.417
331.418
330.428
329.448
328.481
327.526
326.587
325.665
324.76
323.875
323.01
322.167
321.347
320.551
319.779
319.032
318.312
317.617
316.949
316.308
315.693
315.105
314.544
314.009
313.5
313.017
312.559
312.125
311.714
311.327
310.962
310.618
310.295
309.991
309.706
309.439
309.187
308.952
308.731
308.524
308.33
308.147
307.975
307.813
307.66
307.516
307.379
307.248
307.123
307.004
306.889
306.778
306.671
306.566
306.463
306.363
306.264
306.166
306.068
305.971
305.874
305.777
305.679
305.58
305.481
305.38
305.278
305.174
305.069
304.962
304.853
304.742
304.629
304.514
304.397
304.279
304.158
304.035
303.911
303.785
303.658
303.53
303.4
303.269
303.138
303.006
302.874
302.743
302.612
302.482
333.861
335.035
336.228
337.437
338.659
339.888
341.12
342.349
343.571
344.78
345.969
347.134
348.268
349.367
350.425
351.436
352.397
353.304
354.152
354.939
355.663
356.322
356.915
357.443
357.904
358.301
358.634
358.904
359.115
359.267
359.364
359.407
359.399
359.341
359.236
359.086
358.891
358.655
358.378
358.061
357.706
357.313
356.883
356.416
355.914
355.377
354.805
354.199
353.559
352.885
352.18
351.442
350.674
349.876
349.049
348.195
347.315
346.41
345.484
344.536
343.571
342.59
341.596
340.592
339.579
338.562
337.543
336.523
335.505
334.489
333.476
332.469
331.468
330.477
329.495
328.526
327.57
326.629
325.705
324.799
323.913
323.047
322.203
321.383
320.586
319.815
319.068
318.348
317.654
316.987
316.346
315.733
315.146
314.586
314.053
313.545
313.064
312.607
312.175
311.766
311.38
311.017
310.675
310.353
310.051
309.768
309.502
309.252
309.018
308.799
308.594
308.401
308.22
308.049
307.889
307.738
307.595
307.459
307.33
307.207
307.089
306.976
306.867
306.761
306.658
306.557
306.458
306.36
306.264
306.168
306.072
305.976
305.88
305.784
305.686
305.588
305.488
305.387
305.284
305.179
305.072
304.964
304.853
304.74
304.625
304.507
304.388
304.266
304.142
304.017
303.889
303.76
303.629
303.497
303.364
303.229
303.095
302.96
302.825
302.69
302.557
331.471
332.513
333.575
334.653
335.745
336.846
337.954
339.064
340.172
341.275
342.367
343.444
344.502
345.537
346.543
347.516
348.454
349.351
350.205
351.013
351.772
352.48
353.135
353.737
354.284
354.776
355.213
355.596
355.925
356.2
356.424
356.597
356.721
356.796
356.824
356.806
356.743
356.636
356.487
356.295
356.062
355.788
355.473
355.119
354.726
354.294
353.823
353.314
352.767
352.182
351.561
350.903
350.21
349.482
348.721
347.927
347.102
346.247
345.365
344.457
343.526
342.575
341.605
340.62
339.622
338.616
337.603
336.588
335.572
334.558
333.546
332.54
331.539
330.547
329.565
328.594
327.637
326.696
325.77
324.863
323.976
323.11
322.266
321.445
320.648
319.876
319.129
318.409
317.715
317.049
316.409
315.796
315.21
314.651
314.119
313.612
313.132
312.676
312.245
311.838
311.453
311.091
310.751
310.43
310.129
309.847
309.583
309.335
309.102
308.884
308.68
308.489
308.31
308.141
307.982
307.832
307.691
307.557
307.43
307.309
307.192
307.081
306.973
306.869
306.768
306.669
306.572
306.476
306.381
306.287
306.193
306.099
306.004
305.909
305.813
305.716
305.617
305.517
305.415
305.311
305.205
305.096
304.985
304.872
304.756
304.638
304.518
304.395
304.27
304.142
304.013
303.881
303.748
303.613
303.476
303.339
303.2
303.062
302.923
302.784
302.647
329.24
330.167
331.112
332.073
333.048
334.034
335.029
336.031
337.034
338.038
339.038
340.03
341.012
341.979
342.929
343.856
344.76
345.635
346.478
347.288
348.062
348.796
349.49
350.141
350.748
351.311
351.827
352.297
352.721
353.098
353.428
353.712
353.949
354.142
354.288
354.391
354.449
354.463
354.434
354.362
354.247
354.09
353.891
353.65
353.367
353.042
352.676
352.269
351.82
351.331
350.801
350.23
349.62
348.971
348.284
347.559
346.799
346.004
345.177
344.319
343.432
342.519
341.583
340.626
339.652
338.665
337.667
336.661
335.652
334.642
333.635
332.631
331.632
330.641
329.66
328.69
327.733
326.79
325.865
324.957
324.069
323.202
322.358
321.536
320.739
319.967
319.22
318.5
317.806
317.139
316.499
315.887
315.301
314.743
314.211
313.705
313.225
312.77
312.34
311.933
311.549
311.188
310.848
310.529
310.229
309.948
309.685
309.438
309.207
308.99
308.787
308.598
308.419
308.252
308.095
307.947
307.807
307.675
307.55
307.43
307.316
307.207
307.101
306.999
306.9
306.803
306.707
306.614
306.521
306.429
306.337
306.244
306.152
306.058
305.964
305.868
305.771
305.672
305.57
305.467
305.361
305.253
305.142
305.029
304.913
304.794
304.672
304.548
304.421
304.291
304.159
304.025
303.888
303.75
303.61
303.469
303.326
303.183
303.039
302.896
302.753
327.176
327.999
328.84
329.697
330.567
331.45
332.344
333.246
334.153
335.065
335.977
336.888
337.795
338.694
339.584
340.46
341.321
342.163
342.984
343.782
344.553
345.296
346.008
346.688
347.333
347.943
348.516
349.051
349.547
350.003
350.418
350.792
351.126
351.417
351.667
351.875
352.041
352.165
352.247
352.287
352.284
352.238
352.15
352.019
351.845
351.628
351.368
351.064
350.717
350.326
349.892
349.415
348.894
348.331
347.726
347.079
346.393
345.667
344.904
344.105
343.272
342.408
341.515
340.597
339.656
338.696
337.721
336.734
335.74
334.74
333.739
332.741
331.747
330.76
329.781
328.813
327.857
326.916
325.991
325.084
324.196
323.329
322.484
321.662
320.864
320.091
319.344
318.623
317.929
317.262
316.622
316.009
315.423
314.865
314.332
313.827
313.347
312.892
312.461
312.055
311.672
311.311
310.972
310.653
310.354
310.073
309.811
309.565
309.335
309.119
308.918
308.729
308.552
308.387
308.231
308.085
307.947
307.816
307.693
307.576
307.463
307.356
307.253
307.153
307.056
306.961
306.868
306.777
306.686
306.596
306.506
306.416
306.326
306.234
306.142
306.048
305.952
305.854
305.754
305.652
305.547
305.439
305.328
305.214
305.097
304.977
304.854
304.728
304.599
304.467
304.332
304.195
304.055
303.913
303.768
303.622
303.475
303.326
303.177
303.028
302.879
325.281
326.013
326.761
327.525
328.302
329.092
329.893
330.705
331.524
332.35
333.181
334.014
334.848
335.68
336.508
337.329
338.142
338.945
339.734
340.507
341.263
341.999
342.714
343.404
344.069
344.707
345.316
345.895
346.442
346.956
347.437
347.882
348.292
348.665
349.001
349.299
349.559
349.779
349.959
350.099
350.199
350.257
350.273
350.246
350.177
350.065
349.908
349.707
349.462
349.171
348.835
348.454
348.027
347.555
347.038
346.476
345.87
345.222
344.531
343.8
343.031
342.226
341.387
340.517
339.619
338.697
337.755
336.795
335.823
334.842
333.856
332.867
331.882
330.902
329.928
328.964
328.012
327.074
326.151
325.245
324.358
323.491
322.646
321.824
321.026
320.253
319.506
318.784
318.089
317.421
316.78
316.167
315.58
315.021
314.488
313.981
313.501
313.045
312.615
312.208
311.825
311.464
311.124
310.806
310.507
310.227
309.964
309.719
309.489
309.275
309.075
308.887
308.712
308.547
308.393
308.249
308.113
307.984
307.863
307.747
307.638
307.533
307.432
307.334
307.24
307.148
307.058
306.969
306.881
306.793
306.706
306.618
306.53
306.441
306.351
306.259
306.165
306.068
305.97
305.868
305.764
305.657
305.546
305.432
305.315
305.193
305.069
304.941
304.809
304.675
304.537
304.395
304.251
304.104
303.955
303.804
303.65
303.496
303.34
303.184
303.028
323.561
324.212
324.877
325.557
326.251
326.957
327.676
328.405
329.144
329.891
330.645
331.405
332.169
332.934
333.701
334.466
335.228
335.984
336.734
337.476
338.206
338.924
339.627
340.314
340.983
341.632
342.259
342.864
343.444
343.998
344.524
345.022
345.49
345.927
346.331
346.702
347.039
347.341
347.606
347.834
348.024
348.175
348.286
348.356
348.384
348.37
348.313
348.212
348.065
347.874
347.636
347.352
347.02
346.642
346.216
345.744
345.225
344.659
344.049
343.394
342.697
341.959
341.183
340.371
339.527
338.652
337.752
336.83
335.89
334.936
333.973
333.004
332.032
331.063
330.099
329.143
328.197
327.263
326.344
325.441
324.557
323.692
322.848
322.027
321.229
320.456
319.708
318.985
318.29
317.621
316.979
316.364
315.776
315.215
314.681
314.174
313.692
313.235
312.804
312.396
312.012
311.65
311.31
310.991
310.692
310.412
310.149
309.904
309.675
309.461
309.262
309.075
308.901
308.738
308.586
308.443
308.308
308.182
308.063
307.95
307.842
307.74
307.642
307.547
307.456
307.367
307.279
307.193
307.109
307.024
306.94
306.855
306.77
306.683
306.595
306.505
306.414
306.319
306.222
306.122
306.019
305.912
305.801
305.687
305.569
305.447
305.32
305.19
305.056
304.918
304.776
304.631
304.482
304.329
304.174
304.017
303.857
303.695
303.532
303.368
303.204
322.019
322.597
323.189
323.794
324.413
325.045
325.688
326.343
327.008
327.683
328.366
329.056
329.753
330.455
331.161
331.869
332.578
333.286
333.992
334.695
335.392
336.083
336.765
337.436
338.096
338.742
339.374
339.988
340.585
341.162
341.717
342.25
342.758
343.241
343.697
344.125
344.524
344.891
345.226
345.528
345.795
346.027
346.221
346.377
346.494
346.57
346.605
346.597
346.545
346.448
346.305
346.116
345.88
345.596
345.263
344.882
344.453
343.975
343.45
342.878
342.259
341.597
340.892
340.147
339.365
338.548
337.7
336.825
335.927
335.01
334.078
333.137
332.189
331.238
330.288
329.343
328.407
327.482
326.57
325.673
324.793
323.931
323.09
322.27
321.474
320.701
319.953
319.23
318.534
317.864
317.22
316.604
316.015
315.452
314.917
314.407
313.924
313.465
313.032
312.623
312.238
311.875
311.534
311.214
310.914
310.633
310.37
310.125
309.896
309.683
309.484
309.298
309.125
308.963
308.812
308.671
308.538
308.414
308.297
308.187
308.082
307.983
307.887
307.796
307.707
307.622
307.538
307.455
307.374
307.293
307.212
307.13
307.048
306.965
306.88
306.793
306.704
306.612
306.517
306.418
306.316
306.21
306.099
305.985
305.866
305.742
305.614
305.481
305.344
305.202
305.056
304.906
304.751
304.593
304.431
304.266
304.098
303.928
303.757
303.584
303.41
320.657
321.171
321.697
322.237
322.789
323.353
323.929
324.516
325.114
325.721
326.339
326.965
327.599
328.24
328.886
329.538
330.194
330.852
331.512
332.172
332.831
333.487
334.14
334.788
335.428
336.061
336.684
337.295
337.894
338.479
339.049
339.601
340.134
340.647
341.139
341.607
342.051
342.469
342.859
343.22
343.55
343.849
344.114
344.344
344.538
344.694
344.811
344.888
344.923
344.914
344.861
344.763
344.619
344.426
344.186
343.897
343.558
343.17
342.733
342.247
341.712
341.131
340.504
339.833
339.121
338.37
337.584
336.766
335.919
335.049
334.158
333.253
332.337
331.413
330.487
329.561
328.64
327.727
326.825
325.937
325.064
324.208
323.371
322.555
321.761
320.99
320.243
319.52
318.824
318.153
317.509
316.891
316.3
315.736
315.198
314.687
314.201
313.741
313.305
312.894
312.507
312.142
311.8
311.478
311.177
310.895
310.632
310.386
310.157
309.944
309.745
309.56
309.387
309.227
309.077
308.938
308.807
308.685
308.571
308.463
308.361
308.265
308.173
308.085
308
307.918
307.838
307.759
307.682
307.605
307.527
307.45
307.371
307.291
307.21
307.126
307.04
306.951
306.858
306.761
306.66
306.555
306.445
306.33
306.211
306.086
305.955
305.82
305.679
305.533
305.382
305.226
305.066
304.901
304.731
304.558
304.381
304.202
304.02
303.836
303.652
319.478
319.935
320.403
320.884
321.376
321.879
322.394
322.921
323.457
324.004
324.561
325.127
325.702
326.285
326.875
327.473
328.076
328.684
329.296
329.911
330.528
331.146
331.764
332.38
332.994
333.604
334.209
334.807
335.397
335.978
336.548
337.106
337.651
338.18
338.692
339.186
339.66
340.113
340.543
340.948
341.328
341.679
342.001
342.293
342.551
342.776
342.964
343.115
343.227
343.299
343.328
343.314
343.255
343.15
342.998
342.798
342.548
342.25
341.901
341.503
341.055
340.559
340.014
339.424
338.788
338.111
337.394
336.64
335.854
335.039
334.2
333.34
332.464
331.577
330.682
329.784
328.886
327.992
327.105
326.229
325.367
324.52
323.691
322.881
322.091
321.323
320.579
319.858
319.162
318.491
317.847
317.228
316.636
316.07
315.53
315.016
314.528
314.066
313.628
313.215
312.825
312.458
312.113
311.79
311.487
311.204
310.94
310.693
310.463
310.25
310.051
309.866
309.694
309.534
309.386
309.248
309.12
309
308.888
308.783
308.684
308.591
308.503
308.418
308.338
308.26
308.184
308.11
308.037
307.964
307.891
307.818
307.744
307.668
307.591
307.511
307.428
307.342
307.252
307.157
307.058
306.954
306.845
306.73
306.61
306.483
306.351
306.212
306.068
305.917
305.761
305.599
305.431
305.258
305.08
304.898
304.711
304.521
304.328
304.132
303.935
318.485
318.891
319.308
319.736
320.175
320.624
321.085
321.556
322.037
322.528
323.03
323.54
324.06
324.589
325.126
325.671
326.222
326.781
327.345
327.914
328.487
329.064
329.644
330.225
330.806
331.387
331.966
332.542
333.114
333.681
334.241
334.794
335.337
335.869
336.389
336.895
337.386
337.86
338.316
338.751
339.165
339.556
339.921
340.26
340.57
340.85
341.097
341.311
341.489
341.63
341.732
341.794
341.813
341.788
341.718
341.602
341.438
341.226
340.964
340.653
340.292
339.882
339.422
338.915
338.361
337.762
337.12
336.439
335.721
334.97
334.19
333.384
332.558
331.716
330.861
329.998
329.132
328.265
327.402
326.544
325.698
324.864
324.046
323.245
322.463
321.701
320.961
320.243
319.55
318.881
318.237
317.618
317.025
316.458
315.916
315.401
314.911
314.446
314.006
313.59
313.197
312.828
312.481
312.155
311.85
311.565
311.299
311.051
310.821
310.606
310.407
310.222
310.05
309.892
309.744
309.608
309.481
309.364
309.254
309.152
309.057
308.967
308.883
308.803
308.726
308.653
308.582
308.513
308.444
308.377
308.309
308.241
308.172
308.101
308.028
307.952
307.874
307.791
307.704
307.613
307.516
307.414
307.305
307.191
307.07
306.942
306.807
306.666
306.517
306.362
306.199
306.03
305.855
305.673
305.486
305.293
305.095
304.892
304.686
304.476
304.265
317.679
318.04
318.412
318.793
319.185
319.586
319.997
320.419
320.85
321.291
321.741
322.201
322.67
323.148
323.635
324.13
324.633
325.143
325.66
326.183
326.712
327.246
327.785
328.327
328.872
329.419
329.967
330.515
331.062
331.607
332.149
332.686
333.217
333.742
334.258
334.765
335.26
335.742
336.211
336.663
337.099
337.515
337.91
338.282
338.631
338.953
339.247
339.511
339.743
339.942
340.106
340.232
340.32
340.366
340.371
340.331
340.246
340.115
339.936
339.708
339.432
339.107
338.732
338.309
337.839
337.321
336.76
336.156
335.512
334.831
334.118
333.375
332.607
331.817
331.011
330.193
329.366
328.534
327.702
326.872
326.049
325.234
324.431
323.643
322.872
322.12
321.388
320.677
319.988
319.322
318.681
318.063
317.471
316.904
316.362
315.845
315.353
314.886
314.443
314.025
313.63
313.258
312.908
312.58
312.273
311.985
311.717
311.468
311.235
311.02
310.82
310.634
310.463
310.304
310.158
310.023
309.898
309.782
309.676
309.577
309.485
309.399
309.318
309.243
309.171
309.103
309.037
308.973
308.91
308.848
308.786
308.724
308.66
308.595
308.527
308.457
308.383
308.305
308.222
308.134
308.04
307.94
307.833
307.718
307.597
307.468
307.331
307.186
307.033
306.873
306.704
306.528
306.344
306.153
305.954
305.75
305.539
305.323
305.102
304.877
304.649
317.064
317.386
317.717
318.057
318.406
318.764
319.132
319.508
319.894
320.29
320.694
321.107
321.53
321.961
322.4
322.848
323.305
323.769
324.24
324.719
325.204
325.695
326.192
326.694
327.2
327.71
328.223
328.738
329.255
329.771
330.288
330.802
331.314
331.822
332.325
332.822
333.311
333.791
334.26
334.718
335.161
335.59
336.002
336.396
336.769
337.121
337.448
337.75
338.024
338.268
338.481
338.661
338.806
338.913
338.982
339.01
338.996
338.938
338.835
338.686
338.49
338.246
337.954
337.614
337.226
336.792
336.312
335.788
335.222
334.617
333.976
333.302
332.599
331.871
331.121
330.355
329.576
328.787
327.994
327.2
326.407
325.62
324.84
324.072
323.317
322.578
321.858
321.156
320.476
319.816
319.18
318.566
317.976
317.41
316.869
316.352
315.859
315.391
314.947
314.526
314.129
313.754
313.402
313.071
312.761
312.471
312.201
311.949
311.715
311.498
311.296
311.11
310.938
310.78
310.634
310.5
310.376
310.263
310.158
310.062
309.974
309.892
309.815
309.744
309.678
309.615
309.554
309.496
309.44
309.384
309.329
309.272
309.215
309.156
309.094
309.03
308.961
308.889
308.81
308.726
308.636
308.538
308.433
308.32
308.199
308.068
307.93
307.782
307.624
307.458
307.283
307.098
306.905
306.704
306.494
306.277
306.052
305.821
305.584
305.341
305.095
316.641
316.928
317.224
317.527
317.839
318.159
318.487
318.824
319.169
319.523
319.885
320.256
320.636
321.024
321.42
321.824
322.236
322.657
323.084
323.519
323.962
324.411
324.866
325.327
325.793
326.265
326.74
327.219
327.701
328.186
328.671
329.158
329.643
330.128
330.61
331.088
331.562
332.03
332.49
332.942
333.384
333.814
334.231
334.634
335.02
335.388
335.736
336.062
336.365
336.643
336.893
337.114
337.304
337.461
337.583
337.668
337.715
337.721
337.685
337.607
337.484
337.316
337.101
336.84
336.533
336.18
335.781
335.338
334.852
334.325
333.761
333.161
332.528
331.867
331.182
330.475
329.751
329.014
328.267
327.515
326.762
326.009
325.261
324.521
323.79
323.071
322.367
321.68
321.011
320.362
319.734
319.127
318.542
317.981
317.442
316.927
316.435
315.966
315.522
315.1
314.701
314.324
313.969
313.636
313.323
313.031
312.758
312.503
312.267
312.048
311.845
311.657
311.485
311.326
311.18
311.046
310.923
310.811
310.709
310.616
310.53
310.452
310.38
310.313
310.252
310.194
310.14
310.088
310.038
309.989
309.941
309.891
309.841
309.789
309.734
309.676
309.614
309.547
309.475
309.396
309.309
309.215
309.113
309.001
308.88
308.75
308.609
308.458
308.297
308.125
307.943
307.75
307.547
307.335
307.113
306.881
306.641
306.394
306.139
305.878
305.611
316.414
316.671
316.935
317.206
317.484
317.77
318.063
318.364
318.673
318.99
319.314
319.646
319.987
320.335
320.691
321.054
321.426
321.805
322.191
322.585
322.986
323.393
323.808
324.228
324.655
325.086
325.523
325.965
326.41
326.859
327.31
327.764
328.219
328.674
329.129
329.582
330.033
330.481
330.924
331.361
331.791
332.213
332.624
333.025
333.412
333.786
334.143
334.482
334.801
335.1
335.375
335.624
335.847
336.041
336.205
336.335
336.431
336.491
336.513
336.496
336.437
336.337
336.193
336.005
335.773
335.497
335.176
334.812
334.406
333.958
333.471
332.948
332.39
331.801
331.184
330.543
329.882
329.203
328.511
327.81
327.102
326.392
325.683
324.978
324.278
323.588
322.909
322.243
321.592
320.957
320.342
319.746
319.17
318.616
318.083
317.572
317.083
316.617
316.173
315.751
315.352
314.974
314.617
314.282
313.967
313.672
313.396
313.139
312.9
312.678
312.473
312.284
312.11
311.95
311.803
311.669
311.547
311.436
311.335
311.244
311.161
311.086
311.018
310.956
310.899
310.847
310.799
310.754
310.711
310.669
310.627
310.586
310.543
310.498
310.451
310.401
310.346
310.286
310.219
310.146
310.065
309.975
309.876
309.767
309.647
309.517
309.375
309.222
309.057
308.88
308.69
308.489
308.277
308.053
307.817
307.571
307.315
307.05
306.776
306.494
306.205
316.386
316.616
316.852
317.094
317.343
317.598
317.86
318.129
318.405
318.688
318.979
319.276
319.58
319.892
320.211
320.537
320.87
321.211
321.558
321.913
322.274
322.642
323.017
323.397
323.784
324.177
324.574
324.977
325.385
325.796
326.211
326.629
327.049
327.472
327.895
328.318
328.741
329.162
329.58
329.995
330.405
330.81
331.207
331.595
331.974
332.342
332.697
333.037
333.362
333.669
333.957
334.224
334.467
334.686
334.879
335.043
335.177
335.278
335.347
335.379
335.375
335.333
335.251
335.128
334.965
334.759
334.512
334.223
333.892
333.522
333.112
332.666
332.184
331.67
331.126
330.555
329.961
329.347
328.716
328.072
327.419
326.759
326.096
325.433
324.773
324.118
323.471
322.834
322.209
321.597
321.001
320.421
319.859
319.316
318.793
318.29
317.807
317.346
316.905
316.486
316.088
315.71
315.353
315.017
314.7
314.403
314.125
313.865
313.624
313.399
313.192
313
312.823
312.661
312.513
312.378
312.256
312.145
312.045
311.954
311.874
311.801
311.736
311.678
311.626
311.579
311.537
311.497
311.461
311.426
311.392
311.358
311.324
311.287
311.248
311.205
311.158
311.106
311.047
310.98
310.905
310.82
310.725
310.62
310.502
310.373
310.231
310.076
309.908
309.726
309.531
309.322
309.099
308.863
308.615
308.353
308.08
307.796
307.502
307.198
306.886
316.56
316.765
316.976
317.193
317.416
317.644
317.878
318.119
318.365
318.618
318.877
319.143
319.415
319.693
319.978
320.269
320.567
320.872
321.183
321.501
321.824
322.155
322.491
322.833
323.181
323.535
323.894
324.258
324.626
325
325.377
325.757
326.141
326.527
326.915
327.304
327.694
328.084
328.472
328.859
329.242
329.622
329.997
330.366
330.728
331.081
331.424
331.756
332.075
332.38
332.669
332.941
333.194
333.426
333.635
333.821
333.98
334.112
334.215
334.286
334.326
334.331
334.3
334.233
334.129
333.986
333.805
333.584
333.325
333.027
332.692
332.32
331.914
331.475
331.005
330.508
329.985
329.44
328.876
328.295
327.702
327.1
326.49
325.878
325.264
324.652
324.045
323.444
322.852
322.27
321.7
321.144
320.603
320.079
319.571
319.081
318.609
318.156
317.722
317.308
316.914
316.539
316.184
315.848
315.531
315.233
314.953
314.691
314.447
314.22
314.009
313.814
313.635
313.471
313.32
313.183
313.059
312.947
312.846
312.756
312.675
312.604
312.541
312.486
312.437
312.395
312.357
312.323
312.293
312.265
312.238
312.212
312.185
312.156
312.125
312.091
312.052
312.008
311.956
311.897
311.828
311.75
311.66
311.559
311.445
311.318
311.177
311.022
310.851
310.666
310.465
310.249
310.017
309.771
309.509
309.232
308.942
308.639
308.323
307.996
307.659
316.937
317.121
317.31
317.504
317.703
317.908
318.117
318.331
318.551
318.777
319.008
319.244
319.486
319.734
319.988
320.247
320.513
320.784
321.061
321.343
321.632
321.926
322.225
322.531
322.841
323.157
323.478
323.804
324.134
324.468
324.807
325.149
325.495
325.843
326.193
326.546
326.9
327.254
327.608
327.962
328.314
328.664
329.01
329.352
329.689
330.02
330.343
330.657
330.962
331.255
331.535
331.802
332.053
332.287
332.502
332.698
332.871
333.021
333.146
333.245
333.316
333.357
333.367
333.345
333.289
333.2
333.075
332.915
332.72
332.489
332.222
331.922
331.588
331.222
330.826
330.402
329.952
329.479
328.984
328.472
327.945
327.405
326.856
326.3
325.741
325.179
324.619
324.062
323.51
322.966
322.431
321.906
321.393
320.893
320.407
319.937
319.482
319.044
318.623
318.219
317.832
317.464
317.113
316.781
316.466
316.168
315.888
315.625
315.379
315.149
314.936
314.738
314.555
314.387
314.233
314.093
313.966
313.851
313.748
313.656
313.575
313.503
313.441
313.386
313.339
313.299
313.265
313.235
313.209
313.187
313.166
313.146
313.126
313.105
313.082
313.056
313.025
312.988
312.945
312.893
312.832
312.76
312.677
312.581
312.472
312.348
312.21
312.055
311.885
311.697
311.492
311.271
311.031
310.775
310.501
310.21
309.903
309.58
309.243
308.892
308.53
317.518
317.683
317.853
318.026
318.204
318.387
318.573
318.764
318.96
319.16
319.366
319.576
319.79
320.01
320.235
320.465
320.699
320.939
321.184
321.434
321.689
321.949
322.214
322.483
322.758
323.037
323.321
323.609
323.901
324.197
324.497
324.8
325.107
325.416
325.728
326.042
326.357
326.674
326.991
327.308
327.625
327.94
328.253
328.563
328.869
329.171
329.467
329.756
330.038
330.312
330.575
330.827
331.067
331.292
331.503
331.698
331.874
332.031
332.167
332.281
332.372
332.437
332.476
332.488
332.471
332.424
332.346
332.237
332.097
331.924
331.72
331.484
331.217
330.921
330.595
330.243
329.865
329.463
329.041
328.599
328.141
327.669
327.185
326.692
326.192
325.689
325.183
324.677
324.174
323.674
323.181
322.694
322.217
321.75
321.293
320.849
320.418
320.001
319.598
319.21
318.838
318.481
318.139
317.814
317.504
317.211
316.933
316.672
316.425
316.195
315.979
315.779
315.593
315.421
315.263
315.119
314.987
314.868
314.761
314.666
314.581
314.507
314.442
314.386
314.338
314.298
314.264
314.236
314.212
314.193
314.176
314.161
314.146
314.131
314.114
314.094
314.07
314.041
314.005
313.96
313.906
313.842
313.765
313.676
313.572
313.453
313.319
313.167
312.998
312.81
312.604
312.379
312.134
311.87
311.586
311.282
310.959
310.618
310.26
309.885
309.496
318.3
318.448
318.599
318.754
318.913
319.075
319.241
319.41
319.584
319.761
319.943
320.128
320.317
320.511
320.709
320.911
321.117
321.327
321.542
321.761
321.984
322.211
322.443
322.678
322.918
323.162
323.409
323.66
323.915
324.174
324.435
324.7
324.967
325.238
325.51
325.784
326.06
326.337
326.615
326.893
327.171
327.449
327.725
327.999
328.27
328.538
328.802
329.061
329.314
329.56
329.799
330.029
330.249
330.458
330.655
330.839
331.008
331.162
331.299
331.418
331.517
331.596
331.653
331.687
331.697
331.681
331.64
331.572
331.476
331.353
331.202
331.023
330.816
330.582
330.322
330.037
329.729
329.397
329.045
328.674
328.287
327.884
327.469
327.043
326.608
326.167
325.722
325.275
324.826
324.379
323.935
323.495
323.061
322.634
322.215
321.805
321.405
321.016
320.638
320.273
319.92
319.58
319.254
318.941
318.642
318.357
318.086
317.829
317.585
317.356
317.141
316.939
316.751
316.576
316.414
316.265
316.129
316.005
315.892
315.791
315.701
315.621
315.551
315.491
315.439
315.395
315.358
315.328
315.304
315.284
315.268
315.254
315.241
315.229
315.215
315.199
315.18
315.155
315.124
315.086
315.038
314.98
314.91
314.827
314.73
314.617
314.488
314.341
314.175
313.991
313.786
313.56
313.313
313.044
312.753
312.44
312.104
311.747
311.369
310.971
310.554
319.271
319.403
319.538
319.675
319.816
319.959
320.105
320.255
320.407
320.563
320.722
320.885
321.05
321.219
321.391
321.567
321.746
321.929
322.114
322.304
322.497
322.693
322.892
323.095
323.301
323.511
323.723
323.939
324.157
324.378
324.602
324.829
325.057
325.288
325.521
325.755
325.991
326.228
326.466
326.704
326.942
327.179
327.416
327.651
327.885
328.115
328.343
328.567
328.787
329.001
329.209
329.411
329.605
329.791
329.967
330.133
330.287
330.429
330.557
330.671
330.77
330.852
330.916
330.962
330.988
330.993
330.977
330.939
330.879
330.795
330.687
330.556
330.401
330.222
330.021
329.797
329.552
329.286
329.002
328.699
328.381
328.048
327.702
327.345
326.978
326.604
326.224
325.839
325.452
325.063
324.675
324.288
323.905
323.525
323.151
322.783
322.421
322.068
321.723
321.388
321.062
320.746
320.441
320.147
319.864
319.593
319.333
319.085
318.849
318.625
318.413
318.213
318.025
317.849
317.684
317.532
317.39
317.261
317.142
317.034
316.936
316.849
316.772
316.703
316.644
316.593
316.55
316.514
316.484
316.459
316.439
316.421
316.406
316.392
316.378
316.361
316.342
316.319
316.291
316.255
316.212
316.158
316.093
316.016
315.925
315.818
315.695
315.555
315.395
315.215
315.015
314.792
314.546
314.277
313.983
313.664
313.32
312.951
312.557
312.137
311.694
320.408
320.524
320.643
320.764
320.887
321.012
321.14
321.27
321.403
321.538
321.676
321.816
321.959
322.104
322.252
322.402
322.555
322.711
322.87
323.031
323.194
323.36
323.529
323.7
323.874
324.05
324.229
324.41
324.593
324.778
324.965
325.154
325.345
325.537
325.731
325.926
326.122
326.319
326.516
326.713
326.911
327.108
327.304
327.5
327.693
327.885
328.075
328.261
328.444
328.624
328.798
328.968
329.131
329.288
329.438
329.58
329.712
329.836
329.949
330.05
330.14
330.217
330.28
330.328
330.361
330.377
330.377
330.359
330.323
330.268
330.194
330.101
329.988
329.856
329.704
329.534
329.346
329.14
328.917
328.679
328.426
328.159
327.881
327.591
327.293
326.986
326.672
326.353
326.03
325.704
325.377
325.049
324.721
324.396
324.073
323.753
323.438
323.127
322.822
322.524
322.232
321.948
321.671
321.403
321.143
320.891
320.649
320.416
320.193
319.979
319.775
319.58
319.396
319.221
319.057
318.903
318.758
318.624
318.499
318.384
318.279
318.183
318.096
318.018
317.949
317.887
317.834
317.787
317.747
317.712
317.682
317.656
317.633
317.612
317.591
317.57
317.546
317.519
317.488
317.451
317.408
317.355
317.293
317.219
317.132
317.031
316.914
316.779
316.627
316.454
316.26
316.043
315.803
315.537
315.245
314.926
314.579
314.203
313.797
313.361
312.896
321.664
321.765
321.868
321.972
322.079
322.187
322.296
322.408
322.521
322.636
322.753
322.872
322.993
323.116
323.24
323.366
323.494
323.624
323.756
323.89
324.026
324.163
324.302
324.443
324.586
324.73
324.876
325.024
325.173
325.323
325.475
325.628
325.782
325.937
326.093
326.25
326.407
326.565
326.723
326.881
327.038
327.196
327.352
327.508
327.662
327.815
327.966
328.114
328.26
328.403
328.543
328.678
328.809
328.935
329.055
329.169
329.277
329.377
329.47
329.554
329.629
329.694
329.749
329.792
329.824
329.844
329.851
329.844
329.823
329.788
329.738
329.674
329.594
329.498
329.388
329.262
329.122
328.968
328.8
328.619
328.425
328.22
328.004
327.779
327.545
327.303
327.055
326.801
326.543
326.28
326.015
325.748
325.48
325.212
324.945
324.678
324.414
324.152
323.893
323.638
323.386
323.14
322.898
322.662
322.431
322.206
321.988
321.776
321.571
321.373
321.182
320.998
320.822
320.654
320.493
320.341
320.196
320.06
319.931
319.811
319.698
319.594
319.498
319.409
319.328
319.254
319.187
319.127
319.073
319.024
318.981
318.941
318.905
318.871
318.838
318.805
318.771
318.735
318.696
318.652
318.603
318.547
318.482
318.407
318.321
318.223
318.109
317.98
317.834
317.669
317.482
317.274
317.042
316.784
316.498
316.184
315.84
315.463
315.052
314.607
314.124
322.961
323.047
323.135
323.224
323.314
323.405
323.498
323.591
323.686
323.782
323.88
323.978
324.078
324.179
324.281
324.384
324.489
324.595
324.702
324.81
324.919
325.029
325.141
325.253
325.367
325.481
325.597
325.713
325.831
325.949
326.067
326.187
326.307
326.427
326.548
326.669
326.79
326.911
327.032
327.153
327.273
327.393
327.512
327.63
327.746
327.862
327.976
328.088
328.197
328.305
328.409
328.511
328.609
328.704
328.794
328.88
328.961
329.036
329.106
329.17
329.227
329.277
329.32
329.354
329.38
329.397
329.405
329.402
329.39
329.367
329.333
329.288
329.232
329.165
329.087
328.997
328.896
328.784
328.662
328.529
328.387
328.236
328.076
327.908
327.732
327.551
327.363
327.17
326.972
326.771
326.566
326.359
326.149
325.939
325.727
325.515
325.303
325.092
324.882
324.673
324.466
324.261
324.059
323.859
323.663
323.469
323.28
323.094
322.913
322.736
322.564
322.396
322.233
322.076
321.924
321.777
321.637
321.502
321.373
321.25
321.133
321.022
320.918
320.819
320.727
320.64
320.56
320.485
320.415
320.35
320.289
320.232
320.179
320.128
320.078
320.03
319.981
319.93
319.878
319.822
319.762
319.696
319.624
319.543
319.454
319.353
319.241
319.114
318.972
318.812
318.634
318.434
318.211
317.963
317.688
317.383
317.047
316.676
316.267
315.819
315.327
324.191
324.264
324.337
324.412
324.487
324.562
324.639
324.716
324.794
324.872
324.951
325.031
325.112
325.193
325.275
325.357
325.44
325.524
325.609
325.694
325.779
325.865
325.952
326.039
326.127
326.215
326.303
326.392
326.481
326.57
326.66
326.749
326.839
326.929
327.018
327.108
327.197
327.286
327.374
327.462
327.549
327.636
327.722
327.806
327.89
327.972
328.053
328.132
328.21
328.285
328.359
328.43
328.498
328.563
328.626
328.685
328.741
328.793
328.841
328.884
328.923
328.957
328.986
329.009
329.026
329.037
329.041
329.039
329.03
329.013
328.989
328.957
328.918
328.871
328.815
328.752
328.682
328.603
328.517
328.423
328.323
328.216
328.102
327.982
327.857
327.726
327.59
327.45
327.306
327.159
327.008
326.854
326.698
326.54
326.38
326.219
326.056
325.893
325.73
325.566
325.402
325.239
325.076
324.914
324.753
324.593
324.435
324.278
324.123
323.97
323.819
323.671
323.526
323.383
323.243
323.106
322.973
322.843
322.717
322.595
322.477
322.363
322.253
322.147
322.045
321.948
321.855
321.766
321.681
321.6
321.522
321.448
321.376
321.306
321.238
321.171
321.104
321.036
320.967
320.895
320.821
320.742
320.658
320.568
320.471
320.366
320.25
320.122
319.981
319.825
319.652
319.46
319.247
319.01
318.746
318.454
318.129
317.769
317.369
316.925
316.431
325.211
325.272
325.334
325.396
325.458
325.521
325.584
325.647
325.711
325.774
325.839
325.903
325.968
326.033
326.098
326.164
326.229
326.295
326.362
326.428
326.494
326.561
326.627
326.694
326.761
326.828
326.894
326.961
327.027
327.094
327.16
327.226
327.292
327.357
327.422
327.486
327.55
327.614
327.676
327.738
327.8
327.86
327.919
327.978
328.035
328.091
328.146
328.199
328.251
328.301
328.349
328.396
328.44
328.482
328.522
328.56
328.595
328.627
328.656
328.683
328.706
328.725
328.742
328.754
328.762
328.767
328.767
328.762
328.753
328.739
328.72
328.696
328.667
328.633
328.594
328.55
328.5
328.445
328.385
328.32
328.251
328.176
328.097
328.014
327.926
327.835
327.74
327.641
327.538
327.433
327.325
327.213
327.1
326.984
326.866
326.746
326.624
326.5
326.375
326.249
326.122
325.994
325.865
325.735
325.605
325.474
325.343
325.212
325.082
324.951
324.821
324.691
324.562
324.435
324.308
324.182
324.058
323.935
323.814
323.695
323.578
323.463
323.351
323.241
323.133
323.028
322.926
322.826
322.729
322.635
322.543
322.453
322.365
322.278
322.193
322.109
322.025
321.941
321.855
321.768
321.679
321.587
321.492
321.392
321.286
321.173
321.052
320.922
320.78
320.625
320.456
320.27
320.064
319.837
319.584
319.304
318.993
318.646
318.258
317.823
317.334
325.842
325.896
325.95
326.005
326.059
326.114
326.168
326.223
326.278
326.332
326.387
326.442
326.497
326.552
326.607
326.662
326.717
326.772
326.827
326.882
326.937
326.991
327.045
327.1
327.154
327.207
327.261
327.314
327.367
327.419
327.471
327.523
327.574
327.625
327.675
327.724
327.773
327.821
327.868
327.914
327.96
328.004
328.048
328.09
328.132
328.172
328.211
328.249
328.285
328.319
328.353
328.384
328.414
328.442
328.468
328.492
328.515
328.534
328.552
328.568
328.581
328.591
328.599
328.604
328.606
328.606
328.602
328.595
328.586
328.572
328.556
328.536
328.512
328.485
328.454
328.42
328.382
328.34
328.295
328.247
328.195
328.14
328.081
328.019
327.954
327.885
327.814
327.74
327.662
327.582
327.499
327.414
327.326
327.235
327.142
327.047
326.95
326.851
326.749
326.646
326.541
326.434
326.326
326.216
326.105
325.993
325.879
325.765
325.649
325.533
325.416
325.299
325.181
325.063
324.945
324.827
324.709
324.592
324.475
324.359
324.243
324.129
324.016
323.904
323.793
323.684
323.576
323.47
323.366
323.263
323.162
323.062
322.964
322.867
322.771
322.676
322.581
322.486
322.39
322.293
322.195
322.094
321.991
321.884
321.772
321.654
321.53
321.397
321.255
321.101
320.933
320.751
320.55
320.33
320.086
319.815
319.514
319.178
318.8
318.375
317.893
301.967
301.661
301.38
301.129
300.91
300.725
300.57
300.444
300.342
300.262
300.199
300.151
300.113
300.084
300.062
300.045
300.033
300.024
300.017
300.012
300.008
300.006
300.004
300.003
300.002
300.001
300.001
300
300
300
300
300
300
300
300
300
300
300
300
300
300
300
300
300
300
300
300
300
300
300
300
301.968
301.662
301.381
301.13
300.911
300.725
300.57
300.444
300.343
300.262
300.2
300.151
300.113
300.084
300.062
300.045
300.033
300.024
300.017
300.012
300.008
300.006
300.004
300.003
300.002
300.001
300.001
300
300
300
300
300
300
300
300
300
300
300
300
300
300
300
300
300
300
300
300
300
300
300
300
301.97
301.663
301.382
301.131
300.912
300.726
300.571
300.444
300.343
300.263
300.2
300.151
300.113
300.084
300.062
300.045
300.033
300.024
300.017
300.012
300.008
300.006
300.004
300.003
300.002
300.001
300.001
300
300
300
300
300
300
300
300
300
300
300
300
300
300
300
300
300
300
300
300
300
300
300
300
301.973
301.666
301.384
301.132
300.913
300.727
300.571
300.445
300.343
300.263
300.2
300.151
300.113
300.084
300.062
300.045
300.033
300.024
300.017
300.012
300.008
300.006
300.004
300.003
300.002
300.001
300.001
300
300
300
300
300
300
300
300
300
300
300
300
300
300
300
300
300
300
300
300
300
300
300
300
301.978
301.67
301.388
301.135
300.915
300.728
300.573
300.446
300.344
300.264
300.2
300.151
300.113
300.084
300.062
300.046
300.033
300.024
300.017
300.012
300.008
300.006
300.004
300.003
300.002
300.001
300.001
300
300
300
300
300
300
300
300
300
300
300
300
300
300
300
300
300
300
300
300
300
300
300
300
301.984
301.676
301.393
301.139
300.919
300.731
300.575
300.447
300.345
300.265
300.201
300.152
300.114
300.085
300.062
300.046
300.033
300.024
300.017
300.012
300.008
300.006
300.004
300.003
300.002
300.001
300.001
300
300
300
300
300
300
300
300
300
300
300
300
300
300
300
300
300
300
300
300
300
300
300
300
301.994
301.684
301.4
301.145
300.923
300.734
300.577
300.449
300.347
300.266
300.202
300.152
300.114
300.085
300.063
300.046
300.033
300.024
300.017
300.012
300.008
300.006
300.004
300.003
300.002
300.001
300.001
300
300
300
300
300
300
300
300
300
300
300
300
300
300
300
300
300
300
300
300
300
300
300
300
302.006
301.695
301.408
301.152
300.929
300.739
300.581
300.452
300.349
300.267
300.203
300.153
300.115
300.085
300.063
300.046
300.033
300.024
300.017
300.012
300.008
300.006
300.004
300.003
300.002
300.001
300.001
300
300
300
300
300
300
300
300
300
300
300
300
300
300
300
300
300
300
300
300
300
300
300
300
302.023
301.709
301.42
301.161
300.936
300.745
300.585
300.455
300.351
300.269
300.204
300.154
300.115
300.086
300.063
300.046
300.034
300.024
300.017
300.012
300.009
300.006
300.004
300.003
300.002
300.001
300.001
300
300
300
300
300
300
300
300
300
300
300
300
300
300
300
300
300
300
300
300
300
300
300
300
302.043
301.727
301.435
301.173
300.946
300.752
300.591
300.459
300.354
300.271
300.206
300.155
300.116
300.086
300.064
300.047
300.034
300.024
300.017
300.012
300.009
300.006
300.004
300.003
300.002
300.001
300.001
300
300
300
300
300
300
300
300
300
300
300
300
300
300
300
300
300
300
300
300
300
300
300
300
302.069
301.749
301.453
301.188
300.957
300.761
300.597
300.464
300.358
300.274
300.208
300.157
300.117
300.087
300.064
300.047
300.034
300.025
300.018
300.012
300.009
300.006
300.004
300.003
300.002
300.001
300.001
300
300
300
300
300
300
300
300
300
300
300
300
300
300
300
300
300
300
300
300
300
300
300
300
302.101
301.776
301.475
301.206
300.971
300.771
300.605
300.47
300.362
300.277
300.21
300.159
300.119
300.088
300.065
300.047
300.034
300.025
300.018
300.012
300.009
300.006
300.004
300.003
300.002
300.001
300.001
300
300
300
300
300
300
300
300
300
300
300
300
300
300
300
300
300
300
300
300
300
300
300
300
302.14
301.809
301.502
301.228
300.988
300.785
300.615
300.477
300.368
300.281
300.213
300.161
300.12
300.089
300.066
300.048
300.035
300.025
300.018
300.013
300.009
300.006
300.004
300.003
300.002
300.001
300.001
300
300
300
300
300
300
300
300
300
300
300
300
300
300
300
300
300
300
300
300
300
300
300
300
302.187
301.849
301.535
301.254
301.009
300.8
300.627
300.486
300.374
300.286
300.217
300.163
300.122
300.09
300.066
300.049
300.035
300.025
300.018
300.013
300.009
300.006
300.004
300.003
300.002
300.001
300.001
300
300
300
300
300
300
300
300
300
300
300
300
300
300
300
300
300
300
300
300
300
300
300
300
302.244
301.897
301.575
301.286
301.034
300.819
300.641
300.496
300.382
300.291
300.221
300.166
300.124
300.092
300.067
300.049
300.036
300.026
300.018
300.013
300.009
300.006
300.004
300.003
300.002
300.001
300.001
300
300
300
300
300
300
300
300
300
300
300
300
300
300
300
300
300
300
300
300
300
300
300
300
302.312
301.954
301.622
301.323
301.063
300.842
300.658
300.509
300.391
300.298
300.226
300.169
300.126
300.093
300.069
300.05
300.036
300.026
300.019
300.013
300.009
300.006
300.004
300.003
300.002
300.001
300.001
300
300
300
300
300
300
300
300
300
300
300
300
300
300
300
300
300
300
300
300
300
300
300
300
302.394
302.023
301.678
301.368
301.098
300.868
300.678
300.523
300.402
300.306
300.231
300.173
300.129
300.095
300.07
300.051
300.037
300.026
300.019
300.013
300.009
300.006
300.004
300.003
300.002
300.001
300.001
300
300
300
300
300
300
300
300
300
300
300
300
300
300
300
300
300
300
300
300
300
300
300
300
302.491
302.104
301.745
301.422
301.14
300.9
300.701
300.541
300.414
300.315
300.238
300.178
300.132
300.098
300.071
300.052
300.038
300.027
300.019
300.013
300.009
300.006
300.004
300.003
300.002
300.001
300.001
300
300
300
300
300
300
300
300
300
300
300
300
300
300
300
300
300
300
300
300
300
300
300
300
302.605
302.201
301.824
301.485
301.189
300.937
300.729
300.561
300.429
300.326
300.245
300.183
300.136
300.1
300.073
300.053
300.038
300.027
300.02
300.014
300.01
300.007
300.004
300.003
300.002
300.001
300.001
300
300
300
300
300
300
300
300
300
300
300
300
300
300
300
300
300
300
300
300
300
300
300
300
302.74
302.315
301.917
301.559
301.247
300.981
300.762
300.586
300.447
300.338
300.254
300.189
300.14
300.103
300.075
300.055
300.039
300.028
300.02
300.014
300.01
300.007
300.005
300.003
300.002
300.001
300.001
300
300
300
300
300
300
300
300
300
300
300
300
300
300
300
300
300
300
300
300
300
300
300
300
302.9
302.449
302.027
301.647
301.315
301.033
300.8
300.614
300.468
300.353
300.265
300.197
300.145
300.106
300.077
300.056
300.04
300.029
300.02
300.014
300.01
300.007
300.005
300.003
300.002
300.001
300.001
300
300
300
300
300
300
300
300
300
300
300
300
300
300
300
300
300
300
300
300
300
300
300
300
303.087
302.607
302.157
301.75
301.395
301.094
300.846
300.648
300.492
300.37
300.277
300.205
300.151
300.11
300.08
300.058
300.041
300.03
300.021
300.015
300.01
300.007
300.005
300.003
300.002
300.001
300.001
300
300
300
300
300
300
300
300
300
300
300
300
300
300
300
300
300
300
300
300
300
300
300
300
303.307
302.792
302.309
301.872
301.49
301.166
300.899
300.687
300.52
300.391
300.291
300.215
300.157
300.115
300.083
300.06
300.043
300.03
300.021
300.015
300.01
300.007
300.005
300.003
300.002
300.001
300.001
300
300
300
300
300
300
300
300
300
300
300
300
300
300
300
300
300
300
300
300
300
300
300
300
303.564
303.009
302.487
302.014
301.601
301.25
300.962
300.734
300.554
300.414
300.307
300.226
300.165
300.12
300.086
300.062
300.044
300.031
300.022
300.015
300.011
300.007
300.005
300.003
300.002
300.001
300.001
300
300
300
300
300
300
300
300
300
300
300
300
300
300
300
300
300
300
300
300
300
300
300
300
303.864
303.264
302.696
302.181
301.731
301.349
301.037
300.788
300.593
300.442
300.326
300.239
300.174
300.126
300.09
300.065
300.046
300.032
300.023
300.016
300.011
300.008
300.005
300.003
300.002
300.001
300.001
300
300
300
300
300
300
300
300
300
300
300
300
300
300
300
300
300
300
300
300
300
300
300
300
304.215
303.56
302.94
302.378
301.884
301.466
301.124
300.853
300.639
300.474
300.349
300.254
300.184
300.132
300.095
300.067
300.048
300.034
300.024
300.016
300.011
300.008
300.005
300.003
300.002
300.001
300.001
300
300
300
300
300
300
300
300
300
300
300
300
300
300
300
300
300
300
300
300
300
300
300
300
304.622
303.906
303.226
302.607
302.064
301.603
301.228
300.928
300.694
300.512
300.375
300.272
300.196
300.14
300.1
300.071
300.05
300.035
300.024
300.017
300.012
300.008
300.005
300.004
300.002
300.001
300.001
300
300
300
300
300
300
300
300
300
300
300
300
300
300
300
300
300
300
300
300
300
300
300
300
305.093
304.307
303.559
302.876
302.275
301.765
301.35
301.018
300.757
300.557
300.406
300.293
300.21
300.149
300.106
300.075
300.052
300.037
300.025
300.018
300.012
300.008
300.006
300.004
300.002
300.001
300.001
300
300
300
300
300
300
300
300
300
300
300
300
300
300
300
300
300
300
300
300
300
300
300
300
305.637
304.772
303.946
303.189
302.522
301.957
301.494
301.123
300.832
300.609
300.441
300.317
300.226
300.16
300.112
300.079
300.055
300.038
300.026
300.018
300.012
300.008
300.006
300.004
300.002
300.001
300.001
300
300
300
300
300
300
300
300
300
300
300
300
300
300
300
300
300
300
300
300
300
300
300
300
306.261
305.308
304.395
303.555
302.812
302.182
301.663
301.246
300.92
300.67
300.483
300.344
300.244
300.171
300.12
300.084
300.058
300.04
300.028
300.019
300.013
300.009
300.006
300.004
300.002
300.002
300.001
300
300
300
300
300
300
300
300
300
300
300
300
300
300
300
300
300
300
300
300
300
300
300
300
306.973
305.924
304.914
303.98
303.153
302.447
301.862
301.392
301.023
300.742
300.531
300.377
300.265
300.185
300.129
300.089
300.062
300.042
300.029
300.02
300.013
300.009
300.006
300.004
300.003
300.002
300.001
300
300
300
300
300
300
300
300
300
300
300
300
300
300
300
300
300
300
300
300
300
300
300
300
307.776
306.625
305.511
304.477
303.553
302.757
302.095
301.562
301.144
300.825
300.588
300.414
300.289
300.201
300.139
300.095
300.065
300.045
300.031
300.021
300.014
300.009
300.006
300.004
300.003
300.002
300.001
300
300
300
300
300
300
300
300
300
300
300
300
300
300
300
300
300
300
300
300
300
300
300
300
308.671
307.421
306.199
305.051
304.017
303.119
302.368
301.76
301.284
300.922
300.653
300.457
300.317
300.218
300.15
300.102
300.07
300.047
300.032
300.022
300.015
300.01
300.006
300.004
300.003
300.002
300.001
300
300
300
300
300
300
300
300
300
300
300
300
300
300
300
300
300
300
300
300
300
300
300
300
309.659
308.314
306.979
305.709
304.551
303.538
302.684
301.991
301.447
301.034
300.727
300.506
300.348
300.238
300.162
300.11
300.074
300.05
300.034
300.023
300.015
300.01
300.007
300.004
300.003
300.002
300.001
300
300
300
300
300
300
300
300
300
300
300
300
300
300
300
300
300
300
300
300
300
300
300
300
310.734
309.3
307.851
306.452
305.16
304.017
303.047
302.256
301.634
301.161
300.812
300.561
300.383
300.26
300.176
300.118
300.08
300.053
300.036
300.024
300.016
300.011
300.007
300.005
300.003
300.002
300.001
300.001
300
300
300
300
300
300
300
300
300
300
300
300
300
300
300
300
300
300
300
300
300
300
300
311.875
310.363
308.805
307.275
305.841
304.557
303.457
302.556
301.845
301.305
300.907
300.622
300.422
300.284
300.191
300.127
300.085
300.057
300.038
300.025
300.017
300.011
300.007
300.005
300.003
300.002
300.001
300.001
300
300
300
300
300
300
300
300
300
300
300
300
300
300
300
300
300
300
299.999
299.999
299.999
299.999
299.999
313.052
311.478
309.822
308.165
306.586
305.153
303.913
302.888
302.079
301.463
301.011
300.688
300.464
300.31
300.206
300.137
300.091
300.06
300.04
300.026
300.017
300.011
300.007
300.005
300.003
300.002
300.001
300.001
300
300
300
300
300
300
300
300
300
300
300
300
300
299.999
299.999
299.999
299.999
299.999
299.999
299.999
299.999
299.999
299.999
314.217
312.6
310.863
309.091
307.372
305.788
304.401
303.245
302.328
301.631
301.12
300.758
300.507
300.336
300.222
300.146
300.096
300.063
300.042
300.027
300.018
300.012
300.008
300.005
300.003
300.002
300.001
300.001
300
300
300
300
300
300
300
300
300
300
300
300
299.999
299.999
299.999
299.999
299.999
299.999
299.999
299.999
299.999
299.999
299.999
315.299
313.66
311.866
310
308.156
306.428
304.895
303.608
302.581
301.799
301.228
300.825
300.548
300.361
300.237
300.155
300.101
300.066
300.043
300.028
300.019
300.012
300.008
300.005
300.003
300.002
300.001
300.001
300
300
300
300
300
300
300
300
300
300
300
299.999
299.999
299.999
299.999
299.999
299.999
299.999
299.999
299.999
299.999
299.999
299.999
316.194
314.555
312.731
310.799
308.856
307.007
305.346
303.937
302.809
301.949
301.323
300.883
300.583
300.381
300.249
300.162
300.105
300.069
300.045
300.029
300.019
300.012
300.008
300.005
300.003
300.002
300.001
300.001
300
300
300
300
300
300
300
300
300
300
299.999
299.999
299.999
299.999
299.999
299.999
299.999
299.999
299.999
299.999
299.999
299.999
299.999
316.754
315.127
313.296
311.334
309.334
307.407
305.658
304.165
302.964
302.049
301.385
300.921
300.605
300.394
300.256
300.166
300.108
300.07
300.046
300.03
300.019
300.013
300.008
300.005
300.003
300.002
300.001
300.001
300
300
300
300
300
300
300
300
300
300
299.999
299.999
299.999
299.999
299.999
299.999
299.999
299.999
299.999
299.999
299.999
299.999
299.999
)
;

boundaryField
{
    inlet
    {
        type            fixedValue;
        value           uniform 300;
    }
    outlet
    {
        type            zeroGradient;
    }
    top
    {
        type            zeroGradient;
    }
    slip-bottom
    {
        type            zeroGradient;
    }
    bottom
    {
        type            zeroGradient;
    }
    interface
    {
        type            fixedGradient;
        gradient        nonuniform List<scalar> 
161
(
2999.99
2999.99
2999.99
2999.99
2999.99
2999.99
2999.99
2999.99
2999.99
2999.99
2999.99
2999.99
2999.99
2999.99
2999.99
2999.99
2999.99
2999.99
2999.99
2999.99
2.13163e-12
2.13163e-12
2.13163e-12
2.13163e-12
2.13163e-12
2.13163e-12
2.13163e-12
2.13163e-12
2.13163e-12
2.13163e-12
2.13163e-12
2.13163e-12
2.13163e-12
2.13163e-12
2.13163e-12
2.13163e-12
2.13163e-12
2.13163e-12
2.13163e-12
2.13163e-12
-1.33582e-12
-1.33582e-12
-1.33582e-12
-1.33582e-12
-1.33582e-12
-1.33582e-12
-1.33582e-12
-1.33582e-12
-1.33582e-12
-1.33582e-12
-1.33582e-12
-1.33582e-12
-1.33582e-12
-1.33582e-12
-1.33582e-12
-1.33582e-12
-5.96856e-13
-5.96856e-13
-5.96856e-13
-5.96856e-13
-5.96856e-13
-5.96856e-13
-5.96856e-13
-5.96856e-13
-5.96856e-13
-5.96856e-13
-5.96856e-13
-5.96856e-13
-5.96856e-13
-5.96856e-13
-5.96856e-13
5.68434e-14
5.68434e-14
5.68434e-14
5.68434e-14
5.68434e-14
5.68434e-14
5.68434e-14
5.68434e-14
5.68434e-14
5.68434e-14
5.68434e-14
5.68434e-14
8.52651e-14
8.52651e-14
8.52651e-14
8.52651e-14
8.52651e-14
8.52651e-14
8.52651e-14
8.52651e-14
8.52651e-14
8.52651e-14
8.52651e-14
-2.84217e-13
-2.84217e-13
-2.84217e-13
-2.84217e-13
-2.84217e-13
-2.84217e-13
-2.84217e-13
-2.84217e-13
-2.84217e-13
-2.84217e-13
2.16005e-12
2.16005e-12
2.16005e-12
2.16005e-12
2.16005e-12
2.16005e-12
2.16005e-12
2.16005e-12
2.16005e-12
2.84217e-14
2.84217e-14
2.84217e-14
2.84217e-14
2.84217e-14
2.84217e-14
2.84217e-14
2.84217e-14
-5.96856e-13
-5.96856e-13
-5.96856e-13
-5.96856e-13
-5.96856e-13
-5.96856e-13
-5.96856e-13
-5.96856e-13
6.25278e-13
6.25278e-13
6.25278e-13
6.25278e-13
6.25278e-13
6.25278e-13
6.25278e-13
5.68434e-14
5.68434e-14
5.68434e-14
5.68434e-14
5.68434e-14
5.68434e-14
5.68434e-14
1.7053e-12
1.7053e-12
1.7053e-12
1.7053e-12
1.7053e-12
1.7053e-12
9.37916e-13
9.37916e-13
9.37916e-13
9.37916e-13
9.37916e-13
9.37916e-13
2.81375e-12
2.81375e-12
2.81375e-12
2.81375e-12
2.81375e-12
2.81375e-12
)
;
    }
    defaultFaces
    {
        type            empty;
    }
}


// ************************************************************************* //
