/*--------------------------------*- C++ -*----------------------------------*\
  =========                 |
  \\      /  F ield         | OpenFOAM: The Open Source CFD Toolbox
   \\    /   O peration     | Website:  https://openfoam.org
    \\  /    A nd           | Version:  7
     \\/     M anipulation  |
\*---------------------------------------------------------------------------*/
FoamFile
{
    version     2.0;
    format      ascii;
    class       surfaceScalarField;
    location    "3.2";
    object      phi;
}
// * * * * * * * * * * * * * * * * * * * * * * * * * * * * * * * * * * * * * //

dimensions      [0 3 -1 0 0 0 0];

internalField   nonuniform List<scalar> 
5457
(
0.198418
0.00158238
0.19648
0.00193737
0.194192
0.00228808
0.191509
0.00268357
0.188427
0.00308119
0.184951
0.00347675
0.181072
0.00387854
0.176778
0.00429397
0.17205
0.00472816
0.166865
0.00518513
0.161196
0.00566839
0.155016
0.00618088
0.148291
0.00672478
0.14099
0.00730111
0.13308
0.00790924
0.124534
0.00854615
0.115329
0.00920556
0.105452
0.00987684
0.0949082
0.0105437
0.083725
0.0111832
0.0719606
0.0117643
0.0597126
0.0122481
0.047124
0.0125886
0.0343838
0.0127402
0.0216887
0.0126951
0.00903846
0.0126502
-0.00291544
0.0119539
-0.00847167
0.00555623
-0.00804273
-0.000428939
-0.00804273
0.199928
0.00165422
0.199176
0.00268981
0.197965
0.00349902
0.196332
0.00431675
0.194272
0.00514123
0.191781
0.00596681
0.188855
0.00680551
0.185478
0.0076708
0.181633
0.00857302
0.177298
0.00952046
0.172445
0.0105204
0.167047
0.0115791
0.161071
0.0127014
0.154482
0.0138898
0.147247
0.0151441
0.139334
0.016459
0.130717
0.0178232
0.121377
0.0192166
0.111312
0.0206082
0.100543
0.0219527
0.0891187
0.0231885
0.0771313
0.0242355
0.0647255
0.0249944
0.052118
0.0253476
0.0396576
0.0251555
0.0281072
0.0242006
0.0185964
0.0214647
0.00879829
0.0153543
0.00118401
0.00718533
-0.00685872
0.199781
0.00187366
0.199087
0.00338365
0.197946
0.00463995
0.196409
0.00585337
0.194483
0.00706737
0.192164
0.00828585
0.189447
0.00952293
0.186321
0.0107963
0.182773
0.0121209
0.178784
0.0135093
0.174332
0.0149724
0.169391
0.01652
0.163933
0.0181598
0.157926
0.0198968
0.151338
0.0217321
0.144137
0.0236604
0.136291
0.0256683
0.127778
0.0277302
0.118581
0.0298048
0.108704
0.0318303
0.0981722
0.0337201
0.0870501
0.0353576
0.0754535
0.036591
0.0635764
0.0372248
0.0517344
0.0369975
0.0403989
0.0355361
0.0297403
0.0321233
0.019167
0.0259276
0.00959813
0.0167542
0.00273942
0.199703
0.0021706
0.199008
0.00407897
0.197887
0.00576049
0.196376
0.0073643
0.194488
0.00895549
0.192222
0.0105519
0.189574
0.0121706
0.186539
0.0138322
0.183104
0.0155553
0.179258
0.0173557
0.174983
0.0192474
0.17026
0.0212425
0.165069
0.0233513
0.159385
0.0255808
0.153183
0.0279336
0.146438
0.0304054
0.139124
0.0329824
0.131217
0.0356372
0.122698
0.0383236
0.113558
0.0409709
0.103801
0.0434767
0.0934588
0.0456999
0.0825977
0.0474521
0.071335
0.0484875
0.059843
0.0484896
0.0483187
0.0470604
0.0368124
0.0436295
0.0251889
0.0375512
0.0133361
0.028607
0.0160755
0.199667
0.00250319
0.198964
0.00478224
0.197863
0.00686182
0.196381
0.00884599
0.194532
0.0108043
0.192318
0.0127665
0.189734
0.0147544
0.186775
0.0167908
0.183434
0.018897
0.179698
0.0210914
0.175555
0.0233902
0.17099
0.0258075
0.165986
0.028355
0.160526
0.0310409
0.154591
0.0338689
0.148161
0.0368356
0.141215
0.0399279
0.133734
0.0431184
0.125697
0.0463601
0.117088
0.0495799
0.107895
0.0526699
0.0981166
0.0554787
0.0877668
0.0578018
0.0768809
0.0593734
0.0655108
0.0598596
0.0537099
0.0588613
0.0414556
0.0558839
0.0285889
0.0504179
0.0148529
0.0423429
0.0309284
0.199653
0.0028504
0.198949
0.00548632
0.197871
0.00793978
0.196427
0.0102902
0.194627
0.0126043
0.192473
0.01492
0.189963
0.0172641
0.187093
0.0196617
0.183853
0.0221363
0.180236
0.0247086
0.176229
0.0273967
0.171821
0.0302161
0.166996
0.0331796
0.16174
0.0362967
0.156038
0.0395716
0.149871
0.043002
0.143224
0.0465759
0.136074
0.0502674
0.128403
0.054032
0.120183
0.0577992
0.111389
0.0614639
0.101991
0.0648771
0.0919569
0.0678358
0.0812562
0.0700741
0.0698564
0.0712594
0.0577189
0.0709988
0.0447624
0.0688404
0.0308504
0.0643299
0.0158738
0.0573195
0.0468022
0.19965
0.00320035
0.198954
0.00618232
0.197904
0.00898944
0.196505
0.0116899
0.194762
0.0143466
0.19268
0.0170021
0.190257
0.0196877
0.187487
0.0224313
0.184365
0.0252583
0.180882
0.0281915
0.177028
0.0312506
0.172792
0.0344526
0.16816
0.0378117
0.163118
0.0413381
0.157652
0.0450376
0.151745
0.0489093
0.145377
0.0529431
0.138528
0.0571166
0.13117
0.0613899
0.12327
0.0656996
0.114784
0.0699502
0.105656
0.0740046
0.0958188
0.0776733
0.0851885
0.0807044
0.0736707
0.0827773
0.0611638
0.0835057
0.0475573
0.082447
0.0327602
0.079127
0.0167837
0.073296
0.0635859
0.199655
0.00354571
0.198975
0.00686246
0.197959
0.0100052
0.19661
0.0130387
0.194934
0.0160227
0.192933
0.0190027
0.190607
0.0220139
0.187952
0.0250866
0.184962
0.0282484
0.18163
0.0315237
0.177946
0.034934
0.173901
0.038498
0.169481
0.0422311
0.164674
0.0461454
0.159463
0.0502483
0.153831
0.0545414
0.147756
0.0590181
0.141212
0.0636609
0.134164
0.0684378
0.126568
0.0732959
0.118363
0.0781548
0.109471
0.0828968
0.0997887
0.0873555
0.0891899
0.0913032
0.077528
0.0944392
0.0646503
0.0963834
0.0504201
0.0966772
0.0347702
0.0947769
0.0177909
0.0902752
0.0813769
0.199664
0.00388156
0.199006
0.00752029
0.19803
0.0109815
0.196739
0.0143302
0.195136
0.0176248
0.193227
0.0209126
0.191009
0.0242318
0.18848
0.0276153
0.185636
0.0310924
0.18247
0.0346894
0.178975
0.0384295
0.17514
0.0423329
0.170954
0.0464169
0.166404
0.0506957
0.161473
0.0551792
0.156142
0.0598725
0.150386
0.064774
0.144173
0.0698735
0.137462
0.0751488
0.130196
0.0805618
0.122299
0.0860519
0.113669
0.0915273
0.104171
0.0968534
0.0936369
0.101837
0.0818682
0.106208
0.0686531
0.109598
0.0538055
0.111525
0.0372394
0.111343
0.019085
0.10843
0.100462
0.199677
0.00420435
0.199047
0.00815057
0.198116
0.0119129
0.196887
0.0155585
0.195366
0.0191458
0.193556
0.0227233
0.191456
0.0263317
0.189065
0.0300061
0.186379
0.0337777
0.183394
0.0376743
0.180103
0.0417207
0.176497
0.0459391
0.172565
0.0503486
0.168295
0.0549658
0.163671
0.0598039
0.158671
0.0648726
0.153268
0.0701764
0.147428
0.075714
0.141101
0.081476
0.134221
0.0874419
0.126697
0.0935755
0.118407
0.0998174
0.109186
0.106074
0.098823
0.1122
0.0870568
0.117974
0.0735947
0.123061
0.0581533
0.126966
0.040556
0.12894
0.0209037
0.128082
0.121366
0.199693
0.00451145
0.199094
0.008749
0.198213
0.0127945
0.197053
0.0167183
0.19562
0.0205792
0.193916
0.0244272
0.191943
0.0283049
0.1897
0.0322491
0.187184
0.0362929
0.184393
0.0404654
0.181321
0.044793
0.17796
0.0492996
0.174302
0.0540066
0.170335
0.058933
0.166043
0.0640959
0.161406
0.0695098
0.156396
0.0751864
0.150975
0.0811346
0.145092
0.0873594
0.138673
0.0938604
0.131619
0.100629
0.123791
0.107646
0.114999
0.114867
0.104987
0.122212
0.0934243
0.129536
0.0799044
0.136581
0.0639747
0.142896
0.0452409
0.147674
0.0236154
0.149707
0.144981
0.199711
0.00480078
0.199148
0.00931206
0.19832
0.0136222
0.197234
0.0178047
0.195893
0.0219195
0.194303
0.0260177
0.192464
0.0301435
0.190378
0.0343355
0.188043
0.0386277
0.185457
0.0430511
0.182617
0.0476332
0.179517
0.0523995
0.176151
0.0573733
0.172507
0.0625766
0.168573
0.0680299
0.16433
0.0737528
0.159752
0.0797647
0.154802
0.0860847
0.149428
0.0927327
0.143559
0.0997295
0.137091
0.107097
0.12988
0.114857
0.121719
0.123028
0.112319
0.131611
0.10128
0.140576
0.0880539
0.149806
0.0719328
0.159017
0.0520957
0.167511
0.0278919
0.173911
0.172873
0.19973
0.00507074
0.199205
0.00983689
0.198435
0.0143923
0.197426
0.0188134
0.196184
0.0231617
0.194713
0.0274891
0.193015
0.0318411
0.191093
0.0362575
0.188947
0.0407738
0.186577
0.0454216
0.18398
0.05023
0.181154
0.0552255
0.178094
0.0604334
0.174792
0.0658779
0.171239
0.071583
0.167419
0.0775729
0.16331
0.0838738
0.15888
0.0905145
0.154084
0.0975289
0.148856
0.104958
0.1431
0.112853
0.136681
0.121277
0.129395
0.130313
0.120947
0.14006
0.110891
0.150632
0.0985545
0.162143
0.0829153
0.174656
0.0624507
0.187976
0.0351361
0.201226
0.208009
0.199751
0.00532007
0.199266
0.0103212
0.198557
0.0151018
0.197629
0.0197411
0.196489
0.0243017
0.195142
0.0288366
0.193591
0.0333921
0.191839
0.0380092
0.189889
0.042724
0.187741
0.0475691
0.185397
0.0525742
0.182855
0.0577671
0.180115
0.0631742
0.177171
0.0688216
0.174018
0.0747358
0.170646
0.0809451
0.167039
0.0874809
0.163173
0.0943799
0.159015
0.101687
0.154513
0.10946
0.149593
0.117773
0.144142
0.126728
0.137995
0.136461
0.130891
0.147164
0.122416
0.159107
0.111875
0.172684
0.0980376
0.188493
0.0785617
0.207452
0.0486863
0.231101
0.256695
0.199772
0.0055478
0.19933
0.0107632
0.198684
0.0157484
0.19784
0.0205848
0.196805
0.0253362
0.195586
0.0300564
0.194185
0.0347924
0.192609
0.0395858
0.19086
0.0444731
0.188941
0.0494875
0.186857
0.0546591
0.184607
0.0600162
0.182196
0.0655861
0.179621
0.0713959
0.176883
0.0774738
0.173978
0.0838503
0.170898
0.0905605
0.167632
0.0976459
0.164161
0.105159
0.160455
0.113166
0.156471
0.121757
0.152144
0.131055
0.147372
0.141232
0.141999
0.152537
0.135761
0.165345
0.128187
0.180257
0.118339
0.198341
0.103964
0.221827
0.0777408
0.257324
0.334436
0.00463778
-0.00463778
0.00897693
-0.00433915
0.0126354
-0.00365845
0.0156598
-0.00302445
0.0181641
-0.00250423
0.0202529
-0.00208879
0.0220149
-0.00176203
0.0235242
-0.00150927
0.0248394
-0.00131528
0.0260038
-0.00116441
0.0270457
-0.00104188
0.027981
-0.000935309
0.0288178
-0.000836747
0.0295613
-0.000743564
0.0302158
-0.00065447
0.0307759
-0.000560127
0.0312138
-0.000437822
0.0314816
-0.000267802
0.0315513
-6.97467e-05
0.0314332
0.000118158
0.0312054
0.000227727
0.0309306
0.000274831
0.0306391
0.000291522
0.0303801
0.00025893
0.0302198
0.000160365
0.0302175
2.25705e-06
0.0304401
-0.000222557
0.0308802
-0.000440084
0.0314899
-0.000609697
-0.000634246
0.00403537
-0.00867315
0.00794081
-0.00824459
0.0113016
-0.0070192
0.0141405
-0.00586341
0.0165565
-0.00492024
0.0186387
-0.00417095
0.0204601
-0.0035834
0.02208
-0.0031292
0.0235452
-0.00278054
0.0248906
-0.00250973
0.0261391
-0.00229038
0.0273034
-0.0020996
0.028389
-0.0019224
0.0294008
-0.00175531
0.0303479
-0.00160159
0.0312406
-0.00145287
0.0320734
-0.00127062
0.032813
-0.00100735
0.0334086
-0.000665367
0.0338596
-0.000332833
0.0342187
-0.000131402
0.0345307
-3.71925e-05
0.0348083
1.3947e-05
0.0350787
-1.14832e-05
0.03536
-0.00012089
0.0356659
-0.000303705
0.035974
-0.00053063
0.0363054
-0.000771484
0.0366946
-0.000998932
-0.00102042
0.00321808
-0.0118912
0.00626123
-0.0112877
0.00884126
-0.00959923
0.0110138
-0.00803596
0.0128622
-0.00676863
0.014454
-0.00576278
0.0158451
-0.00497443
0.0170798
-0.00436393
0.0181932
-0.00389396
0.0192118
-0.00352838
0.0201534
-0.00323197
0.0210263
-0.00297249
0.021831
-0.0027271
0.0225668
-0.00249106
0.0232423
-0.0022771
0.0238787
-0.00208924
0.0244863
-0.00187823
0.0250398
-0.00156087
0.0254847
-0.00111029
0.0258099
-0.000658051
0.0260814
-0.000402913
0.0262983
-0.000254082
0.0264202
-0.000107963
0.0264211
-1.2351e-05
0.0263348
-3.46352e-05
0.0261692
-0.000138106
0.0258958
-0.000257171
0.0255429
-0.000418631
0.0251714
-0.00062744
-0.000951164
0.00234718
-0.0142384
0.00438199
-0.0133225
0.0060151
-0.0112323
0.00736413
-0.009385
0.00848931
-0.00789381
0.00943357
-0.00670704
0.0102334
-0.0057743
0.0109176
-0.00504811
0.0115091
-0.00448546
0.0120266
-0.00404583
0.0124838
-0.00368922
0.0128882
-0.00337684
0.0132371
-0.00307601
0.0135191
-0.00277306
0.0137286
-0.00248661
0.0138901
-0.00225072
0.0140454
-0.0020335
0.0142122
-0.00172774
0.0142759
-0.00117391
0.0139639
-0.000346088
0.0131914
0.000369529
0.0122124
0.000724962
0.0112502
0.000854247
0.0103839
0.000853964
0.0096494
0.000699843
0.00912551
0.000385781
0.00880219
6.61491e-05
0.00868203
-0.000298473
0.00877345
-0.00071886
-0.00122488
0.00135829
-0.0155967
0.00227184
-0.0142361
0.00286743
-0.0118279
0.00328869
-0.00980626
0.00357082
-0.00817595
0.00373692
-0.00687313
0.00380657
-0.00584394
0.00379596
-0.0050375
0.0037188
-0.0044083
0.00358716
-0.00391419
0.00341253
-0.00351459
0.00320537
-0.00316968
0.00297074
-0.00284137
0.00269902
-0.00250135
0.00235243
-0.00214003
0.0018612
-0.00175948
0.00119923
-0.00137153
0.000398502
-0.000927015
-0.000412177
-0.000363233
-0.000996659
0.000238394
-0.00135955
0.000732424
-0.00168368
0.00104909
-0.00201003
0.00118059
-0.00230186
0.00114579
-0.00252209
0.000920078
-0.00266245
0.000526145
-0.00266585
6.95461e-05
-0.00260836
-0.000355963
-0.00250145
-0.000825771
-0.0013079
0.000202832
-0.0157995
-5.99623e-05
-0.0139733
-0.000557873
-0.01133
-0.00112855
-0.00923558
-0.00178383
-0.00752067
-0.00249598
-0.00616099
-0.00325096
-0.00508896
-0.00403693
-0.00425153
-0.00484565
-0.00359958
-0.00567
-0.00308984
-0.00650009
-0.0026845
-0.0073213
-0.00234848
-0.00811395
-0.00204871
-0.00885796
-0.00175734
-0.00954084
-0.00145714
-0.0101581
-0.00114219
-0.0107213
-0.000808359
-0.011213
-0.000435361
-0.011564
-1.22268e-05
-0.0117635
0.000437889
-0.0118717
0.000840679
-0.0119384
0.00111575
-0.0119864
0.00122864
-0.0120154
0.00117478
-0.0120402
0.00094491
-0.0120823
0.000568179
-0.0121374
0.000124678
-0.0121598
-0.000333553
-0.012163
-0.000822613
-0.00130442
-0.00100707
-0.0147925
-0.00252011
-0.0124603
-0.00411809
-0.00973204
-0.00575234
-0.00760132
-0.00735469
-0.00591833
-0.00889959
-0.00461608
-0.0103665
-0.00362202
-0.0117388
-0.00287929
-0.0130047
-0.00233369
-0.0141593
-0.00193524
-0.0152031
-0.00164062
-0.0161393
-0.00141231
-0.0169704
-0.00121759
-0.0176982
-0.00102961
-0.018325
-0.000830297
-0.0188564
-0.000610811
-0.0193007
-0.000364088
-0.0196614
-7.4602e-05
-0.0199044
0.000230712
-0.0200259
0.000559438
-0.0200577
0.000872439
-0.020038
0.00109603
-0.0199983
0.00118897
-0.0199566
0.00113313
-0.019934
0.000922282
-0.0199498
0.000583978
-0.0199995
0.000174377
-0.0200658
-0.00026728
-0.0201352
-0.000753233
-0.00120139
-0.00231623
-0.0124762
-0.00502366
-0.00975284
-0.00772965
-0.00702605
-0.0103031
-0.00502783
-0.0126624
-0.00355908
-0.0147776
-0.00250091
-0.0166472
-0.00175235
-0.0182838
-0.00124274
-0.0197082
-0.000909228
-0.0209449
-0.000698625
-0.0220174
-0.000568114
-0.022946
-0.000483707
-0.0237464
-0.000417137
-0.0244313
-0.000344704
-0.0250123
-0.00024927
-0.0255007
-0.000122445
-0.0259004
3.56214e-05
-0.0261978
0.000222769
-0.0264029
0.000435853
-0.0265174
0.000673863
-0.0265466
0.000901635
-0.0265205
0.00106995
-0.0264713
0.00113975
-0.0264238
0.00108571
-0.0264007
0.000899204
-0.0264186
0.000601784
-0.0264799
0.000235714
-0.0265728
-0.00017433
-0.0266978
-0.000628292
-0.0010113
-0.00371938
-0.00875685
-0.00761675
-0.00585547
-0.0113366
-0.00330617
-0.0146881
-0.0016764
-0.0176092
-0.000637903
-0.0201039
-6.23482e-06
-0.0221765
0.000320269
-0.0238823
0.00046308
-0.0252925
0.000500905
-0.0264713
0.000480192
-0.0274694
0.000430031
-0.028323
0.000369801
-0.0290555
0.000315459
-0.029683
0.000282719
-0.0302165
0.000284253
-0.0306639
0.000324981
-0.031031
0.000402697
-0.0313206
0.000512337
-0.0315325
0.000647751
-0.0316601
0.000801503
-0.0317112
0.000952742
-0.0317103
0.00106909
-0.0316868
0.00111619
-0.0316663
0.00106522
-0.0316703
0.000903194
-0.031713
0.000644488
-0.031799
0.000321756
-0.031927
-4.63741e-05
-0.0321025
-0.000452782
-0.00077973
-0.00536831
-0.00338854
-0.010783
-0.000440789
-0.0153098
0.00122069
-0.0190151
0.00202887
-0.0219975
0.00234446
-0.0243903
0.0023866
-0.0263453
0.00227531
-0.0279725
0.00209025
-0.0293364
0.00186482
-0.0304878
0.0016316
-0.0314686
0.00141078
-0.032309
0.00121026
-0.0330293
0.00103577
-0.0336451
0.000898517
-0.0341718
0.000810919
-0.0346231
0.000776243
-0.0350058
0.000785406
-0.0353175
0.000824068
-0.035552
0.000882237
-0.0357063
0.000955838
-0.0357908
0.00103717
-0.0358287
0.00110703
-0.0358478
0.0011353
-0.0358724
0.0010898
-0.0359208
0.000951648
-0.0360043
0.00072796
-0.0361272
0.000444617
-0.0362924
0.000118818
-0.0365087
-0.000236483
-0.000514345
-0.00701736
0.00362881
-0.013069
0.00561087
-0.0178183
0.00597
-0.0216406
0.00585113
-0.0247345
0.0054384
-0.0272395
0.00489159
-0.0292797
0.00431553
-0.0309491
0.00375964
-0.0323272
0.00324291
-0.0334794
0.00278373
-0.0344585
0.00238993
-0.0353
0.00205171
-0.0360229
0.00175872
-0.0366418
0.00151743
-0.0371746
0.00134364
-0.0376388
0.00124052
-0.038043
0.0011896
-0.0383827
0.0011637
-0.0386477
0.00114725
-0.0388348
0.00114292
-0.0389562
0.00115863
-0.0390373
0.00118814
-0.039106
0.00120397
-0.0391844
0.00116818
-0.0392862
0.00105345
-0.0394177
0.000859528
-0.039582
0.000608831
-0.0397853
0.000322153
-0.040041
1.92467e-05
-0.000213129
-0.00791798
0.0115468
-0.0146218
0.0123146
-0.0199442
0.0112925
-0.0240566
0.00996349
-0.0272471
0.0086289
-0.0297476
0.0073921
-0.0317401
0.00630806
-0.0333543
0.00537386
-0.0346761
0.00456464
-0.0357756
0.00388324
-0.0367158
0.00333016
-0.0375354
0.00287131
-0.0382464
0.00246968
-0.0388561
0.00212713
-0.0393845
0.00187209
-0.0398568
0.00171276
-0.0402841
0.00161696
-0.0406574
0.00153694
-0.0409584
0.00144827
-0.04118
0.0013645
-0.041337
0.00131566
-0.04146
0.00131116
-0.0415796
0.00132355
-0.0417157
0.00130424
-0.0418761
0.00121387
-0.0420614
0.0010448
-0.0422728
0.000820294
-0.0425203
0.00056964
-0.0428165
0.000315452
0.000125466
-0.00932263
0.0208694
-0.0170674
0.0200594
-0.0226789
0.016904
-0.0267256
0.0140102
-0.029749
0.0116523
-0.0320443
0.00968736
-0.0338392
0.00810294
-0.0352966
0.00683129
-0.0364903
0.00575836
-0.0374802
0.00487315
-0.0383428
0.00419271
-0.0391222
0.00365073
-0.0398124
0.00315992
-0.0404024
0.00271709
-0.0409145
0.00238415
-0.0413885
0.00218678
-0.0418421
0.00207063
-0.0422572
0.00195204
-0.0426004
0.00179142
-0.0428559
0.00162003
-0.0430432
0.00150294
-0.0432035
0.00147151
-0.0433737
0.00149375
-0.0435713
0.0015018
-0.0437962
0.00143875
-0.0440405
0.00128911
-0.0443017
0.00108155
-0.044593
0.000860879
-0.0449342
0.000656647
0.000514658
-0.0118969
0.0327664
-0.0210029
0.0291653
-0.0264373
0.0223385
-0.0298277
0.0174006
-0.0323463
0.0141709
-0.0342021
0.0115431
-0.0356204
0.00952125
-0.0368229
0.0080338
-0.0378334
0.00676886
-0.0386586
0.00569835
-0.0394042
0.00493836
-0.0401361
0.00438258
-0.04081
0.00383382
-0.0413731
0.00328014
-0.0418518
0.00286292
-0.0423184
0.00265334
-0.0428044
0.00255669
-0.0432752
0.00242276
-0.0436695
0.00218577
-0.0439562
0.00190673
-0.044163
0.0017097
-0.0443515
0.00166004
-0.04457
0.00171222
-0.044832
0.00176379
-0.0451255
0.00173232
-0.0454303
0.00159391
-0.0457366
0.00138785
-0.0460601
0.00118432
-0.0464309
0.00102743
0.000941605
-0.0165166
0.049283
-0.0273519
0.0400006
-0.031841
0.0268275
-0.0333797
0.0189394
-0.0350298
0.015821
-0.0362101
0.0127234
-0.0370295
0.0103406
-0.0379146
0.00891895
-0.0387551
0.00760932
-0.039362
0.00630528
-0.0399337
0.00551009
-0.0406228
0.00507164
-0.0413063
0.00451737
-0.0418403
0.00381412
-0.0422567
0.00327928
-0.0426986
0.00309528
-0.0432283
0.00308635
-0.0437777
0.00297223
-0.0442369
0.00264498
-0.0445471
0.00221691
-0.0447516
0.00191413
-0.0449497
0.00185822
-0.0452094
0.00197188
-0.0455361
0.00209048
-0.0458998
0.00209601
-0.0462634
0.00195752
-0.0466071
0.00173159
-0.0469505
0.0015277
-0.0473397
0.0014166
0.00139264
0.207447
0.0057606
0.207034
0.0111758
0.206432
0.0163511
0.205647
0.0213694
0.204687
0.0262957
0.20356
0.0311841
0.20227
0.0360822
0.200824
0.0410318
0.199227
0.0460697
0.197486
0.0512292
0.195604
0.0565403
0.193589
0.0620315
0.191445
0.06773
0.189178
0.0736633
0.186792
0.0798598
0.184291
0.0863508
0.181679
0.0931723
0.178958
0.100367
0.176127
0.107989
0.173186
0.116107
0.170129
0.124813
0.166953
0.134231
0.163653
0.144532
0.160231
0.155959
0.156711
0.168866
0.153188
0.18378
0.15003
0.201499
0.148924
0.222933
0.160692
0.245556
0.25864
0.236488
0.21249
0.00595307
0.212117
0.0115488
0.211574
0.0168948
0.210868
0.0220755
0.210007
0.0271563
0.208999
0.0321919
0.207852
0.0372296
0.206572
0.0423113
0.205168
0.0474738
0.203648
0.0527497
0.202019
0.0581688
0.200292
0.0637589
0.198475
0.0695466
0.19658
0.0755585
0.194618
0.081822
0.192601
0.0883673
0.190545
0.0952282
0.188467
0.102445
0.186389
0.110068
0.184338
0.118158
0.182356
0.126796
0.180503
0.136084
0.178879
0.146156
0.177656
0.157182
0.177156
0.169365
0.178036
0.1829
0.181715
0.19782
0.190803
0.213846
0.206309
0.23005
0.245497
0.219452
0.217658
0.00612305
0.217328
0.0118779
0.21685
0.0173736
0.21623
0.0226954
0.215477
0.027909
0.2146
0.0330688
0.213608
0.0382222
0.212509
0.0434104
0.211313
0.0486696
0.210031
0.0540318
0.208674
0.0595256
0.207255
0.0651776
0.205789
0.071013
0.204291
0.0770563
0.20278
0.0833327
0.201279
0.0898689
0.199812
0.0966946
0.198414
0.103844
0.197125
0.111357
0.196002
0.119281
0.195124
0.127675
0.194602
0.136605
0.194609
0.14615
0.195407
0.156384
0.197407
0.167365
0.20122
0.179087
0.207616
0.191424
0.217252
0.204209
0.229841
0.217461
0.2286
0.246737
0.222951
0.00626856
0.22267
0.0121593
0.222261
0.0177819
0.221735
0.0232219
0.221099
0.0285448
0.220363
0.0338047
0.219537
0.0390482
0.218632
0.0443159
0.217658
0.0496428
0.216631
0.0550597
0.215562
0.0605937
0.214471
0.0662695
0.213374
0.0721099
0.212293
0.0781366
0.211255
0.084371
0.210289
0.0908351
0.209431
0.0975519
0.208729
0.104546
0.208239
0.111846
0.208039
0.119481
0.208232
0.127482
0.208957
0.13588
0.210407
0.144699
0.212847
0.153944
0.216622
0.16359
0.222152
0.173558
0.229882
0.183693
0.240383
0.193709
0.254567
0.203277
0.210142
0.273026
0.228374
0.00638774
0.228144
0.0123894
0.227811
0.0181146
0.227385
0.0236484
0.226874
0.0290559
0.226288
0.0343902
0.225639
0.0396972
0.224939
0.0450161
0.224201
0.0503807
0.223441
0.05582
0.222675
0.0613591
0.221925
0.0670201
0.221212
0.0728229
0.220563
0.0787855
0.220009
0.0849247
0.219588
0.0912563
0.219345
0.0977955
0.219334
0.104557
0.219626
0.111554
0.220308
0.118798
0.221494
0.126296
0.223328
0.134047
0.225994
0.142032
0.229724
0.150215
0.234796
0.158518
0.241539
0.166815
0.250329
0.174903
0.261611
0.182427
0.275856
0.189032
0.193633
0.292365
0.233929
0.0064789
0.233754
0.012565
0.233501
0.018367
0.233181
0.023969
0.232802
0.029435
0.232375
0.0348172
0.231912
0.04016
0.231427
0.0455013
0.230935
0.0508729
0.230453
0.0563018
0.230001
0.0618108
0.229602
0.067419
0.229282
0.0731428
0.229072
0.0789959
0.229007
0.0849898
0.229129
0.0911338
0.22949
0.0974349
0.23015
0.103897
0.231184
0.11052
0.232682
0.1173
0.234758
0.124221
0.237546
0.131259
0.24121
0.138369
0.245942
0.145483
0.251961
0.152498
0.25951
0.159267
0.268829
0.165584
0.280095
0.171161
0.293402
0.175725
0.178764
0.30827
0.23962
0.00654055
0.239501
0.0126832
0.239333
0.018535
0.239124
0.0241784
0.238883
0.029676
0.238622
0.0350787
0.238352
0.0404292
0.23809
0.0457634
0.237852
0.0511114
0.237656
0.0564975
0.237525
0.0619419
0.237483
0.0674606
0.23756
0.0730661
0.237788
0.0787676
0.238207
0.0845712
0.238861
0.0904797
0.239804
0.0964919
0.241099
0.102602
0.242819
0.1088
0.245053
0.115066
0.247903
0.121371
0.25149
0.127672
0.255947
0.133912
0.261423
0.140006
0.268076
0.145845
0.276054
0.151289
0.285476
0.156162
0.296386
0.16025
0.308773
0.163338
0.165159
0.322378
0.245448
0.00657142
0.24539
0.0127417
0.24531
0.0186151
0.245216
0.0242722
0.245118
0.029774
0.245027
0.0351692
0.244958
0.0404989
0.244924
0.0457969
0.244945
0.0510908
0.24504
0.0564026
0.245232
0.0617495
0.245549
0.0671441
0.24602
0.0725951
0.24668
0.0781074
0.247569
0.0836818
0.248734
0.089315
0.250227
0.0949989
0.252109
0.10072
0.254451
0.106459
0.257331
0.112186
0.260839
0.117863
0.265073
0.123439
0.270137
0.128847
0.276138
0.134005
0.283175
0.138809
0.291328
0.143136
0.300644
0.146846
0.311112
0.149782
0.322664
0.151786
0.152726
0.335096
0.251418
0.0065705
0.251421
0.0127383
0.251432
0.0186046
0.251457
0.0242473
0.251506
0.0297251
0.25159
0.0350849
0.251724
0.0403654
0.251922
0.0455984
0.252204
0.0508088
0.252591
0.0560161
0.253106
0.0612344
0.253776
0.0664733
0.254634
0.0717376
0.255713
0.0770282
0.257054
0.0823413
0.2587
0.0876683
0.260703
0.0929958
0.263119
0.0983041
0.266011
0.103567
0.269446
0.10875
0.273498
0.113811
0.278243
0.118694
0.283755
0.123335
0.290105
0.127656
0.297347
0.131566
0.305517
0.134966
0.314615
0.137748
0.324595
0.139802
0.335359
0.141022
0.14135
0.346736
0.257532
0.00653704
0.257599
0.0126718
0.257702
0.0185016
0.257848
0.0241012
0.258046
0.029527
0.258307
0.0348235
0.258646
0.040027
0.259077
0.0451669
0.25962
0.0502657
0.260296
0.0553402
0.261129
0.0604017
0.262146
0.0654565
0.263377
0.0705065
0.264856
0.0755486
0.266622
0.0805753
0.268716
0.0855743
0.271184
0.0905277
0.274076
0.0954121
0.277446
0.100198
0.281348
0.104848
0.285839
0.109319
0.290974
0.113558
0.296804
0.117505
0.303367
0.121092
0.310688
0.124245
0.318769
0.126885
0.327582
0.128935
0.337063
0.13032
0.347108
0.130977
0.130883
0.357575
0.263794
0.00647056
0.263925
0.0125412
0.264121
0.0183049
0.26439
0.0238328
0.264738
0.0291786
0.265177
0.0343844
0.26572
0.0394839
0.266383
0.0445041
0.267184
0.0494649
0.268144
0.0543806
0.269285
0.0592598
0.270636
0.0641063
0.272223
0.0689188
0.27408
0.0736915
0.276242
0.0784141
0.278745
0.0830712
0.28163
0.0876427
0.284939
0.0921032
0.288715
0.0964218
0.293001
0.100562
0.297839
0.104482
0.303264
0.108133
0.309305
0.111464
0.315979
0.114418
0.323288
0.116936
0.331212
0.118961
0.339709
0.120438
0.348709
0.12132
0.358114
0.121572
0.121193
0.367805
0.270207
0.00637089
0.270402
0.0123463
0.270692
0.0180142
0.271083
0.023442
0.271581
0.0286804
0.272197
0.0337688
0.272942
0.0387384
0.273833
0.0436136
0.274886
0.0484121
0.276121
0.0531457
0.27756
0.0578206
0.279228
0.0624383
0.281151
0.0669952
0.283359
0.0714834
0.285883
0.0758906
0.288754
0.0801999
0.292007
0.0843899
0.295675
0.088435
0.299792
0.0923051
0.304388
0.0959659
0.309491
0.0993792
0.315121
0.102504
0.32129
0.105295
0.327999
0.107709
0.335233
0.109702
0.342963
0.111231
0.351138
0.112263
0.359689
0.112769
0.368527
0.112734
0.112167
0.377553
0.276774
0.00623814
0.277033
0.0120873
0.277417
0.01763
0.277929
0.0229298
0.278575
0.0280341
0.279365
0.0329794
0.280308
0.0377946
0.28142
0.0425016
0.282717
0.0471157
0.284216
0.0516466
0.285938
0.0560986
0.287905
0.0604711
0.290141
0.064759
0.292672
0.068953
0.295523
0.0730396
0.298721
0.0770015
0.302294
0.0808173
0.306266
0.0844625
0.310662
0.087909
0.315502
0.091126
0.320801
0.0940803
0.326567
0.0967375
0.3328
0.0990623
0.339488
0.101021
0.346609
0.102581
0.354125
0.103716
0.361984
0.104404
0.370122
0.104632
0.37846
0.104395
0.103711
0.386916
0.283498
0.00607267
0.28382
0.0117649
0.284297
0.0171537
0.284928
0.0222983
0.28572
0.0272426
0.286679
0.0320206
0.287815
0.0366585
0.289141
0.0411758
0.29067
0.0455859
0.29242
0.0498965
0.294409
0.0541103
0.296654
0.0582253
0.299178
0.0622353
0.302001
0.0661302
0.305144
0.0698963
0.308629
0.0735166
0.312476
0.0769708
0.316702
0.0802364
0.321323
0.0832881
0.326349
0.0860995
0.331787
0.0886428
0.337634
0.0908902
0.343882
0.0928147
0.350511
0.0943917
0.357492
0.0955994
0.364787
0.0964211
0.372345
0.0968458
0.380107
0.0968698
0.388005
0.0964965
0.0957463
0.39597
0.290384
0.00587512
0.290768
0.0113805
0.291335
0.0165873
0.292083
0.0215503
0.293015
0.0263101
0.294138
0.0308979
0.295459
0.0353373
0.296989
0.0396458
0.29874
0.0438348
0.300726
0.0479104
0.302963
0.0518741
0.305465
0.0557228
0.30825
0.05945
0.311335
0.0630452
0.314736
0.0664952
0.318469
0.069784
0.322547
0.0728932
0.32698
0.0758026
0.331778
0.0784906
0.336943
0.080935
0.342472
0.0831134
0.348357
0.0850045
0.354584
0.0865885
0.361127
0.0878483
0.367956
0.0887703
0.375032
0.0893457
0.382306
0.0895709
0.389728
0.0894483
0.397238
0.0889862
0.0882056
0.404779
0.297435
0.00564636
0.297879
0.0109358
0.298533
0.0159335
0.299394
0.0206897
0.300462
0.0252417
0.301742
0.029618
0.30324
0.0338397
0.304963
0.0379223
0.306922
0.0418756
0.309128
0.0457043
0.311593
0.049409
0.31433
0.0529862
0.317351
0.056429
0.320669
0.0597275
0.324295
0.0628694
0.328239
0.06584
0.332509
0.0686233
0.33711
0.0712017
0.342043
0.0735575
0.347305
0.0756727
0.352888
0.0775299
0.35878
0.0791135
0.364959
0.0804095
0.371399
0.0814073
0.37807
0.0820995
0.384933
0.0824828
0.391945
0.0825589
0.39906
0.0823339
0.406227
0.0818187
0.081034
0.413399
0.304654
0.00538746
0.305157
0.0104329
0.305895
0.0151954
0.306864
0.019721
0.308062
0.0240435
0.309491
0.0281885
0.311156
0.0321752
0.313061
0.036017
0.315215
0.0397223
0.317624
0.0432949
0.320298
0.0467345
0.323247
0.0500376
0.326478
0.0531976
0.330001
0.0562053
0.33382
0.0590494
0.337943
0.0617174
0.342371
0.0641954
0.347104
0.0664689
0.352138
0.0685235
0.357465
0.0703454
0.363073
0.0719216
0.368946
0.0732412
0.37506
0.0742954
0.381389
0.0750782
0.387902
0.0755868
0.394562
0.0758221
0.401332
0.0757888
0.408171
0.0754956
0.415035
0.0749545
0.074185
0.421884
0.312046
0.00509961
0.312605
0.00987411
0.313424
0.0143768
0.314495
0.0186491
0.315817
0.0227218
0.317388
0.0266177
0.319209
0.0303539
0.321284
0.0339421
0.323617
0.0373894
0.326213
0.0406988
0.329078
0.0438698
0.332216
0.0468989
0.335634
0.0497799
0.339335
0.0525046
0.343321
0.0550635
0.347593
0.0574456
0.352148
0.0596395
0.356984
0.0616337
0.36209
0.0634169
0.367457
0.0649789
0.373068
0.0663106
0.378904
0.067405
0.384943
0.068257
0.391156
0.0688645
0.397515
0.0692279
0.403986
0.0693508
0.410535
0.06924
0.417126
0.0689051
0.423722
0.0683586
0.0676184
0.430288
0.319615
0.00478414
0.320227
0.00926211
0.321122
0.0134816
0.322292
0.0174796
0.32373
0.0212837
0.325433
0.0249142
0.327401
0.0283862
0.329633
0.0317098
0.332132
0.0348911
0.334898
0.0379325
0.337934
0.0408334
0.341243
0.0435903
0.344825
0.046198
0.34868
0.0486493
0.352807
0.0509362
0.357203
0.0530497
0.361862
0.0549807
0.366776
0.0567202
0.371932
0.05826
0.377319
0.0595927
0.382917
0.0607126
0.388706
0.0616155
0.394663
0.0622997
0.400763
0.0627653
0.406975
0.0630152
0.413271
0.0630547
0.41962
0.0628916
0.425989
0.0625359
0.432348
0.0619996
0.0612992
0.438667
0.327365
0.00444242
0.328028
0.00859958
0.328995
0.0125137
0.330257
0.0162178
0.331805
0.0197361
0.333632
0.0230867
0.335736
0.0262825
0.338114
0.0293323
0.340763
0.0322414
0.343684
0.0350117
0.346875
0.0376424
0.350335
0.0401306
0.354061
0.0424718
0.35805
0.0446602
0.362298
0.0466889
0.366796
0.048551
0.371537
0.0502395
0.37651
0.0517477
0.3817
0.0530697
0.387092
0.0542008
0.392667
0.0551376
0.398404
0.0558786
0.40428
0.056424
0.410269
0.0567758
0.416346
0.0569384
0.422483
0.056918
0.428651
0.0567228
0.434825
0.0563626
0.440975
0.0558487
0.0551959
0.447079
0.3353
0.0040758
0.336011
0.00788915
0.337047
0.0114773
0.338396
0.0148691
0.340046
0.018086
0.341989
0.0211435
0.344219
0.0240527
0.34673
0.0268212
0.349518
0.0294532
0.352579
0.0319505
0.355909
0.0343124
0.359504
0.0365364
0.363357
0.0386188
0.367462
0.0405548
0.371812
0.0423393
0.376396
0.0439666
0.381204
0.0454318
0.386221
0.0467301
0.391433
0.0478576
0.396822
0.0488117
0.402369
0.0495909
0.408052
0.0501953
0.41385
0.0506266
0.419737
0.0508882
0.425691
0.0509851
0.431685
0.0509239
0.437695
0.0507127
0.443697
0.0503609
0.449666
0.0498788
0.0492795
0.455583
0.343426
0.0036855
0.344182
0.00713329
0.345283
0.010376
0.346713
0.0134389
0.348459
0.0163402
0.35051
0.0190929
0.352856
0.0217064
0.35549
0.024187
0.358405
0.0265385
0.361594
0.0287621
0.365049
0.0308573
0.368763
0.0328221
0.372728
0.0346535
0.376935
0.0363479
0.381373
0.0379012
0.386031
0.0393095
0.390893
0.0405691
0.395946
0.041677
0.401173
0.0426308
0.406555
0.0434295
0.412073
0.044073
0.417706
0.0445625
0.423432
0.0449007
0.429229
0.0450916
0.435073
0.0451406
0.440943
0.0450542
0.446816
0.04484
0.45267
0.0445068
0.458485
0.0440638
0.0435224
0.464242
0.351747
0.00327258
0.352546
0.00633411
0.353708
0.00921331
0.355216
0.0119318
0.357051
0.0145045
0.359202
0.016942
0.361656
0.019252
0.364404
0.0214395
0.367435
0.0235076
0.370739
0.0254575
0.374308
0.0272885
0.378131
0.0289993
0.382197
0.0305876
0.386494
0.0320504
0.39101
0.033385
0.395731
0.0345886
0.400642
0.0356587
0.405725
0.0365935
0.410964
0.0373919
0.41634
0.0380539
0.421832
0.0385805
0.427421
0.0389735
0.433086
0.0392361
0.438805
0.0393726
0.444557
0.0393882
0.450322
0.0392892
0.45608
0.0390826
0.46181
0.0387761
0.467496
0.0383779
0.0378978
0.473121
0.360267
0.00283768
0.361108
0.00549302
0.36233
0.00799179
0.36391
0.0103519
0.36583
0.0125846
0.368074
0.0146977
0.370629
0.0166971
0.373481
0.018587
0.376619
0.0203697
0.38003
0.0220461
0.383703
0.0236157
0.387625
0.0250775
0.391783
0.0264297
0.396163
0.0276704
0.400751
0.0287974
0.40553
0.029809
0.410485
0.0307036
0.415598
0.0314805
0.420851
0.0321393
0.426224
0.0326807
0.431698
0.0331062
0.437254
0.0334181
0.44287
0.0336197
0.448528
0.0337152
0.454206
0.0337094
0.459887
0.0336081
0.465553
0.0334175
0.471184
0.0331443
0.476767
0.0327956
0.0323796
0.482285
0.368993
0.00238069
0.369876
0.00461026
0.371155
0.00671305
0.372804
0.00870247
0.374804
0.0105849
0.377136
0.0123653
0.379786
0.014048
0.382736
0.0156363
0.385974
0.0171318
0.389485
0.0185351
0.393255
0.0198458
0.39727
0.0210631
0.401514
0.0221857
0.405972
0.0232123
0.410628
0.0241415
0.415464
0.0249722
0.420464
0.0257035
0.42561
0.0263352
0.430881
0.0268677
0.43626
0.0273019
0.441727
0.0276396
0.447262
0.0278832
0.452846
0.0280357
0.45846
0.028101
0.464086
0.0280836
0.469706
0.0279882
0.475303
0.0278203
0.480862
0.0275854
0.486368
0.0272896
0.0269395
0.491808
0.377932
0.00190003
0.378858
0.00368388
0.380193
0.00537773
0.381909
0.00698664
0.383984
0.00850993
0.3864
0.00995001
0.389137
0.0113104
0.39218
0.0125933
0.395512
0.0137997
0.399117
0.0149299
0.40298
0.0159835
0.407083
0.0169599
0.41141
0.0178582
0.415945
0.0186775
0.42067
0.0194169
0.425566
0.0200758
0.430616
0.0206537
0.4358
0.021151
0.4411
0.021568
0.446496
0.021906
0.451969
0.0221666
0.4575
0.0223521
0.46307
0.0224653
0.468662
0.0225093
0.474258
0.0224879
0.479841
0.0224052
0.485395
0.0222655
0.490907
0.0220735
0.496363
0.021834
0.0215524
0.50175
0.387091
0.00139049
0.388068
0.00270665
0.389463
0.00398335
0.391245
0.00520467
0.393393
0.00636113
0.395889
0.00745454
0.398711
0.00848783
0.401843
0.00946215
0.405265
0.0103777
0.40896
0.0112344
0.412912
0.0120321
0.417101
0.0127701
0.421512
0.013448
0.426124
0.014065
0.43092
0.0146207
0.435881
0.0151147
0.440988
0.015547
0.446221
0.0159179
0.451561
0.0162279
0.456989
0.0164781
0.462486
0.01667
0.468032
0.0168054
0.473611
0.0168866
0.479204
0.0169161
0.484796
0.0168968
0.490369
0.0168318
0.49591
0.0167246
0.501405
0.0165784
0.506842
0.0163968
0.0161839
0.512211
0.396484
0.00083904
0.397518
0.00167301
0.398967
0.00253407
0.400811
0.0033604
0.403031
0.00414149
0.405604
0.0048818
0.408509
0.00558309
0.411726
0.00624501
0.415236
0.00686711
0.419022
0.00744912
0.423063
0.00799077
0.427341
0.00849168
0.431838
0.00895142
0.436533
0.00936958
0.441408
0.00974585
0.446443
0.0100801
0.451618
0.0103722
0.456913
0.0106226
0.462309
0.0108318
0.467787
0.0110005
0.473327
0.0111298
0.478911
0.0112211
0.484522
0.0112759
0.490142
0.011296
0.495755
0.0112835
0.501346
0.0112405
0.506902
0.0111694
0.512407
0.0110726
0.517852
0.0109524
0.0108122
0.523223
0.406193
0.000155766
0.407291
0.000575851
0.408791
0.00103405
0.410694
0.00145719
0.412978
0.0018574
0.41562
0.00224016
0.418598
0.00260472
0.421893
0.00294975
0.425486
0.00327464
0.429356
0.0035791
0.433484
0.00386286
0.43785
0.00412564
0.442434
0.00436715
0.447216
0.00458711
0.452177
0.00478536
0.457295
0.00496178
0.462551
0.00511641
0.467924
0.00524938
0.473395
0.005361
0.478944
0.00545168
0.484552
0.00552201
0.4902
0.0055727
0.495871
0.00560458
0.501549
0.00561863
0.507216
0.00561589
0.512859
0.0055975
0.518464
0.00556465
0.524018
0.00551857
0.52951
0.00546049
0.00539225
0.53493
0.415475
0.416051
0.417085
0.418542
0.4204
0.42264
0.425244
0.428194
0.431469
0.435048
0.438911
0.443036
0.447404
0.451991
0.456776
0.461738
0.466854
0.472104
0.477465
0.482916
0.488438
0.494011
0.499616
0.505234
0.51085
0.516448
0.522012
0.527531
0.532991
0.538384
0.128973
0.107515
0.0396178
0.0893555
0.0574786
-0.0178608
0.210846
0.116121
0.194529
0.105672
0.0898031
0.162205
0.252433
0.110425
0.251745
0.10636
0.0994227
0.242125
0.279996
0.103455
0.283869
0.102487
0.0997881
0.283504
0.299774
0.0960468
0.305942
0.0963186
0.0955923
0.310138
0.31561
0.0887076
0.322561
0.0893674
0.0894871
0.328666
0.329228
0.0818579
0.336038
0.0825575
0.0829587
0.342566
0.341355
0.0755991
0.347692
0.0762206
0.0766584
0.353992
0.35245
0.069885
0.358261
0.0704093
0.0708056
0.364114
0.362815
0.0646447
0.36814
0.0650843
0.0654268
0.373519
0.372639
0.0598101
0.377542
0.060182
0.0604768
0.382491
0.382042
0.0553204
0.386586
0.0556387
0.0558946
0.391168
0.391112
0.0511241
0.395351
0.0513995
0.0516237
0.399622
0.399916
0.0471785
0.403896
0.0474189
0.0476169
0.407903
0.408509
0.0434485
0.412268
0.0436597
0.0438356
0.416049
0.416942
0.0399051
0.42051
0.0400916
0.0402485
0.424097
0.425265
0.0365242
0.428667
0.0366892
0.0368294
0.432086
0.433527
0.0332851
0.436785
0.0334312
0.0335565
0.440058
0.441782
0.0301698
0.444915
0.0302992
0.0304108
0.44806
0.450086
0.0271625
0.453109
0.0272766
0.0273758
0.456144
0.458497
0.0242484
0.461425
0.0243486
0.0244362
0.464365
0.467076
0.0214137
0.469924
0.021501
0.0215776
0.472783
0.475889
0.0186451
0.47867
0.0187202
0.0187866
0.481461
0.485001
0.0159291
0.487728
0.0159927
0.0160491
0.490466
0.494484
0.0132528
0.497171
0.0133054
0.0133523
0.499868
0.504402
0.0106013
0.507064
0.0106431
0.0106803
0.509736
0.514849
0.0079624
0.517499
0.00799383
0.00802209
0.520157
0.525869
0.00531647
0.528526
0.00533716
0.00535517
0.531193
0.537591
0.00265546
0.540264
0.00266471
0.00267338
0.542945
0.541039
0.543704
0.546377
-0.0349778
0.0664
-0.043282
0.0483047
-0.0436313
0.0271769
-0.038131
0.013439
-0.0386566
0.0163466
-0.0394217
0.0134885
-0.0394856
0.0104045
-0.0400596
0.00949295
-0.0408583
0.00840802
-0.0411053
0.0065523
-0.0413669
0.00577162
-0.0420847
0.00578943
-0.042903
0.00533573
-0.0434541
0.00436518
-0.0437583
0.00358354
-0.0441481
0.00348506
-0.0447622
0.00370044
-0.0454541
0.00366416
-0.0460197
0.00321055
-0.0463493
0.00254652
-0.0465165
0.00208134
-0.0466988
0.0020405
-0.0470023
0.00227538
-0.047413
0.00250119
-0.0478695
0.0025525
-0.04831
0.00239803
-0.0486994
0.00212093
-0.0490618
0.00189012
-0.0494711
0.00182591
0.00187912
0.0980793
0.130526
0.0498372
0.0965468
0.00567144
0.0713427
-0.0268843
0.0459948
-0.0413163
0.0307785
-0.0444075
0.0165798
-0.0412287
0.00722566
-0.0404016
0.00866589
-0.0415749
0.0095813
-0.0414975
0.00647495
-0.0413846
0.00565874
-0.0423394
0.00674418
-0.043508
0.00650434
-0.0440495
0.00490669
-0.0439737
0.00350776
-0.0441636
0.00367496
-0.0449068
0.00444366
-0.0458212
0.00457854
-0.0465372
0.00392651
-0.0468624
0.00287172
-0.0469088
0.00212781
-0.0470135
0.00214513
-0.0473553
0.00261717
-0.0478659
0.00301184
-0.0484287
0.00311528
-0.0489503
0.00291961
-0.0493753
0.00254595
-0.049729
0.00224386
-0.050134
0.00223093
0.0023829
0.205104
0.167547
0.164754
0.136897
0.12559
0.110507
0.0850902
0.0864942
0.048613
0.0672557
0.0126355
0.0525573
-0.017844
0.0377051
-0.0360748
0.0268967
-0.0432933
0.0167998
-0.0436233
0.0068049
-0.0405009
0.00253638
-0.0410524
0.00729565
-0.0428402
0.00829213
-0.0433318
0.00539833
-0.0426103
0.00278626
-0.0426763
0.00374098
-0.0437639
0.00553122
-0.0450786
0.00589318
-0.0460211
0.00486901
-0.0462797
0.00313041
-0.0459941
0.00184213
-0.0458946
0.00204564
-0.0462994
0.00302196
-0.0469572
0.00366972
-0.0476548
0.00381288
-0.0482666
0.00353133
-0.0487191
0.00299844
-0.0490266
0.00255138
-0.0493901
0.00259442
0.00292042
0.268666
0.182385
0.244665
0.160898
0.215934
0.139237
0.183798
0.11863
0.151073
0.0999807
0.119901
0.0837289
0.0888495
0.0687569
0.0600177
0.0557284
0.0324704
0.0443472
0.00319977
0.0360756
-0.0210853
0.0268214
-0.0348414
0.0210518
-0.0412455
0.0146962
-0.043067
0.00721986
-0.0415439
0.00126312
-0.0394965
0.0016936
-0.0407445
0.0067792
-0.0426926
0.00784124
-0.0439424
0.0061188
-0.0440234
0.00321145
-0.0430613
0.000880062
-0.0428828
0.00186715
-0.0435105
0.00364959
-0.0444292
0.00458847
-0.0453138
0.00469751
-0.0460279
0.00424536
-0.0464996
0.0034702
-0.0466979
0.00274965
-0.0469198
0.00281628
0.00355527
0.308559
0.183964
0.298142
0.171315
0.281259
0.156121
0.25979
0.1401
0.235537
0.124234
0.210033
0.109232
0.183572
0.0952183
0.156978
0.082322
0.130641
0.0706847
0.106008
0.0607086
0.0813447
0.0514845
0.0589972
0.0433993
0.0381417
0.0355517
0.0163956
0.0289659
-0.00580856
0.0234673
-0.0231771
0.0190621
-0.0323592
0.0159614
-0.0371572
0.0126393
-0.0396737
0.0086353
-0.040207
0.00374469
-0.038995
-0.000331887
-0.0377688
0.000640908
-0.0384826
0.0043634
-0.0398766
0.00598247
-0.0410363
0.00585721
-0.0418427
0.00505177
-0.0422893
0.00391673
-0.0422739
0.0027343
-0.0420048
0.00254716
0.00457673
0.334761
0.17787
0.333993
0.172082
0.327164
0.16295
0.315408
0.151855
0.299879
0.139763
0.281687
0.127425
0.261636
0.11527
0.240396
0.103561
0.218546
0.0925347
0.196794
0.0824607
0.175055
0.0732234
0.153842
0.064612
0.132887
0.0565075
0.11256
0.0492921
0.0929212
0.0431065
0.0741083
0.037875
0.0570123
0.0330573
0.0414414
0.0282102
0.0265901
0.0234866
0.0108015
0.0195333
-0.00575812
0.0162277
-0.0189113
0.0137941
-0.0263729
0.011825
-0.0301925
0.00980207
-0.0323448
0.00800955
-0.0336929
0.00639986
-0.034554
0.0047778
-0.0348904
0.00307071
-0.0339064
0.00156316
0.00675673
0.352503
0.167933
0.357877
0.166708
0.358464
0.162363
0.354613
0.155706
0.346917
0.147459
0.336094
0.138247
0.32282
0.128544
0.307671
0.11871
0.291169
0.109037
0.273849
0.0997808
0.256072
0.0910002
0.238051
0.0826339
0.219856
0.0747015
0.201761
0.0673878
0.183991
0.0608766
0.166791
0.0550744
0.150253
0.0495954
0.134201
0.044263
0.118471
0.0392163
0.103241
0.0347634
0.0884333
0.0310351
0.0742437
0.0279837
0.0609684
0.0251003
0.0485075
0.022263
0.0368188
0.0196983
0.0258117
0.017407
0.0152188
0.0153707
0.00450143
0.013788
-0.00647096
0.0125356
0.0169937
0.365311
0.156614
0.374028
0.157992
0.379462
0.156929
0.381431
0.153737
0.38006
0.14883
0.375672
0.142634
0.368674
0.135542
0.359487
0.127897
0.348535
0.119989
0.336254
0.112062
0.323001
0.104253
0.309007
0.0966279
0.294448
0.0892603
0.279551
0.0822856
0.264597
0.0758301
0.249813
0.069858
0.235214
0.0641949
0.220726
0.058751
0.206338
0.0536043
0.192165
0.0489364
0.178315
0.0448853
0.164926
0.0413725
0.151919
0.0381074
0.139163
0.0350193
0.126645
0.0322155
0.114312
0.0297407
0.102041
0.027641
0.0897559
0.0260734
0.076645
0.0256465
0.0280623
0.375483
0.145246
0.385602
0.147872
0.393755
0.148775
0.399522
0.14797
0.402726
0.145627
0.403383
0.141977
0.401646
0.13728
0.397747
0.131795
0.391968
0.125768
0.384616
0.119413
0.375975
0.112895
0.366273
0.10633
0.355709
0.099824
0.344499
0.0934951
0.332885
0.0874442
0.321053
0.0816906
0.309068
0.0761797
0.29694
0.0708793
0.284698
0.0658458
0.272436
0.0611991
0.26029
0.0570314
0.248355
0.0533073
0.236567
0.0498947
0.224843
0.0467438
0.21315
0.0439082
0.201442
0.0414491
0.189641
0.039442
0.177655
0.0380596
0.165569
0.0377317
0.0387046
0.384351
0.134414
0.394721
0.137503
0.40407
0.139426
0.411959
0.140081
0.418088
0.139497
0.422299
0.137766
0.424556
0.135023
0.424922
0.13143
0.423528
0.127162
0.420552
0.122389
0.416186
0.117261
0.410612
0.111904
0.404004
0.106431
0.396548
0.100951
0.388433
0.0955594
0.379818
0.0903059
0.370798
0.0851994
0.361427
0.0802503
0.351761
0.0755117
0.34189
0.0710706
0.331924
0.066997
0.321936
0.063295
0.311915
0.0599157
0.301822
0.0568373
0.291632
0.0540983
0.281318
0.0517631
0.270846
0.0499141
0.260222
0.048683
0.249702
0.0482523
0.0484748
0.39261
0.124295
0.402661
0.127452
0.412271
0.129816
0.421087
0.131266
0.428813
0.131771
0.435232
0.131347
0.44021
0.130045
0.443691
0.127948
0.44569
0.125163
0.446272
0.121807
0.445537
0.117997
0.4436
0.113841
0.440586
0.109445
0.436633
0.104905
0.431881
0.100311
0.426461
0.0957259
0.420469
0.0911918
0.413974
0.0867453
0.407044
0.0824418
0.399761
0.0783531
0.392216
0.0745422
0.384474
0.0710374
0.376553
0.067836
0.368448
0.0649431
0.360149
0.062397
0.351653
0.0602593
0.342963
0.0586034
0.334134
0.0575121
0.325351
0.0570354
0.0569422
0.400583
0.114879
0.410102
0.117933
0.419492
0.120426
0.428504
0.122254
0.436903
0.123372
0.444486
0.123765
0.451092
0.123439
0.456613
0.122428
0.46099
0.120785
0.464212
0.118585
0.466303
0.115906
0.467313
0.112831
0.467312
0.109446
0.466386
0.105831
0.46463
0.102067
0.462138
0.0982181
0.45899
0.0943393
0.455254
0.0904809
0.450996
0.0867003
0.446287
0.0830626
0.4412
0.0796284
0.435798
0.07644
0.430112
0.073522
0.424155
0.0708998
0.417936
0.0686159
0.411468
0.0667275
0.404775
0.0652964
0.397914
0.0643733
0.390992
0.0639567
0.063828
0.408409
0.106092
0.417363
0.108979
0.426339
0.11145
0.435171
0.113422
0.443689
0.114853
0.451733
0.115721
0.459158
0.116013
0.465849
0.115737
0.47172
0.114915
0.476716
0.113589
0.480814
0.111807
0.484016
0.109629
0.486345
0.107117
0.487841
0.104335
0.488558
0.10135
0.488555
0.0982211
0.48789
0.0950051
0.486615
0.0917558
0.484785
0.0885303
0.482458
0.0853893
0.479694
0.082392
0.476547
0.0795878
0.473052
0.077017
0.469233
0.0747182
0.465111
0.0727381
0.460707
0.0711313
0.456052
0.0699512
0.451191
0.0692349
0.446176
0.0689718
0.0689901
0.416147
0.0978491
0.424576
0.100549
0.433096
0.10293
0.441594
0.104924
0.449951
0.106497
0.458048
0.107624
0.465772
0.108289
0.473022
0.108487
0.479712
0.108226
0.485775
0.107525
0.491167
0.106416
0.49586
0.104936
0.499847
0.10313
0.503136
0.101047
0.505747
0.0987387
0.50771
0.096258
0.509059
0.0936559
0.509831
0.0909844
0.510064
0.0882974
0.509801
0.0856517
0.509089
0.0831037
0.507971
0.0807059
0.506482
0.078506
0.50465
0.0765505
0.502499
0.0748893
0.500054
0.0735758
0.497345
0.0726602
0.494402
0.0721779
0.491244
0.0721303
0.0724018
0.423826
0.0900724
0.431792
0.0925831
0.439878
0.0948438
0.448006
0.0967973
0.456088
0.0984142
0.464039
0.0996728
0.471773
0.100555
0.479207
0.101052
0.486269
0.101164
0.492896
0.100898
0.499037
0.100274
0.504656
0.0993168
0.509729
0.098057
0.514244
0.0965316
0.518201
0.0947812
0.52161
0.0928492
0.524485
0.0907805
0.526848
0.0886222
0.528722
0.0864235
0.530137
0.0842366
0.531126
0.0821143
0.531723
0.080109
0.531958
0.0782711
0.531858
0.0766506
0.531448
0.0752995
0.530752
0.0742711
0.529796
0.0736163
0.528599
0.0733752
0.527161
0.0735686
0.0741369
0.431473
0.0826973
0.439034
0.0850216
0.446731
0.0871471
0.454502
0.0890258
0.462284
0.090632
0.470011
0.0919458
0.477617
0.0929499
0.485037
0.0936326
0.492211
0.0939897
0.499085
0.0940245
0.505612
0.093747
0.511755
0.0931738
0.517485
0.0923272
0.522782
0.0912348
0.527634
0.0899285
0.53204
0.0884439
0.536001
0.0868195
0.539526
0.0850968
0.54263
0.08332
0.54533
0.0815362
0.54765
0.0797945
0.549614
0.0781449
0.551247
0.0766378
0.552574
0.0753243
0.553616
0.0742569
0.554398
0.0734894
0.554939
0.0730749
0.555253
0.0730613
0.555333
0.073489
0.0743475
0.439114
0.0756696
0.446324
0.0778115
0.453677
0.0797945
0.461125
0.0815779
0.468617
0.083139
0.476103
0.0844599
0.483529
0.0855238
0.490844
0.0863183
0.497997
0.0868367
0.504943
0.0870785
0.511641
0.0870489
0.518056
0.0867588
0.524159
0.086224
0.529928
0.0854656
0.535348
0.0845089
0.540409
0.0833831
0.545107
0.0821213
0.549444
0.0807593
0.553427
0.0793368
0.557068
0.077896
0.56038
0.076482
0.563383
0.0751418
0.566097
0.073924
0.568542
0.072879
0.57074
0.072059
0.572711
0.0715184
0.574474
0.0713125
0.576038
0.0714967
0.5774
0.0721274
0.0732337
0.446784
0.0689436
0.453688
0.0709073
0.460739
0.0727438
0.467899
0.0744183
0.475127
0.0759112
0.48238
0.0772061
0.489617
0.0782874
0.496793
0.0791425
0.503866
0.0797633
0.510798
0.0801469
0.517552
0.080295
0.524096
0.0802143
0.530404
0.0799163
0.536453
0.0794166
0.542226
0.0787357
0.547711
0.0778976
0.552902
0.0769304
0.557796
0.0758653
0.562396
0.0747372
0.566708
0.0735843
0.570742
0.0724475
0.574513
0.0713705
0.578038
0.0703994
0.581334
0.0695828
0.584421
0.068972
0.587319
0.0686209
0.590044
0.0685869
0.592611
0.0689305
0.595019
0.0697193
0.0710105
0.454524
0.0624801
0.461161
0.0642695
0.467948
0.0659571
0.474853
0.0675132
0.481843
0.068921
0.488884
0.0701658
0.495938
0.0712332
0.502969
0.072111
0.509942
0.0727905
0.516822
0.0732673
0.523576
0.0735407
0.530176
0.0736143
0.536596
0.0734961
0.542815
0.0731978
0.548815
0.0727355
0.554584
0.0721291
0.560112
0.0714022
0.565396
0.0705819
0.570434
0.069699
0.575231
0.0687873
0.579794
0.0678841
0.584135
0.0670296
0.588267
0.066267
0.592208
0.0656423
0.595975
0.065205
0.599587
0.0650083
0.603064
0.0651098
0.606422
0.0655728
0.609671
0.0664703
0.067877
0.462379
0.0562444
0.468786
0.0578631
0.475342
0.0594005
0.482024
0.0608314
0.488804
0.0621412
0.495653
0.0633172
0.502539
0.0643465
0.509433
0.0652175
0.516302
0.0659215
0.523116
0.0664532
0.529846
0.0668105
0.536466
0.0669948
0.542951
0.0670111
0.54928
0.0668683
0.555437
0.0665788
0.561407
0.066159
0.56718
0.0656285
0.572752
0.0650106
0.578118
0.0643322
0.583282
0.0636233
0.588249
0.0629174
0.593028
0.062251
0.597631
0.0616642
0.602073
0.0612
0.606372
0.0609056
0.610549
0.060832
0.614623
0.061036
0.618615
0.0615808
0.622544
0.0625404
0.0639969
0.470404
0.050205
0.476611
0.0516562
0.482969
0.0530427
0.489457
0.0543432
0.496053
0.0555452
0.502732
0.0566378
0.509469
0.0576096
0.516237
0.05845
0.523007
0.0591508
0.529754
0.0597063
0.536451
0.0601134
0.543074
0.0603721
0.5496
0.0604855
0.556008
0.0604598
0.562282
0.0603048
0.568408
0.0600334
0.574374
0.0596622
0.580174
0.0592108
0.585804
0.0587025
0.591263
0.0581636
0.596557
0.0576238
0.601692
0.0571162
0.606679
0.0566772
0.611532
0.0563466
0.616269
0.0561684
0.62091
0.0561909
0.625478
0.0564682
0.629997
0.0570616
0.634496
0.058042
0.0594924
0.478655
0.0443325
0.484692
0.0456189
0.490881
0.0468542
0.497204
0.0480203
0.503642
0.0491068
0.510176
0.0501043
0.516782
0.051003
0.523439
0.0517934
0.530122
0.0524681
0.536807
0.0530213
0.54347
0.0534498
0.55009
0.0537523
0.556645
0.0539306
0.563116
0.0539891
0.569485
0.0539351
0.57574
0.0537791
0.581867
0.0535346
0.58786
0.0532181
0.593713
0.0528494
0.599425
0.0524514
0.604999
0.0520502
0.61044
0.0516752
0.615758
0.051359
0.620967
0.0511378
0.626083
0.0510521
0.631128
0.0511464
0.636125
0.0514712
0.641103
0.0520836
0.646095
0.0530497
0.054448
0.487195
0.0385985
0.493092
0.0397225
0.49914
0.0408063
0.505325
0.0418348
0.511632
0.0427995
0.518044
0.0436925
0.524542
0.0445054
0.531105
0.04523
0.537714
0.0458595
0.544346
0.0463888
0.550982
0.0468143
0.557599
0.0471346
0.56418
0.0473502
0.570705
0.0474641
0.577158
0.047482
0.583525
0.047412
0.589795
0.047265
0.595958
0.0470549
0.602009
0.0467983
0.607945
0.0465148
0.613769
0.0462269
0.619484
0.0459602
0.625099
0.0457437
0.630627
0.0456097
0.636085
0.0455943
0.641493
0.045738
0.646878
0.0460865
0.65227
0.0466916
0.657707
0.047613
0.0489232
0.496089
0.032975
0.501874
0.0339383
0.50781
0.0348703
0.513886
0.0357588
0.520089
0.0365966
0.526404
0.0373773
0.532815
0.0380939
0.539306
0.0387394
0.545857
0.0393081
0.552451
0.0397952
0.559068
0.0401974
0.565689
0.0405131
0.572297
0.0407422
0.578875
0.0408867
0.585406
0.0409508
0.591877
0.0409408
0.598276
0.0408656
0.604595
0.0407363
0.610827
0.0405667
0.616968
0.0403733
0.62302
0.0401753
0.628986
0.0399945
0.634873
0.039856
0.640695
0.0397879
0.646467
0.039822
0.652212
0.0399938
0.657954
0.0403438
0.663728
0.0409177
0.669573
0.0417677
0.0429582
0.505409
0.027434
0.51111
0.0282377
0.516962
0.0290175
0.522958
0.0297635
0.529084
0.0304701
0.53533
0.031132
0.54168
0.0317437
0.54812
0.0322992
0.554634
0.0327938
0.561206
0.0332235
0.567818
0.0335853
0.574454
0.0338776
0.581096
0.0340999
0.587729
0.0342536
0.594338
0.0343417
0.60091
0.0343691
0.607433
0.0343427
0.613897
0.0342714
0.620298
0.0341664
0.62663
0.0340413
0.632893
0.0339117
0.639092
0.0337961
0.645232
0.0337154
0.651327
0.0336935
0.657391
0.0337573
0.663448
0.0339373
0.669523
0.0342682
0.675652
0.0347891
0.681875
0.0355446
0.0365921
0.515224
0.0219461
0.520871
0.0225906
0.526671
0.0232176
0.532615
0.023819
0.538695
0.0243906
0.544898
0.0249283
0.551215
0.0254276
0.55763
0.0258841
0.56413
0.0262937
0.5707
0.0266533
0.577325
0.0269604
0.583989
0.0272135
0.590677
0.0274121
0.597373
0.0275569
0.604065
0.0276502
0.610739
0.0276956
0.617383
0.0276983
0.623989
0.0276652
0.63055
0.0276052
0.637063
0.0275289
0.643526
0.0274488
0.649942
0.0273798
0.656319
0.0273386
0.662667
0.0273448
0.669004
0.0274203
0.675352
0.0275901
0.681737
0.0278829
0.688195
0.0283307
0.69477
0.02897
0.0298473
0.525622
0.0164814
0.531245
0.0169669
0.537024
0.0174396
0.542948
0.0178941
0.549012
0.0183271
0.555204
0.0187358
0.561515
0.0191166
0.567933
0.0194664
0.574445
0.019782
0.581037
0.0200611
0.587696
0.0203018
0.594406
0.0205028
0.601155
0.0206636
0.607927
0.0207847
0.61471
0.0208676
0.62149
0.0209149
0.628258
0.0209303
0.635004
0.020919
0.641722
0.0208874
0.648408
0.0208435
0.65506
0.0207967
0.661681
0.0207582
0.668279
0.0207407
0.674865
0.0207591
0.681455
0.0208303
0.688072
0.0209736
0.694743
0.0212113
0.701505
0.0215688
0.7084
0.0220753
0.0227721
0.536668
0.0110066
0.542303
0.0113312
0.548094
0.0116491
0.554033
0.0119547
0.560114
0.0122459
0.566329
0.0125212
0.572667
0.0127783
0.579119
0.013015
0.585671
0.0132293
0.592313
0.0134195
0.59903
0.0135844
0.60581
0.013723
0.612639
0.013835
0.619503
0.0139207
0.626389
0.0139809
0.633287
0.0140174
0.640185
0.0140327
0.647074
0.01403
0.653947
0.0140137
0.660802
0.0139891
0.667636
0.0139625
0.674453
0.0139415
0.681259
0.0139347
0.688066
0.0139522
0.69489
0.0140057
0.701755
0.0141086
0.70869
0.0142766
0.715731
0.0145279
0.722923
0.0148836
0.0153729
0.548467
0.00548539
0.554145
0.00565277
0.559981
0.00581318
0.565969
0.00596621
0.572103
0.00611219
0.578374
0.00625032
0.584773
0.00637927
0.59129
0.00649784
0.597915
0.00660501
0.604634
0.00669998
0.611436
0.00678209
0.618309
0.00685087
0.625237
0.00690614
0.63221
0.006948
0.639214
0.00697691
0.646238
0.0069937
0.653271
0.00699963
0.660304
0.00699638
0.667332
0.00698615
0.674349
0.00697163
0.681356
0.00695607
0.688354
0.00694332
0.695351
0.00693785
0.702358
0.00694491
0.709393
0.00697057
0.71648
0.007022
0.723648
0.00710797
0.730936
0.00724007
0.738384
0.00743599
0.00774051
0.551863
0.557515
0.563328
0.569295
0.575407
0.581657
0.588036
0.594534
0.601139
0.607839
0.614621
0.621472
0.628378
0.635326
0.642303
0.649297
0.656297
0.663293
0.670279
0.677251
0.684207
0.69115
0.698088
0.705033
0.712004
0.719026
0.726134
0.733374
0.74081
)
;

boundaryField
{
    inlet
    {
        type            calculated;
        value           nonuniform List<scalar> 
45
(
-0.2
-0.2
-0.2
-0.2
-0.2
-0.2
-0.2
-0.2
-0.2
-0.2
-0.2
-0.2
-0.2
-0.2
-0.2
-0.20766
-0.212683
-0.217828
-0.223097
-0.228493
-0.23402
-0.239681
-0.245479
-0.251417
-0.257499
-0.263728
-0.270107
-0.276641
-0.283333
-0.290186
-0.297206
-0.304395
-0.311758
-0.3193
-0.327023
-0.334934
-0.343036
-0.351334
-0.359832
-0.368536
-0.377451
-0.386582
-0.395933
-0.40551
-0.415319
)
;
    }
    outlet
    {
        type            calculated;
        value           nonuniform List<scalar> 
45
(
0.0321241
0.0370808
0.0251022
0.00904717
-0.00241843
-0.0121665
-0.0202382
-0.0268879
-0.0323341
-0.0367741
-0.0403422
-0.0431551
-0.0453234
-0.0468578
-0.0477907
-0.0499576
-0.0506378
-0.0499276
-0.0475546
-0.0430262
-0.0360864
-0.0167079
0.0655764
0.154927
0.239931
0.316884
0.384107
0.441014
0.487832
0.525426
0.555122
0.578514
0.597242
0.612805
0.626425
0.639
0.651139
0.663232
0.675538
0.688241
0.701515
0.715475
0.730322
0.746016
0.74855
)
;
    }
    flap
    {
        type            calculated;
        value           uniform 0;
    }
    upperWall
    {
        type            calculated;
        value           uniform 0;
    }
    lowerWall
    {
        type            calculated;
        value           uniform 0;
    }
    frontAndBack
    {
        type            empty;
        value           nonuniform 0();
    }
}


// ************************************************************************* //
