/*--------------------------------*- C++ -*----------------------------------*\
  =========                 |
  \\      /  F ield         | OpenFOAM: The Open Source CFD Toolbox
   \\    /   O peration     | Website:  https://openfoam.org
    \\  /    A nd           | Version:  7
     \\/     M anipulation  |
\*---------------------------------------------------------------------------*/
FoamFile
{
    version     2.0;
    format      ascii;
    class       volScalarField;
    location    "5.8";
    object      T;
}
// * * * * * * * * * * * * * * * * * * * * * * * * * * * * * * * * * * * * * //

dimensions      [0 0 0 1 0 0 0];

internalField   nonuniform List<scalar> 
12013
(
300.093
300.28
300.473
300.669
300.866
301.064
301.261
301.456
301.649
301.838
302.024
302.206
302.383
302.554
302.721
302.883
303.039
303.191
303.337
303.478
303.615
303.747
303.875
303.999
304.12
304.238
304.352
304.464
304.575
304.684
304.792
304.899
305.007
305.116
305.226
305.34
305.456
305.577
305.703
305.837
305.978
306.128
306.29
306.464
306.653
306.859
307.083
307.329
307.599
307.895
308.222
308.582
308.979
309.416
309.899
310.432
311.019
311.667
312.38
313.166
314.031
314.982
316.028
317.177
318.439
319.825
321.347
323.018
324.852
326.867
329.081
331.518
334.205
337.172
340.462
344.124
348.226
352.866
358.186
364.428
372.054
300.093
300.281
300.473
300.669
300.866
301.064
301.261
301.457
301.65
301.839
302.025
302.207
302.384
302.556
302.723
302.884
303.041
303.192
303.339
303.48
303.617
303.749
303.877
304.001
304.122
304.24
304.354
304.466
304.577
304.686
304.794
304.901
305.009
305.118
305.228
305.341
305.458
305.579
305.705
305.838
305.979
306.13
306.291
306.465
306.654
306.86
307.084
307.329
307.599
307.895
308.222
308.581
308.977
309.415
309.897
310.429
311.016
311.662
312.375
313.159
314.022
314.972
316.015
317.162
318.421
319.803
321.32
322.985
324.812
326.818
329.021
331.444
334.111
337.053
340.308
343.92
347.947
352.467
357.576
363.397
370.041
300.093
300.281
300.474
300.67
300.867
301.065
301.263
301.458
301.652
301.842
302.028
302.209
302.387
302.559
302.726
302.888
303.044
303.196
303.342
303.484
303.621
303.753
303.881
304.006
304.126
304.244
304.359
304.471
304.581
304.69
304.798
304.906
305.013
305.122
305.233
305.345
305.462
305.583
305.709
305.842
305.983
306.133
306.294
306.468
306.656
306.862
307.085
307.331
307.6
307.895
308.221
308.579
308.975
309.411
309.892
310.422
311.007
311.652
312.362
313.143
314.003
314.948
315.987
317.128
318.38
319.754
321.261
322.913
324.725
326.711
328.89
331.281
333.907
336.795
339.976
343.486
347.367
351.664
356.424
361.673
367.37
300.093
300.281
300.475
300.671
300.869
301.067
301.265
301.461
301.655
301.845
302.032
302.214
302.391
302.564
302.731
302.893
303.05
303.202
303.349
303.49
303.627
303.76
303.888
304.013
304.133
304.251
304.366
304.478
304.588
304.697
304.805
304.913
305.02
305.129
305.239
305.352
305.468
305.589
305.715
305.848
305.988
306.138
306.299
306.472
306.66
306.865
307.088
307.332
307.6
307.895
308.219
308.577
308.971
309.405
309.884
310.412
310.994
311.635
312.341
313.117
313.972
314.91
315.941
317.073
318.313
319.673
321.163
322.795
324.581
326.537
328.676
331.017
333.58
336.385
339.456
342.817
346.492
350.502
354.854
359.528
364.451
300.093
300.282
300.476
300.673
300.871
301.07
301.269
301.465
301.66
301.85
302.037
302.22
302.398
302.571
302.739
302.901
303.059
303.211
303.358
303.5
303.637
303.77
303.898
304.023
304.144
304.262
304.377
304.489
304.599
304.708
304.816
304.923
305.031
305.139
305.25
305.362
305.478
305.598
305.724
305.856
305.996
306.146
306.306
306.479
306.666
306.87
307.092
307.335
307.602
307.895
308.218
308.573
308.964
309.396
309.872
310.396
310.974
311.61
312.31
313.08
313.926
314.855
315.874
316.992
318.216
319.556
321.022
322.625
324.376
326.287
328.371
330.644
333.12
335.815
338.744
341.919
345.352
349.044
352.982
357.132
361.426
300.093
300.283
300.478
300.675
300.875
301.074
301.274
301.471
301.666
301.858
302.046
302.229
302.408
302.581
302.75
302.913
303.071
303.223
303.371
303.513
303.651
303.784
303.913
304.037
304.159
304.276
304.391
304.504
304.614
304.723
304.831
304.938
305.046
305.154
305.264
305.376
305.492
305.611
305.737
305.868
306.008
306.157
306.316
306.488
306.674
306.876
307.097
307.339
307.604
307.895
308.215
308.568
308.956
309.384
309.855
310.374
310.946
311.575
312.267
313.028
313.863
314.779
315.783
316.882
318.084
319.398
320.832
322.396
324.1
325.954
327.969
330.156
332.525
335.087
337.848
340.815
343.987
347.355
350.898
354.582
358.354
300.094
300.285
300.48
300.679
300.879
301.08
301.28
301.479
301.675
301.867
302.056
302.241
302.42
302.595
302.764
302.928
303.086
303.24
303.388
303.531
303.669
303.802
303.931
304.057
304.178
304.296
304.411
304.524
304.634
304.743
304.85
304.958
305.065
305.173
305.283
305.394
305.51
305.629
305.754
305.885
306.023
306.171
306.329
306.5
306.685
306.886
307.105
307.344
307.607
307.895
308.212
308.561
308.945
309.368
309.834
310.346
310.911
311.531
312.212
312.961
313.781
314.68
315.664
316.74
317.914
319.194
320.588
322.105
323.751
325.536
327.467
329.551
331.797
334.207
336.786
339.531
342.437
345.49
348.669
351.942
355.271
300.095
300.286
300.483
300.683
300.885
301.087
301.289
301.489
301.686
301.88
302.07
302.256
302.436
302.612
302.782
302.947
303.107
303.261
303.41
303.553
303.692
303.826
303.956
304.081
304.203
304.321
304.437
304.549
304.66
304.768
304.876
304.983
305.09
305.198
305.307
305.418
305.533
305.652
305.775
305.905
306.043
306.19
306.347
306.516
306.699
306.898
307.114
307.351
307.611
307.896
308.209
308.553
308.932
309.348
309.807
310.311
310.866
311.475
312.143
312.876
313.679
314.557
315.516
316.562
317.702
318.942
320.288
321.747
323.326
325.029
326.864
328.834
330.942
333.191
335.578
338.098
340.743
343.499
346.345
349.255
352.201
300.095
300.289
300.487
300.689
300.892
301.096
301.299
301.501
301.7
301.896
302.088
302.275
302.457
302.634
302.806
302.972
303.133
303.288
303.438
303.582
303.722
303.857
303.987
304.113
304.235
304.354
304.469
304.582
304.692
304.801
304.908
305.015
305.122
305.229
305.338
305.449
305.563
305.68
305.803
305.932
306.069
306.214
306.369
306.536
306.717
306.913
307.127
307.361
307.616
307.897
308.205
308.543
308.915
309.325
309.774
310.269
310.811
311.406
312.059
312.773
313.554
314.407
315.336
316.348
317.447
318.639
319.93
321.323
322.824
324.437
326.165
328.011
329.975
332.055
334.248
336.547
338.943
341.421
343.965
346.553
349.164
300.096
300.292
300.492
300.696
300.901
301.107
301.313
301.517
301.718
301.916
302.109
302.299
302.483
302.662
302.835
303.003
303.165
303.321
303.472
303.618
303.759
303.894
304.025
304.152
304.275
304.394
304.509
304.622
304.733
304.842
304.949
305.055
305.162
305.269
305.377
305.487
305.6
305.717
305.838
305.966
306.1
306.244
306.397
306.562
306.74
306.933
307.143
307.373
307.624
307.899
308.201
308.533
308.897
309.297
309.736
310.218
310.746
311.325
311.959
312.651
313.406
314.229
315.124
316.096
317.148
318.286
319.513
320.834
322.25
323.765
325.38
327.095
328.909
330.82
332.822
334.908
337.068
339.291
341.561
343.864
346.18
300.097
300.295
300.498
300.704
300.912
301.121
301.329
301.536
301.739
301.94
302.136
302.328
302.514
302.695
302.871
303.041
303.205
303.363
303.515
303.662
303.804
303.941
304.073
304.2
304.323
304.443
304.559
304.672
304.783
304.892
304.999
305.105
305.211
305.317
305.425
305.534
305.646
305.761
305.881
306.007
306.14
306.281
306.432
306.594
306.769
306.958
307.165
307.389
307.635
307.904
308.199
308.522
308.876
309.265
309.692
310.16
310.671
311.231
311.842
312.509
313.235
314.024
314.88
315.806
316.807
317.885
319.043
320.284
321.609
323.021
324.518
326.1
327.765
329.508
331.325
333.209
335.15
337.139
339.163
341.209
343.265
300.099
300.299
300.505
300.714
300.926
301.138
301.349
301.559
301.766
301.97
302.169
302.363
302.553
302.737
302.915
303.087
303.253
303.413
303.568
303.716
303.86
303.998
304.131
304.259
304.383
304.503
304.62
304.734
304.844
304.953
305.06
305.166
305.271
305.377
305.483
305.592
305.702
305.816
305.935
306.059
306.189
306.328
306.476
306.634
306.805
306.991
307.192
307.411
307.65
307.912
308.198
308.511
308.855
309.231
309.644
310.094
310.587
311.125
311.711
312.349
313.042
313.793
314.605
315.482
316.425
317.438
318.523
319.68
320.911
322.216
323.594
325.043
326.561
328.143
329.784
331.477
333.216
334.991
336.792
338.61
340.434
300.1
300.305
300.514
300.727
300.942
301.158
301.373
301.587
301.798
302.005
302.208
302.407
302.599
302.786
302.968
303.143
303.311
303.474
303.631
303.782
303.927
304.066
304.201
304.331
304.456
304.577
304.694
304.808
304.919
305.028
305.134
305.24
305.345
305.45
305.555
305.662
305.771
305.884
306
306.122
306.25
306.385
306.53
306.684
306.851
307.031
307.227
307.439
307.671
307.924
308.201
308.503
308.834
309.196
309.592
310.024
310.495
311.008
311.566
312.172
312.829
313.538
314.303
315.127
316.01
316.954
317.962
319.033
320.167
321.365
322.624
323.943
325.318
326.746
328.221
329.738
331.291
332.871
334.472
336.085
337.702
300.103
300.311
300.525
300.742
300.962
301.182
301.403
301.621
301.836
302.048
302.256
302.458
302.655
302.846
303.031
303.21
303.382
303.547
303.707
303.86
304.007
304.149
304.285
304.416
304.543
304.665
304.783
304.897
305.009
305.117
305.224
305.329
305.433
305.537
305.642
305.747
305.855
305.965
306.079
306.198
306.323
306.456
306.596
306.746
306.908
307.082
307.271
307.476
307.7
307.943
308.209
308.499
308.816
309.162
309.539
309.95
310.398
310.884
311.412
311.983
312.6
313.265
313.98
314.747
315.567
316.441
317.37
318.353
319.391
320.483
321.626
322.819
324.059
325.341
326.662
328.016
329.398
330.803
332.223
333.653
335.086
300.105
300.318
300.537
300.76
300.985
301.212
301.437
301.661
301.882
302.1
302.313
302.52
302.722
302.918
303.107
303.29
303.466
303.635
303.798
303.954
304.104
304.248
304.386
304.519
304.647
304.77
304.889
305.004
305.116
305.225
305.331
305.436
305.54
305.643
305.746
305.85
305.955
306.064
306.175
306.291
306.413
306.541
306.677
306.823
306.979
307.147
307.328
307.525
307.739
307.972
308.225
308.502
308.803
309.131
309.488
309.877
310.299
310.756
311.251
311.785
312.361
312.979
313.643
314.351
315.107
315.909
316.759
317.656
318.599
319.587
320.619
321.692
322.803
323.95
325.127
326.332
327.56
328.805
330.063
331.329
332.597
300.108
300.327
300.552
300.782
301.014
301.246
301.479
301.709
301.937
302.161
302.38
302.594
302.802
303.003
303.197
303.385
303.565
303.739
303.906
304.066
304.219
304.366
304.507
304.642
304.772
304.896
305.016
305.132
305.244
305.353
305.46
305.564
305.667
305.769
305.871
305.973
306.076
306.182
306.291
306.404
306.522
306.646
306.777
306.917
307.066
307.227
307.401
307.588
307.792
308.013
308.253
308.515
308.799
309.108
309.444
309.809
310.203
310.63
311.09
311.586
312.119
312.69
313.299
313.949
314.64
315.371
316.143
316.955
317.806
318.696
319.621
320.581
321.573
322.594
323.64
324.709
325.796
326.898
328.01
329.129
330.25
300.111
300.338
300.57
300.807
301.047
301.287
301.528
301.766
302.002
302.233
302.46
302.681
302.896
303.103
303.304
303.498
303.684
303.862
304.034
304.198
304.355
304.505
304.649
304.787
304.919
305.045
305.167
305.284
305.397
305.506
305.612
305.716
305.818
305.919
306.019
306.12
306.221
306.324
306.43
306.539
306.653
306.772
306.898
307.031
307.174
307.327
307.492
307.67
307.862
308.071
308.297
308.543
308.809
309.098
309.412
309.751
310.117
310.512
310.937
311.393
311.882
312.405
312.961
313.553
314.179
314.841
315.537
316.268
317.031
317.827
318.653
319.508
320.389
321.294
322.22
323.165
324.125
325.098
326.079
327.067
328.056
300.116
300.35
300.591
300.837
301.086
301.336
301.586
301.833
302.078
302.319
302.554
302.784
303.006
303.222
303.43
303.631
303.823
304.008
304.185
304.354
304.516
304.67
304.818
304.959
305.093
305.222
305.345
305.463
305.577
305.687
305.793
305.896
305.997
306.097
306.196
306.294
306.393
306.493
306.595
306.701
306.81
306.924
307.044
307.172
307.307
307.452
307.607
307.775
307.955
308.151
308.362
308.591
308.839
309.107
309.397
309.71
310.047
310.409
310.799
311.216
311.661
312.136
312.64
313.174
313.739
314.333
314.957
315.61
316.291
316.999
317.733
318.49
319.269
320.069
320.886
321.719
322.565
323.421
324.286
325.156
326.028
300.12
300.365
300.616
300.873
301.132
301.393
301.654
301.912
302.168
302.419
302.665
302.905
303.137
303.362
303.579
303.787
303.988
304.179
304.363
304.538
304.705
304.864
305.016
305.16
305.298
305.429
305.554
305.674
305.789
305.899
306.005
306.109
306.209
306.307
306.404
306.5
306.597
306.694
306.792
306.894
306.998
307.107
307.221
307.341
307.469
307.605
307.751
307.907
308.076
308.257
308.453
308.665
308.894
309.141
309.407
309.693
310.001
310.332
310.686
311.063
311.466
311.894
312.348
312.827
313.332
313.863
314.419
314.999
315.603
316.23
316.878
317.546
318.233
318.937
319.655
320.387
321.131
321.883
322.643
323.407
324.175
300.126
300.382
300.646
300.914
301.186
301.46
301.734
302.005
302.274
302.537
302.795
303.046
303.29
303.526
303.753
303.971
304.18
304.38
304.571
304.753
304.927
305.091
305.248
305.397
305.538
305.672
305.799
305.921
306.037
306.148
306.255
306.357
306.457
306.554
306.649
306.743
306.837
306.931
307.026
307.122
307.222
307.325
307.433
307.546
307.665
307.793
307.928
308.073
308.229
308.397
308.578
308.772
308.981
309.207
309.449
309.71
309.989
310.288
310.607
310.947
311.309
311.692
312.097
312.524
312.973
313.444
313.937
314.45
314.983
315.535
316.105
316.692
317.295
317.913
318.543
319.185
319.836
320.496
321.162
321.833
322.507
300.133
300.403
300.68
300.963
301.25
301.539
301.827
302.114
302.397
302.675
302.947
303.212
303.469
303.717
303.956
304.186
304.405
304.615
304.815
305.005
305.185
305.356
305.518
305.672
305.817
305.955
306.085
306.209
306.326
306.438
306.545
306.648
306.747
306.843
306.936
307.028
307.118
307.209
307.3
307.392
307.486
307.584
307.685
307.791
307.902
308.02
308.145
308.279
308.423
308.576
308.741
308.918
309.109
309.313
309.533
309.768
310.019
310.288
310.573
310.877
311.2
311.541
311.9
312.279
312.676
313.092
313.526
313.977
314.445
314.93
315.43
315.944
316.472
317.012
317.563
318.123
318.693
319.27
319.853
320.44
321.031
300.141
300.426
300.72
301.02
301.325
301.631
301.937
302.241
302.541
302.837
303.125
303.406
303.678
303.941
304.193
304.436
304.667
304.888
305.098
305.297
305.486
305.664
305.833
305.992
306.142
306.283
306.417
306.543
306.662
306.775
306.883
306.985
307.083
307.178
307.27
307.359
307.447
307.534
307.621
307.708
307.797
307.889
307.983
308.082
308.185
308.294
308.409
308.531
308.662
308.802
308.952
309.112
309.284
309.468
309.665
309.876
310.101
310.34
310.595
310.865
311.151
311.452
311.77
312.104
312.453
312.818
313.199
313.594
314.004
314.428
314.864
315.313
315.773
316.244
316.725
317.214
317.711
318.214
318.723
319.236
319.753
300.15
300.454
300.767
301.087
301.412
301.738
302.065
302.389
302.71
303.025
303.332
303.632
303.921
304.201
304.469
304.726
304.971
305.205
305.426
305.636
305.834
306.02
306.196
306.361
306.516
306.662
306.799
306.928
307.05
307.164
307.272
307.375
307.472
307.566
307.655
307.742
307.827
307.911
307.994
308.077
308.16
308.246
308.334
308.425
308.52
308.619
308.725
308.836
308.955
309.081
309.216
309.36
309.515
309.679
309.855
310.043
310.243
310.455
310.681
310.919
311.172
311.437
311.716
312.009
312.316
312.635
312.968
313.313
313.67
314.039
314.42
314.81
315.211
315.621
316.039
316.464
316.897
317.335
317.779
318.226
318.678
300.16
300.486
300.822
301.165
301.513
301.863
302.214
302.562
302.906
303.244
303.573
303.894
304.204
304.502
304.789
305.063
305.323
305.571
305.805
306.026
306.234
306.43
306.614
306.786
306.947
307.098
307.239
307.371
307.494
307.61
307.719
307.822
307.919
308.011
308.099
308.183
308.265
308.345
308.424
308.503
308.581
308.661
308.742
308.826
308.913
309.004
309.099
309.2
309.307
309.42
309.541
309.67
309.808
309.955
310.111
310.278
310.454
310.642
310.841
311.051
311.272
311.505
311.75
312.006
312.273
312.552
312.842
313.142
313.453
313.774
314.105
314.444
314.792
315.148
315.511
315.881
316.257
316.638
317.024
317.414
317.807
300.173
300.524
300.886
301.256
301.631
302.009
302.387
302.763
303.134
303.498
303.853
304.198
304.531
304.851
305.158
305.45
305.728
305.992
306.24
306.474
306.694
306.899
307.092
307.272
307.439
307.595
307.74
307.876
308.002
308.119
308.229
308.331
308.428
308.519
308.605
308.687
308.766
308.843
308.918
308.992
309.065
309.139
309.214
309.291
309.37
309.452
309.538
309.629
309.725
309.827
309.935
310.05
310.172
310.302
310.44
310.587
310.743
310.908
311.082
311.266
311.46
311.664
311.878
312.101
312.334
312.577
312.829
313.091
313.361
313.639
313.926
314.221
314.523
314.832
315.147
315.468
315.794
316.125
316.46
316.799
317.141
300.187
300.568
300.961
301.362
301.769
302.179
302.589
302.996
303.398
303.792
304.176
304.549
304.908
305.253
305.582
305.896
306.193
306.474
306.738
306.986
307.218
307.435
307.636
307.824
307.998
308.16
308.31
308.448
308.577
308.696
308.806
308.909
309.005
309.095
309.179
309.259
309.335
309.409
309.479
309.549
309.617
309.685
309.754
309.824
309.896
309.971
310.048
310.13
310.215
310.306
310.402
310.504
310.612
310.727
310.849
310.978
311.115
311.26
311.413
311.574
311.744
311.922
312.108
312.303
312.506
312.717
312.936
313.164
313.398
313.64
313.889
314.145
314.407
314.674
314.948
315.226
315.509
315.797
316.088
316.383
316.68
300.204
300.62
301.048
301.485
301.929
302.376
302.823
303.267
303.704
304.133
304.55
304.954
305.342
305.715
306.069
306.406
306.724
307.024
307.305
307.568
307.813
308.041
308.253
308.449
308.63
308.797
308.951
309.094
309.225
309.345
309.457
309.559
309.655
309.743
309.826
309.903
309.977
310.046
310.114
310.179
310.242
310.305
310.368
310.432
310.497
310.565
310.634
310.707
310.783
310.864
310.949
311.039
311.135
311.236
311.344
311.457
311.578
311.705
311.839
311.98
312.129
312.284
312.447
312.617
312.794
312.977
313.168
313.366
313.57
313.78
313.996
314.218
314.446
314.678
314.915
315.157
315.403
315.653
315.906
316.162
316.421
300.224
300.679
301.149
301.629
302.115
302.605
303.095
303.58
304.059
304.526
304.98
305.419
305.84
306.243
306.625
306.987
307.328
307.648
307.947
308.226
308.485
308.725
308.947
309.151
309.339
309.512
309.67
309.816
309.949
310.071
310.183
310.286
310.38
310.467
310.548
310.623
310.694
310.76
310.824
310.885
310.944
311.002
311.06
311.118
311.177
311.238
311.3
311.365
311.433
311.505
311.581
311.661
311.745
311.835
311.93
312.03
312.136
312.248
312.366
312.489
312.62
312.756
312.898
313.047
313.201
313.362
313.528
313.701
313.878
314.062
314.25
314.443
314.641
314.843
315.05
315.26
315.474
315.692
315.912
316.135
316.361
300.247
300.749
301.266
301.795
302.332
302.871
303.41
303.943
304.467
304.979
305.474
305.952
306.41
306.845
307.258
307.647
308.012
308.353
308.671
308.966
309.239
309.49
309.722
309.934
310.129
310.307
310.47
310.618
310.753
310.876
310.988
311.091
311.184
311.27
311.349
311.422
311.49
311.553
311.613
311.67
311.726
311.78
311.833
311.886
311.94
311.994
312.051
312.109
312.17
312.234
312.301
312.373
312.448
312.527
312.612
312.7
312.794
312.893
312.997
313.107
313.221
313.341
313.466
313.597
313.733
313.874
314.02
314.171
314.326
314.486
314.651
314.82
314.993
315.17
315.35
315.534
315.721
315.91
316.103
316.297
316.494
300.274
300.83
301.403
301.989
302.582
303.179
303.773
304.361
304.937
305.498
306.04
306.561
307.058
307.529
307.974
308.391
308.781
309.144
309.481
309.792
310.078
310.341
310.582
310.802
311.003
311.185
311.351
311.502
311.638
311.762
311.874
311.976
312.068
312.152
312.229
312.3
312.365
312.426
312.483
312.537
312.589
312.639
312.688
312.737
312.787
312.837
312.888
312.941
312.996
313.054
313.115
313.179
313.246
313.318
313.393
313.473
313.557
313.645
313.738
313.835
313.937
314.043
314.155
314.27
314.39
314.515
314.644
314.777
314.914
315.056
315.201
315.349
315.501
315.656
315.815
315.976
316.14
316.306
316.474
316.645
316.817
300.305
300.924
301.562
302.213
302.873
303.535
304.193
304.842
305.477
306.093
306.686
307.253
307.792
308.301
308.779
309.226
309.641
310.026
310.381
310.707
311.007
311.28
311.529
311.755
311.961
312.147
312.315
312.467
312.604
312.728
312.839
312.94
313.031
313.114
313.189
313.258
313.321
313.379
313.434
313.485
313.534
313.582
313.628
313.674
313.72
313.767
313.814
313.863
313.914
313.968
314.023
314.082
314.144
314.209
314.278
314.35
314.426
314.506
314.59
314.678
314.77
314.865
314.965
315.069
315.176
315.288
315.403
315.522
315.644
315.769
315.898
316.029
316.164
316.301
316.441
316.584
316.728
316.875
317.023
317.173
317.325
300.341
301.034
301.747
302.474
303.209
303.946
304.676
305.395
306.095
306.771
307.419
308.036
308.62
309.168
309.68
310.156
310.596
311.001
311.373
311.713
312.023
312.304
312.56
312.791
313
313.188
313.357
313.51
313.647
313.77
313.881
313.98
314.07
314.151
314.225
314.292
314.354
314.411
314.464
314.514
314.561
314.607
314.652
314.696
314.74
314.785
314.831
314.877
314.926
314.976
315.029
315.084
315.142
315.203
315.268
315.335
315.405
315.479
315.556
315.637
315.721
315.809
315.9
315.994
316.092
316.193
316.297
316.404
316.513
316.626
316.741
316.859
316.98
317.102
317.227
317.353
317.482
317.612
317.743
317.876
318.01
300.383
301.161
301.96
302.775
303.598
304.419
305.231
306.027
306.798
307.54
308.248
308.917
309.546
310.133
310.678
311.181
311.644
312.067
312.453
312.804
313.122
313.41
313.67
313.903
314.114
314.303
314.472
314.624
314.76
314.882
314.992
315.091
315.18
315.26
315.333
315.399
315.46
315.517
315.57
315.62
315.667
315.713
315.758
315.802
315.847
315.891
315.937
315.983
316.031
316.081
316.132
316.186
316.243
316.301
316.363
316.427
316.494
316.564
316.637
316.713
316.792
316.874
316.958
317.045
317.135
317.228
317.323
317.421
317.521
317.624
317.728
317.835
317.943
318.053
318.165
318.279
318.394
318.51
318.627
318.745
318.864
300.431
301.308
302.208
303.123
304.045
304.963
305.866
306.747
307.596
308.407
309.176
309.899
310.572
311.197
311.772
312.3
312.781
313.218
313.615
313.973
314.296
314.587
314.848
315.082
315.292
315.48
315.648
315.799
315.934
316.055
316.164
316.262
316.351
316.431
316.504
316.572
316.634
316.692
316.746
316.798
316.847
316.895
316.942
316.989
317.035
317.082
317.129
317.177
317.227
317.278
317.331
317.385
317.442
317.501
317.562
317.625
317.691
317.759
317.83
317.902
317.978
318.055
318.135
318.218
318.302
318.389
318.477
318.568
318.66
318.754
318.85
318.947
319.046
319.146
319.247
319.35
319.453
319.557
319.662
319.768
319.874
300.487
301.478
302.493
303.524
304.558
305.584
306.588
307.561
308.493
309.377
310.207
310.981
311.696
312.353
312.954
313.5
313.994
314.441
314.842
315.203
315.527
315.817
316.077
316.309
316.517
316.703
316.87
317.019
317.153
317.274
317.383
317.481
317.571
317.653
317.729
317.799
317.864
317.925
317.984
318.039
318.093
318.145
318.197
318.248
318.298
318.349
318.401
318.453
318.507
318.561
318.617
318.674
318.733
318.794
318.856
318.92
318.986
319.054
319.124
319.195
319.269
319.344
319.421
319.5
319.58
319.662
319.745
319.83
319.916
320.003
320.092
320.181
320.272
320.363
320.455
320.548
320.641
320.735
320.829
320.924
321.018
300.552
301.673
302.821
303.983
305.145
306.29
307.404
308.475
309.492
310.447
311.336
312.155
312.905
313.587
314.206
314.764
315.264
315.712
316.113
316.471
316.791
317.077
317.332
317.561
317.765
317.949
318.114
318.262
318.396
318.518
318.629
318.73
318.823
318.909
318.989
319.065
319.135
319.203
319.267
319.329
319.39
319.449
319.507
319.565
319.622
319.68
319.737
319.796
319.854
319.914
319.974
320.036
320.098
320.162
320.227
320.293
320.361
320.429
320.499
320.571
320.643
320.717
320.792
320.868
320.945
321.023
321.102
321.182
321.263
321.344
321.426
321.509
321.592
321.676
321.76
321.844
321.928
322.013
322.097
322.182
322.266
300.626
301.897
303.196
304.507
305.809
307.085
308.316
309.487
310.587
311.609
312.55
313.404
314.175
314.869
315.492
316.048
316.545
316.989
317.384
317.736
318.05
318.33
318.581
318.806
319.008
319.189
319.354
319.503
319.639
319.764
319.878
319.985
320.083
320.176
320.263
320.345
320.424
320.5
320.573
320.643
320.712
320.78
320.847
320.913
320.978
321.044
321.109
321.174
321.239
321.305
321.371
321.437
321.504
321.572
321.64
321.709
321.778
321.848
321.919
321.99
322.062
322.135
322.208
322.282
322.357
322.431
322.506
322.582
322.658
322.734
322.81
322.886
322.962
323.039
323.115
323.191
323.267
323.343
323.419
323.494
323.569
300.711
302.152
303.622
305.098
306.555
307.97
309.322
310.592
311.762
312.828
313.795
314.665
315.444
316.139
316.758
317.308
317.796
318.23
318.616
318.96
319.266
319.54
319.785
320.006
320.206
320.388
320.553
320.705
320.844
320.974
321.094
321.207
321.313
321.414
321.509
321.601
321.689
321.774
321.857
321.937
322.016
322.093
322.169
322.244
322.318
322.391
322.464
322.537
322.609
322.68
322.752
322.823
322.894
322.965
323.036
323.108
323.179
323.25
323.322
323.393
323.465
323.536
323.608
323.679
323.751
323.822
323.893
323.964
324.035
324.106
324.176
324.246
324.316
324.385
324.454
324.522
324.59
324.658
324.725
324.791
324.857
300.805
302.437
304.098
305.757
307.382
308.936
310.385
311.718
312.931
314.025
315.006
315.879
316.654
317.341
317.947
318.484
318.959
319.379
319.752
320.085
320.382
320.648
320.889
321.106
321.304
321.486
321.653
321.808
321.952
322.087
322.214
322.334
322.449
322.558
322.663
322.764
322.861
322.956
323.048
323.138
323.226
323.312
323.396
323.48
323.561
323.642
323.722
323.8
323.878
323.955
324.031
324.106
324.181
324.255
324.329
324.401
324.474
324.546
324.617
324.688
324.758
324.828
324.898
324.966
325.035
325.102
325.169
325.236
325.302
325.367
325.432
325.496
325.559
325.622
325.684
325.745
325.805
325.865
325.924
325.982
326.04
300.905
302.743
304.611
306.465
308.231
309.881
311.398
312.775
314.012
315.114
316.091
316.954
317.713
318.38
318.967
319.484
319.94
320.343
320.701
321.021
321.308
321.566
321.801
322.015
322.211
322.393
322.561
322.719
322.867
323.006
323.139
323.266
323.387
323.503
323.616
323.724
323.83
323.932
324.032
324.129
324.224
324.317
324.408
324.498
324.585
324.672
324.756
324.84
324.921
325.002
325.081
325.159
325.236
325.312
325.387
325.46
325.533
325.605
325.676
325.746
325.815
325.883
325.95
326.016
326.081
326.145
326.208
326.271
326.332
326.393
326.452
326.511
326.569
326.625
326.681
326.736
326.79
326.843
326.896
326.947
326.997
300.993
303.019
305.081
307.064
308.923
310.634
312.186
313.577
314.813
315.904
316.864
317.704
318.44
319.084
319.649
320.145
320.582
320.969
321.313
321.621
321.898
322.149
322.378
322.588
322.782
322.962
323.13
323.288
323.438
323.58
323.716
323.846
323.97
324.091
324.207
324.32
324.429
324.536
324.64
324.741
324.84
324.937
325.031
325.124
325.215
325.304
325.391
325.477
325.561
325.643
325.724
325.804
325.882
325.958
326.034
326.108
326.181
326.252
326.322
326.392
326.459
326.526
326.591
326.656
326.719
326.781
326.842
326.901
326.96
327.017
327.073
327.129
327.183
327.236
327.288
327.339
327.389
327.438
327.486
327.533
327.579
382.235
390.196
396.891
402.727
407.905
412.535
416.678
420.369
423.623
426.442
428.814
430.719
432.122
432.976
433.215
432.748
431.447
429.117
425.427
419.718
410.345
403.994
399.125
395.136
391.739
388.773
386.135
383.757
381.59
379.599
377.754
376.034
374.422
372.903
371.464
370.097
368.791
367.541
366.339
365.181
364.061
362.975
361.92
360.892
359.889
358.907
357.944
356.999
356.069
355.153
354.249
353.356
352.473
351.599
350.733
349.873
349.021
348.173
347.332
346.495
345.662
344.834
344.011
343.191
342.375
341.564
340.756
339.953
339.154
338.36
337.57
336.785
336.006
335.232
334.463
333.701
332.946
332.197
331.456
330.723
329.999
329.283
328.576
327.879
327.193
326.517
325.853
325.2
324.559
323.931
323.316
322.715
322.127
321.553
320.993
320.448
319.918
319.402
318.901
318.415
317.944
317.488
317.048
316.621
316.21
315.813
315.431
315.063
314.708
314.367
314.04
313.726
313.424
313.135
312.857
312.591
312.337
312.093
311.86
311.637
311.423
311.219
311.023
310.836
310.657
310.485
310.321
310.164
310.013
309.868
309.729
309.596
309.467
309.344
309.224
309.109
308.998
308.891
308.787
308.685
308.587
308.491
308.398
308.307
308.217
308.13
308.044
307.959
307.875
307.793
307.711
307.63
307.55
307.47
307.39
307.311
307.231
307.152
307.072
306.993
306.915
377.489
384.408
390.635
396.227
401.264
405.807
409.894
413.55
416.784
419.593
421.966
423.88
425.301
426.184
426.468
426.069
424.875
422.732
419.423
414.679
408.456
403.074
398.581
394.773
391.478
388.575
385.98
383.632
381.489
379.514
377.683
375.974
374.371
372.858
371.426
370.063
368.762
367.515
366.317
365.161
364.043
362.96
361.906
360.88
359.877
358.896
357.935
356.99
356.061
355.146
354.243
353.35
352.468
351.594
350.728
349.869
349.017
348.17
347.328
346.492
345.659
344.832
344.008
343.188
342.373
341.561
340.754
339.951
339.152
338.357
337.568
336.783
336.003
335.229
334.461
333.699
332.944
332.195
331.454
330.721
329.996
329.28
328.574
327.877
327.19
326.515
325.85
325.198
324.557
323.929
323.314
322.713
322.125
321.551
320.991
320.446
319.916
319.4
318.899
318.413
317.943
317.487
317.046
316.62
316.209
315.812
315.43
315.061
314.707
314.366
314.039
313.725
313.423
313.134
312.856
312.591
312.336
312.093
311.859
311.636
311.423
311.218
311.023
310.836
310.657
310.485
310.321
310.164
310.013
309.868
309.729
309.596
309.467
309.344
309.225
309.11
308.999
308.891
308.787
308.686
308.587
308.492
308.398
308.307
308.218
308.13
308.044
307.959
307.876
307.793
307.712
307.631
307.55
307.47
307.39
307.311
307.231
307.152
307.073
306.994
306.916
373.389
379.312
384.907
390.098
394.871
399.235
403.201
406.774
409.955
412.734
415.098
417.022
418.473
419.411
419.779
419.51
418.517
416.7
413.953
410.231
405.75
401.404
397.481
394.001
390.908
388.137
385.635
383.354
381.26
379.324
377.524
375.839
374.255
372.759
371.34
369.989
368.697
367.459
366.267
365.117
364.005
362.925
361.876
360.853
359.853
358.875
357.915
356.973
356.046
355.132
354.23
353.339
352.457
351.585
350.719
349.861
349.009
348.163
347.322
346.485
345.654
344.826
344.003
343.183
342.368
341.557
340.749
339.946
339.147
338.353
337.563
336.779
335.999
335.225
334.457
333.695
332.939
332.191
331.45
330.717
329.992
329.276
328.569
327.872
327.186
326.51
325.846
325.193
324.553
323.925
323.31
322.708
322.12
321.547
320.987
320.442
319.912
319.396
318.895
318.41
317.939
317.483
317.043
316.617
316.206
315.809
315.427
315.059
314.705
314.364
314.037
313.723
313.421
313.132
312.855
312.589
312.335
312.092
311.859
311.635
311.422
311.218
311.022
310.835
310.656
310.485
310.321
310.164
310.013
309.868
309.729
309.596
309.468
309.344
309.225
309.11
308.999
308.892
308.787
308.686
308.588
308.492
308.399
308.308
308.219
308.131
308.045
307.96
307.877
307.794
307.712
307.631
307.551
307.471
307.391
307.312
307.232
307.153
307.074
306.995
306.916
369.542
374.651
379.618
384.344
388.778
392.894
396.68
400.124
403.216
405.941
408.28
410.209
411.696
412.705
413.189
413.095
412.365
410.943
408.793
405.951
402.61
399.167
395.867
392.803
389.994
387.422
385.063
382.889
380.877
379.005
377.254
375.611
374.06
372.592
371.196
369.864
368.589
367.364
366.185
365.045
363.941
362.87
361.827
360.809
359.815
358.841
357.885
356.946
356.021
355.11
354.21
353.321
352.442
351.57
350.706
349.849
348.998
348.153
347.312
346.477
345.645
344.818
343.995
343.176
342.361
341.55
340.743
339.94
339.141
338.347
337.558
336.773
335.993
335.219
334.451
333.689
332.933
332.185
331.444
330.71
329.985
329.269
328.563
327.866
327.179
326.503
325.839
325.186
324.546
323.918
323.303
322.702
322.114
321.54
320.981
320.436
319.905
319.39
318.89
318.404
317.934
317.478
317.038
316.612
316.201
315.805
315.423
315.055
314.701
314.361
314.034
313.72
313.419
313.13
312.853
312.588
312.333
312.09
311.857
311.634
311.421
311.217
311.022
310.835
310.656
310.485
310.321
310.164
310.013
309.869
309.73
309.596
309.468
309.345
309.226
309.111
309
308.893
308.788
308.687
308.589
308.494
308.4
308.309
308.22
308.132
308.046
307.962
307.878
307.796
307.714
307.633
307.553
307.473
307.393
307.313
307.234
307.155
307.075
306.996
306.917
365.825
370.275
374.671
378.93
382.993
386.82
390.382
393.659
396.63
399.276
401.573
403.497
405.02
406.107
406.724
406.83
406.39
405.376
403.787
401.676
399.174
396.491
393.794
391.186
388.715
386.396
384.228
382.202
380.305
378.525
376.849
375.266
373.765
372.338
370.978
369.675
368.426
367.223
366.061
364.938
363.848
362.788
361.755
360.746
359.759
358.792
357.842
356.908
355.988
355.08
354.184
353.297
352.42
351.551
350.689
349.834
348.984
348.14
347.301
346.466
345.636
344.809
343.987
343.168
342.354
341.543
340.736
339.933
339.135
338.341
337.551
336.766
335.987
335.212
334.444
333.682
332.926
332.177
331.436
330.703
329.978
329.261
328.554
327.857
327.171
326.495
325.83
325.177
324.537
323.909
323.294
322.693
322.105
321.531
320.972
320.427
319.897
319.382
318.882
318.397
317.926
317.471
317.031
316.606
316.195
315.799
315.418
315.05
314.696
314.357
314.03
313.716
313.415
313.127
312.85
312.585
312.331
312.088
311.856
311.633
311.42
311.216
311.021
310.835
310.656
310.485
310.321
310.164
310.014
309.869
309.731
309.597
309.469
309.346
309.227
309.112
309.002
308.894
308.79
308.689
308.591
308.496
308.402
308.311
308.222
308.134
308.048
307.964
307.88
307.798
307.716
307.635
307.555
307.475
307.395
307.316
307.237
307.157
307.078
306.999
306.92
362.199
366.102
369.995
373.813
377.503
381.022
384.337
387.419
390.244
392.788
395.027
396.935
398.486
399.652
400.404
400.715
400.562
399.935
398.846
397.339
395.503
393.458
391.318
389.169
387.065
385.038
383.102
381.261
379.513
377.854
376.278
374.777
373.346
371.977
370.666
369.405
368.192
367.02
365.885
364.785
363.715
362.673
361.655
360.659
359.684
358.726
357.784
356.857
355.943
355.041
354.149
353.267
352.393
351.527
350.668
349.815
348.967
348.125
347.287
346.454
345.624
344.799
343.977
343.16
342.346
341.535
340.729
339.926
339.128
338.334
337.544
336.759
335.98
335.205
334.437
333.674
332.918
332.169
331.428
330.694
329.969
329.252
328.545
327.848
327.161
326.485
325.82
325.167
324.526
323.898
323.283
322.682
322.094
321.521
320.962
320.417
319.887
319.372
318.872
318.387
317.917
317.463
317.023
316.598
316.188
315.792
315.411
315.044
314.691
314.351
314.025
313.712
313.411
313.123
312.847
312.582
312.329
312.086
311.854
311.632
311.419
311.215
311.021
310.834
310.656
310.485
310.322
310.165
310.015
309.871
309.732
309.599
309.471
309.348
309.229
309.115
309.004
308.897
308.793
308.692
308.594
308.498
308.405
308.314
308.225
308.138
308.052
307.967
307.884
307.801
307.72
307.639
307.559
307.479
307.399
307.32
307.24
307.161
307.082
307.002
306.923
358.654
362.094
365.544
368.958
372.29
375.501
378.558
381.43
384.092
386.517
388.681
390.56
392.129
393.364
394.244
394.747
394.861
394.583
393.925
392.921
391.631
390.128
388.489
386.78
385.051
383.338
381.663
380.038
378.47
376.961
375.51
374.115
372.774
371.482
370.237
369.033
367.868
366.739
365.642
364.573
363.532
362.514
361.517
360.54
359.581
358.637
357.707
356.79
355.885
354.99
354.105
353.229
352.36
351.498
350.642
349.793
348.948
348.108
347.272
346.441
345.613
344.789
343.968
343.151
342.338
341.528
340.722
339.92
339.122
338.328
337.538
336.753
335.973
335.199
334.43
333.667
332.911
332.161
331.419
330.685
329.959
329.242
328.535
327.837
327.15
326.473
325.808
325.155
324.514
323.886
323.271
322.669
322.082
321.508
320.949
320.405
319.875
319.361
318.861
318.376
317.907
317.452
317.013
316.589
316.179
315.784
315.403
315.037
314.684
314.345
314.019
313.707
313.407
313.119
312.843
312.579
312.326
312.084
311.852
311.63
311.418
311.215
311.021
310.835
310.657
310.486
310.323
310.167
310.017
309.873
309.735
309.602
309.474
309.351
309.233
309.118
309.007
308.9
308.797
308.696
308.598
308.503
308.41
308.319
308.23
308.142
308.056
307.972
307.889
307.806
307.725
307.644
307.564
307.484
307.404
307.325
307.246
307.167
307.087
307.008
306.928
355.189
358.23
361.292
364.34
367.337
370.251
373.051
375.708
378.196
380.49
382.567
384.403
385.977
387.268
388.258
388.932
389.28
389.303
389.011
388.428
387.591
386.549
385.354
384.055
382.693
381.301
379.903
378.516
377.152
375.818
374.517
373.252
372.022
370.826
369.664
368.534
367.433
366.359
365.311
364.286
363.282
362.297
361.33
360.379
359.442
358.518
357.605
356.703
355.811
354.926
354.05
353.181
352.319
351.463
350.613
349.767
348.926
348.089
347.256
346.427
345.601
344.779
343.96
343.144
342.332
341.523
340.717
339.915
339.117
338.324
337.534
336.749
335.969
335.194
334.424
333.661
332.904
332.154
331.411
330.677
329.95
329.232
328.524
327.826
327.138
326.461
325.796
325.142
324.501
323.872
323.257
322.656
322.068
321.495
320.936
320.391
319.862
319.348
318.848
318.364
317.895
317.441
317.002
316.578
316.169
315.775
315.395
315.029
314.677
314.338
314.013
313.701
313.402
313.115
312.84
312.576
312.324
312.082
311.851
311.63
311.418
311.215
311.022
310.836
310.658
310.488
310.326
310.169
310.02
309.876
309.738
309.606
309.478
309.356
309.237
309.123
309.013
308.906
308.802
308.702
308.604
308.508
308.416
308.325
308.236
308.149
308.063
307.978
307.895
307.813
307.732
307.651
307.571
307.491
307.412
307.332
307.253
307.174
307.095
307.015
306.935
351.81
354.503
357.223
359.942
362.632
365.266
367.817
370.26
372.572
374.728
376.707
378.488
380.052
381.381
382.459
383.275
383.822
384.098
384.11
383.875
383.418
382.769
381.963
381.036
380.02
378.942
377.826
376.69
375.547
374.407
373.277
372.161
371.062
369.983
368.923
367.882
366.861
365.858
364.872
363.902
362.948
362.007
361.078
360.161
359.255
358.357
357.468
356.587
355.712
354.844
353.981
353.122
352.269
351.421
350.577
349.737
348.901
348.069
347.239
346.413
345.59
344.77
343.953
343.139
342.328
341.52
340.715
339.914
339.116
338.322
337.532
336.747
335.967
335.191
334.421
333.657
332.9
332.149
331.405
330.669
329.942
329.224
328.515
327.815
327.127
326.449
325.783
325.129
324.487
323.859
323.243
322.641
322.054
321.48
320.921
320.377
319.848
319.334
318.835
318.351
317.882
317.429
316.991
316.567
316.159
315.765
315.386
315.021
314.669
314.332
314.007
313.696
313.398
313.111
312.837
312.574
312.322
312.082
311.851
311.63
311.419
311.217
311.024
310.839
310.662
310.492
310.33
310.174
310.025
309.881
309.744
309.612
309.484
309.362
309.244
309.13
309.02
308.913
308.81
308.709
308.612
308.517
308.424
308.333
308.244
308.157
308.072
307.987
307.904
307.822
307.741
307.66
307.58
307.501
307.422
307.343
307.263
307.184
307.105
307.026
306.946
348.525
350.913
353.33
355.754
358.164
360.539
362.855
365.092
367.229
369.244
371.118
372.834
374.373
375.72
376.863
377.79
378.495
378.977
379.24
379.292
379.149
378.831
378.362
377.767
377.069
376.29
375.451
374.567
373.653
372.72
371.775
370.825
369.875
368.929
367.988
367.054
366.128
365.21
364.301
363.4
362.507
361.622
360.743
359.87
359.003
358.141
357.284
356.43
355.58
354.733
353.888
353.046
352.207
351.369
350.535
349.703
348.873
348.046
347.222
346.4
345.58
344.763
343.948
343.136
342.327
341.52
340.716
339.915
339.118
338.324
337.535
336.749
335.968
335.192
334.421
333.657
332.898
332.146
331.402
330.665
329.936
329.217
328.507
327.807
327.117
326.438
325.772
325.117
324.474
323.845
323.229
322.627
322.039
321.466
320.907
320.363
319.834
319.32
318.821
318.338
317.87
317.417
316.979
316.557
316.149
315.756
315.377
315.013
314.663
314.326
314.003
313.692
313.394
313.109
312.835
312.573
312.322
312.082
311.852
311.632
311.422
311.221
311.028
310.843
310.667
310.498
310.336
310.181
310.032
309.889
309.752
309.62
309.493
309.371
309.253
309.14
309.03
308.923
308.82
308.72
308.622
308.527
308.435
308.344
308.256
308.169
308.083
307.999
307.916
307.834
307.753
307.673
307.593
307.514
307.435
307.356
307.277
307.198
307.119
307.039
306.959
345.343
347.463
349.611
351.772
353.929
356.065
358.163
360.204
362.17
364.045
365.81
367.451
368.951
370.299
371.481
372.489
373.317
373.961
374.423
374.707
374.823
374.782
374.601
374.296
373.883
373.381
372.804
372.166
371.481
370.759
370.008
369.235
368.447
367.647
366.84
366.027
365.212
364.394
363.576
362.758
361.939
361.122
360.304
359.487
358.67
357.853
357.036
356.219
355.401
354.582
353.763
352.944
352.123
351.302
350.481
349.66
348.84
348.021
347.203
346.386
345.571
344.758
343.946
343.137
342.329
341.524
340.722
339.922
339.125
338.332
337.542
336.756
335.975
335.198
334.427
333.661
332.901
332.148
331.402
330.664
329.934
329.213
328.502
327.8
327.11
326.43
325.762
325.106
324.463
323.833
323.217
322.615
322.026
321.452
320.893
320.349
319.821
319.307
318.809
318.326
317.858
317.406
316.969
316.547
316.14
315.748
315.371
315.007
314.658
314.322
313.999
313.69
313.393
313.109
312.836
312.575
312.325
312.086
311.856
311.637
311.428
311.227
311.035
310.851
310.675
310.507
310.345
310.191
310.042
309.9
309.763
309.632
309.505
309.384
309.266
309.153
309.043
308.937
308.834
308.734
308.637
308.542
308.45
308.359
308.271
308.184
308.099
308.015
307.932
307.851
307.77
307.689
307.61
307.531
307.452
307.373
307.294
307.216
307.137
307.057
306.977
342.277
344.158
346.067
347.993
349.922
351.842
353.737
355.595
357.398
359.135
360.789
362.347
363.797
365.127
366.327
367.388
368.304
369.07
369.687
370.155
370.479
370.666
370.727
370.67
370.509
370.255
369.92
369.515
369.052
368.538
367.982
367.392
366.773
366.13
365.467
364.788
364.095
363.391
362.676
361.953
361.223
360.485
359.741
358.991
358.236
357.474
356.708
355.937
355.16
354.379
353.593
352.802
352.008
351.21
350.409
349.604
348.798
347.989
347.18
346.371
345.562
344.754
343.947
343.141
342.337
341.534
340.733
339.935
339.139
338.346
337.556
336.77
335.988
335.21
334.438
333.671
332.91
332.155
331.408
330.668
329.937
329.215
328.502
327.799
327.107
326.426
325.757
325.1
324.456
323.825
323.208
322.605
322.016
321.442
320.883
320.339
319.81
319.297
318.799
318.317
317.85
317.398
316.962
316.541
316.135
315.743
315.367
315.004
314.656
314.321
314
313.691
313.395
313.112
312.84
312.58
312.331
312.093
311.864
311.646
311.437
311.237
311.046
310.863
310.688
310.52
310.359
310.205
310.057
309.915
309.779
309.648
309.522
309.401
309.283
309.17
309.061
308.955
308.852
308.753
308.656
308.561
308.469
308.379
308.291
308.204
308.119
308.035
307.953
307.871
307.791
307.711
307.631
307.552
307.474
307.395
307.317
307.239
307.16
307.081
307.001
339.337
341.006
342.702
344.418
346.142
347.865
349.576
351.262
352.912
354.514
356.057
357.528
358.918
360.215
361.412
362.5
363.473
364.327
365.059
365.668
366.157
366.528
366.786
366.939
366.993
366.958
366.84
366.649
366.393
366.08
365.715
365.307
364.859
364.377
363.866
363.329
362.768
362.187
361.587
360.971
360.339
359.693
359.034
358.363
357.679
356.985
356.28
355.565
354.839
354.105
353.361
352.609
351.848
351.08
350.306
349.525
348.738
347.947
347.151
346.353
345.553
344.752
343.95
343.149
342.348
341.549
340.75
339.954
339.159
338.367
337.577
336.791
336.009
335.231
334.457
333.689
332.927
332.171
331.422
330.68
329.947
329.223
328.508
327.804
327.11
326.428
325.757
325.099
324.454
323.822
323.204
322.6
322.011
321.437
320.877
320.333
319.804
319.291
318.794
318.312
317.845
317.395
316.959
316.539
316.134
315.743
315.367
315.006
314.659
314.325
314.005
313.697
313.402
313.12
312.849
312.59
312.342
312.105
311.878
311.66
311.452
311.253
311.063
310.88
310.706
310.539
310.378
310.225
310.078
309.936
309.8
309.67
309.544
309.423
309.306
309.194
309.084
308.979
308.876
308.777
308.68
308.586
308.494
308.404
308.316
308.23
308.145
308.061
307.979
307.898
307.817
307.738
307.659
307.58
307.502
307.424
307.346
307.267
307.189
307.11
307.031
336.534
338.014
339.522
341.049
342.589
344.134
345.675
347.203
348.708
350.182
351.614
352.995
354.317
355.57
356.746
357.84
358.844
359.754
360.566
361.28
361.893
362.408
362.825
363.15
363.385
363.536
363.609
363.61
363.543
363.415
363.232
362.998
362.719
362.399
362.041
361.649
361.226
360.775
360.298
359.797
359.274
358.73
358.166
357.584
356.984
356.367
355.733
355.085
354.421
353.743
353.051
352.346
351.628
350.899
350.159
349.409
348.649
347.881
347.106
346.325
345.538
344.747
343.954
343.159
342.364
341.569
340.774
339.98
339.187
338.396
337.608
336.822
336.039
335.26
334.486
333.717
332.953
332.195
331.445
330.702
329.967
329.241
328.524
327.818
327.122
326.438
325.766
325.106
324.46
323.827
323.208
322.603
322.013
321.438
320.879
320.334
319.806
319.293
318.796
318.314
317.848
317.398
316.963
316.544
316.139
315.75
315.375
315.015
314.668
314.336
314.017
313.71
313.417
313.135
312.866
312.608
312.361
312.124
311.898
311.681
311.474
311.276
311.086
310.905
310.731
310.564
310.405
310.252
310.105
309.964
309.829
309.699
309.573
309.453
309.336
309.224
309.115
309.01
308.907
308.808
308.712
308.618
308.526
308.436
308.348
308.262
308.178
308.094
308.012
307.931
307.851
307.772
307.693
307.615
307.537
307.459
307.381
307.304
307.226
307.147
307.068
333.88
335.192
336.53
337.889
339.264
340.647
342.034
343.416
344.786
346.137
347.461
348.75
349.998
351.196
352.338
353.418
354.431
355.371
356.235
357.019
357.724
358.346
358.887
359.348
359.731
360.038
360.273
360.44
360.541
360.581
360.565
360.495
360.376
360.212
360.005
359.758
359.475
359.157
358.808
358.428
358.02
357.586
357.125
356.641
356.133
355.603
355.051
354.479
353.886
353.274
352.644
351.996
351.331
350.65
349.954
349.243
348.518
347.782
347.034
346.276
345.51
344.736
343.956
343.17
342.383
341.593
340.803
340.013
339.223
338.435
337.648
336.863
336.08
335.302
334.527
333.756
332.991
332.232
331.48
330.735
329.998
329.27
328.551
327.843
327.146
326.46
325.786
325.125
324.477
323.842
323.222
322.617
322.026
321.451
320.891
320.346
319.817
319.304
318.807
318.326
317.861
317.411
316.977
316.558
316.155
315.766
315.392
315.033
314.688
314.356
314.038
313.733
313.44
313.16
312.892
312.634
312.388
312.153
311.928
311.712
311.506
311.308
311.119
310.938
310.765
310.599
310.44
310.288
310.142
310.001
309.866
309.736
309.611
309.491
309.375
309.263
309.154
309.049
308.947
308.848
308.752
308.658
308.566
308.477
308.389
308.303
308.219
308.136
308.054
307.973
307.893
307.814
307.736
307.658
307.58
307.503
307.426
307.348
307.271
307.193
307.114
331.385
332.547
333.734
334.942
336.168
337.405
338.651
339.898
341.142
342.377
343.596
344.793
345.963
347.099
348.195
349.247
350.25
351.198
352.088
352.916
353.681
354.38
355.013
355.579
356.078
356.511
356.879
357.186
357.431
357.619
357.752
357.831
357.86
357.842
357.779
357.673
357.527
357.342
357.121
356.865
356.576
356.256
355.905
355.525
355.116
354.681
354.219
353.732
353.219
352.683
352.124
351.543
350.939
350.316
349.672
349.01
348.329
347.633
346.92
346.194
345.455
344.705
343.945
343.176
342.401
341.621
340.838
340.053
339.268
338.483
337.698
336.915
336.134
335.355
334.58
333.81
333.044
332.284
331.53
330.783
330.044
329.314
328.594
327.884
327.184
326.496
325.821
325.158
324.508
323.873
323.251
322.645
322.053
321.477
320.916
320.371
319.842
319.33
318.833
318.352
317.887
317.437
317.004
316.586
316.183
315.795
315.422
315.064
314.72
314.389
314.072
313.768
313.476
313.197
312.929
312.673
312.428
312.193
311.969
311.754
311.548
311.352
311.163
310.983
310.811
310.645
310.487
310.335
310.189
310.049
309.914
309.785
309.66
309.54
309.424
309.312
309.203
309.098
308.997
308.898
308.802
308.708
308.616
308.527
308.44
308.354
308.27
308.187
308.105
308.025
307.945
307.867
307.789
307.711
307.634
307.557
307.48
307.403
307.326
307.249
307.171
329.059
330.087
331.139
332.212
333.303
334.409
335.526
336.65
337.776
338.9
340.018
341.124
342.214
343.282
344.325
345.337
346.314
347.251
348.146
348.995
349.796
350.544
351.24
351.882
352.468
352.998
353.474
353.894
354.26
354.573
354.834
355.045
355.207
355.323
355.393
355.419
355.403
355.346
355.251
355.118
354.948
354.744
354.505
354.233
353.929
353.594
353.228
352.833
352.408
351.956
351.476
350.969
350.437
349.879
349.298
348.693
348.066
347.418
346.75
346.064
345.361
344.642
343.91
343.165
342.41
341.646
340.875
340.098
339.32
338.54
337.759
336.979
336.2
335.423
334.649
333.879
333.113
332.352
331.597
330.849
330.109
329.377
328.655
327.943
327.241
326.552
325.874
325.21
324.558
323.921
323.299
322.691
322.098
321.521
320.96
320.415
319.885
319.372
318.875
318.394
317.93
317.481
317.048
316.63
316.228
315.841
315.469
315.111
314.768
314.438
314.121
313.818
313.527
313.249
312.982
312.727
312.482
312.249
312.025
311.811
311.606
311.409
311.222
311.042
310.87
310.705
310.547
310.395
310.249
310.11
309.975
309.846
309.721
309.601
309.485
309.373
309.265
309.16
309.058
308.96
308.863
308.77
308.678
308.589
308.502
308.416
308.332
308.25
308.168
308.088
308.009
307.931
307.853
307.776
307.699
307.622
307.546
307.47
307.394
307.317
307.24
326.913
327.821
328.752
329.704
330.674
331.66
332.659
333.669
334.686
335.707
336.727
337.744
338.753
339.75
340.732
341.695
342.635
343.548
344.431
345.281
346.095
346.87
347.604
348.296
348.943
349.545
350.101
350.61
351.072
351.488
351.857
352.18
352.457
352.69
352.88
353.026
353.131
353.195
353.218
353.203
353.15
353.059
352.932
352.77
352.572
352.34
352.074
351.776
351.445
351.082
350.688
350.264
349.81
349.326
348.815
348.277
347.712
347.121
346.507
345.87
345.212
344.534
343.837
343.124
342.396
341.656
340.904
340.144
339.376
338.604
337.83
337.055
336.28
335.506
334.734
333.965
333.2
332.439
331.684
330.935
330.194
329.461
328.737
328.024
327.321
326.629
325.95
325.284
324.631
323.993
323.369
322.76
322.166
321.588
321.026
320.48
319.95
319.437
318.94
318.459
317.994
317.545
317.112
316.695
316.294
315.907
315.535
315.178
314.835
314.506
314.19
313.888
313.598
313.32
313.054
312.799
312.555
312.322
312.098
311.885
311.68
311.484
311.297
311.117
310.946
310.781
310.623
310.471
310.326
310.186
310.052
309.922
309.798
309.678
309.562
309.45
309.341
309.236
309.135
309.036
308.94
308.846
308.755
308.665
308.578
308.493
308.409
308.326
308.245
308.165
308.086
308.008
307.931
307.854
307.778
307.702
307.626
307.551
307.475
307.399
307.323
324.955
325.756
326.578
327.421
328.282
329.159
330.052
330.957
331.872
332.795
333.723
334.653
335.582
336.506
337.424
338.331
339.224
340.101
340.959
341.793
342.603
343.385
344.137
344.856
345.541
346.191
346.804
347.378
347.913
348.409
348.864
349.279
349.653
349.986
350.279
350.531
350.744
350.917
351.051
351.146
351.202
351.221
351.202
351.146
351.054
350.925
350.761
350.561
350.327
350.057
349.754
349.417
349.048
348.646
348.212
347.747
347.252
346.728
346.176
345.596
344.992
344.363
343.711
343.038
342.347
341.638
340.914
340.176
339.428
338.672
337.908
337.141
336.373
335.604
334.836
334.07
333.307
332.547
331.793
331.045
330.303
329.57
328.845
328.131
327.427
326.734
326.053
325.386
324.732
324.092
323.467
322.856
322.262
321.683
321.12
320.573
320.042
319.528
319.031
318.549
318.084
317.636
317.203
316.786
316.384
315.998
315.626
315.269
314.927
314.598
314.283
313.98
313.691
313.413
313.147
312.893
312.649
312.416
312.193
311.98
311.775
311.58
311.392
311.213
311.041
310.876
310.718
310.566
310.421
310.281
310.146
310.017
309.892
309.772
309.656
309.543
309.435
309.33
309.228
309.129
309.032
308.938
308.847
308.758
308.67
308.585
308.501
308.419
308.338
308.258
308.179
308.101
308.024
307.948
307.872
307.797
307.722
307.647
307.572
307.498
307.423
323.192
323.898
324.623
325.367
326.13
326.909
327.704
328.513
329.334
330.166
331.006
331.852
332.702
333.553
334.404
335.251
336.091
336.924
337.745
338.552
339.343
340.115
340.866
341.595
342.298
342.975
343.623
344.241
344.827
345.381
345.902
346.388
346.839
347.254
347.633
347.975
348.281
348.55
348.781
348.975
349.133
349.253
349.336
349.381
349.39
349.362
349.297
349.196
349.058
348.884
348.674
348.428
348.146
347.83
347.479
347.094
346.675
346.224
345.742
345.228
344.685
344.114
343.516
342.892
342.246
341.577
340.889
340.184
339.463
338.73
337.986
337.233
336.475
335.714
334.953
334.192
333.434
332.678
331.926
331.179
330.439
329.706
328.982
328.267
327.562
326.869
326.187
325.519
324.864
324.223
323.596
322.985
322.389
321.809
321.245
320.697
320.166
319.651
319.153
318.671
318.206
317.757
317.324
316.906
316.505
316.118
315.747
315.39
315.047
314.718
314.403
314.101
313.811
313.533
313.268
313.013
312.769
312.536
312.313
312.099
311.895
311.699
311.512
311.332
311.16
310.995
310.836
310.684
310.538
310.398
310.263
310.133
310.008
309.887
309.77
309.658
309.549
309.443
309.341
309.241
309.145
309.05
308.959
308.869
308.782
308.696
308.612
308.53
308.449
308.369
308.29
308.213
308.136
308.06
307.985
307.91
307.836
307.762
307.688
307.615
307.541
321.632
322.252
322.89
323.546
324.22
324.911
325.617
326.338
327.072
327.818
328.575
329.341
330.115
330.894
331.676
332.46
333.244
334.025
334.802
335.572
336.333
337.082
337.819
338.541
339.245
339.93
340.595
341.237
341.855
342.448
343.014
343.551
344.06
344.538
344.985
345.4
345.783
346.132
346.448
346.729
346.975
347.186
347.361
347.5
347.604
347.67
347.701
347.694
347.651
347.57
347.453
347.298
347.106
346.878
346.613
346.312
345.975
345.602
345.195
344.754
344.28
343.774
343.237
342.672
342.078
341.459
340.816
340.151
339.466
338.765
338.048
337.319
336.58
335.834
335.083
334.331
333.579
332.829
332.082
331.339
330.602
329.871
329.149
328.435
327.731
327.037
326.356
325.687
325.031
324.389
323.762
323.15
322.553
321.972
321.407
320.859
320.327
319.811
319.312
318.83
318.364
317.914
317.48
317.062
316.66
316.273
315.901
315.544
315.201
314.871
314.556
314.253
313.963
313.685
313.419
313.164
312.92
312.686
312.463
312.248
312.043
311.847
311.659
311.479
311.306
311.14
310.981
310.828
310.682
310.54
310.405
310.274
310.148
310.027
309.909
309.796
309.686
309.58
309.477
309.377
309.28
309.185
309.093
309.003
308.915
308.829
308.745
308.662
308.581
308.502
308.423
308.346
308.269
308.194
308.119
308.045
307.972
307.898
307.826
307.753
307.68
320.28
320.823
321.383
321.961
322.555
323.165
323.79
324.43
325.085
325.752
326.431
327.121
327.821
328.53
329.245
329.965
330.689
331.415
332.142
332.867
333.59
334.307
335.017
335.719
336.41
337.089
337.754
338.403
339.035
339.649
340.241
340.812
341.36
341.883
342.381
342.851
343.294
343.708
344.091
344.445
344.766
345.055
345.312
345.534
345.722
345.876
345.994
346.076
346.122
346.131
346.103
346.038
345.935
345.795
345.616
345.401
345.147
344.857
344.529
344.165
343.766
343.332
342.864
342.363
341.831
341.269
340.679
340.063
339.424
338.762
338.082
337.384
336.673
335.95
335.219
334.482
333.741
333
332.261
331.525
330.793
330.066
329.347
328.636
327.934
327.242
326.562
325.893
325.238
324.596
323.969
323.356
322.759
322.177
321.611
321.062
320.529
320.013
319.513
319.029
318.562
318.112
317.677
317.258
316.855
316.468
316.095
315.737
315.393
315.063
314.746
314.443
314.152
313.873
313.606
313.35
313.106
312.871
312.647
312.431
312.225
312.028
311.839
311.658
311.484
311.317
311.157
311.003
310.855
310.713
310.576
310.445
310.318
310.195
310.077
309.962
309.851
309.744
309.64
309.539
309.441
309.346
309.253
309.162
309.074
308.987
308.903
308.82
308.739
308.659
308.581
308.503
308.427
308.352
308.278
308.204
308.131
308.059
307.987
307.916
307.844
319.138
319.613
320.104
320.611
321.133
321.671
322.223
322.79
323.371
323.965
324.572
325.191
325.821
326.461
327.11
327.767
328.431
329.1
329.773
330.45
331.127
331.804
332.479
333.151
333.818
334.478
335.13
335.772
336.403
337.021
337.624
338.211
338.781
339.332
339.863
340.372
340.858
341.32
341.756
342.166
342.548
342.902
343.226
343.519
343.781
344.01
344.207
344.369
344.496
344.588
344.644
344.664
344.646
344.591
344.498
344.367
344.198
343.99
343.744
343.46
343.139
342.781
342.386
341.956
341.492
340.994
340.466
339.907
339.321
338.708
338.073
337.416
336.741
336.05
335.346
334.633
333.912
333.186
332.458
331.732
331.009
330.29
329.577
328.871
328.173
327.484
326.807
326.14
325.486
324.846
324.219
323.607
323.009
322.428
321.862
321.312
320.778
320.261
319.76
319.276
318.808
318.356
317.921
317.501
317.097
316.708
316.334
315.974
315.629
315.298
314.98
314.676
314.384
314.104
313.835
313.578
313.332
313.096
312.87
312.654
312.446
312.248
312.057
311.874
311.699
311.531
311.369
311.214
311.064
310.921
310.782
310.649
310.521
310.397
310.277
310.161
310.049
309.94
309.835
309.733
309.634
309.537
309.443
309.352
309.263
309.175
309.09
309.007
308.925
308.845
308.767
308.689
308.613
308.538
308.465
308.392
308.319
308.248
308.177
308.107
308.037
318.208
318.623
319.053
319.497
319.955
320.427
320.914
321.414
321.928
322.456
322.996
323.548
324.112
324.688
325.273
325.868
326.472
327.084
327.702
328.326
328.955
329.586
330.22
330.854
331.488
332.12
332.748
333.371
333.988
334.597
335.197
335.786
336.363
336.926
337.473
338.005
338.518
339.012
339.485
339.936
340.364
340.767
341.145
341.495
341.818
342.111
342.374
342.605
342.805
342.971
343.102
343.199
343.261
343.285
343.273
343.223
343.135
343.009
342.845
342.641
342.399
342.119
341.801
341.446
341.054
340.626
340.165
339.67
339.144
338.589
338.006
337.398
336.768
336.118
335.451
334.77
334.077
333.375
332.668
331.958
331.247
330.539
329.836
329.138
328.447
327.764
327.091
326.429
325.779
325.14
324.516
323.905
323.309
322.728
322.162
321.612
321.078
320.561
320.059
319.574
319.105
318.652
318.216
317.795
317.389
316.999
316.624
316.263
315.916
315.583
315.264
314.958
314.664
314.382
314.112
313.854
313.606
313.368
313.14
312.922
312.712
312.512
312.319
312.134
311.957
311.787
311.623
311.466
311.315
311.169
311.029
310.894
310.763
310.637
310.516
310.398
310.284
310.174
310.067
309.963
309.862
309.764
309.669
309.576
309.486
309.398
309.312
309.227
309.145
309.065
308.986
308.908
308.832
308.757
308.684
308.611
308.54
308.469
308.399
308.33
308.261
317.491
317.853
318.228
318.616
319.017
319.432
319.859
320.3
320.753
321.219
321.698
322.189
322.692
323.206
323.732
324.267
324.813
325.368
325.931
326.502
327.079
327.663
328.251
328.842
329.437
330.033
330.629
331.224
331.817
332.406
332.99
333.568
334.139
334.7
335.251
335.79
336.315
336.826
337.321
337.798
338.256
338.694
339.111
339.504
339.873
340.217
340.533
340.822
341.081
341.31
341.508
341.673
341.805
341.902
341.964
341.989
341.978
341.929
341.842
341.717
341.554
341.351
341.11
340.831
340.514
340.16
339.77
339.344
338.884
338.392
337.87
337.319
336.742
336.141
335.519
334.878
334.222
333.554
332.875
332.19
331.501
330.809
330.12
329.434
328.753
328.08
327.415
326.759
326.114
325.481
324.86
324.252
323.659
323.079
322.515
321.966
321.433
320.916
320.414
319.929
319.459
319.006
318.568
318.146
317.739
317.347
316.97
316.608
316.26
315.925
315.604
315.296
315
314.716
314.444
314.183
313.933
313.693
313.463
313.242
313.03
312.827
312.632
312.445
312.265
312.093
311.926
311.767
311.613
311.465
311.322
311.184
311.052
310.923
310.799
310.679
310.563
310.451
310.342
310.236
310.133
310.033
309.936
309.842
309.75
309.66
309.573
309.487
309.404
309.323
309.243
309.165
309.089
309.014
308.94
308.868
308.797
308.726
308.657
308.589
308.522
316.985
317.3
317.627
317.966
318.317
318.679
319.054
319.441
319.84
320.251
320.674
321.109
321.555
322.013
322.482
322.962
323.452
323.951
324.461
324.979
325.505
326.038
326.578
327.124
327.675
328.23
328.788
329.348
329.909
330.47
331.029
331.586
332.139
332.687
333.229
333.762
334.287
334.801
335.303
335.792
336.266
336.725
337.165
337.587
337.989
338.369
338.726
339.058
339.365
339.645
339.897
340.119
340.31
340.47
340.597
340.689
340.747
340.769
340.755
340.704
340.615
340.487
340.322
340.118
339.876
339.596
339.279
338.925
338.536
338.112
337.655
337.167
336.65
336.105
335.536
334.945
334.334
333.706
333.065
332.413
331.753
331.088
330.421
329.753
329.087
328.427
327.774
327.128
326.492
325.866
325.252
324.649
324.06
323.485
322.924
322.377
321.846
321.33
320.829
320.344
319.875
319.421
318.983
318.56
318.152
317.759
317.381
317.017
316.666
316.33
316.007
315.696
315.398
315.112
314.838
314.574
314.321
314.079
313.846
313.622
313.408
313.202
313.004
312.814
312.631
312.455
312.286
312.123
311.966
311.815
311.67
311.529
311.393
311.262
311.135
311.012
310.893
310.778
310.666
310.558
310.452
310.35
310.251
310.154
310.06
309.969
309.879
309.793
309.708
309.625
309.544
309.465
309.388
309.313
309.239
309.167
309.096
309.026
308.958
308.89
308.824
316.686
316.961
317.246
317.542
317.848
318.165
318.493
318.832
319.183
319.544
319.917
320.301
320.696
321.102
321.518
321.945
322.383
322.831
323.288
323.755
324.23
324.714
325.206
325.705
326.21
326.721
327.237
327.757
328.281
328.807
329.334
329.862
330.389
330.914
331.436
331.953
332.465
332.971
333.468
333.956
334.433
334.898
335.349
335.786
336.206
336.609
336.992
337.355
337.696
338.013
338.306
338.573
338.812
339.023
339.204
339.354
339.472
339.556
339.606
339.622
339.601
339.544
339.449
339.318
339.148
338.941
338.697
338.415
338.097
337.744
337.356
336.935
336.482
336
335.491
334.955
334.398
333.819
333.224
332.613
331.991
331.36
330.723
330.082
329.441
328.8
328.163
327.532
326.908
326.293
325.689
325.095
324.513
323.944
323.388
322.846
322.319
321.806
321.307
320.824
320.356
319.903
319.465
319.042
318.633
318.24
317.86
317.495
317.143
316.805
316.48
316.167
315.867
315.578
315.301
315.035
314.779
314.533
314.298
314.071
313.853
313.644
313.443
313.249
313.063
312.884
312.711
312.544
312.384
312.229
312.08
311.936
311.796
311.661
311.531
311.405
311.282
311.164
311.049
310.937
310.829
310.723
310.621
310.522
310.425
310.331
310.239
310.15
310.064
309.979
309.897
309.816
309.738
309.662
309.587
309.514
309.443
309.374
309.305
309.239
309.173
316.591
316.831
317.079
317.337
317.605
317.882
318.169
318.467
318.774
319.091
319.419
319.757
320.105
320.464
320.833
321.212
321.601
321.999
322.408
322.826
323.252
323.688
324.132
324.584
325.043
325.509
325.981
326.459
326.941
327.428
327.918
328.411
328.905
329.4
329.894
330.387
330.877
331.363
331.845
332.321
332.789
333.249
333.698
334.137
334.562
334.974
335.371
335.75
336.112
336.454
336.775
337.073
337.348
337.598
337.821
338.017
338.183
338.32
338.425
338.497
338.537
338.542
338.512
338.446
338.344
338.206
338.032
337.821
337.573
337.29
336.972
336.62
336.236
335.82
335.374
334.901
334.402
333.88
333.337
332.776
332.2
331.611
331.013
330.407
329.797
329.184
328.572
327.963
327.357
326.758
326.168
325.586
325.015
324.456
323.908
323.374
322.852
322.344
321.851
321.371
320.906
320.455
320.018
319.596
319.189
318.795
318.416
318.05
317.697
317.357
317.03
316.716
316.413
316.122
315.843
315.574
315.315
315.066
314.827
314.597
314.376
314.163
313.958
313.76
313.57
313.387
313.21
313.04
312.875
312.716
312.563
312.414
312.27
312.131
311.997
311.866
311.74
311.617
311.498
311.383
311.27
311.161
311.056
310.953
310.853
310.755
310.661
310.569
310.479
310.392
310.308
310.225
310.145
310.067
309.991
309.918
309.846
309.775
309.707
309.64
309.575
316.696
316.905
317.122
317.347
317.581
317.824
318.075
318.335
318.604
318.883
319.171
319.468
319.774
320.09
320.416
320.751
321.095
321.449
321.812
322.184
322.565
322.954
323.352
323.758
324.171
324.592
325.02
325.454
325.894
326.339
326.789
327.242
327.699
328.158
328.619
329.08
329.541
330.001
330.458
330.912
331.362
331.806
332.243
332.672
333.092
333.501
333.898
334.282
334.651
335.004
335.34
335.658
335.955
336.231
336.484
336.713
336.916
337.093
337.241
337.361
337.45
337.508
337.534
337.526
337.485
337.41
337.299
337.154
336.974
336.759
336.509
336.226
335.909
335.561
335.182
334.773
334.338
333.877
333.393
332.888
332.365
331.826
331.274
330.711
330.141
329.564
328.985
328.405
327.827
327.251
326.681
326.118
325.562
325.016
324.481
323.957
323.445
322.946
322.459
321.986
321.526
321.079
320.646
320.227
319.822
319.43
319.051
318.686
318.333
317.993
317.665
317.35
317.046
316.753
316.471
316.199
315.938
315.686
315.443
315.21
314.985
314.768
314.559
314.358
314.163
313.976
313.794
313.619
313.45
313.287
313.128
312.975
312.827
312.683
312.543
312.408
312.277
312.149
312.025
311.905
311.788
311.675
311.564
311.457
311.353
311.252
311.153
311.057
310.964
310.874
310.786
310.701
310.618
310.538
310.46
310.384
310.311
310.239
310.17
310.103
310.037
316.994
317.177
317.367
317.564
317.769
317.981
318.201
318.43
318.666
318.91
319.162
319.423
319.693
319.971
320.257
320.553
320.856
321.169
321.49
321.819
322.157
322.503
322.857
323.219
323.589
323.966
324.35
324.74
325.137
325.539
325.947
326.36
326.776
327.197
327.62
328.045
328.471
328.898
329.324
329.749
330.172
330.592
331.007
331.417
331.821
332.216
332.603
332.98
333.345
333.698
334.037
334.361
334.668
334.957
335.227
335.477
335.704
335.909
336.089
336.244
336.372
336.472
336.543
336.584
336.594
336.573
336.519
336.433
336.314
336.162
335.977
335.759
335.509
335.227
334.914
334.572
334.202
333.805
333.384
332.94
332.475
331.992
331.493
330.981
330.457
329.925
329.387
328.844
328.3
327.756
327.214
326.676
326.144
325.618
325.1
324.592
324.093
323.606
323.131
322.667
322.215
321.776
321.35
320.936
320.535
320.147
319.771
319.408
319.057
318.718
318.391
318.075
317.77
317.476
317.192
316.919
316.655
316.401
316.156
315.919
315.691
315.47
315.257
315.051
314.853
314.66
314.474
314.295
314.12
313.952
313.788
313.629
313.476
313.326
313.181
313.04
312.904
312.771
312.641
312.516
312.393
312.274
312.159
312.046
311.937
311.831
311.727
311.627
311.529
311.434
311.342
311.253
311.167
311.083
311.002
310.923
310.847
310.773
310.702
310.633
310.566
317.48
317.64
317.807
317.981
318.161
318.347
318.54
318.74
318.947
319.162
319.383
319.612
319.849
320.093
320.345
320.604
320.872
321.147
321.429
321.72
322.018
322.324
322.637
322.957
323.285
323.62
323.961
324.309
324.664
325.024
325.389
325.76
326.135
326.514
326.897
327.283
327.671
328.06
328.451
328.842
329.232
329.621
330.007
330.39
330.769
331.143
331.51
331.87
332.221
332.562
332.893
333.212
333.517
333.808
334.083
334.341
334.581
334.801
335.001
335.178
335.333
335.463
335.568
335.647
335.698
335.721
335.715
335.679
335.614
335.517
335.39
335.232
335.044
334.825
334.577
334.299
333.994
333.662
333.305
332.925
332.522
332.099
331.659
331.202
330.732
330.251
329.761
329.263
328.761
328.256
327.75
327.245
326.743
326.245
325.752
325.267
324.789
324.32
323.86
323.411
322.972
322.544
322.127
321.722
321.329
320.947
320.577
320.219
319.871
319.535
319.21
318.896
318.592
318.298
318.014
317.74
317.475
317.219
316.972
316.732
316.501
316.277
316.061
315.851
315.648
315.451
315.261
315.076
314.896
314.722
314.553
314.389
314.229
314.074
313.923
313.776
313.633
313.494
313.358
313.226
313.098
312.972
312.85
312.732
312.616
312.504
312.394
312.288
312.185
312.084
311.987
311.893
311.801
311.713
311.627
311.544
311.464
311.387
311.312
311.24
311.171
318.147
318.289
318.436
318.588
318.747
318.911
319.08
319.256
319.438
319.626
319.821
320.022
320.229
320.443
320.664
320.892
321.126
321.367
321.615
321.87
322.132
322.4
322.675
322.957
323.246
323.54
323.841
324.149
324.461
324.78
325.104
325.432
325.766
326.104
326.445
326.79
327.138
327.488
327.839
328.192
328.545
328.898
329.251
329.601
329.948
330.293
330.633
330.967
331.296
331.617
331.93
332.233
332.527
332.808
333.077
333.333
333.573
333.798
334.005
334.194
334.363
334.512
334.639
334.744
334.825
334.881
334.912
334.917
334.895
334.846
334.769
334.663
334.53
334.369
334.18
333.963
333.72
333.451
333.157
332.84
332.5
332.14
331.761
331.365
330.953
330.528
330.092
329.646
329.193
328.734
328.272
327.808
327.343
326.88
326.42
325.965
325.514
325.07
324.633
324.204
323.784
323.373
322.971
322.58
322.198
321.827
321.466
321.116
320.775
320.445
320.125
319.814
319.513
319.222
318.94
318.667
318.402
318.146
317.897
317.656
317.423
317.197
316.977
316.764
316.558
316.357
316.162
315.972
315.788
315.608
315.434
315.263
315.098
314.936
314.779
314.625
314.476
314.33
314.187
314.048
313.913
313.78
313.651
313.525
313.403
313.283
313.167
313.053
312.943
312.836
312.732
312.631
312.533
312.438
312.346
312.257
312.172
312.089
312.009
311.933
311.86
318.985
319.111
319.241
319.376
319.516
319.66
319.81
319.964
320.124
320.289
320.46
320.636
320.818
321.005
321.198
321.397
321.601
321.812
322.028
322.251
322.479
322.713
322.953
323.199
323.451
323.708
323.971
324.239
324.512
324.791
325.074
325.362
325.654
325.951
326.251
326.554
326.86
327.169
327.48
327.793
328.107
328.421
328.735
329.048
329.36
329.67
329.977
330.28
330.579
330.873
331.16
331.44
331.713
331.976
332.23
332.473
332.704
332.922
333.126
333.315
333.488
333.645
333.783
333.902
334.002
334.08
334.137
334.172
334.183
334.17
334.134
334.072
333.986
333.874
333.737
333.575
333.389
333.178
332.945
332.688
332.41
332.112
331.795
331.46
331.109
330.744
330.366
329.976
329.578
329.172
328.76
328.343
327.924
327.504
327.084
326.666
326.25
325.838
325.431
325.03
324.635
324.247
323.867
323.494
323.13
322.775
322.428
322.09
321.76
321.44
321.128
320.825
320.531
320.245
319.967
319.697
319.435
319.181
318.933
318.693
318.459
318.232
318.011
317.796
317.586
317.382
317.184
316.99
316.801
316.617
316.437
316.261
316.09
315.922
315.758
315.598
315.441
315.288
315.138
314.992
314.848
314.708
314.571
314.438
314.307
314.179
314.055
313.933
313.815
313.699
313.587
313.478
313.372
313.269
313.169
313.073
312.98
312.89
312.803
312.72
312.64
319.982
320.093
320.209
320.328
320.451
320.579
320.71
320.846
320.987
321.131
321.281
321.434
321.593
321.756
321.924
322.097
322.275
322.457
322.645
322.838
323.035
323.238
323.445
323.658
323.875
324.097
324.324
324.555
324.791
325.031
325.276
325.524
325.777
326.033
326.292
326.554
326.819
327.087
327.357
327.628
327.901
328.174
328.448
328.722
328.995
329.267
329.537
329.805
330.069
330.33
330.586
330.837
331.082
331.32
331.551
331.773
331.986
332.189
332.381
332.561
332.728
332.881
333.02
333.143
333.251
333.341
333.413
333.466
333.5
333.514
333.507
333.48
333.43
333.359
333.267
333.152
333.015
332.857
332.677
332.477
332.257
332.017
331.76
331.485
331.195
330.89
330.572
330.242
329.901
329.552
329.195
328.832
328.464
328.093
327.72
327.346
326.973
326.601
326.231
325.864
325.502
325.144
324.792
324.445
324.105
323.771
323.444
323.124
322.811
322.506
322.207
321.916
321.633
321.356
321.086
320.823
320.567
320.317
320.073
319.836
319.604
319.378
319.157
318.942
318.732
318.526
318.325
318.129
317.936
317.748
317.564
317.384
317.207
317.033
316.864
316.697
316.534
316.373
316.216
316.062
315.911
315.763
315.617
315.475
315.336
315.199
315.065
314.935
314.807
314.682
314.561
314.442
314.327
314.214
314.105
313.999
313.896
313.797
313.7
313.607
313.518
321.115
321.214
321.316
321.422
321.53
321.642
321.758
321.877
322
322.126
322.256
322.39
322.527
322.668
322.814
322.963
323.116
323.273
323.434
323.599
323.768
323.942
324.119
324.3
324.486
324.675
324.868
325.064
325.265
325.469
325.676
325.887
326.101
326.318
326.538
326.76
326.985
327.212
327.441
327.671
327.902
328.135
328.368
328.601
328.834
329.066
329.297
329.527
329.754
329.978
330.2
330.417
330.63
330.838
331.04
331.235
331.424
331.605
331.777
331.94
332.092
332.235
332.365
332.484
332.589
332.681
332.758
332.821
332.867
332.897
332.911
332.907
332.885
332.845
332.787
332.71
332.614
332.5
332.367
332.217
332.048
331.863
331.66
331.443
331.21
330.964
330.704
330.433
330.151
329.86
329.56
329.253
328.941
328.623
328.302
327.978
327.653
327.327
327.001
326.677
326.354
326.033
325.716
325.402
325.092
324.787
324.487
324.191
323.901
323.616
323.337
323.063
322.795
322.532
322.275
322.024
321.777
321.536
321.3
321.069
320.842
320.621
320.403
320.19
319.982
319.777
319.576
319.378
319.185
318.994
318.807
318.623
318.443
318.265
318.09
317.918
317.748
317.582
317.418
317.256
317.098
316.941
316.788
316.637
316.488
316.342
316.199
316.059
315.921
315.786
315.654
315.525
315.399
315.276
315.156
315.038
314.924
314.813
314.704
314.599
314.497
322.352
322.44
322.53
322.623
322.719
322.817
322.918
323.022
323.128
323.237
323.35
323.465
323.583
323.704
323.828
323.955
324.086
324.219
324.356
324.495
324.638
324.784
324.933
325.085
325.241
325.399
325.56
325.724
325.891
326.061
326.233
326.408
326.585
326.765
326.947
327.131
327.317
327.504
327.693
327.884
328.075
328.267
328.46
328.653
328.846
329.038
329.23
329.42
329.609
329.796
329.98
330.162
330.34
330.514
330.684
330.85
331.009
331.163
331.311
331.451
331.584
331.708
331.824
331.93
332.026
332.112
332.186
332.249
332.299
332.337
332.361
332.371
332.367
332.349
332.316
332.267
332.204
332.125
332.03
331.921
331.797
331.658
331.505
331.338
331.158
330.965
330.761
330.546
330.321
330.086
329.843
329.593
329.336
329.074
328.807
328.536
328.263
327.987
327.71
327.432
327.154
326.877
326.6
326.326
326.053
325.783
325.515
325.251
324.99
324.732
324.478
324.227
323.98
323.737
323.498
323.263
323.032
322.804
322.58
322.36
322.143
321.929
321.719
321.512
321.308
321.107
320.909
320.714
320.521
320.331
320.144
319.959
319.776
319.596
319.417
319.241
319.067
318.895
318.726
318.558
318.392
318.229
318.068
317.909
317.752
317.597
317.444
317.294
317.146
317.001
316.858
316.718
316.58
316.445
316.313
316.183
316.056
315.932
315.809
315.69
315.572
323.644
323.722
323.801
323.882
323.966
324.051
324.138
324.228
324.319
324.413
324.508
324.606
324.707
324.809
324.914
325.021
325.13
325.241
325.355
325.471
325.59
325.71
325.833
325.959
326.086
326.215
326.347
326.481
326.617
326.755
326.894
327.036
327.179
327.324
327.471
327.619
327.768
327.919
328.07
328.223
328.376
328.529
328.683
328.837
328.991
329.144
329.297
329.449
329.6
329.749
329.896
330.042
330.185
330.325
330.461
330.595
330.724
330.849
330.969
331.084
331.193
331.296
331.392
331.481
331.563
331.637
331.702
331.758
331.805
331.843
331.87
331.886
331.892
331.887
331.87
331.841
331.8
331.748
331.683
331.607
331.518
331.417
331.305
331.182
331.047
330.902
330.747
330.583
330.409
330.227
330.038
329.841
329.638
329.43
329.216
328.998
328.777
328.552
328.325
328.097
327.866
327.635
327.404
327.172
326.941
326.71
326.48
326.252
326.025
325.799
325.576
325.354
325.134
324.916
324.701
324.487
324.276
324.067
323.86
323.655
323.453
323.252
323.053
322.857
322.662
322.469
322.277
322.088
321.9
321.713
321.528
321.345
321.163
320.983
320.804
320.626
320.45
320.275
320.102
319.93
319.759
319.59
319.422
319.256
319.092
318.929
318.768
318.609
318.452
318.297
318.143
317.992
317.843
317.696
317.552
317.409
317.268
317.13
316.993
316.857
316.722
324.923
324.991
325.06
325.13
325.202
325.275
325.349
325.425
325.503
325.582
325.663
325.745
325.828
325.913
326
326.089
326.179
326.27
326.363
326.458
326.554
326.651
326.751
326.851
326.953
327.057
327.162
327.268
327.376
327.485
327.595
327.706
327.819
327.932
328.047
328.162
328.278
328.395
328.512
328.63
328.748
328.866
328.984
329.102
329.22
329.338
329.455
329.571
329.686
329.8
329.912
330.023
330.132
330.239
330.343
330.445
330.544
330.639
330.731
330.819
330.903
330.983
331.058
331.128
331.192
331.251
331.303
331.349
331.388
331.42
331.444
331.461
331.47
331.471
331.463
331.446
331.421
331.386
331.343
331.29
331.229
331.158
331.078
330.99
330.893
330.787
330.674
330.552
330.424
330.288
330.146
329.997
329.843
329.684
329.52
329.351
329.179
329.003
328.825
328.644
328.46
328.275
328.088
327.9
327.711
327.522
327.332
327.141
326.951
326.761
326.57
326.381
326.191
326.002
325.814
325.626
325.439
325.253
325.067
324.882
324.697
324.514
324.331
324.148
323.966
323.785
323.604
323.424
323.244
323.065
322.886
322.708
322.531
322.353
322.177
322.001
321.825
321.65
321.476
321.302
321.129
320.957
320.785
320.615
320.445
320.277
320.109
319.943
319.778
319.614
319.452
319.291
319.132
318.974
318.818
318.663
318.51
318.357
318.206
318.054
317.901
326.097
326.155
326.215
326.275
326.336
326.398
326.461
326.525
326.59
326.656
326.723
326.791
326.86
326.93
327.001
327.072
327.145
327.219
327.294
327.369
327.446
327.524
327.602
327.681
327.761
327.842
327.924
328.007
328.09
328.174
328.259
328.344
328.429
328.516
328.602
328.689
328.777
328.864
328.952
329.04
329.128
329.216
329.303
329.39
329.477
329.563
329.649
329.734
329.818
329.901
329.982
330.063
330.142
330.219
330.294
330.367
330.439
330.507
330.574
330.637
330.697
330.755
330.809
330.859
330.905
330.948
330.986
331.019
331.048
331.072
331.09
331.104
331.111
331.113
331.109
331.098
331.082
331.059
331.029
330.993
330.95
330.901
330.846
330.784
330.715
330.64
330.56
330.473
330.38
330.282
330.179
330.071
329.958
329.84
329.718
329.593
329.463
329.331
329.195
329.056
328.915
328.771
328.626
328.478
328.328
328.177
328.025
327.871
327.715
327.559
327.402
327.244
327.085
326.925
326.764
326.603
326.441
326.278
326.115
325.951
325.787
325.622
325.457
325.291
325.124
324.957
324.789
324.621
324.452
324.283
324.113
323.943
323.772
323.601
323.43
323.258
323.086
322.914
322.742
322.569
322.396
322.224
322.051
321.879
321.707
321.535
321.363
321.193
321.022
320.853
320.684
320.516
320.348
320.182
320.017
319.852
319.688
319.524
319.359
319.193
319.024
327.048
327.098
327.149
327.201
327.254
327.307
327.36
327.414
327.469
327.524
327.58
327.637
327.694
327.751
327.809
327.868
327.927
327.987
328.047
328.108
328.169
328.231
328.293
328.355
328.418
328.481
328.545
328.609
328.673
328.737
328.802
328.867
328.932
328.997
329.062
329.127
329.192
329.257
329.322
329.387
329.451
329.515
329.579
329.642
329.704
329.766
329.828
329.888
329.948
330.006
330.064
330.12
330.176
330.229
330.282
330.333
330.382
330.429
330.474
330.517
330.558
330.597
330.633
330.667
330.698
330.726
330.751
330.773
330.792
330.807
330.819
330.827
330.831
330.831
330.828
330.819
330.807
330.79
330.769
330.743
330.712
330.678
330.638
330.594
330.545
330.492
330.435
330.373
330.307
330.236
330.162
330.083
330.001
329.915
329.826
329.733
329.637
329.538
329.435
329.33
329.222
329.112
328.999
328.883
328.765
328.646
328.523
328.399
328.273
328.145
328.015
327.884
327.75
327.615
327.478
327.339
327.199
327.058
326.914
326.769
326.623
326.475
326.326
326.175
326.022
325.869
325.714
325.557
325.399
325.24
325.08
324.918
324.756
324.592
324.427
324.261
324.094
323.926
323.757
323.587
323.417
323.246
323.075
322.903
322.73
322.558
322.385
322.212
322.039
321.867
321.694
321.522
321.35
321.178
321.006
320.835
320.663
320.491
320.317
320.14
319.958
327.625
327.671
327.717
327.764
327.811
327.858
327.906
327.954
328.003
328.051
328.101
328.15
328.2
328.25
328.3
328.351
328.402
328.453
328.505
328.556
328.608
328.66
328.712
328.765
328.817
328.87
328.923
328.976
329.028
329.081
329.134
329.187
329.239
329.292
329.344
329.396
329.448
329.5
329.551
329.602
329.652
329.702
329.752
329.801
329.849
329.897
329.943
329.989
330.035
330.079
330.122
330.164
330.205
330.245
330.283
330.32
330.356
330.39
330.423
330.454
330.483
330.51
330.535
330.559
330.58
330.599
330.616
330.63
330.642
330.651
330.658
330.661
330.662
330.661
330.656
330.648
330.637
330.622
330.605
330.584
330.559
330.532
330.5
330.466
330.428
330.387
330.342
330.294
330.243
330.188
330.13
330.069
330.005
329.937
329.867
329.793
329.716
329.637
329.554
329.469
329.381
329.29
329.196
329.1
329.001
328.9
328.796
328.69
328.581
328.471
328.357
328.242
328.124
328.003
327.881
327.756
327.63
327.501
327.37
327.237
327.101
326.964
326.825
326.684
326.541
326.396
326.249
326.1
325.949
325.797
325.643
325.487
325.33
325.171
325.011
324.849
324.686
324.521
324.355
324.188
324.02
323.851
323.681
323.511
323.339
323.167
322.994
322.821
322.647
322.474
322.3
322.126
321.951
321.777
321.603
321.428
321.253
321.076
320.897
320.715
320.525
306.765
306.533
306.294
306.047
305.794
305.534
305.268
304.996
304.718
304.434
304.147
303.856
303.563
303.27
302.979
302.691
302.409
302.135
301.871
301.621
301.387
301.17
300.974
300.798
300.645
300.513
300.403
300.312
300.239
300.181
300.135
300.1
300.073
300.053
300.038
300.027
300.019
300.013
300.009
300.006
300.004
300.003
300.002
300.001
300.001
300
300
300
300
300
300
306.765
306.533
306.294
306.048
305.794
305.534
305.268
304.996
304.718
304.435
304.148
303.857
303.564
303.271
302.98
302.692
302.409
302.135
301.872
301.622
301.387
301.171
300.974
300.799
300.645
300.514
300.403
300.312
300.239
300.181
300.135
300.1
300.073
300.053
300.038
300.027
300.019
300.013
300.009
300.006
300.004
300.003
300.002
300.001
300.001
300
300
300
300
300
300
306.766
306.534
306.295
306.049
305.796
305.536
305.27
304.998
304.72
304.437
304.149
303.858
303.566
303.273
302.981
302.693
302.411
302.137
301.873
301.623
301.389
301.172
300.975
300.799
300.646
300.514
300.404
300.313
300.239
300.181
300.136
300.1
300.073
300.053
300.038
300.027
300.019
300.013
300.009
300.006
300.004
300.003
300.002
300.001
300.001
300
300
300
300
300
300
306.768
306.536
306.297
306.051
305.798
305.538
305.272
305
304.723
304.44
304.152
303.862
303.569
303.276
302.984
302.696
302.414
302.14
301.876
301.626
301.391
301.174
300.977
300.801
300.647
300.515
300.404
300.313
300.24
300.181
300.136
300.101
300.074
300.053
300.038
300.027
300.019
300.013
300.009
300.006
300.004
300.003
300.002
300.001
300.001
300
300
300
300
300
300
306.771
306.54
306.301
306.055
305.802
305.542
305.277
305.005
304.727
304.444
304.157
303.866
303.574
303.281
302.989
302.701
302.418
302.144
301.88
301.629
301.394
301.177
300.979
300.803
300.649
300.516
300.405
300.314
300.24
300.182
300.136
300.101
300.074
300.053
300.038
300.027
300.019
300.013
300.009
300.006
300.004
300.003
300.002
300.001
300.001
300
300
300
300
300
300
306.775
306.544
306.306
306.06
305.807
305.548
305.283
305.011
304.734
304.451
304.164
303.874
303.581
303.288
302.996
302.708
302.425
302.15
301.886
301.635
301.399
301.181
300.983
300.806
300.651
300.518
300.407
300.315
300.241
300.183
300.137
300.101
300.074
300.054
300.038
300.027
300.019
300.013
300.009
300.006
300.004
300.003
300.002
300.001
300.001
300
300
300
300
300
300
306.781
306.551
306.313
306.067
305.815
305.556
305.291
305.02
304.743
304.461
304.174
303.884
303.591
303.298
303.006
302.718
302.434
302.159
301.894
301.642
301.405
301.187
300.988
300.81
300.655
300.521
300.409
300.317
300.243
300.184
300.137
300.102
300.074
300.054
300.039
300.027
300.019
300.013
300.009
300.006
300.004
300.003
300.002
300.001
300.001
300
300
300
300
300
300
306.79
306.56
306.322
306.077
305.826
305.568
305.303
305.033
304.756
304.474
304.188
303.898
303.605
303.312
303.02
302.73
302.447
302.17
301.905
301.652
301.414
301.194
300.994
300.815
300.659
300.525
300.412
300.319
300.244
300.185
300.138
300.102
300.075
300.054
300.039
300.028
300.019
300.013
300.009
300.006
300.004
300.003
300.002
300.001
300.001
300
300
300
300
300
300
306.801
306.572
306.335
306.091
305.84
305.583
305.319
305.049
304.773
304.492
304.206
303.916
303.623
303.33
303.037
302.747
302.463
302.186
301.918
301.664
301.425
301.204
301.002
300.822
300.665
300.529
300.415
300.322
300.246
300.186
300.139
300.103
300.076
300.055
300.039
300.028
300.02
300.014
300.009
300.006
300.004
300.003
300.002
300.001
300.001
300
300
300
300
300
300
306.816
306.588
306.352
306.109
305.859
305.603
305.34
305.071
304.796
304.515
304.229
303.939
303.646
303.353
303.059
302.769
302.483
302.205
301.936
301.68
301.439
301.216
301.013
300.831
300.672
300.535
300.42
300.325
300.249
300.188
300.141
300.104
300.076
300.055
300.04
300.028
300.02
300.014
300.009
300.006
300.004
300.003
300.002
300.001
300.001
300
300
300
300
300
300
306.836
306.609
306.374
306.132
305.883
305.628
305.366
305.098
304.824
304.544
304.258
303.969
303.676
303.382
303.088
302.796
302.509
302.229
301.958
301.7
301.457
301.231
301.026
300.842
300.68
300.542
300.425
300.329
300.252
300.19
300.142
300.105
300.077
300.056
300.04
300.028
300.02
300.014
300.009
300.006
300.004
300.003
300.002
300.001
300.001
300
300
300
300
300
300
306.861
306.635
306.402
306.161
305.914
305.66
305.399
305.133
304.86
304.58
304.295
304.006
303.713
303.418
303.123
302.83
302.541
302.259
301.986
301.725
301.479
301.25
301.042
300.855
300.691
300.55
300.432
300.334
300.256
300.193
300.145
300.107
300.078
300.057
300.041
300.029
300.02
300.014
300.01
300.007
300.004
300.003
300.002
300.001
300.001
300
300
300
300
300
300
306.892
306.668
306.436
306.197
305.951
305.699
305.441
305.176
304.904
304.625
304.341
304.051
303.758
303.462
303.166
302.871
302.58
302.295
302.019
301.755
301.505
301.273
301.061
300.871
300.704
300.56
300.44
300.34
300.26
300.197
300.147
300.109
300.08
300.058
300.041
300.029
300.02
300.014
300.01
300.007
300.004
300.003
300.002
300.001
300.001
300
300
300
300
300
300
306.931
306.709
306.479
306.242
305.998
305.748
305.492
305.228
304.957
304.68
304.396
304.107
303.813
303.516
303.219
302.922
302.628
302.339
302.06
301.791
301.538
301.301
301.085
300.891
300.72
300.573
300.449
300.347
300.266
300.201
300.15
300.111
300.081
300.059
300.042
300.03
300.021
300.014
300.01
300.007
300.004
300.003
300.002
300.001
300.001
300
300
300
300
300
300
306.979
306.759
306.531
306.296
306.055
305.808
305.553
305.292
305.023
304.747
304.463
304.174
303.88
303.582
303.282
302.982
302.685
302.393
302.109
301.835
301.576
301.335
301.113
300.914
300.739
300.588
300.461
300.356
300.272
300.206
300.154
300.114
300.083
300.06
300.043
300.03
300.021
300.015
300.01
300.007
300.005
300.003
300.002
300.001
300.001
300
300
300
300
300
300
307.037
306.82
306.595
306.363
306.124
305.88
305.628
305.368
305.101
304.827
304.544
304.255
303.96
303.66
303.358
303.055
302.754
302.457
302.167
301.888
301.623
301.375
301.147
300.942
300.761
300.605
300.474
300.366
300.28
300.211
300.158
300.117
300.085
300.061
300.044
300.031
300.022
300.015
300.01
300.007
300.005
300.003
300.002
300.001
300.001
300
300
300
300
300
300
307.108
306.893
306.671
306.442
306.207
305.966
305.717
305.46
305.196
304.922
304.64
304.351
304.055
303.753
303.448
303.141
302.835
302.533
302.237
301.951
301.678
301.423
301.187
300.975
300.788
300.626
300.49
300.379
300.289
300.218
300.163
300.12
300.088
300.063
300.045
300.032
300.022
300.015
300.011
300.007
300.005
300.003
300.002
300.001
300.001
300
300
300
300
300
300
307.192
306.981
306.762
306.537
306.306
306.068
305.823
305.569
305.307
305.036
304.755
304.465
304.168
303.864
303.555
303.244
302.932
302.623
302.319
302.025
301.743
301.479
301.235
301.014
300.82
300.651
300.509
300.393
300.3
300.226
300.169
300.124
300.091
300.065
300.047
300.033
300.023
300.016
300.011
300.007
300.005
300.003
300.002
300.001
300.001
300
300
300
300
300
300
307.293
307.086
306.871
306.65
306.423
306.189
305.948
305.698
305.439
305.169
304.89
304.6
304.301
303.995
303.682
303.365
303.047
302.729
302.417
302.112
301.821
301.546
301.291
301.061
300.857
300.681
300.532
300.41
300.313
300.236
300.175
300.129
300.094
300.068
300.048
300.034
300.024
300.016
300.011
300.008
300.005
300.003
300.002
300.001
300.001
300
300
300
300
300
300
307.413
307.209
306.999
306.783
306.561
306.332
306.096
305.85
305.594
305.327
305.048
304.758
304.457
304.148
303.83
303.507
303.181
302.854
302.531
302.216
301.912
301.624
301.358
301.116
300.901
300.715
300.558
300.43
300.328
300.247
300.183
300.135
300.098
300.07
300.05
300.035
300.025
300.017
300.012
300.008
300.005
300.003
300.002
300.001
300.001
300
300
300
300
300
300
307.555
307.355
307.149
306.939
306.723
306.5
306.268
306.027
305.775
305.51
305.233
304.943
304.64
304.327
304.004
303.674
303.338
303.001
302.666
302.337
302.019
301.717
301.436
301.18
300.953
300.756
300.589
300.454
300.345
300.26
300.193
300.141
300.102
300.073
300.052
300.037
300.026
300.018
300.012
300.008
300.005
300.004
300.002
300.001
300.001
300
300
300
300
300
300
307.721
307.525
307.326
307.121
306.912
306.695
306.469
306.234
305.986
305.724
305.448
305.158
304.853
304.536
304.206
303.868
303.522
303.172
302.823
302.479
302.144
301.825
301.527
301.256
301.013
300.803
300.626
300.482
300.366
300.275
300.204
300.149
300.108
300.077
300.055
300.038
300.027
300.018
300.012
300.008
300.006
300.004
300.002
300.001
300.001
300
300
300
300
300
300
307.915
307.725
307.531
307.333
307.131
306.921
306.703
306.473
306.23
305.972
305.698
305.407
305.1
304.778
304.441
304.093
303.735
303.372
303.006
302.644
302.291
301.952
301.635
301.344
301.085
300.859
300.669
300.514
300.39
300.292
300.216
300.158
300.114
300.081
300.057
300.04
300.028
300.019
300.013
300.009
300.006
300.004
300.002
300.001
300.001
300
300
300
300
300
300
308.141
307.956
307.769
307.579
307.384
307.183
306.972
306.749
306.512
306.258
305.985
305.694
305.385
305.057
304.713
304.354
303.983
303.603
303.22
302.837
302.462
302.101
301.761
301.448
301.169
300.925
300.72
300.553
300.419
300.313
300.231
300.168
300.121
300.086
300.061
300.042
300.029
300.02
300.014
300.009
300.006
300.004
300.003
300.002
300.001
300
300
300
300
300
300
308.404
308.224
308.044
307.862
307.676
307.483
307.281
307.066
306.835
306.585
306.315
306.024
305.712
305.378
305.026
304.655
304.269
303.872
303.467
303.061
302.661
302.274
301.908
301.57
301.267
301.002
300.779
300.598
300.452
300.337
300.248
300.18
300.129
300.092
300.064
300.045
300.031
300.021
300.014
300.01
300.006
300.004
300.003
300.002
300.001
300
300
300
300
300
300
308.707
308.532
308.36
308.186
308.01
307.827
307.634
307.428
307.204
306.959
306.692
306.401
306.085
305.746
305.384
305.001
304.598
304.181
303.753
303.321
302.893
302.476
302.08
301.713
301.382
301.093
300.85
300.651
300.491
300.365
300.268
300.194
300.139
300.098
300.069
300.048
300.033
300.022
300.015
300.01
300.007
300.004
300.003
300.002
300.001
300
300
300
300
300
300
309.057
308.887
308.721
308.557
308.391
308.218
308.035
307.838
307.622
307.383
307.119
306.828
306.511
306.165
305.793
305.396
304.975
304.536
304.083
303.622
303.161
302.711
302.28
301.879
301.517
301.199
300.932
300.713
300.537
300.399
300.291
300.21
300.15
300.106
300.074
300.051
300.035
300.024
300.016
300.011
300.007
300.005
300.003
300.002
300.001
300.001
300
300
300
300
300
309.459
309.292
309.133
308.978
308.822
308.66
308.488
308.301
308.093
307.861
307.6
307.311
306.991
306.639
306.257
305.845
305.406
304.943
304.461
303.968
303.472
302.983
302.513
302.074
301.674
301.324
301.029
300.786
300.591
300.437
300.319
300.229
300.163
300.114
300.079
300.055
300.037
300.025
300.017
300.011
300.007
300.005
300.003
300.002
300.001
300.001
300
300
300
300
300
309.919
309.754
309.601
309.454
309.308
309.157
308.996
308.819
308.62
308.395
308.139
307.851
307.529
307.172
306.78
306.353
305.894
305.406
304.894
304.365
303.83
303.298
302.784
302.3
301.858
301.471
301.143
300.872
300.654
300.483
300.35
300.251
300.177
300.124
300.086
300.059
300.04
300.027
300.018
300.012
300.008
300.005
300.003
300.002
300.001
300.001
300
300
300
300
300
310.444
310.279
310.129
309.989
309.852
309.712
309.561
309.395
309.205
308.987
308.737
308.452
308.129
307.767
307.365
306.924
306.444
305.93
305.385
304.819
304.24
303.662
303.098
302.564
302.074
301.643
301.277
300.973
300.728
300.536
300.388
300.276
300.195
300.135
300.093
300.064
300.043
300.029
300.019
300.013
300.008
300.005
300.003
300.002
300.001
300.001
300
300
300
300
300
311.042
310.872
310.724
310.588
310.458
310.326
310.185
310.028
309.848
309.637
309.393
309.111
308.789
308.424
308.014
307.559
307.059
306.519
305.941
305.335
304.71
304.08
303.46
302.87
302.326
301.845
301.434
301.091
300.815
300.597
300.431
300.306
300.214
300.148
300.102
300.069
300.047
300.031
300.021
300.014
300.009
300.006
300.004
300.002
300.001
300.001
300
300
300
300
300
311.719
311.541
311.389
311.254
311.127
311.002
310.868
310.719
310.546
310.344
310.106
309.828
309.508
309.141
308.725
308.258
307.741
307.175
306.564
305.916
305.242
304.557
303.877
303.224
302.62
302.082
301.618
301.23
300.916
300.669
300.481
300.34
300.237
300.163
300.111
300.075
300.05
300.034
300.022
300.015
300.009
300.006
300.004
300.002
300.001
300.001
300
300
300
300
300
312.483
312.292
312.13
311.99
311.863
311.738
311.608
311.464
311.297
311.101
310.869
310.597
310.279
309.913
309.494
309.018
308.486
307.897
307.255
306.567
305.843
305.099
304.355
303.635
302.962
302.357
301.832
301.391
301.034
300.753
300.539
300.379
300.263
300.18
300.122
300.082
300.055
300.036
300.024
300.016
300.01
300.006
300.004
300.003
300.001
300.001
300
300
300
300
300
313.34
313.129
312.952
312.799
312.663
312.534
312.402
312.257
312.093
311.9
311.674
311.407
311.094
310.731
310.311
309.831
309.289
308.682
308.012
307.286
306.514
305.711
304.9
304.106
303.357
302.676
302.08
301.578
301.17
300.85
300.605
300.424
300.292
300.199
300.134
300.09
300.06
300.039
300.026
300.017
300.011
300.007
300.004
300.003
300.002
300.001
300
300
300
300
300
314.292
314.054
313.853
313.68
313.527
313.385
313.243
313.092
312.925
312.732
312.508
312.246
311.938
311.58
311.164
310.684
310.136
309.517
308.826
308.067
307.25
306.391
305.511
304.639
303.805
303.04
302.365
301.793
301.326
300.96
300.681
300.474
300.325
300.22
300.148
300.098
300.065
300.042
300.028
300.018
300.011
300.007
300.005
300.003
300.002
300.001
300
300
300
300
300
315.334
315.062
314.828
314.625
314.446
314.281
314.121
313.956
313.779
313.582
313.357
313.097
312.794
312.442
312.032
311.557
311.01
310.385
309.68
308.897
308.042
307.129
306.182
305.23
304.308
303.451
302.688
302.036
301.503
301.084
300.765
300.53
300.362
300.244
300.162
300.107
300.07
300.046
300.03
300.019
300.012
300.008
300.005
300.003
300.002
300.001
300
300
300
300
300
316.445
316.132
315.858
315.617
315.402
315.205
315.018
314.831
314.637
314.428
314.197
313.936
313.637
313.291
312.889
312.423
311.882
311.26
310.55
309.751
308.867
307.909
306.901
305.871
304.859
303.905
303.046
302.307
301.699
301.221
300.857
300.591
300.401
300.268
300.178
300.117
300.076
300.049
300.032
300.02
300.013
300.008
300.005
300.003
300.002
300.001
300.001
300
300
300
300
317.582
317.224
316.904
316.618
316.36
316.124
315.902
315.686
315.468
315.241
314.999
314.732
314.434
314.093
313.701
313.246
312.717
312.104
311.398
310.593
309.691
308.701
307.64
306.54
305.44
304.389
303.43
302.597
301.909
301.366
300.955
300.654
300.441
300.293
300.193
300.126
300.082
300.053
300.034
300.022
300.014
300.009
300.005
300.003
300.002
300.001
300.001
300
300
300
300
318.665
318.262
317.896
317.564
317.261
316.982
316.722
316.471
316.225
315.976
315.718
315.443
315.142
314.805
314.421
313.978
313.464
312.865
312.171
311.372
310.464
309.453
308.354
307.196
306.02
304.877
303.82
302.893
302.122
301.512
301.052
300.716
300.48
300.317
300.207
300.135
300.087
300.056
300.036
300.023
300.014
300.009
300.006
300.003
300.002
300.001
300.001
300
300
300
300
319.566
319.126
318.721
318.349
318.006
317.689
317.392
317.11
316.837
316.566
316.292
316.007
315.701
315.366
314.989
314.558
314.058
313.476
312.798
312.011
311.109
310.092
308.971
307.773
306.537
305.318
304.175
303.162
302.315
301.643
301.137
300.77
300.513
300.337
300.219
300.142
300.091
300.058
300.037
300.024
300.015
300.009
300.006
300.004
300.002
300.001
300.001
300
300
300
300
320.112
319.651
319.223
318.825
318.457
318.115
317.796
317.493
317.202
316.917
316.632
316.34
316.031
315.697
315.324
314.901
314.413
313.844
313.18
312.407
311.514
310.5
309.374
308.156
306.887
305.621
304.422
303.349
302.447
301.731
301.193
300.804
300.533
300.349
300.227
300.146
300.094
300.06
300.038
300.024
300.015
300.01
300.006
300.004
300.002
300.001
300.001
300
300
300
300
)
;

boundaryField
{
    inlet
    {
        type            fixedValue;
        value           uniform 300;
    }
    outlet
    {
        type            zeroGradient;
    }
    top
    {
        type            zeroGradient;
    }
    slip-bottom
    {
        type            zeroGradient;
    }
    bottom
    {
        type            zeroGradient;
    }
    interface
    {
        type            fixedGradient;
        gradient        nonuniform List<scalar> 
161
(
2999.99
2999.99
2999.99
2999.99
2999.99
2999.99
2999.99
2999.99
2999.99
2999.99
2999.99
2999.99
2999.99
2999.99
2999.99
2999.99
2999.99
2999.99
2999.99
2999.99
-1.56319e-12
-1.56319e-12
-1.56319e-12
-1.56319e-12
-1.56319e-12
-1.56319e-12
-1.56319e-12
-1.56319e-12
-1.56319e-12
-1.56319e-12
-1.56319e-12
-1.56319e-12
-1.56319e-12
-1.56319e-12
-1.56319e-12
-1.56319e-12
-1.56319e-12
-1.56319e-12
-1.56319e-12
-1.56319e-12
-3.69482e-13
-3.69482e-13
-3.69482e-13
-3.69482e-13
-3.69482e-13
-3.69482e-13
-3.69482e-13
-3.69482e-13
-3.69482e-13
-3.69482e-13
-3.69482e-13
-3.69482e-13
-3.69482e-13
-3.69482e-13
-3.69482e-13
-3.69482e-13
-7.67386e-13
-7.67386e-13
-7.67386e-13
-7.67386e-13
-7.67386e-13
-7.67386e-13
-7.67386e-13
-7.67386e-13
-7.67386e-13
-7.67386e-13
-7.67386e-13
-7.67386e-13
-7.67386e-13
-7.67386e-13
-7.67386e-13
-1.3074e-12
-1.3074e-12
-1.3074e-12
-1.3074e-12
-1.3074e-12
-1.3074e-12
-1.3074e-12
-1.3074e-12
-1.3074e-12
-1.3074e-12
-1.3074e-12
-1.3074e-12
8.52651e-14
8.52651e-14
8.52651e-14
8.52651e-14
8.52651e-14
8.52651e-14
8.52651e-14
8.52651e-14
8.52651e-14
8.52651e-14
8.52651e-14
-2.84217e-13
-2.84217e-13
-2.84217e-13
-2.84217e-13
-2.84217e-13
-2.84217e-13
-2.84217e-13
-2.84217e-13
-2.84217e-13
-2.84217e-13
1.90425e-12
1.90425e-12
1.90425e-12
1.90425e-12
1.90425e-12
1.90425e-12
1.90425e-12
1.90425e-12
1.90425e-12
7.67386e-13
7.67386e-13
7.67386e-13
7.67386e-13
7.67386e-13
7.67386e-13
7.67386e-13
7.67386e-13
1.13687e-13
1.13687e-13
1.13687e-13
1.13687e-13
1.13687e-13
1.13687e-13
1.13687e-13
1.13687e-13
8.52651e-13
8.52651e-13
8.52651e-13
8.52651e-13
8.52651e-13
8.52651e-13
8.52651e-13
5.68434e-14
5.68434e-14
5.68434e-14
5.68434e-14
5.68434e-14
5.68434e-14
5.68434e-14
-4.54747e-13
-4.54747e-13
-4.54747e-13
-4.54747e-13
-4.54747e-13
-4.54747e-13
-3.69482e-13
-3.69482e-13
-3.69482e-13
-3.69482e-13
-3.69482e-13
-3.69482e-13
1.5774e-12
1.5774e-12
1.5774e-12
1.5774e-12
1.5774e-12
1.5774e-12
)
;
    }
    defaultFaces
    {
        type            empty;
    }
}


// ************************************************************************* //
