/*--------------------------------*- C++ -*----------------------------------*\
  =========                 |
  \\      /  F ield         | OpenFOAM: The Open Source CFD Toolbox
   \\    /   O peration     | Website:  https://openfoam.org
    \\  /    A nd           | Version:  7
     \\/     M anipulation  |
\*---------------------------------------------------------------------------*/
FoamFile
{
    version     2.0;
    format      ascii;
    class       volScalarField;
    location    "4.31";
    object      T;
}
// * * * * * * * * * * * * * * * * * * * * * * * * * * * * * * * * * * * * * //

dimensions      [0 0 0 1 0 0 0];

internalField   nonuniform List<scalar> 
12013
(
300.045
300.135
300.229
300.325
300.422
300.521
300.621
300.722
300.823
300.925
301.026
301.128
301.23
301.331
301.432
301.533
301.634
301.735
301.835
301.936
302.037
302.138
302.24
302.342
302.446
302.551
302.658
302.766
302.878
302.992
303.11
303.232
303.359
303.492
303.631
303.777
303.93
304.093
304.267
304.451
304.649
304.86
305.087
305.332
305.596
305.88
306.189
306.522
306.884
307.277
307.703
308.166
308.669
309.216
309.81
310.456
311.159
311.924
312.755
313.659
314.642
315.71
316.873
318.137
319.512
321.008
322.637
324.41
326.343
328.452
330.756
333.276
336.039
339.077
342.429
346.147
350.297
354.975
360.326
366.589
374.227
300.045
300.136
300.229
300.325
300.422
300.521
300.621
300.722
300.824
300.925
301.027
301.129
301.23
301.332
301.433
301.534
301.635
301.735
301.836
301.937
302.038
302.139
302.241
302.343
302.447
302.552
302.659
302.768
302.879
302.993
303.111
303.234
303.361
303.493
303.632
303.778
303.932
304.095
304.268
304.452
304.65
304.861
305.088
305.332
305.596
305.881
306.189
306.522
306.884
307.276
307.702
308.165
308.667
309.214
309.808
310.453
311.155
311.919
312.749
313.652
314.633
315.7
316.86
318.122
319.493
320.986
322.61
324.378
326.303
328.403
330.695
333.201
335.945
338.957
342.274
345.941
350.016
354.574
359.713
365.555
372.21
300.045
300.136
300.229
300.325
300.423
300.522
300.622
300.723
300.824
300.926
301.028
301.13
301.232
301.333
301.434
301.536
301.637
301.737
301.838
301.939
302.04
302.141
302.243
302.345
302.449
302.554
302.661
302.77
302.881
302.996
303.114
303.236
303.363
303.496
303.634
303.78
303.934
304.097
304.27
304.454
304.652
304.863
305.09
305.334
305.597
305.882
306.189
306.523
306.884
307.275
307.701
308.162
308.664
309.209
309.802
310.446
311.147
311.908
312.736
313.636
314.614
315.677
316.832
318.088
319.453
320.937
322.55
324.306
326.216
328.296
330.563
333.037
335.74
338.698
341.941
345.505
349.432
353.768
358.556
363.824
369.532
300.045
300.136
300.23
300.326
300.424
300.523
300.623
300.724
300.826
300.928
301.03
301.132
301.234
301.336
301.437
301.538
301.639
301.74
301.841
301.942
302.043
302.145
302.247
302.349
302.453
302.558
302.665
302.774
302.886
303
303.118
303.24
303.367
303.5
303.638
303.784
303.938
304.101
304.274
304.458
304.655
304.866
305.092
305.336
305.599
305.883
306.19
306.523
306.883
307.274
307.698
308.159
308.659
309.202
309.793
310.435
311.133
311.891
312.715
313.61
314.582
315.639
316.786
318.032
319.386
320.856
322.453
324.187
326.072
328.121
330.349
332.772
335.411
338.285
341.417
344.832
348.552
352.599
356.979
361.671
366.604
300.045
300.136
300.23
300.327
300.425
300.524
300.625
300.726
300.828
300.93
301.033
301.135
301.237
301.339
301.441
301.542
301.644
301.745
301.846
301.947
302.048
302.15
302.252
302.355
302.459
302.564
302.671
302.78
302.892
303.006
303.124
303.246
303.373
303.506
303.644
303.79
303.944
304.106
304.279
304.463
304.66
304.87
305.096
305.34
305.602
305.885
306.192
306.523
306.882
307.272
307.694
308.153
308.651
309.192
309.78
310.418
311.112
311.865
312.683
313.571
314.536
315.583
316.719
317.951
319.288
320.738
322.311
324.016
325.865
327.87
330.042
332.397
334.948
337.711
340.7
343.928
347.406
351.133
355.098
359.264
363.567
300.045
300.137
300.231
300.328
300.426
300.526
300.627
300.729
300.831
300.934
301.036
301.139
301.242
301.344
301.446
301.548
301.65
301.751
301.852
301.954
302.055
302.157
302.26
302.363
302.467
302.572
302.679
302.788
302.9
303.015
303.133
303.255
303.382
303.514
303.653
303.798
303.952
304.114
304.287
304.47
304.666
304.877
305.102
305.345
305.606
305.888
306.194
306.524
306.881
307.269
307.689
308.145
308.64
309.178
309.762
310.395
311.083
311.83
312.64
313.519
314.472
315.506
316.627
317.841
319.156
320.579
322.12
323.786
325.588
327.535
329.637
331.905
334.348
336.977
339.798
342.816
346.031
349.433
353.002
356.703
360.483
300.045
300.137
300.232
300.329
300.428
300.529
300.63
300.732
300.835
300.938
301.041
301.145
301.248
301.351
301.453
301.555
301.658
301.759
301.861
301.963
302.065
302.167
302.27
302.373
302.477
302.583
302.69
302.8
302.911
303.026
303.144
303.266
303.393
303.525
303.664
303.809
303.962
304.124
304.297
304.48
304.675
304.885
305.11
305.351
305.612
305.892
306.196
306.524
306.88
307.265
307.682
308.135
308.626
309.159
309.738
310.365
311.045
311.783
312.583
313.45
314.389
315.406
316.507
317.697
318.984
320.374
321.874
323.493
325.236
327.113
329.13
331.295
333.614
336.09
338.727
341.523
344.47
347.557
350.76
354.05
357.386
300.046
300.138
300.234
300.331
300.431
300.532
300.634
300.737
300.84
300.944
301.048
301.152
301.256
301.359
301.462
301.565
301.668
301.77
301.872
301.975
302.077
302.18
302.283
302.386
302.491
302.597
302.704
302.814
302.926
303.041
303.159
303.281
303.408
303.54
303.678
303.823
303.976
304.138
304.309
304.492
304.687
304.895
305.119
305.36
305.618
305.898
306.199
306.525
306.878
307.26
307.674
308.122
308.608
309.135
309.707
310.326
310.997
311.724
312.511
313.363
314.284
315.28
316.356
317.517
318.77
320.119
321.571
323.131
324.806
326.602
328.522
330.571
332.751
335.065
337.509
340.078
342.764
345.552
348.422
351.348
354.302
300.046
300.139
300.235
300.334
300.434
300.536
300.639
300.743
300.847
300.952
301.056
301.161
301.265
301.37
301.474
301.577
301.681
301.784
301.887
301.99
302.092
302.196
302.299
302.403
302.508
302.615
302.722
302.832
302.944
303.059
303.178
303.3
303.426
303.558
303.696
303.841
303.994
304.155
304.326
304.508
304.702
304.909
305.131
305.37
305.627
305.904
306.203
306.527
306.876
307.254
307.663
308.106
308.586
309.106
309.669
310.278
310.938
311.651
312.422
313.256
314.155
315.126
316.172
317.299
318.51
319.811
321.207
322.701
324.298
326.002
327.815
329.739
331.773
333.917
336.166
338.513
340.949
343.459
346.026
348.631
351.25
300.046
300.14
300.238
300.337
300.438
300.541
300.645
300.75
300.855
300.961
301.067
301.172
301.278
301.383
301.488
301.593
301.697
301.801
301.905
302.008
302.112
302.216
302.32
302.424
302.53
302.637
302.745
302.855
302.967
303.082
303.201
303.323
303.45
303.581
303.719
303.864
304.016
304.176
304.346
304.527
304.72
304.926
305.147
305.384
305.639
305.913
306.209
306.528
306.874
307.247
307.65
308.087
308.559
309.07
309.623
310.22
310.866
311.563
312.315
313.127
314.001
314.942
315.953
317.04
318.204
319.45
320.782
322.203
323.715
325.319
327.018
328.81
330.694
332.668
334.724
336.858
339.057
341.311
343.605
345.923
348.248
300.047
300.142
300.24
300.341
300.443
300.547
300.653
300.759
300.865
300.972
301.079
301.186
301.293
301.4
301.506
301.612
301.717
301.822
301.927
302.031
302.136
302.24
302.345
302.451
302.557
302.664
302.773
302.883
302.996
303.111
303.229
303.352
303.478
303.61
303.747
303.891
304.043
304.202
304.372
304.551
304.743
304.947
305.166
305.4
305.653
305.924
306.216
306.531
306.871
307.239
307.636
308.064
308.528
309.028
309.568
310.152
310.781
311.459
312.189
312.975
313.82
314.727
315.699
316.74
317.851
319.037
320.3
321.64
323.06
324.56
326.14
327.798
329.532
331.337
333.209
335.139
337.119
339.138
341.185
343.248
345.313
300.047
300.144
300.244
300.346
300.45
300.555
300.662
300.77
300.878
300.986
301.095
301.203
301.312
301.42
301.527
301.635
301.741
301.848
301.954
302.059
302.165
302.27
302.376
302.482
302.589
302.697
302.806
302.917
303.03
303.146
303.265
303.387
303.513
303.645
303.782
303.925
304.076
304.234
304.402
304.581
304.77
304.973
305.189
305.421
305.67
305.937
306.225
306.535
306.87
307.23
307.619
308.038
308.491
308.979
309.505
310.072
310.682
311.339
312.044
312.801
313.613
314.481
315.409
316.4
317.454
318.575
319.762
321.018
322.343
323.736
325.195
326.719
328.305
329.948
331.643
333.382
335.159
336.965
338.791
340.625
342.459
300.048
300.146
300.248
300.351
300.457
300.565
300.673
300.783
300.893
301.003
301.114
301.224
301.335
301.444
301.554
301.663
301.771
301.879
301.986
302.093
302.2
302.307
302.414
302.521
302.629
302.738
302.847
302.959
303.072
303.188
303.307
303.429
303.556
303.687
303.823
303.966
304.116
304.274
304.44
304.617
304.804
305.005
305.218
305.447
305.692
305.955
306.237
306.541
306.869
307.221
307.601
308.01
308.45
308.924
309.434
309.982
310.571
311.202
311.88
312.604
313.379
314.206
315.086
316.023
317.016
318.067
319.177
320.346
321.573
322.857
324.197
325.59
327.033
328.521
330.049
331.612
333.203
334.815
336.441
338.071
339.7
300.049
300.149
300.253
300.358
300.466
300.576
300.687
300.799
300.911
301.024
301.137
301.249
301.362
301.474
301.585
301.696
301.807
301.916
302.026
302.134
302.243
302.351
302.459
302.568
302.677
302.786
302.897
303.009
303.123
303.239
303.358
303.481
303.607
303.738
303.874
304.016
304.164
304.321
304.486
304.66
304.846
305.043
305.253
305.478
305.719
305.977
306.253
306.55
306.87
307.213
307.582
307.979
308.405
308.863
309.354
309.882
310.447
311.051
311.698
312.387
313.122
313.904
314.734
315.613
316.542
317.521
318.552
319.632
320.762
321.939
323.162
324.429
325.735
327.077
328.451
329.851
331.272
332.709
334.154
335.603
337.048
300.05
300.153
300.258
300.367
300.477
300.589
300.703
300.818
300.933
301.048
301.164
301.28
301.395
301.509
301.623
301.737
301.849
301.961
302.073
302.184
302.294
302.404
302.514
302.623
302.734
302.844
302.956
303.069
303.184
303.3
303.42
303.542
303.668
303.799
303.934
304.075
304.223
304.378
304.541
304.713
304.896
305.09
305.297
305.517
305.753
306.005
306.274
306.564
306.874
307.207
307.564
307.947
308.358
308.798
309.269
309.774
310.312
310.888
311.5
312.153
312.845
313.579
314.356
315.176
316.039
316.946
317.896
318.889
319.923
320.996
322.107
323.252
324.43
325.636
326.867
328.118
329.385
330.663
331.948
333.234
334.516
300.052
300.157
300.265
300.377
300.49
300.606
300.723
300.84
300.959
301.078
301.197
301.316
301.434
301.552
301.669
301.785
301.901
302.015
302.129
302.242
302.355
302.467
302.579
302.69
302.802
302.914
303.027
303.141
303.256
303.374
303.493
303.616
303.742
303.872
304.006
304.147
304.293
304.446
304.607
304.777
304.957
305.147
305.35
305.565
305.795
306.04
306.302
306.583
306.883
307.204
307.548
307.916
308.31
308.731
309.18
309.66
310.171
310.714
311.292
311.904
312.553
313.238
313.961
314.72
315.518
316.352
317.223
318.129
319.07
320.043
321.047
322.079
323.137
324.217
325.317
326.432
327.56
328.696
329.836
330.976
332.114
300.053
300.162
300.274
300.389
300.506
300.625
300.746
300.868
300.99
301.113
301.236
301.358
301.481
301.602
301.723
301.843
301.961
302.079
302.196
302.312
302.427
302.542
302.656
302.769
302.883
302.997
303.111
303.226
303.342
303.46
303.581
303.703
303.829
303.959
304.093
304.232
304.377
304.528
304.687
304.854
305.03
305.216
305.414
305.624
305.847
306.085
306.339
306.61
306.899
307.208
307.537
307.889
308.264
308.664
309.09
309.544
310.025
310.536
311.077
311.649
312.252
312.887
313.555
314.254
314.986
315.749
316.543
317.366
318.218
319.097
320
320.927
321.874
322.838
323.818
324.811
325.812
326.82
327.831
328.842
329.851
300.055
300.168
300.284
300.403
300.524
300.648
300.773
300.9
301.027
301.154
301.282
301.409
301.536
301.662
301.787
301.911
302.033
302.155
302.276
302.395
302.513
302.631
302.747
302.863
302.979
303.095
303.211
303.327
303.445
303.564
303.684
303.807
303.933
304.062
304.195
304.333
304.477
304.626
304.782
304.946
305.119
305.301
305.493
305.697
305.913
306.143
306.388
306.648
306.925
307.22
307.534
307.869
308.224
308.603
309.004
309.43
309.881
310.358
310.861
311.392
311.95
312.535
313.148
313.789
314.457
315.151
315.87
316.615
317.383
318.173
318.983
319.811
320.656
321.516
322.387
323.268
324.157
325.05
325.946
326.842
327.735
300.057
300.175
300.295
300.419
300.546
300.675
300.806
300.938
301.071
301.204
301.337
301.469
301.601
301.732
301.863
301.991
302.119
302.245
302.37
302.493
302.615
302.736
302.856
302.975
303.093
303.211
303.329
303.447
303.566
303.686
303.807
303.931
304.056
304.185
304.318
304.454
304.596
304.743
304.896
305.057
305.225
305.402
305.589
305.787
305.995
306.217
306.451
306.7
306.965
307.245
307.543
307.86
308.195
308.55
308.927
309.324
309.744
310.187
310.653
311.142
311.655
312.191
312.751
313.335
313.941
314.569
315.219
315.889
316.578
317.286
318.009
318.748
319.501
320.264
321.038
321.819
322.606
323.397
324.19
324.983
325.774
300.06
300.183
300.309
300.439
300.572
300.707
300.845
300.983
301.122
301.262
301.401
301.54
301.679
301.816
301.952
302.087
302.22
302.351
302.48
302.608
302.735
302.86
302.983
303.106
303.227
303.348
303.468
303.588
303.709
303.83
303.952
304.076
304.202
304.331
304.462
304.598
304.737
304.882
305.033
305.189
305.354
305.526
305.706
305.897
306.098
306.31
306.534
306.771
307.022
307.288
307.569
307.867
308.181
308.514
308.864
309.234
309.622
310.031
310.459
310.908
311.377
311.866
312.375
312.904
313.452
314.018
314.602
315.203
315.819
316.451
317.096
317.753
318.421
319.099
319.784
320.476
321.172
321.872
322.573
323.275
323.975
300.063
300.192
300.326
300.463
300.603
300.745
300.89
301.036
301.183
301.331
301.478
301.624
301.77
301.915
302.058
302.199
302.338
302.476
302.611
302.745
302.876
303.006
303.134
303.26
303.385
303.509
303.632
303.755
303.877
304
304.124
304.248
304.374
304.503
304.634
304.768
304.906
305.048
305.195
305.348
305.508
305.675
305.849
306.033
306.225
306.428
306.641
306.866
307.104
307.354
307.618
307.897
308.19
308.499
308.824
309.166
309.524
309.899
310.291
310.701
311.127
311.571
312.032
312.509
313.002
313.51
314.033
314.57
315.12
315.682
316.256
316.839
317.431
318.031
318.638
319.25
319.865
320.484
321.104
321.725
322.344
300.067
300.204
300.345
300.49
300.639
300.79
300.944
301.099
301.255
301.412
301.568
301.723
301.878
302.031
302.182
302.331
302.478
302.623
302.765
302.905
303.042
303.178
303.311
303.442
303.571
303.699
303.825
303.951
304.076
304.2
304.325
304.451
304.577
304.706
304.836
304.969
305.105
305.245
305.389
305.539
305.694
305.855
306.023
306.199
306.383
306.576
306.778
306.991
307.215
307.45
307.697
307.956
308.229
308.515
308.815
309.129
309.457
309.8
310.158
310.53
310.917
311.318
311.733
312.162
312.604
313.059
313.526
314.005
314.494
314.994
315.502
316.019
316.544
317.074
317.61
318.151
318.695
319.241
319.789
320.337
320.885
300.072
300.217
300.368
300.523
300.682
300.843
301.007
301.173
301.34
301.507
301.674
301.84
302.004
302.167
302.328
302.487
302.642
302.796
302.946
303.093
303.238
303.379
303.518
303.655
303.789
303.921
304.052
304.181
304.309
304.436
304.562
304.689
304.817
304.945
305.075
305.207
305.341
305.479
305.62
305.766
305.916
306.072
306.233
306.402
306.577
306.76
306.952
307.152
307.362
307.582
307.813
308.054
308.306
308.57
308.845
309.133
309.433
309.746
310.07
310.407
310.757
311.118
311.491
311.875
312.271
312.677
313.093
313.519
313.954
314.397
314.848
315.306
315.769
316.238
316.712
317.189
317.67
318.152
318.636
319.121
319.605
300.077
300.233
300.395
300.561
300.732
300.906
301.082
301.26
301.44
301.619
301.799
301.977
302.153
302.328
302.5
302.669
302.836
302.998
303.158
303.314
303.467
303.616
303.762
303.905
304.045
304.182
304.317
304.45
304.582
304.712
304.841
304.969
305.098
305.227
305.356
305.487
305.62
305.756
305.894
306.036
306.182
306.332
306.487
306.648
306.815
306.989
307.17
307.358
307.555
307.76
307.974
308.198
308.43
308.673
308.926
309.189
309.462
309.746
310.04
310.344
310.659
310.984
311.318
311.662
312.015
312.377
312.748
313.126
313.512
313.905
314.304
314.709
315.119
315.533
315.951
316.373
316.797
317.223
317.65
318.078
318.506
300.083
300.252
300.427
300.607
300.791
300.979
301.17
301.363
301.558
301.752
301.946
302.138
302.329
302.517
302.702
302.884
303.062
303.237
303.407
303.573
303.735
303.893
304.047
304.198
304.345
304.488
304.629
304.766
304.902
305.035
305.167
305.298
305.428
305.557
305.687
305.818
305.95
306.083
306.219
306.357
306.498
306.643
306.793
306.947
307.106
307.27
307.441
307.618
307.802
307.993
308.191
308.398
308.612
308.835
309.066
309.306
309.555
309.812
310.078
310.353
310.636
310.927
311.227
311.534
311.85
312.172
312.502
312.838
313.18
313.528
313.882
314.24
314.602
314.968
315.338
315.71
316.084
316.46
316.838
317.216
317.594
300.09
300.274
300.464
300.66
300.861
301.066
301.274
301.485
301.696
301.908
302.119
302.328
302.535
302.739
302.939
303.136
303.328
303.516
303.699
303.877
304.05
304.218
304.381
304.54
304.695
304.846
304.992
305.136
305.276
305.413
305.549
305.682
305.814
305.945
306.076
306.206
306.337
306.469
306.602
306.737
306.874
307.015
307.158
307.306
307.457
307.613
307.774
307.94
308.112
308.29
308.474
308.665
308.863
309.067
309.279
309.497
309.723
309.956
310.197
310.444
310.699
310.961
311.229
311.504
311.786
312.073
312.366
312.665
312.969
313.277
313.59
313.907
314.228
314.551
314.878
315.207
315.538
315.87
316.203
316.537
316.872
300.099
300.3
300.508
300.723
300.944
301.169
301.397
301.628
301.86
302.091
302.322
302.551
302.777
303
303.218
303.432
303.64
303.843
304.04
304.232
304.417
304.597
304.772
304.941
305.104
305.263
305.417
305.567
305.713
305.855
305.994
306.131
306.266
306.398
306.53
306.661
306.791
306.922
307.053
307.185
307.319
307.455
307.594
307.735
307.879
308.027
308.179
308.336
308.497
308.663
308.834
309.01
309.192
309.38
309.574
309.773
309.979
310.19
310.408
310.632
310.861
311.096
311.337
311.583
311.835
312.091
312.353
312.619
312.889
313.163
313.44
313.721
314.005
314.292
314.581
314.871
315.164
315.458
315.753
316.048
316.344
300.109
300.331
300.561
300.798
301.041
301.289
301.542
301.796
302.052
302.308
302.562
302.814
303.062
303.306
303.545
303.778
304.006
304.226
304.44
304.647
304.847
305.041
305.227
305.408
305.582
305.75
305.912
306.069
306.222
306.37
306.514
306.654
306.792
306.927
307.06
307.192
307.323
307.453
307.582
307.713
307.844
307.976
308.109
308.245
308.383
308.524
308.668
308.816
308.967
309.122
309.281
309.445
309.613
309.786
309.964
310.146
310.334
310.527
310.724
310.926
311.134
311.346
311.562
311.783
312.009
312.238
312.472
312.709
312.949
313.193
313.44
313.69
313.942
314.196
314.452
314.71
314.969
315.229
315.49
315.752
316.014
300.121
300.367
300.622
300.886
301.156
301.432
301.713
301.995
302.279
302.563
302.844
303.123
303.397
303.666
303.929
304.185
304.434
304.675
304.908
305.132
305.349
305.558
305.759
305.952
306.137
306.316
306.488
306.653
306.813
306.968
307.117
307.263
307.404
307.542
307.678
307.811
307.942
308.072
308.201
308.329
308.458
308.587
308.717
308.848
308.981
309.116
309.253
309.392
309.535
309.68
309.829
309.982
310.138
310.298
310.461
310.629
310.801
310.977
311.157
311.341
311.529
311.721
311.917
312.116
312.318
312.525
312.734
312.946
313.161
313.379
313.599
313.821
314.045
314.272
314.499
314.728
314.958
315.189
315.421
315.653
315.886
300.135
300.41
300.696
300.99
301.293
301.601
301.914
302.23
302.547
302.863
303.177
303.487
303.791
304.089
304.379
304.661
304.935
305.199
305.453
305.699
305.934
306.16
306.376
306.584
306.783
306.973
307.156
307.331
307.499
307.661
307.817
307.968
308.114
308.255
308.393
308.529
308.661
308.791
308.92
309.048
309.174
309.301
309.428
309.555
309.684
309.813
309.944
310.077
310.212
310.35
310.49
310.633
310.778
310.927
311.079
311.234
311.392
311.554
311.719
311.888
312.059
312.233
312.411
312.591
312.775
312.96
313.149
313.34
313.533
313.728
313.925
314.124
314.324
314.526
314.729
314.933
315.138
315.343
315.549
315.756
315.962
300.152
300.461
300.782
301.114
301.454
301.801
302.153
302.508
302.863
303.218
303.568
303.914
304.253
304.584
304.906
305.218
305.52
305.81
306.09
306.357
306.614
306.859
307.093
307.316
307.53
307.733
307.928
308.113
308.291
308.461
308.624
308.781
308.932
309.078
309.219
309.357
309.491
309.623
309.752
309.879
310.005
310.13
310.255
310.379
310.504
310.629
310.755
310.883
311.012
311.143
311.275
311.41
311.547
311.687
311.829
311.973
312.12
312.27
312.422
312.577
312.735
312.894
313.056
313.22
313.387
313.555
313.726
313.898
314.073
314.248
314.425
314.604
314.784
314.964
315.146
315.329
315.512
315.695
315.879
316.063
316.247
300.172
300.522
300.885
301.26
301.645
302.037
302.435
302.836
303.236
303.635
304.029
304.416
304.796
305.165
305.523
305.869
306.202
306.522
306.829
307.122
307.401
307.668
307.921
308.162
308.391
308.609
308.816
309.013
309.201
309.38
309.55
309.714
309.871
310.022
310.167
310.308
310.445
310.578
310.708
310.836
310.961
311.085
311.209
311.331
311.453
311.575
311.698
311.821
311.946
312.071
312.198
312.326
312.456
312.588
312.722
312.858
312.996
313.135
313.277
313.42
313.565
313.712
313.861
314.012
314.164
314.318
314.473
314.63
314.788
314.947
315.107
315.268
315.43
315.592
315.755
315.919
316.083
316.247
316.411
316.576
316.74
300.195
300.594
301.007
301.433
301.87
302.317
302.768
303.222
303.676
304.126
304.57
305.006
305.43
305.843
306.242
306.626
306.995
307.347
307.684
308.005
308.31
308.599
308.873
309.133
309.379
309.612
309.832
310.041
310.24
310.428
310.607
310.778
310.941
311.097
311.247
311.391
311.531
311.666
311.798
311.927
312.053
312.177
312.3
312.421
312.542
312.662
312.782
312.902
313.023
313.144
313.267
313.39
313.515
313.641
313.768
313.897
314.026
314.157
314.29
314.424
314.559
314.695
314.833
314.972
315.112
315.253
315.395
315.538
315.682
315.826
315.972
316.117
316.264
316.41
316.557
316.705
316.852
316.999
317.146
317.293
317.44
300.223
300.678
301.15
301.638
302.137
302.647
303.161
303.678
304.193
304.703
305.205
305.695
306.171
306.632
307.077
307.503
307.91
308.299
308.668
309.018
309.35
309.663
309.959
310.239
310.502
310.75
310.985
311.206
311.415
311.613
311.8
311.978
312.148
312.309
312.464
312.613
312.756
312.894
313.028
313.158
313.286
313.411
313.534
313.655
313.775
313.894
314.013
314.131
314.25
314.368
314.487
314.607
314.728
314.849
314.97
315.093
315.216
315.34
315.465
315.59
315.717
315.844
315.972
316.101
316.23
316.36
316.491
316.622
316.753
316.885
317.017
317.15
317.282
317.415
317.547
317.68
317.812
317.944
318.076
318.207
318.338
300.256
300.779
301.32
301.879
302.452
303.035
303.624
304.214
304.8
305.378
305.944
306.496
307.031
307.545
308.039
308.511
308.96
309.386
309.789
310.17
310.529
310.867
311.185
311.483
311.764
312.027
312.275
312.508
312.727
312.934
313.13
313.315
313.491
313.658
313.818
313.971
314.118
314.26
314.396
314.529
314.659
314.785
314.909
315.031
315.151
315.27
315.388
315.506
315.623
315.74
315.857
315.974
316.09
316.207
316.324
316.441
316.559
316.676
316.794
316.913
317.032
317.151
317.27
317.39
317.51
317.63
317.75
317.87
317.991
318.111
318.231
318.352
318.472
318.591
318.711
318.83
318.949
319.067
319.184
319.301
319.418
300.295
300.896
301.52
302.163
302.822
303.492
304.166
304.84
305.507
306.162
306.801
307.421
308.019
308.591
309.137
309.657
310.148
310.613
311.05
311.46
311.846
312.207
312.545
312.861
313.157
313.434
313.694
313.937
314.166
314.381
314.584
314.776
314.958
315.131
315.295
315.453
315.603
315.749
315.889
316.024
316.156
316.285
316.41
316.534
316.655
316.774
316.892
317.009
317.126
317.241
317.356
317.47
317.584
317.697
317.809
317.922
318.034
318.146
318.258
318.369
318.481
318.592
318.704
318.815
318.926
319.036
319.147
319.257
319.367
319.477
319.586
319.695
319.803
319.911
320.018
320.124
320.23
320.335
320.439
320.543
320.646
300.34
301.033
301.752
302.494
303.253
304.023
304.796
305.564
306.322
307.063
307.782
308.475
309.139
309.771
310.37
310.936
311.468
311.968
312.436
312.874
313.282
313.662
314.017
314.347
314.655
314.942
315.211
315.463
315.699
315.921
316.13
316.327
316.514
316.691
316.86
317.022
317.176
317.325
317.468
317.607
317.741
317.872
318
318.124
318.247
318.367
318.485
318.602
318.717
318.831
318.943
319.054
319.164
319.274
319.382
319.489
319.596
319.703
319.808
319.913
320.018
320.122
320.225
320.328
320.43
320.532
320.633
320.733
320.833
320.932
321.03
321.128
321.225
321.321
321.416
321.51
321.604
321.696
321.788
321.878
321.968
300.392
301.191
302.02
302.875
303.749
304.632
305.516
306.39
307.247
308.08
308.882
309.651
310.381
311.07
311.716
312.321
312.886
313.413
313.903
314.358
314.782
315.175
315.54
315.879
316.195
316.489
316.764
317.022
317.263
317.489
317.703
317.904
318.095
318.276
318.449
318.614
318.772
318.924
319.07
319.211
319.348
319.48
319.609
319.735
319.858
319.978
320.096
320.211
320.324
320.435
320.545
320.653
320.759
320.864
320.968
321.07
321.172
321.272
321.372
321.47
321.567
321.664
321.759
321.853
321.947
322.039
322.131
322.221
322.311
322.4
322.487
322.574
322.659
322.744
322.827
322.91
322.991
323.072
323.151
323.229
323.306
300.449
301.365
302.318
303.3
304.303
305.313
306.318
307.31
308.269
309.19
310.068
310.898
311.678
312.409
313.09
313.723
314.311
314.855
315.358
315.824
316.254
316.653
317.022
317.365
317.684
317.981
318.258
318.517
318.76
318.988
319.203
319.407
319.6
319.783
319.958
320.125
320.284
320.438
320.586
320.728
320.866
320.999
321.128
321.254
321.376
321.495
321.611
321.725
321.835
321.944
322.05
322.154
322.257
322.357
322.456
322.554
322.649
322.744
322.836
322.928
323.018
323.106
323.194
323.28
323.365
323.448
323.53
323.611
323.691
323.77
323.847
323.923
323.998
324.072
324.144
324.215
324.286
324.354
324.422
324.489
324.554
300.507
301.544
302.625
303.744
304.889
306.03
307.151
308.239
309.283
310.276
311.211
312.087
312.904
313.661
314.361
315.007
315.603
316.151
316.656
317.121
317.55
317.946
318.312
318.652
318.967
319.261
319.535
319.792
320.033
320.26
320.474
320.677
320.869
321.052
321.226
321.393
321.553
321.706
321.854
321.996
322.133
322.265
322.394
322.518
322.639
322.756
322.87
322.981
323.089
323.195
323.298
323.398
323.497
323.593
323.687
323.779
323.87
323.958
324.045
324.13
324.213
324.295
324.375
324.454
324.531
324.607
324.681
324.753
324.824
324.894
324.963
325.03
325.095
325.16
325.223
325.285
325.345
325.404
325.462
325.519
325.575
300.551
301.684
302.873
304.117
305.371
306.612
307.821
308.982
310.083
311.118
312.084
312.98
313.808
314.57
315.271
315.914
316.503
317.044
317.541
317.997
318.417
318.805
319.163
319.495
319.804
320.092
320.36
320.612
320.849
321.072
321.283
321.482
321.672
321.853
322.025
322.19
322.348
322.5
322.646
322.787
322.922
323.053
323.18
323.303
323.422
323.537
323.65
323.759
323.865
323.968
324.068
324.166
324.262
324.355
324.446
324.535
324.622
324.707
324.789
324.87
324.949
325.026
325.102
325.176
325.248
325.318
325.387
325.454
325.52
325.584
325.647
325.708
325.768
325.826
325.883
325.939
325.994
326.047
326.099
326.149
326.199
384.409
392.356
399.03
404.838
409.984
414.577
418.681
422.332
425.545
428.322
430.655
432.521
433.888
434.708
434.917
434.424
433.101
430.752
427.046
421.324
411.937
405.57
400.682
396.673
393.254
390.265
387.602
385.199
383.005
380.985
379.11
377.358
375.712
374.156
372.679
371.27
369.921
368.624
367.373
366.162
364.987
363.842
362.724
361.63
360.557
359.502
358.463
357.437
356.424
355.42
354.426
353.439
352.459
351.484
350.515
349.55
348.588
347.63
346.676
345.725
344.776
343.831
342.889
341.95
341.014
340.081
339.152
338.227
337.305
336.388
335.475
334.568
333.666
332.77
331.881
331
330.127
329.262
328.408
327.563
326.731
325.911
325.103
324.31
323.532
322.77
322.024
321.295
320.584
319.892
319.219
318.566
317.933
317.321
316.729
316.158
315.609
315.081
314.574
314.088
313.624
313.18
312.757
312.354
311.971
311.607
311.262
310.935
310.626
310.333
310.058
309.797
309.552
309.321
309.103
308.898
308.705
308.523
308.352
308.19
308.037
307.892
307.754
307.624
307.499
307.38
307.266
307.156
307.05
306.947
306.847
306.75
306.654
306.559
306.466
306.373
306.281
306.189
306.097
306.004
305.911
305.817
305.722
305.626
305.528
305.43
305.329
305.228
305.124
305.019
304.912
304.804
304.694
304.582
304.468
304.353
304.237
304.119
304
303.881
303.761
379.657
386.565
392.772
398.338
403.343
407.849
411.898
415.514
418.706
421.474
423.806
425.681
427.065
427.915
428.168
427.742
426.527
424.365
421.04
416.283
410.046
404.648
400.137
396.309
392.992
390.067
387.447
385.075
382.904
380.901
379.039
377.298
375.661
374.112
372.641
371.238
369.893
368.599
367.352
366.143
364.97
363.827
362.711
361.619
360.547
359.493
358.455
357.43
356.418
355.415
354.421
353.435
352.455
351.481
350.511
349.546
348.585
347.628
346.673
345.722
344.774
343.829
342.887
341.948
341.012
340.079
339.15
338.225
337.303
336.386
335.473
334.566
333.664
332.768
331.879
330.998
330.124
329.26
328.405
327.561
326.729
325.908
325.101
324.308
323.53
322.767
322.021
321.293
320.582
319.89
319.217
318.564
317.931
317.318
316.727
316.156
315.607
315.079
314.572
314.086
313.622
313.178
312.755
312.352
311.969
311.605
311.26
310.934
310.625
310.333
310.057
309.797
309.551
309.32
309.103
308.898
308.705
308.523
308.351
308.19
308.037
307.892
307.754
307.624
307.499
307.38
307.266
307.157
307.051
306.948
306.848
306.75
306.654
306.56
306.467
306.374
306.282
306.19
306.098
306.005
305.912
305.818
305.723
305.627
305.529
305.43
305.33
305.228
305.125
305.02
304.913
304.805
304.694
304.582
304.469
304.354
304.237
304.12
304.001
303.881
303.762
375.55
381.463
387.04
392.205
396.947
401.276
405.203
408.736
411.875
414.613
416.935
418.819
420.234
421.137
421.474
421.178
420.162
418.326
415.563
411.827
407.333
402.972
399.032
395.532
392.418
389.626
387.1
384.794
382.674
380.71
378.879
377.163
375.545
374.014
372.556
371.164
369.83
368.545
367.304
366.102
364.934
363.796
362.684
361.595
360.526
359.475
358.439
357.416
356.405
355.404
354.411
353.426
352.447
351.474
350.505
349.541
348.58
347.623
346.669
345.718
344.77
343.825
342.883
341.944
341.009
340.076
339.147
338.222
337.3
336.383
335.47
334.563
333.661
332.765
331.876
330.994
330.12
329.256
328.401
327.557
326.724
325.903
325.096
324.303
323.525
322.762
322.016
321.287
320.577
319.884
319.212
318.558
317.926
317.313
316.722
316.151
315.602
315.074
314.568
314.082
313.618
313.174
312.752
312.349
311.966
311.602
311.258
310.931
310.622
310.33
310.055
309.795
309.55
309.319
309.102
308.897
308.704
308.522
308.351
308.189
308.036
307.892
307.755
307.624
307.5
307.381
307.267
307.157
307.051
306.949
306.849
306.751
306.655
306.561
306.468
306.375
306.283
306.191
306.099
306.006
305.913
305.819
305.724
305.628
305.531
305.432
305.332
305.23
305.127
305.022
304.915
304.807
304.696
304.585
304.471
304.356
304.24
304.122
304.003
303.884
303.764
371.693
376.794
381.743
386.445
390.849
394.931
398.679
402.083
405.133
407.816
410.113
412.002
413.451
414.424
414.875
414.753
413.999
412.556
410.39
407.534
404.178
400.721
397.405
394.324
391.495
388.902
386.521
384.323
382.285
380.386
378.607
376.932
375.349
373.845
372.412
371.04
369.722
368.452
367.224
366.033
364.874
363.744
362.639
361.556
360.492
359.445
358.413
357.394
356.386
355.387
354.396
353.413
352.436
351.464
350.496
349.533
348.573
347.616
346.663
345.713
344.765
343.821
342.879
341.94
341.005
340.072
339.143
338.218
337.296
336.379
335.466
334.558
333.656
332.76
331.87
330.988
330.115
329.25
328.395
327.55
326.717
325.896
325.089
324.295
323.517
322.754
322.008
321.279
320.568
319.876
319.203
318.55
317.917
317.305
316.714
316.144
315.595
315.067
314.561
314.076
313.612
313.169
312.746
312.344
311.961
311.598
311.254
310.927
310.619
310.327
310.052
309.793
309.548
309.317
309.1
308.896
308.703
308.522
308.351
308.189
308.037
307.892
307.755
307.625
307.501
307.382
307.268
307.159
307.053
306.951
306.851
306.753
306.658
306.563
306.47
306.378
306.286
306.194
306.102
306.009
305.916
305.822
305.728
305.632
305.534
305.436
305.335
305.234
305.13
305.025
304.919
304.81
304.7
304.588
304.475
304.36
304.244
304.126
304.007
303.887
303.767
367.966
372.407
376.787
381.023
385.058
388.851
392.377
395.614
398.543
401.146
403.401
405.284
406.766
407.817
408.4
408.476
408.009
406.973
405.365
403.238
400.722
398.024
395.312
392.688
390.199
387.861
385.672
383.624
381.703
379.897
378.193
376.58
375.048
373.587
372.19
370.849
369.558
368.31
367.102
365.927
364.783
363.666
362.572
361.499
360.443
359.403
358.377
357.362
356.359
355.364
354.376
353.396
352.421
351.451
350.485
349.523
348.565
347.609
346.657
345.707
344.76
343.816
342.875
341.937
341.001
340.069
339.14
338.214
337.292
336.375
335.462
334.554
333.651
332.754
331.864
330.982
330.107
329.242
328.386
327.541
326.708
325.886
325.079
324.285
323.506
322.743
321.997
321.268
320.557
319.865
319.192
318.539
317.906
317.294
316.703
316.133
315.584
315.057
314.551
314.067
313.603
313.16
312.738
312.337
311.955
311.592
311.248
310.922
310.614
310.323
310.049
309.79
309.545
309.315
309.099
308.895
308.702
308.521
308.351
308.19
308.037
307.893
307.756
307.626
307.503
307.384
307.271
307.161
307.056
306.954
306.854
306.757
306.661
306.567
306.474
306.382
306.29
306.198
306.106
306.014
305.921
305.827
305.733
305.637
305.54
305.441
305.341
305.239
305.136
305.031
304.925
304.816
304.706
304.595
304.481
304.366
304.25
304.132
304.013
303.894
303.773
364.328
368.223
372.101
375.897
379.559
383.046
386.325
389.368
392.151
394.652
396.848
398.713
400.223
401.351
402.067
402.345
402.164
401.512
400.401
398.876
397.024
394.963
392.808
390.643
388.523
386.478
384.523
382.662
380.892
379.209
377.607
376.078
374.617
373.217
371.871
370.573
369.32
368.105
366.925
365.775
364.652
363.554
362.476
361.417
360.373
359.344
358.327
357.32
356.323
355.333
354.351
353.374
352.403
351.436
350.473
349.513
348.556
347.602
346.651
345.702
344.756
343.813
342.872
341.934
340.999
340.066
339.137
338.211
337.289
336.371
335.458
334.549
333.646
332.748
331.858
330.974
330.099
329.233
328.377
327.531
326.697
325.875
325.066
324.272
323.492
322.729
321.982
321.253
320.542
319.85
319.177
318.524
317.892
317.28
316.689
316.12
315.571
315.045
314.539
314.055
313.592
313.15
312.729
312.328
311.946
311.584
311.241
310.916
310.609
310.318
310.044
309.786
309.542
309.313
309.097
308.893
308.702
308.521
308.351
308.19
308.039
307.895
307.759
307.629
307.506
307.387
307.274
307.165
307.06
306.958
306.859
306.762
306.667
306.573
306.48
306.388
306.296
306.205
306.113
306.021
305.928
305.835
305.74
305.644
305.547
305.449
305.349
305.248
305.145
305.04
304.934
304.825
304.715
304.604
304.491
304.376
304.259
304.141
304.022
303.903
303.781
360.77
364.203
367.639
371.032
374.337
377.517
380.539
383.372
385.992
388.374
390.495
392.33
393.857
395.052
395.893
396.362
396.444
396.138
395.455
394.431
393.121
391.601
389.946
388.221
386.476
384.746
383.053
381.41
379.821
378.29
376.816
375.396
374.027
372.706
371.428
370.189
368.987
367.817
366.675
365.56
364.468
363.395
362.341
361.302
360.276
359.262
358.259
357.264
356.276
355.294
354.319
353.348
352.382
351.419
350.459
349.502
348.548
347.596
346.646
345.699
344.754
343.811
342.871
341.933
340.998
340.066
339.137
338.211
337.288
336.369
335.455
334.545
333.641
332.743
331.851
330.967
330.091
329.223
328.366
327.519
326.684
325.861
325.052
324.257
323.477
322.713
321.966
321.236
320.525
319.833
319.16
318.507
317.875
317.263
316.673
316.104
315.556
315.03
314.525
314.042
313.579
313.138
312.718
312.317
311.937
311.576
311.233
310.909
310.603
310.313
310.04
309.782
309.54
309.311
309.096
308.893
308.702
308.522
308.353
308.193
308.041
307.898
307.762
307.633
307.51
307.393
307.28
307.171
307.066
306.965
306.866
306.769
306.674
306.581
306.488
306.397
306.305
306.214
306.123
306.031
305.938
305.845
305.751
305.655
305.559
305.46
305.361
305.26
305.157
305.052
304.946
304.838
304.728
304.617
304.504
304.389
304.272
304.155
304.036
303.916
303.794
357.291
360.325
363.375
366.403
369.375
372.259
375.024
377.642
380.089
382.34
384.373
386.165
387.695
388.944
389.893
390.529
390.844
390.835
390.515
389.907
389.049
387.987
386.774
385.458
384.079
382.67
381.255
379.851
378.468
377.114
375.792
374.503
373.248
372.025
370.834
369.671
368.535
367.423
366.334
365.264
364.212
363.176
362.153
361.142
360.141
359.149
358.164
357.186
356.212
355.243
354.277
353.315
352.355
351.398
350.444
349.491
348.54
347.591
346.644
345.698
344.754
343.813
342.873
341.936
341.001
340.069
339.139
338.212
337.289
336.37
335.454
334.544
333.638
332.739
331.846
330.96
330.082
329.213
328.355
327.506
326.67
325.846
325.035
324.239
323.459
322.694
321.946
321.216
320.505
319.812
319.14
318.487
317.855
317.244
316.654
316.085
315.538
315.013
314.509
314.026
313.565
313.125
312.705
312.306
311.926
311.566
311.225
310.902
310.597
310.308
310.036
309.779
309.538
309.31
309.096
308.894
308.704
308.524
308.356
308.196
308.046
307.903
307.768
307.64
307.517
307.4
307.288
307.18
307.076
306.974
306.876
306.78
306.685
306.592
306.5
306.409
306.318
306.227
306.136
306.044
305.952
305.859
305.765
305.67
305.574
305.476
305.377
305.276
305.173
305.069
304.963
304.855
304.746
304.634
304.521
304.407
304.29
304.173
304.053
303.933
303.811
353.896
356.584
359.292
361.993
364.659
367.264
369.781
372.187
374.458
376.571
378.506
380.242
381.761
383.046
384.082
384.857
385.366
385.607
385.589
385.326
384.843
384.171
383.344
382.398
381.364
380.269
379.136
377.982
376.821
375.663
374.512
373.375
372.254
371.149
370.062
368.992
367.939
366.901
365.877
364.866
363.866
362.876
361.895
360.921
359.954
358.991
358.032
357.077
356.123
355.172
354.221
353.271
352.322
351.373
350.426
349.479
348.532
347.587
346.643
345.7
344.758
343.818
342.879
341.942
341.008
340.075
339.145
338.218
337.294
336.373
335.457
334.545
333.638
332.736
331.842
330.954
330.075
329.204
328.344
327.494
326.656
325.83
325.018
324.221
323.439
322.674
321.926
321.195
320.483
319.791
319.118
318.465
317.833
317.223
316.633
316.065
315.519
314.994
314.491
314.01
313.55
313.111
312.692
312.294
311.916
311.557
311.217
310.896
310.591
310.304
310.033
309.778
309.537
309.311
309.097
308.896
308.707
308.529
308.361
308.203
308.053
307.911
307.777
307.649
307.527
307.411
307.299
307.192
307.088
306.988
306.89
306.794
306.7
306.607
306.516
306.425
306.334
306.244
306.153
306.062
305.971
305.878
305.785
305.69
305.594
305.497
305.398
305.297
305.195
305.091
304.985
304.878
304.769
304.658
304.545
304.43
304.314
304.196
304.077
303.956
303.834
350.594
352.978
355.384
357.792
360.18
362.526
364.81
367.011
369.107
371.08
372.91
374.58
376.073
377.375
378.473
379.358
380.023
380.467
380.694
380.714
380.542
380.198
379.706
379.088
378.37
377.572
376.714
375.813
374.881
373.929
372.965
371.996
371.025
370.055
369.089
368.129
367.174
366.224
365.28
364.341
363.407
362.476
361.548
360.622
359.697
358.773
357.849
356.924
355.998
355.07
354.141
353.209
352.276
351.34
350.403
349.464
348.524
347.584
346.645
345.705
344.766
343.827
342.89
341.954
341.019
340.087
339.157
338.229
337.303
336.382
335.463
334.55
333.641
332.738
331.841
330.951
330.069
329.197
328.334
327.482
326.642
325.815
325.002
324.203
323.42
322.654
321.905
321.174
320.461
319.768
319.095
318.443
317.811
317.201
316.612
316.045
315.5
314.976
314.475
313.994
313.535
313.098
312.681
312.284
311.907
311.55
311.211
310.891
310.588
310.302
310.033
309.779
309.539
309.314
309.102
308.902
308.714
308.537
308.37
308.213
308.064
307.923
307.789
307.663
307.542
307.426
307.315
307.208
307.105
307.005
306.908
306.813
306.72
306.628
306.537
306.446
306.356
306.267
306.177
306.086
305.995
305.903
305.81
305.716
305.62
305.524
305.425
305.325
305.223
305.12
305.014
304.907
304.798
304.688
304.575
304.46
304.344
304.227
304.107
303.986
303.864
347.395
349.51
351.649
353.794
355.931
358.041
360.108
362.113
364.041
365.873
367.595
369.19
370.644
371.945
373.081
374.045
374.829
375.433
375.856
376.104
376.187
376.117
375.908
375.577
375.141
374.617
374.02
373.363
372.659
371.918
371.149
370.357
369.548
368.727
367.897
367.06
366.218
365.371
364.521
363.668
362.812
361.952
361.09
360.223
359.352
358.477
357.598
356.713
355.822
354.927
354.026
353.119
352.207
351.29
350.369
349.443
348.514
347.581
346.648
345.713
344.777
343.841
342.906
341.971
341.037
340.105
339.174
338.245
337.319
336.396
335.476
334.56
333.649
332.743
331.844
330.952
330.068
329.193
328.328
327.474
326.632
325.803
324.988
324.187
323.403
322.635
321.885
321.153
320.44
319.747
319.074
318.422
317.791
317.181
316.593
316.027
315.482
314.96
314.459
313.98
313.523
313.087
312.671
312.276
311.901
311.545
311.208
310.889
310.588
310.304
310.036
309.783
309.545
309.321
309.11
308.912
308.725
308.549
308.383
308.227
308.079
307.94
307.807
307.681
307.561
307.446
307.336
307.23
307.128
307.029
306.932
306.838
306.745
306.654
306.564
306.474
306.385
306.296
306.206
306.117
306.026
305.935
305.843
305.749
305.654
305.558
305.46
305.361
305.259
305.156
305.051
304.945
304.836
304.726
304.613
304.499
304.383
304.265
304.145
304.024
303.901
344.306
346.185
348.086
349.998
351.908
353.804
355.67
357.493
359.26
360.955
362.566
364.08
365.483
366.766
367.919
368.933
369.804
370.527
371.102
371.531
371.818
371.972
372
371.915
371.727
371.448
371.09
370.664
370.18
369.646
369.071
368.461
367.822
367.159
366.475
365.773
365.055
364.324
363.581
362.826
362.061
361.285
360.499
359.704
358.899
358.084
357.259
356.424
355.579
354.725
353.861
352.987
352.104
351.213
350.314
349.407
348.494
347.574
346.65
345.722
344.792
343.86
342.927
341.994
341.061
340.129
339.198
338.269
337.342
336.417
335.495
334.577
333.664
332.756
331.854
330.959
330.073
329.195
328.327
327.471
326.626
325.795
324.978
324.176
323.39
322.621
321.87
321.137
320.423
319.73
319.057
318.405
317.774
317.165
316.577
316.012
315.469
314.948
314.448
313.971
313.515
313.08
312.666
312.273
311.899
311.545
311.21
310.893
310.593
310.31
310.044
309.793
309.556
309.334
309.124
308.927
308.742
308.567
308.403
308.247
308.101
307.962
307.831
307.706
307.586
307.473
307.364
307.259
307.157
307.059
306.963
306.87
306.778
306.688
306.598
306.509
306.421
306.333
306.244
306.155
306.066
305.975
305.884
305.791
305.697
305.601
305.504
305.405
305.305
305.202
305.098
304.992
304.883
304.773
304.661
304.547
304.431
304.313
304.193
304.072
303.949
341.34
343.008
344.698
346.402
348.109
349.81
351.493
353.148
354.762
356.325
357.826
359.253
360.596
361.847
362.996
364.037
364.963
365.771
366.458
367.026
367.474
367.807
368.031
368.151
368.175
368.111
367.967
367.752
367.473
367.137
366.752
366.322
365.854
365.352
364.82
364.26
363.676
363.07
362.444
361.799
361.135
360.455
359.758
359.045
358.316
357.572
356.813
356.038
355.25
354.446
353.629
352.797
351.953
351.095
350.226
349.345
348.454
347.554
346.645
345.73
344.808
343.882
342.954
342.024
341.093
340.162
339.231
338.302
337.373
336.447
335.524
334.604
333.688
332.778
331.873
330.975
330.086
329.205
328.335
327.475
326.628
325.795
324.975
324.171
323.384
322.613
321.861
321.127
320.413
319.719
319.046
318.394
317.764
317.155
316.568
316.004
315.462
314.942
314.444
313.968
313.513
313.08
312.668
312.276
311.904
311.552
311.218
310.903
310.605
310.324
310.059
309.809
309.574
309.353
309.145
308.95
308.766
308.592
308.429
308.275
308.13
307.992
307.862
307.738
307.62
307.507
307.399
307.295
307.194
307.097
307.002
306.91
306.819
306.73
306.641
306.554
306.466
306.379
306.291
306.203
306.115
306.025
305.934
305.843
305.749
305.655
305.558
305.46
305.36
305.259
305.155
305.049
304.942
304.832
304.72
304.606
304.49
304.372
304.252
304.131
304.007
338.504
339.985
341.488
343.006
344.532
346.057
347.573
349.072
350.544
351.98
353.372
354.711
355.987
357.193
358.322
359.368
360.324
361.187
361.953
362.622
363.192
363.666
364.045
364.333
364.534
364.654
364.697
364.669
364.576
364.424
364.218
363.962
363.661
363.319
362.939
362.525
362.08
361.605
361.103
360.575
360.023
359.447
358.848
358.228
357.586
356.923
356.24
355.537
354.814
354.072
353.311
352.532
351.735
350.92
350.09
349.244
348.383
347.509
346.623
345.726
344.82
343.905
342.984
342.059
341.132
340.203
339.273
338.344
337.416
336.488
335.564
334.642
333.724
332.811
331.904
331.003
330.111
329.227
328.354
327.491
326.642
325.805
324.984
324.178
323.388
322.616
321.862
321.128
320.413
319.719
319.045
318.393
317.763
317.155
316.569
316.005
315.464
314.945
314.449
313.974
313.521
313.089
312.679
312.288
311.918
311.568
311.236
310.922
310.626
310.346
310.083
309.835
309.602
309.382
309.175
308.981
308.798
308.626
308.464
308.312
308.167
308.031
307.902
307.779
307.662
307.55
307.443
307.341
307.241
307.145
307.051
306.96
306.87
306.782
306.695
306.608
306.522
306.436
306.349
306.262
306.175
306.086
305.997
305.906
305.814
305.72
305.625
305.528
305.429
305.328
305.225
305.12
305.013
304.904
304.792
304.678
304.562
304.444
304.324
304.202
304.078
335.808
337.124
338.46
339.812
341.175
342.541
343.906
345.261
346.601
347.917
349.204
350.452
351.656
352.809
353.905
354.937
355.902
356.794
357.61
358.348
359.007
359.586
360.086
360.507
360.852
361.124
361.326
361.461
361.533
361.545
361.503
361.408
361.265
361.078
360.848
360.579
360.272
359.932
359.558
359.152
358.717
358.252
357.76
357.241
356.694
356.122
355.525
354.903
354.256
353.585
352.89
352.173
351.433
350.671
349.889
349.086
348.265
347.426
346.57
345.699
344.815
343.919
343.013
342.098
341.177
340.252
339.325
338.397
337.469
336.542
335.616
334.693
333.774
332.858
331.949
331.045
330.15
329.264
328.387
327.522
326.67
325.831
325.007
324.199
323.407
322.634
321.879
321.143
320.427
319.732
319.058
318.406
317.776
317.168
316.583
316.02
315.48
314.962
314.466
313.993
313.541
313.111
312.702
312.313
311.944
311.595
311.265
310.953
310.658
310.38
310.118
309.872
309.64
309.421
309.216
309.023
308.842
308.671
308.51
308.359
308.216
308.081
307.953
307.831
307.715
307.605
307.499
307.397
307.299
307.204
307.112
307.022
306.933
306.846
306.76
306.675
306.59
306.505
306.42
306.334
306.248
306.161
306.073
305.983
305.892
305.8
305.706
305.61
305.512
305.412
305.31
305.206
305.099
304.99
304.879
304.766
304.65
304.531
304.411
304.288
304.164
333.26
334.428
335.616
336.82
338.037
339.261
340.488
341.712
342.929
344.132
345.316
346.476
347.604
348.697
349.749
350.754
351.709
352.609
353.451
354.232
354.95
355.604
356.193
356.716
357.174
357.569
357.901
358.172
358.385
358.542
358.645
358.697
358.7
358.656
358.569
358.439
358.269
358.06
357.814
357.533
357.218
356.869
356.488
356.075
355.632
355.157
354.654
354.12
353.558
352.967
352.348
351.702
351.029
350.33
349.605
348.856
348.083
347.288
346.471
345.636
344.782
343.912
343.027
342.13
341.223
340.307
339.385
338.461
337.535
336.609
335.683
334.76
333.839
332.922
332.011
331.106
330.208
329.319
328.44
327.572
326.717
325.876
325.049
324.239
323.446
322.67
321.913
321.176
320.46
319.764
319.09
318.437
317.807
317.199
316.614
316.052
315.512
314.995
314.5
314.028
313.577
313.148
312.74
312.353
311.985
311.637
311.308
310.997
310.704
310.427
310.167
309.922
309.691
309.474
309.27
309.078
308.898
308.729
308.569
308.419
308.277
308.143
308.016
307.896
307.781
307.672
307.567
307.467
307.37
307.277
307.186
307.097
307.01
306.924
306.84
306.756
306.672
306.589
306.505
306.421
306.337
306.251
306.164
306.076
305.987
305.896
305.803
305.708
305.611
305.513
305.412
305.308
305.203
305.094
304.984
304.87
304.755
304.636
304.515
304.392
304.267
330.867
331.904
332.96
334.032
335.118
336.214
337.316
338.421
339.523
340.62
341.707
342.778
343.83
344.858
345.858
346.826
347.757
348.648
349.495
350.297
351.05
351.752
352.402
352.999
353.542
354.032
354.467
354.85
355.18
355.459
355.688
355.868
356.001
356.088
356.131
356.132
356.09
356.009
355.888
355.729
355.533
355.301
355.033
354.731
354.393
354.022
353.618
353.18
352.709
352.206
351.671
351.104
350.507
349.879
349.221
348.534
347.819
347.078
346.31
345.519
344.704
343.869
343.015
342.143
341.257
340.358
339.449
338.533
337.612
336.689
335.765
334.843
333.923
333.006
332.093
331.186
330.287
329.396
328.515
327.645
326.788
325.944
325.115
324.303
323.507
322.73
321.972
321.233
320.515
319.819
319.144
318.49
317.86
317.252
316.667
316.104
315.565
315.048
314.554
314.082
313.632
313.204
312.797
312.41
312.044
311.697
311.369
311.059
310.767
310.491
310.232
309.988
309.758
309.542
309.339
309.149
308.97
308.801
308.643
308.494
308.353
308.22
308.094
307.975
307.862
307.754
307.651
307.552
307.456
307.364
307.275
307.187
307.102
307.018
306.935
306.853
306.771
306.69
306.608
306.526
306.443
306.359
306.274
306.187
306.1
306.01
305.919
305.826
305.731
305.633
305.533
305.431
305.326
305.219
305.108
304.995
304.88
304.761
304.64
304.516
304.389
328.636
329.556
330.495
331.449
332.418
333.398
334.387
335.382
336.38
337.377
338.371
339.357
340.332
341.293
342.236
343.157
344.054
344.922
345.759
346.563
347.33
348.058
348.747
349.393
349.996
350.555
351.069
351.537
351.961
352.34
352.673
352.963
353.208
353.411
353.571
353.689
353.766
353.803
353.8
353.759
353.679
353.56
353.405
353.212
352.983
352.717
352.415
352.076
351.702
351.293
350.848
350.368
349.853
349.304
348.721
348.106
347.458
346.779
346.07
345.332
344.567
343.775
342.961
342.124
341.267
340.394
339.505
338.605
337.696
336.78
335.862
334.943
334.024
333.109
332.197
331.29
330.39
329.498
328.615
327.744
326.885
326.039
325.209
324.394
323.597
322.818
322.058
321.318
320.599
319.901
319.225
318.571
317.939
317.331
316.745
316.183
315.643
315.126
314.632
314.161
313.711
313.283
312.876
312.49
312.124
311.778
311.45
311.141
310.85
310.575
310.316
310.073
309.844
309.629
309.427
309.237
309.059
308.891
308.734
308.586
308.446
308.314
308.19
308.072
307.96
307.853
307.751
307.654
307.56
307.469
307.382
307.296
307.212
307.13
307.049
306.969
306.889
306.81
306.73
306.65
306.569
306.487
306.404
306.32
306.234
306.146
306.057
305.965
305.872
305.776
305.678
305.577
305.473
305.366
305.256
305.144
305.028
304.909
304.787
304.663
304.535
326.573
327.389
328.223
329.072
329.936
330.812
331.698
332.593
333.494
334.399
335.305
336.209
337.109
338.001
338.883
339.753
340.607
341.442
342.256
343.047
343.812
344.548
345.254
345.929
346.569
347.175
347.745
348.277
348.772
349.228
349.646
350.025
350.364
350.664
350.925
351.147
351.33
351.474
351.579
351.646
351.675
351.666
351.618
351.533
351.41
351.248
351.049
350.812
350.537
350.224
349.873
349.484
349.058
348.595
348.094
347.557
346.984
346.376
345.734
345.059
344.352
343.614
342.848
342.055
341.238
340.399
339.54
338.665
337.776
336.876
335.969
335.056
334.143
333.232
332.322
331.417
330.518
329.627
328.744
327.872
327.012
326.165
325.333
324.517
323.719
322.938
322.176
321.435
320.714
320.015
319.337
318.682
318.05
317.44
316.854
316.291
315.75
315.233
314.738
314.266
313.817
313.388
312.981
312.595
312.23
311.883
311.556
311.247
310.956
310.681
310.423
310.18
309.951
309.737
309.535
309.346
309.168
309.002
308.845
308.698
308.559
308.428
308.305
308.188
308.078
307.972
307.872
307.776
307.684
307.595
307.509
307.425
307.343
307.263
307.184
307.106
307.029
306.952
306.874
306.796
306.718
306.638
306.558
306.476
306.392
306.307
306.22
306.13
306.039
305.945
305.848
305.748
305.646
305.54
305.431
305.319
305.203
305.084
304.962
304.836
304.707
324.683
325.406
326.146
326.901
327.671
328.453
329.247
330.051
330.863
331.682
332.505
333.331
334.157
334.981
335.802
336.616
337.422
338.216
338.998
339.764
340.513
341.243
341.95
342.635
343.295
343.928
344.533
345.108
345.653
346.167
346.648
347.096
347.511
347.891
348.236
348.545
348.819
349.057
349.258
349.423
349.551
349.642
349.696
349.712
349.69
349.63
349.531
349.394
349.217
349.002
348.747
348.452
348.118
347.744
347.331
346.879
346.387
345.857
345.289
344.685
344.044
343.369
342.661
341.922
341.154
340.359
339.539
338.698
337.838
336.963
336.075
335.179
334.276
333.372
332.469
331.568
330.673
329.783
328.902
328.031
327.172
326.325
325.492
324.676
323.876
323.094
322.331
321.588
320.866
320.165
319.486
318.829
318.196
317.585
316.997
316.432
315.891
315.373
314.877
314.404
313.953
313.524
313.117
312.73
312.364
312.017
311.689
311.38
311.088
310.813
310.555
310.312
310.084
309.869
309.668
309.479
309.302
309.136
308.98
308.833
308.695
308.565
308.443
308.327
308.218
308.114
308.015
307.921
307.83
307.743
307.659
307.578
307.498
307.421
307.344
307.269
307.194
307.119
307.044
306.969
306.893
306.816
306.738
306.659
306.578
306.496
306.411
306.324
306.235
306.143
306.048
305.95
305.849
305.744
305.636
305.525
305.409
305.29
305.167
305.04
304.909
322.97
323.612
324.268
324.939
325.624
326.322
327.032
327.753
328.484
329.223
329.969
330.72
331.476
332.233
332.992
333.749
334.502
335.251
335.993
336.727
337.45
338.16
338.856
339.537
340.199
340.843
341.465
342.066
342.643
343.195
343.721
344.22
344.691
345.132
345.544
345.925
346.274
346.591
346.874
347.124
347.34
347.521
347.666
347.775
347.847
347.882
347.879
347.837
347.757
347.637
347.477
347.276
347.035
346.753
346.43
346.065
345.659
345.213
344.725
344.198
343.632
343.027
342.386
341.709
340.999
340.257
339.486
338.688
337.867
337.026
336.168
335.295
334.413
333.524
332.632
331.74
330.851
329.967
329.09
328.222
327.364
326.519
325.688
324.871
324.071
323.289
322.525
321.781
321.057
320.355
319.675
319.016
318.381
317.768
317.179
316.613
316.07
315.55
315.053
314.578
314.126
313.695
313.287
312.899
312.531
312.183
311.854
311.544
311.252
310.976
310.717
310.474
310.245
310.03
309.829
309.64
309.463
309.297
309.141
308.995
308.858
308.729
308.607
308.493
308.385
308.282
308.185
308.092
308.004
307.919
307.837
307.757
307.68
307.605
307.531
307.459
307.386
307.315
307.243
307.171
307.098
307.024
306.95
306.874
306.796
306.716
306.634
306.55
306.464
306.374
306.282
306.186
306.086
305.983
305.876
305.765
305.65
305.53
305.407
305.278
305.146
321.44
322.008
322.59
323.186
323.795
324.417
325.051
325.697
326.353
327.018
327.693
328.374
329.062
329.755
330.452
331.152
331.852
332.552
333.249
333.944
334.633
335.315
335.989
336.654
337.307
337.947
338.572
339.182
339.775
340.348
340.902
341.435
341.944
342.431
342.892
343.327
343.736
344.116
344.467
344.788
345.078
345.336
345.561
345.753
345.909
346.031
346.116
346.164
346.173
346.144
346.076
345.967
345.818
345.626
345.394
345.118
344.801
344.44
344.037
343.592
343.105
342.578
342.01
341.403
340.759
340.079
339.366
338.621
337.849
337.051
336.231
335.393
334.539
333.675
332.803
331.926
331.048
330.174
329.304
328.442
327.59
326.748
325.919
325.105
324.306
323.524
322.76
322.016
321.292
320.588
319.907
319.247
318.61
317.995
317.404
316.836
316.291
315.768
315.269
314.793
314.338
313.906
313.495
313.105
312.736
312.386
312.056
311.744
311.451
311.174
310.914
310.669
310.439
310.224
310.022
309.833
309.655
309.489
309.333
309.188
309.051
308.922
308.802
308.688
308.581
308.48
308.384
308.293
308.207
308.124
308.044
307.968
307.893
307.821
307.75
307.68
307.611
307.543
307.474
307.406
307.337
307.267
307.196
307.123
307.049
306.973
306.894
306.813
306.73
306.643
306.553
306.46
306.363
306.261
306.155
306.045
305.93
305.811
305.686
305.557
305.422
320.095
320.598
321.114
321.643
322.185
322.739
323.304
323.881
324.469
325.067
325.675
326.291
326.915
327.547
328.184
328.826
329.472
330.121
330.772
331.423
332.073
332.721
333.365
334.004
334.637
335.263
335.879
336.485
337.079
337.66
338.226
338.777
339.31
339.825
340.319
340.793
341.245
341.673
342.076
342.454
342.804
343.126
343.418
343.68
343.91
344.108
344.271
344.399
344.492
344.547
344.564
344.542
344.479
344.376
344.232
344.045
343.815
343.542
343.225
342.865
342.461
342.014
341.525
340.994
340.423
339.812
339.165
338.482
337.767
337.022
336.251
335.455
334.641
333.81
332.966
332.114
331.257
330.398
329.541
328.689
327.845
327.01
326.186
325.376
324.58
323.801
323.039
322.295
321.571
320.867
320.185
319.524
318.885
318.269
317.676
317.105
316.558
316.034
315.532
315.053
314.596
314.161
313.748
313.356
312.984
312.632
312.299
311.986
311.69
311.411
311.149
310.903
310.672
310.455
310.252
310.062
309.884
309.717
309.561
309.415
309.279
309.151
309.03
308.918
308.812
308.712
308.618
308.529
308.444
308.363
308.286
308.212
308.141
308.071
308.004
307.937
307.872
307.807
307.743
307.678
307.613
307.547
307.48
307.412
307.342
307.269
307.195
307.118
307.038
306.955
306.868
306.777
306.683
306.583
306.479
306.37
306.255
306.136
306.01
305.879
305.743
318.94
319.385
319.842
320.311
320.792
321.285
321.789
322.304
322.83
323.366
323.912
324.468
325.032
325.605
326.185
326.772
327.365
327.963
328.565
329.17
329.777
330.386
330.995
331.602
332.208
332.81
333.407
333.998
334.582
335.158
335.724
336.279
336.821
337.35
337.864
338.362
338.842
339.302
339.743
340.162
340.558
340.93
341.276
341.595
341.886
342.147
342.378
342.576
342.741
342.871
342.966
343.023
343.042
343.021
342.96
342.858
342.713
342.525
342.294
342.019
341.7
341.336
340.929
340.478
339.984
339.449
338.874
338.26
337.61
336.926
336.212
335.469
334.702
333.914
333.109
332.29
331.462
330.628
329.792
328.956
328.124
327.3
326.486
325.683
324.893
324.118
323.36
322.619
321.896
321.194
320.511
319.85
319.211
318.593
317.998
317.426
316.876
316.349
315.845
315.363
314.904
314.466
314.05
313.655
313.28
312.925
312.59
312.273
311.975
311.694
311.429
311.181
310.948
310.729
310.525
310.333
310.154
309.986
309.829
309.683
309.546
309.418
309.299
309.186
309.081
308.983
308.89
308.803
308.72
308.642
308.567
308.496
308.427
308.361
308.297
308.235
308.173
308.113
308.052
307.992
307.932
307.87
307.808
307.744
307.679
307.611
307.541
307.468
307.392
307.313
307.23
307.143
307.051
306.954
306.852
306.744
306.63
306.511
306.385
306.253
306.114
317.978
318.372
318.777
319.192
319.619
320.057
320.506
320.965
321.435
321.915
322.404
322.904
323.412
323.93
324.456
324.989
325.53
326.078
326.631
327.19
327.753
328.319
328.889
329.46
330.032
330.604
331.174
331.743
332.308
332.868
333.423
333.971
334.511
335.041
335.561
336.068
336.563
337.043
337.506
337.953
338.38
338.788
339.174
339.537
339.875
340.188
340.473
340.729
340.956
341.15
341.312
341.439
341.531
341.585
341.6
341.577
341.512
341.406
341.257
341.065
340.828
340.548
340.223
339.854
339.44
338.984
338.486
337.946
337.368
336.752
336.102
335.42
334.709
333.973
333.215
332.439
331.649
330.849
330.042
329.231
328.421
327.614
326.812
326.021
325.241
324.474
323.722
322.986
322.268
321.568
320.887
320.227
319.588
318.97
318.374
317.801
317.249
316.72
316.214
315.729
315.267
314.826
314.406
314.008
313.63
313.272
312.933
312.614
312.312
312.028
311.761
311.509
311.274
311.053
310.846
310.652
310.471
310.302
310.144
309.997
309.859
309.731
309.611
309.5
309.395
309.297
309.206
309.12
309.039
308.963
308.891
308.823
308.758
308.695
308.635
308.576
308.519
308.463
308.408
308.352
308.297
308.241
308.184
308.125
308.065
308.002
307.937
307.87
307.799
307.724
307.645
307.562
307.474
307.38
307.28
307.174
307.061
306.942
306.816
306.682
306.541
317.211
317.56
317.918
318.287
318.666
319.055
319.454
319.862
320.281
320.71
321.148
321.596
322.053
322.519
322.994
323.477
323.968
324.467
324.972
325.484
326.002
326.526
327.054
327.585
328.12
328.657
329.196
329.735
330.274
330.811
331.346
331.878
332.405
332.926
333.44
333.946
334.443
334.929
335.403
335.863
336.309
336.739
337.151
337.544
337.917
338.267
338.594
338.896
339.172
339.419
339.636
339.823
339.976
340.096
340.179
340.226
340.234
340.203
340.131
340.016
339.86
339.659
339.415
339.127
338.795
338.419
337.999
337.537
337.034
336.492
335.912
335.298
334.651
333.975
333.272
332.548
331.804
331.046
330.277
329.5
328.719
327.937
327.158
326.384
325.618
324.864
324.122
323.394
322.683
321.989
321.313
320.656
320.019
319.402
318.807
318.233
317.681
317.15
316.642
316.155
315.69
315.246
314.824
314.422
314.04
313.679
313.337
313.013
312.708
312.42
312.15
311.895
311.656
311.432
311.223
311.026
310.843
310.672
310.512
310.363
310.225
310.095
309.975
309.863
309.759
309.662
309.572
309.487
309.408
309.334
309.265
309.199
309.137
309.078
309.022
308.968
308.915
308.864
308.813
308.763
308.713
308.663
308.612
308.559
308.504
308.448
308.389
308.327
308.261
308.192
308.118
308.039
307.955
307.865
307.768
307.664
307.554
307.435
307.308
307.174
307.031
316.644
316.953
317.271
317.598
317.933
318.279
318.633
318.997
319.37
319.752
320.144
320.544
320.954
321.373
321.8
322.235
322.679
323.131
323.59
324.057
324.53
325.01
325.495
325.986
326.481
326.981
327.483
327.989
328.496
329.004
329.513
330.02
330.526
331.029
331.529
332.023
332.511
332.992
333.465
333.928
334.38
334.819
335.245
335.655
336.049
336.424
336.78
337.115
337.426
337.714
337.975
338.209
338.413
338.587
338.728
338.835
338.907
338.942
338.938
338.896
338.812
338.687
338.52
338.309
338.055
337.758
337.418
337.034
336.609
336.143
335.638
335.095
334.518
333.908
333.268
332.603
331.914
331.206
330.483
329.748
329.005
328.257
327.508
326.76
326.017
325.281
324.554
323.84
323.139
322.454
321.786
321.135
320.503
319.89
319.297
318.725
318.173
317.643
317.134
316.646
316.179
315.733
315.307
314.902
314.518
314.153
313.807
313.479
313.17
312.879
312.604
312.346
312.103
311.876
311.662
311.463
311.277
311.103
310.941
310.79
310.649
310.519
310.397
310.285
310.18
310.083
309.993
309.91
309.832
309.76
309.693
309.63
309.571
309.516
309.463
309.413
309.366
309.319
309.274
309.23
309.186
309.142
309.096
309.05
309.002
308.952
308.9
308.844
308.785
308.721
308.653
308.58
308.501
308.415
308.322
308.221
308.112
307.995
307.869
307.734
307.589
316.28
316.554
316.835
317.125
317.423
317.729
318.044
318.367
318.699
319.04
319.389
319.747
320.113
320.488
320.871
321.262
321.662
322.069
322.484
322.907
323.337
323.774
324.217
324.666
325.121
325.581
326.045
326.514
326.986
327.461
327.938
328.416
328.894
329.373
329.849
330.324
330.795
331.262
331.723
332.178
332.625
333.063
333.49
333.906
334.308
334.696
335.068
335.423
335.758
336.072
336.365
336.633
336.876
337.092
337.279
337.436
337.56
337.652
337.708
337.727
337.709
337.652
337.555
337.416
337.237
337.015
336.75
336.444
336.096
335.706
335.277
334.809
334.305
333.766
333.194
332.594
331.967
331.318
330.649
329.964
329.267
328.561
327.849
327.136
326.423
325.714
325.011
324.316
323.632
322.96
322.304
321.663
321.039
320.434
319.846
319.278
318.73
318.201
317.693
317.205
316.738
316.29
315.863
315.456
315.068
314.7
314.351
314.02
313.707
313.411
313.132
312.87
312.623
312.391
312.174
311.971
311.781
311.604
311.438
311.284
311.141
311.009
310.885
310.771
310.666
310.568
310.478
310.395
310.318
310.247
310.182
310.122
310.065
310.013
309.965
309.919
309.876
309.835
309.795
309.757
309.719
309.681
309.643
309.603
309.562
309.519
309.474
309.425
309.373
309.316
309.255
309.188
309.114
309.033
308.945
308.848
308.742
308.627
308.502
308.367
308.221
316.122
316.364
316.614
316.871
317.136
317.407
317.687
317.974
318.27
318.573
318.884
319.202
319.529
319.864
320.206
320.557
320.915
321.281
321.654
322.035
322.423
322.818
323.22
323.628
324.042
324.462
324.888
325.318
325.753
326.191
326.633
327.078
327.524
327.972
328.42
328.868
329.315
329.76
330.202
330.64
331.072
331.498
331.917
332.327
332.728
333.117
333.493
333.855
334.202
334.531
334.842
335.133
335.402
335.648
335.868
336.063
336.228
336.364
336.469
336.54
336.578
336.579
336.544
336.47
336.357
336.204
336.011
335.778
335.504
335.189
334.835
334.442
334.012
333.546
333.046
332.515
331.956
331.37
330.762
330.135
329.491
328.835
328.169
327.497
326.823
326.148
325.476
324.809
324.15
323.5
322.862
322.236
321.625
321.031
320.453
319.892
319.35
318.827
318.322
317.837
317.371
316.924
316.497
316.089
315.699
315.329
314.977
314.643
314.326
314.026
313.743
313.477
313.225
312.989
312.768
312.56
312.366
312.184
312.015
311.857
311.711
311.575
311.449
311.332
311.225
311.126
311.035
310.951
310.874
310.804
310.74
310.681
310.627
310.577
310.532
310.49
310.451
310.415
310.381
310.348
310.317
310.285
310.254
310.222
310.188
310.153
310.115
310.074
310.029
309.98
309.926
309.865
309.798
309.723
309.64
309.548
309.446
309.334
309.211
309.077
308.93
316.172
316.387
316.609
316.837
317.072
317.314
317.562
317.817
318.08
318.349
318.625
318.909
319.2
319.498
319.804
320.117
320.437
320.764
321.098
321.44
321.788
322.143
322.505
322.873
323.247
323.627
324.013
324.404
324.801
325.201
325.606
326.014
326.425
326.839
327.254
327.671
328.088
328.505
328.92
329.334
329.744
330.151
330.552
330.947
331.335
331.715
332.085
332.444
332.79
333.123
333.441
333.742
334.025
334.288
334.53
334.749
334.944
335.113
335.254
335.366
335.448
335.497
335.513
335.495
335.44
335.349
335.22
335.053
334.847
334.603
334.321
334.001
333.644
333.251
332.824
332.364
331.875
331.358
330.815
330.251
329.667
329.068
328.456
327.834
327.205
326.573
325.94
325.308
324.681
324.06
323.448
322.846
322.255
321.678
321.114
320.566
320.034
319.519
319.022
318.543
318.081
317.638
317.213
316.805
316.416
316.045
315.692
315.355
315.036
314.733
314.446
314.176
313.92
313.679
313.453
313.24
313.041
312.855
312.681
312.519
312.368
312.228
312.098
311.978
311.867
311.766
311.672
311.587
311.509
311.438
311.374
311.315
311.262
311.215
311.172
311.133
311.098
311.066
311.036
311.009
310.983
310.958
310.933
310.908
310.882
310.854
310.824
310.791
310.755
310.713
310.667
310.614
310.554
310.486
310.409
310.323
310.226
310.118
309.998
309.865
309.72
316.433
316.625
316.822
317.025
317.234
317.448
317.669
317.895
318.128
318.367
318.613
318.865
319.123
319.388
319.66
319.938
320.223
320.514
320.812
321.117
321.427
321.745
322.068
322.398
322.733
323.075
323.422
323.774
324.131
324.493
324.859
325.23
325.603
325.98
326.36
326.742
327.125
327.508
327.892
328.276
328.658
329.037
329.414
329.787
330.154
330.515
330.87
331.216
331.552
331.877
332.191
332.491
332.776
333.045
333.297
333.529
333.741
333.93
334.096
334.237
334.351
334.437
334.493
334.519
334.512
334.472
334.398
334.29
334.145
333.965
333.749
333.497
333.209
332.887
332.531
332.143
331.725
331.278
330.804
330.307
329.788
329.251
328.698
328.133
327.558
326.975
326.389
325.8
325.213
324.629
324.05
323.478
322.915
322.362
321.821
321.292
320.777
320.277
319.792
319.323
318.87
318.433
318.013
317.61
317.224
316.854
316.501
316.165
315.844
315.539
315.25
314.976
314.716
314.471
314.24
314.023
313.818
313.627
313.447
313.28
313.124
312.979
312.844
312.719
312.604
312.498
312.402
312.313
312.232
312.159
312.093
312.034
311.98
311.933
311.891
311.854
311.821
311.792
311.766
311.743
311.722
311.702
311.684
311.665
311.646
311.626
311.604
311.578
311.55
311.517
311.478
311.433
311.381
311.32
311.251
311.17
311.079
310.976
310.861
310.732
310.589
316.906
317.077
317.252
317.433
317.618
317.809
318.004
318.206
318.412
318.624
318.842
319.065
319.294
319.529
319.77
320.016
320.268
320.526
320.79
321.06
321.336
321.617
321.904
322.197
322.495
322.799
323.108
323.422
323.74
324.064
324.391
324.723
325.058
325.397
325.739
326.083
326.429
326.777
327.125
327.474
327.823
328.171
328.517
328.86
329.2
329.536
329.867
330.191
330.508
330.817
331.117
331.406
331.683
331.947
332.197
332.431
332.647
332.846
333.024
333.182
333.316
333.427
333.512
333.57
333.6
333.601
333.572
333.512
333.42
333.295
333.137
332.947
332.723
332.467
332.178
331.859
331.51
331.132
330.728
330.3
329.849
329.378
328.889
328.386
327.87
327.344
326.811
326.274
325.734
325.194
324.656
324.122
323.594
323.073
322.561
322.059
321.568
321.089
320.623
320.17
319.731
319.307
318.898
318.503
318.124
317.759
317.41
317.076
316.756
316.452
316.161
315.885
315.623
315.375
315.14
314.918
314.708
314.511
314.326
314.153
313.991
313.84
313.699
313.568
313.447
313.336
313.234
313.14
313.055
312.978
312.908
312.846
312.79
312.741
312.698
312.66
312.627
312.599
312.575
312.554
312.537
312.521
312.507
312.494
312.481
312.467
312.452
312.434
312.412
312.387
312.356
312.319
312.275
312.222
312.159
312.086
312.002
311.904
311.794
311.67
311.531
317.588
317.74
317.896
318.056
318.221
318.39
318.564
318.742
318.925
319.113
319.305
319.502
319.704
319.911
320.124
320.341
320.563
320.79
321.023
321.26
321.503
321.75
322.003
322.261
322.523
322.79
323.062
323.339
323.62
323.905
324.194
324.487
324.783
325.083
325.386
325.691
325.999
326.308
326.618
326.93
327.242
327.554
327.864
328.174
328.481
328.785
329.086
329.382
329.673
329.958
330.235
330.505
330.764
331.014
331.252
331.477
331.689
331.885
332.065
332.228
332.372
332.495
332.597
332.677
332.732
332.763
332.768
332.745
332.695
332.616
332.507
332.369
332.202
332.004
331.778
331.522
331.239
330.928
330.592
330.231
329.848
329.445
329.023
328.585
328.133
327.669
327.196
326.715
326.23
325.741
325.252
324.764
324.279
323.798
323.322
322.854
322.394
321.944
321.504
321.074
320.656
320.251
319.857
319.477
319.109
318.755
318.414
318.087
317.772
317.471
317.183
316.908
316.645
316.396
316.158
315.933
315.72
315.518
315.327
315.148
314.98
314.822
314.674
314.537
314.409
314.291
314.181
314.081
313.989
313.906
313.83
313.762
313.701
313.648
313.601
313.56
313.525
313.495
313.47
313.449
313.432
313.418
313.406
313.396
313.386
313.377
313.366
313.354
313.339
313.32
313.296
313.266
313.228
313.183
313.127
313.061
312.983
312.893
312.788
312.669
312.536
318.47
318.605
318.744
318.887
319.033
319.182
319.336
319.493
319.654
319.819
319.989
320.162
320.339
320.521
320.707
320.896
321.091
321.289
321.492
321.699
321.911
322.126
322.346
322.571
322.799
323.031
323.268
323.508
323.752
324
324.251
324.506
324.763
325.024
325.287
325.553
325.821
326.091
326.362
326.634
326.907
327.18
327.452
327.724
327.995
328.264
328.53
328.792
329.051
329.306
329.554
329.797
330.032
330.259
330.477
330.685
330.882
331.067
331.239
331.397
331.539
331.665
331.773
331.863
331.932
331.981
332.008
332.013
331.993
331.949
331.88
331.786
331.665
331.519
331.346
331.147
330.923
330.675
330.402
330.107
329.79
329.453
329.098
328.727
328.341
327.942
327.532
327.114
326.688
326.257
325.824
325.388
324.953
324.519
324.088
323.662
323.241
322.827
322.42
322.021
321.631
321.251
320.881
320.521
320.171
319.833
319.506
319.19
318.886
318.593
318.311
318.04
317.781
317.533
317.296
317.07
316.854
316.649
316.455
316.271
316.097
315.933
315.778
315.633
315.498
315.371
315.254
315.145
315.045
314.953
314.869
314.793
314.724
314.663
314.609
314.562
314.521
314.486
314.456
314.431
314.411
314.395
314.382
314.371
314.362
314.354
314.345
314.336
314.324
314.308
314.289
314.263
314.232
314.192
314.142
314.083
314.011
313.926
313.828
313.714
313.584
319.535
319.655
319.778
319.903
320.032
320.164
320.298
320.436
320.577
320.722
320.869
321.02
321.175
321.332
321.493
321.658
321.826
321.997
322.172
322.351
322.532
322.718
322.907
323.099
323.295
323.493
323.696
323.901
324.109
324.321
324.535
324.752
324.972
325.194
325.418
325.645
325.873
326.102
326.333
326.565
326.798
327.031
327.264
327.496
327.728
327.958
328.186
328.412
328.635
328.855
329.07
329.28
329.485
329.684
329.876
330.06
330.235
330.401
330.556
330.7
330.832
330.951
331.056
331.146
331.22
331.276
331.316
331.336
331.337
331.318
331.278
331.217
331.134
331.028
330.901
330.751
330.579
330.385
330.17
329.935
329.68
329.407
329.117
328.811
328.49
328.157
327.813
327.458
327.096
326.727
326.354
325.977
325.598
325.218
324.839
324.461
324.087
323.716
323.35
322.989
322.635
322.287
321.947
321.615
321.291
320.975
320.668
320.37
320.081
319.802
319.532
319.271
319.019
318.777
318.544
318.32
318.106
317.901
317.705
317.518
317.34
317.17
317.01
316.858
316.715
316.58
316.454
316.336
316.226
316.124
316.03
315.944
315.865
315.794
315.73
315.672
315.622
315.577
315.539
315.506
315.479
315.456
315.436
315.421
315.407
315.396
315.385
315.373
315.36
315.345
315.326
315.302
315.273
315.236
315.191
315.135
315.069
314.989
314.895
314.785
314.659
320.749
320.854
320.962
321.072
321.184
321.299
321.416
321.535
321.658
321.782
321.91
322.039
322.172
322.307
322.445
322.585
322.728
322.874
323.022
323.173
323.327
323.484
323.643
323.805
323.969
324.136
324.305
324.477
324.651
324.828
325.007
325.187
325.37
325.555
325.741
325.929
326.118
326.308
326.499
326.691
326.884
327.076
327.269
327.461
327.653
327.843
328.032
328.22
328.405
328.587
328.766
328.941
329.113
329.279
329.44
329.595
329.743
329.884
330.017
330.141
330.256
330.361
330.455
330.537
330.606
330.662
330.704
330.732
330.744
330.74
330.719
330.681
330.626
330.552
330.46
330.35
330.221
330.075
329.91
329.728
329.529
329.314
329.084
328.84
328.582
328.313
328.032
327.742
327.444
327.139
326.828
326.512
326.193
325.871
325.549
325.226
324.903
324.582
324.264
323.949
323.637
323.329
323.026
322.729
322.437
322.151
321.871
321.598
321.331
321.071
320.818
320.573
320.334
320.103
319.879
319.663
319.454
319.252
319.058
318.872
318.692
318.521
318.356
318.199
318.05
317.908
317.773
317.646
317.526
317.414
317.309
317.211
317.12
317.036
316.959
316.889
316.826
316.769
316.718
316.672
316.633
316.598
316.568
316.541
316.518
316.498
316.478
316.46
316.441
316.421
316.397
316.37
316.339
316.301
316.256
316.202
316.138
316.061
315.97
315.864
315.739
322.058
322.149
322.243
322.338
322.434
322.533
322.633
322.735
322.84
322.946
323.053
323.163
323.275
323.389
323.504
323.622
323.741
323.863
323.986
324.111
324.239
324.368
324.499
324.632
324.766
324.903
325.041
325.181
325.323
325.466
325.61
325.756
325.904
326.052
326.202
326.353
326.504
326.657
326.809
326.963
327.116
327.27
327.423
327.576
327.728
327.879
328.03
328.178
328.325
328.47
328.612
328.752
328.888
329.02
329.149
329.273
329.391
329.504
329.611
329.712
329.805
329.89
329.968
330.036
330.095
330.144
330.182
330.209
330.224
330.227
330.217
330.194
330.157
330.106
330.041
329.961
329.867
329.759
329.636
329.499
329.348
329.185
329.008
328.819
328.62
328.409
328.189
327.961
327.724
327.481
327.232
326.977
326.719
326.457
326.193
325.927
325.661
325.394
325.127
324.861
324.597
324.335
324.076
323.819
323.565
323.315
323.069
322.826
322.588
322.354
322.125
321.901
321.682
321.467
321.258
321.054
320.856
320.663
320.475
320.293
320.117
319.946
319.781
319.622
319.469
319.322
319.181
319.046
318.918
318.795
318.679
318.569
318.466
318.368
318.277
318.193
318.114
318.042
317.975
317.914
317.858
317.807
317.761
317.719
317.681
317.646
317.613
317.582
317.551
317.52
317.487
317.451
317.412
317.368
317.319
317.261
317.195
317.117
317.027
316.921
316.798
323.383
323.462
323.541
323.622
323.704
323.787
323.871
323.957
324.044
324.132
324.222
324.313
324.405
324.499
324.594
324.69
324.787
324.886
324.986
325.087
325.19
325.293
325.398
325.504
325.612
325.72
325.829
325.94
326.051
326.164
326.277
326.391
326.506
326.621
326.737
326.853
326.97
327.087
327.205
327.322
327.439
327.556
327.673
327.789
327.904
328.019
328.132
328.244
328.354
328.463
328.57
328.674
328.776
328.875
328.971
329.064
329.152
329.237
329.317
329.392
329.462
329.526
329.584
329.636
329.681
329.718
329.748
329.769
329.782
329.785
329.78
329.764
329.739
329.703
329.657
329.599
329.532
329.453
329.363
329.263
329.152
329.031
328.9
328.76
328.61
328.453
328.287
328.113
327.933
327.747
327.556
327.36
327.159
326.955
326.748
326.538
326.327
326.114
325.9
325.686
325.471
325.257
325.043
324.83
324.619
324.408
324.199
323.993
323.788
323.585
323.385
323.187
322.992
322.799
322.61
322.424
322.241
322.061
321.885
321.712
321.543
321.378
321.217
321.059
320.906
320.758
320.613
320.474
320.339
320.209
320.083
319.963
319.848
319.738
319.633
319.533
319.439
319.349
319.265
319.186
319.112
319.043
318.978
318.917
318.86
318.806
318.754
318.705
318.658
318.61
318.562
318.513
318.461
318.406
318.347
318.281
318.208
318.125
318.031
317.923
317.798
324.62
324.685
324.752
324.82
324.888
324.957
325.027
325.097
325.169
325.241
325.314
325.388
325.463
325.538
325.614
325.691
325.769
325.847
325.926
326.006
326.086
326.168
326.249
326.332
326.415
326.498
326.582
326.666
326.751
326.837
326.922
327.008
327.094
327.181
327.267
327.353
327.44
327.526
327.612
327.698
327.784
327.869
327.953
328.037
328.12
328.202
328.283
328.362
328.441
328.517
328.592
328.666
328.737
328.806
328.873
328.937
328.998
329.056
329.11
329.162
329.209
329.252
329.291
329.326
329.355
329.38
329.399
329.412
329.419
329.42
329.414
329.402
329.382
329.356
329.321
329.28
329.231
329.174
329.109
329.037
328.957
328.87
328.776
328.675
328.567
328.453
328.332
328.206
328.074
327.937
327.796
327.651
327.501
327.349
327.193
327.034
326.873
326.71
326.545
326.378
326.211
326.042
325.872
325.702
325.531
325.361
325.19
325.019
324.848
324.678
324.508
324.339
324.17
324.002
323.836
323.67
323.506
323.343
323.182
323.022
322.865
322.709
322.555
322.403
322.254
322.108
321.964
321.823
321.685
321.55
321.418
321.29
321.166
321.045
320.928
320.815
320.706
320.602
320.501
320.404
320.312
320.223
320.138
320.057
319.98
319.905
319.834
319.764
319.697
319.63
319.564
319.497
319.429
319.359
319.286
319.208
319.125
319.034
318.933
318.82
318.69
325.63
325.686
325.742
325.798
325.855
325.912
325.97
326.028
326.087
326.146
326.205
326.265
326.326
326.386
326.447
326.508
326.57
326.632
326.694
326.757
326.819
326.882
326.946
327.009
327.072
327.136
327.2
327.264
327.328
327.391
327.455
327.519
327.582
327.646
327.709
327.772
327.834
327.896
327.958
328.019
328.08
328.14
328.199
328.257
328.315
328.371
328.426
328.481
328.534
328.585
328.635
328.684
328.731
328.776
328.819
328.86
328.899
328.936
328.97
329.002
329.031
329.056
329.079
329.099
329.115
329.128
329.137
329.142
329.143
329.14
329.132
329.12
329.103
329.081
329.054
329.022
328.985
328.943
328.896
328.844
328.786
328.724
328.657
328.584
328.507
328.426
328.34
328.249
328.155
328.056
327.954
327.848
327.739
327.627
327.511
327.393
327.273
327.15
327.024
326.897
326.767
326.636
326.503
326.368
326.232
326.095
325.956
325.816
325.675
325.533
325.39
325.246
325.102
324.957
324.811
324.665
324.519
324.373
324.227
324.081
323.935
323.79
323.645
323.501
323.358
323.216
323.075
322.935
322.797
322.661
322.526
322.394
322.264
322.136
322.011
321.888
321.768
321.651
321.537
321.426
321.318
321.213
321.111
321.012
320.916
320.823
320.733
320.645
320.558
320.473
320.389
320.306
320.221
320.136
320.049
319.959
319.864
319.764
319.655
319.535
319.4
326.248
326.297
326.346
326.396
326.446
326.496
326.546
326.597
326.647
326.698
326.749
326.8
326.852
326.903
326.955
327.007
327.058
327.11
327.162
327.214
327.266
327.318
327.37
327.422
327.474
327.526
327.577
327.629
327.68
327.731
327.781
327.832
327.882
327.931
327.98
328.029
328.077
328.125
328.172
328.218
328.264
328.309
328.353
328.396
328.438
328.479
328.519
328.558
328.596
328.633
328.668
328.702
328.734
328.765
328.794
328.821
328.846
328.87
328.891
328.911
328.928
328.943
328.956
328.966
328.974
328.979
328.981
328.98
328.977
328.97
328.96
328.947
328.931
328.911
328.888
328.862
328.831
328.797
328.759
328.718
328.673
328.625
328.573
328.517
328.458
328.396
328.33
328.26
328.188
328.112
328.033
327.951
327.866
327.778
327.687
327.594
327.497
327.398
327.297
327.193
327.087
326.979
326.868
326.755
326.64
326.523
326.404
326.283
326.16
326.036
325.909
325.782
325.652
325.522
325.39
325.257
325.123
324.987
324.851
324.715
324.577
324.439
324.301
324.163
324.024
323.886
323.748
323.61
323.473
323.337
323.201
323.067
322.934
322.803
322.673
322.545
322.418
322.294
322.172
322.052
321.935
321.82
321.708
321.598
321.49
321.385
321.283
321.182
321.083
320.986
320.89
320.795
320.7
320.605
320.508
320.41
320.308
320.201
320.087
319.962
319.822
303.539
303.193
302.842
302.497
302.164
301.849
301.558
301.294
301.059
300.855
300.68
300.534
300.415
300.319
300.243
300.183
300.137
300.102
300.075
300.055
300.04
300.029
300.02
300.014
300.01
300.007
300.005
300.003
300.002
300.001
300.001
300
300
300
300
300
300
300
300
300
300
300
300
300
300
300
300
300
300
300
300
303.54
303.193
302.843
302.498
302.164
301.85
301.559
301.295
301.06
300.855
300.681
300.535
300.415
300.319
300.243
300.183
300.137
300.102
300.075
300.055
300.04
300.029
300.02
300.014
300.01
300.007
300.005
300.003
300.002
300.001
300.001
300
300
300
300
300
300
300
300
300
300
300
300
300
300
300
300
300
300
300
300
303.543
303.196
302.845
302.5
302.166
301.852
301.56
301.296
301.061
300.856
300.681
300.535
300.415
300.319
300.243
300.183
300.137
300.102
300.075
300.055
300.04
300.029
300.02
300.014
300.01
300.007
300.005
300.003
300.002
300.001
300.001
300
300
300
300
300
300
300
300
300
300
300
300
300
300
300
300
300
300
300
300
303.547
303.2
302.849
302.503
302.17
301.855
301.563
301.298
301.063
300.858
300.682
300.536
300.416
300.32
300.244
300.184
300.138
300.102
300.075
300.055
300.04
300.029
300.02
300.014
300.01
300.007
300.005
300.003
300.002
300.001
300.001
300
300
300
300
300
300
300
300
300
300
300
300
300
300
300
300
300
300
300
300
303.553
303.206
302.855
302.509
302.175
301.859
301.567
301.302
301.066
300.86
300.684
300.538
300.417
300.321
300.244
300.184
300.138
300.102
300.075
300.055
300.04
300.029
300.021
300.015
300.01
300.007
300.005
300.003
300.002
300.001
300.001
300
300
300
300
300
300
300
300
300
300
300
300
300
300
300
300
300
300
300
300
303.563
303.215
302.864
302.517
302.182
301.866
301.573
301.307
301.07
300.863
300.687
300.54
300.419
300.322
300.245
300.185
300.138
300.103
300.076
300.055
300.04
300.029
300.021
300.015
300.01
300.007
300.005
300.003
300.002
300.001
300.001
300
300
300
300
300
300
300
300
300
300
300
300
300
300
300
300
300
300
300
300
303.576
303.228
302.876
302.528
302.192
301.875
301.581
301.313
301.075
300.868
300.691
300.542
300.421
300.323
300.246
300.186
300.139
300.103
300.076
300.056
300.04
300.029
300.021
300.015
300.01
300.007
300.005
300.003
300.002
300.001
300.001
300
300
300
300
300
300
300
300
300
300
300
300
300
300
300
300
300
300
300
300
303.594
303.246
302.892
302.543
302.206
301.887
301.591
301.322
301.083
300.874
300.695
300.546
300.424
300.325
300.248
300.187
300.14
300.104
300.076
300.056
300.04
300.029
300.021
300.015
300.01
300.007
300.005
300.003
300.002
300.001
300.001
300
300
300
300
300
300
300
300
300
300
300
300
300
300
300
300
300
300
300
300
303.617
303.268
302.914
302.563
302.224
301.903
301.605
301.333
301.092
300.881
300.701
300.551
300.427
300.328
300.25
300.188
300.141
300.105
300.077
300.056
300.041
300.029
300.021
300.015
300.01
300.007
300.005
300.003
300.002
300.001
300.001
300
300
300
300
300
300
300
300
300
300
300
300
300
300
300
300
300
300
300
300
303.647
303.297
302.941
302.588
302.246
301.922
301.622
301.348
301.104
300.891
300.709
300.556
300.431
300.331
300.252
300.19
300.142
300.105
300.078
300.057
300.041
300.029
300.021
300.015
300.01
300.007
300.005
300.003
300.002
300.001
300.001
300
300
300
300
300
300
300
300
300
300
300
300
300
300
300
300
300
300
300
300
303.684
303.333
302.975
302.619
302.274
301.947
301.643
301.366
301.118
300.903
300.718
300.563
300.437
300.335
300.255
300.192
300.144
300.107
300.078
300.057
300.041
300.03
300.021
300.015
300.011
300.007
300.005
300.003
300.002
300.001
300.001
300
300
300
300
300
300
300
300
300
300
300
300
300
300
300
300
300
300
300
300
303.731
303.378
303.017
302.658
302.309
301.978
301.669
301.388
301.137
300.917
300.729
300.572
300.443
300.34
300.258
300.195
300.146
300.108
300.079
300.058
300.042
300.03
300.021
300.015
300.011
300.007
300.005
300.003
300.002
300.001
300.001
300
300
300
300
300
300
300
300
300
300
300
300
300
300
300
300
300
300
300
300
303.788
303.433
303.068
302.705
302.352
302.015
301.701
301.415
301.159
300.935
300.743
300.582
300.451
300.346
300.263
300.198
300.148
300.11
300.081
300.059
300.042
300.03
300.022
300.015
300.011
300.007
300.005
300.003
300.002
300.001
300.001
300
300
300
300
300
300
300
300
300
300
300
300
300
300
300
300
300
300
300
300
303.858
303.5
303.131
302.763
302.403
302.06
301.74
301.447
301.185
300.956
300.759
300.595
300.46
300.353
300.268
300.202
300.151
300.112
300.082
300.06
300.043
300.031
300.022
300.016
300.011
300.008
300.005
300.003
300.002
300.001
300.001
300
300
300
300
300
300
300
300
300
300
300
300
300
300
300
300
300
300
300
300
303.943
303.58
303.207
302.832
302.465
302.115
301.787
301.486
301.217
300.981
300.779
300.61
300.472
300.361
300.274
300.206
300.154
300.114
300.083
300.061
300.044
300.031
300.022
300.016
300.011
300.008
300.005
300.004
300.002
300.001
300.001
300
300
300
300
300
300
300
300
300
300
300
300
300
300
300
300
300
300
300
300
304.044
303.677
303.297
302.915
302.54
302.18
301.842
301.533
301.255
301.012
300.803
300.628
300.485
300.371
300.281
300.212
300.158
300.116
300.085
300.062
300.045
300.032
300.023
300.016
300.011
300.008
300.005
300.004
300.002
300.001
300.001
300
300
300
300
300
300
300
300
300
300
300
300
300
300
300
300
300
300
300
300
304.164
303.792
303.405
303.013
302.628
302.257
301.909
301.588
301.3
301.048
300.831
300.649
300.501
300.383
300.29
300.218
300.162
300.12
300.087
300.063
300.046
300.033
300.023
300.016
300.011
300.008
300.005
300.004
300.002
300.001
300.001
300
300
300
300
300
300
300
300
300
300
300
300
300
300
300
300
300
300
300
300
304.307
303.929
303.533
303.131
302.733
302.35
301.988
301.654
301.354
301.09
300.864
300.675
300.52
300.397
300.3
300.225
300.167
300.123
300.09
300.065
300.047
300.034
300.024
300.017
300.012
300.008
300.006
300.004
300.002
300.002
300.001
300
300
300
300
300
300
300
300
300
300
300
300
300
300
300
300
300
300
300
300
304.476
304.09
303.684
303.269
302.857
302.459
302.081
301.732
301.418
301.141
300.903
300.704
300.542
300.413
300.312
300.234
300.173
300.127
300.093
300.067
300.048
300.034
300.024
300.017
300.012
300.008
300.006
300.004
300.002
300.002
300.001
300
300
300
300
300
300
300
300
300
300
300
300
300
300
300
300
300
300
300
300
304.674
304.28
303.861
303.432
303.004
302.587
302.191
301.824
301.493
301.201
300.95
300.739
300.568
300.432
300.326
300.244
300.18
300.132
300.096
300.069
300.05
300.035
300.025
300.018
300.012
300.008
300.006
300.004
300.003
300.002
300.001
300.001
300
300
300
300
300
300
300
300
300
300
300
300
300
300
300
300
300
300
300
304.907
304.502
304.07
303.623
303.176
302.738
302.321
301.933
301.581
301.271
301.004
300.781
300.599
300.455
300.343
300.255
300.188
300.138
300.1
300.072
300.051
300.037
300.026
300.018
300.013
300.009
300.006
300.004
300.003
300.002
300.001
300.001
300
300
300
300
300
300
300
300
300
300
300
300
300
300
300
300
300
300
300
305.178
304.761
304.313
303.847
303.377
302.915
302.473
302.06
301.685
301.354
301.069
300.829
300.635
300.482
300.362
300.269
300.198
300.144
300.104
300.075
300.053
300.038
300.027
300.019
300.013
300.009
300.006
300.004
300.003
300.002
300.001
300.001
300
300
300
300
300
300
300
300
300
300
300
300
300
300
300
300
300
300
300
305.493
305.063
304.597
304.108
303.612
303.122
302.651
302.21
301.808
301.451
301.144
300.886
300.678
300.513
300.384
300.285
300.209
300.152
300.11
300.078
300.056
300.039
300.028
300.019
300.013
300.009
300.006
300.004
300.003
300.002
300.001
300.001
300
300
300
300
300
300
300
300
300
300
300
300
300
300
300
300
300
300
300
305.858
305.413
304.926
304.412
303.887
303.364
302.86
302.385
301.951
301.566
301.233
300.954
300.729
300.55
300.411
300.303
300.222
300.161
300.115
300.082
300.058
300.041
300.029
300.02
300.014
300.009
300.006
300.004
300.003
300.002
300.001
300.001
300
300
300
300
300
300
300
300
300
300
300
300
300
300
300
300
300
300
300
306.278
305.817
305.307
304.764
304.205
303.647
303.104
302.591
302.12
301.7
301.338
301.033
300.788
300.594
300.442
300.325
300.237
300.171
300.122
300.087
300.061
300.043
300.03
300.021
300.014
300.01
300.007
300.004
300.003
300.002
300.001
300.001
300
300
300
300
300
300
300
300
300
300
300
300
300
300
300
300
300
300
300
306.761
306.281
305.746
305.171
304.575
303.974
303.388
302.831
302.317
301.858
301.461
301.127
300.858
300.645
300.479
300.351
300.254
300.183
300.13
300.092
300.065
300.045
300.031
300.022
300.015
300.01
300.007
300.005
300.003
300.002
300.001
300.001
300
300
300
300
300
300
300
300
300
300
300
300
300
300
300
300
300
300
300
307.311
306.813
306.249
305.639
305.001
304.354
303.718
303.111
302.548
302.043
301.605
301.238
300.941
300.705
300.522
300.381
300.275
300.197
300.139
300.098
300.069
300.048
300.033
300.023
300.016
300.011
300.007
300.005
300.003
300.002
300.001
300.001
300
300
300
300
300
300
300
300
300
300
300
300
300
300
300
300
300
300
300
307.936
307.417
306.824
306.176
305.492
304.793
304.102
303.437
302.818
302.261
301.775
301.369
301.039
300.776
300.572
300.416
300.299
300.213
300.15
300.105
300.073
300.051
300.035
300.024
300.016
300.011
300.007
300.005
300.003
300.002
300.001
300.001
300
300
300
300
300
300
300
300
300
300
300
300
300
300
300
300
300
300
300
308.638
308.099
307.476
306.787
306.054
305.299
304.545
303.816
303.133
302.515
301.975
301.523
301.154
300.86
300.631
300.457
300.327
300.231
300.162
300.113
300.078
300.054
300.037
300.025
300.017
300.012
300.008
300.005
300.003
300.002
300.001
300.001
300
300
300
300
300
300
300
300
300
300
300
300
300
300
300
300
300
300
300
309.422
308.864
308.21
307.479
306.694
305.878
305.056
304.255
303.5
302.812
302.211
301.705
301.29
300.959
300.701
300.505
300.359
300.253
300.176
300.122
300.084
300.058
300.039
300.027
300.018
300.012
300.008
300.005
300.003
300.002
300.001
300.001
300
300
300
300
300
300
300
300
300
300
300
300
300
300
300
300
300
300
300
310.287
309.712
309.029
308.257
307.418
306.538
305.643
304.763
303.926
303.161
302.489
301.919
301.449
301.074
300.783
300.561
300.397
300.278
300.193
300.133
300.091
300.062
300.042
300.028
300.019
300.013
300.009
300.006
300.004
300.002
300.001
300.001
300
300
300
300
300
300
300
300
300
300
300
300
300
300
300
300
300
300
300
311.227
310.639
309.932
309.122
308.231
307.284
306.312
305.345
304.42
303.569
302.815
302.17
301.637
301.21
300.878
300.627
300.441
300.307
300.212
300.145
300.098
300.067
300.045
300.03
300.02
300.013
300.009
300.006
300.004
300.002
300.001
300.001
300
300
300
300
300
300
300
300
300
300
300
300
300
300
300
300
300
300
300
312.231
311.638
310.914
310.072
309.132
308.12
307.069
306.013
304.993
304.044
303.195
302.464
301.856
301.369
300.99
300.703
300.492
300.34
300.233
300.158
300.107
300.072
300.048
300.032
300.021
300.014
300.009
300.006
300.004
300.003
300.002
300.001
300
300
300
300
300
300
300
300
300
300
300
300
300
300
300
300
300
300
300
313.281
312.695
311.964
311.099
310.119
309.048
307.919
306.772
305.648
304.591
303.635
302.805
302.111
301.553
301.119
300.791
300.551
300.378
300.257
300.173
300.116
300.078
300.052
300.034
300.023
300.015
300.01
300.006
300.004
300.003
300.002
300.001
300
300
300
300
300
300
300
300
300
300
300
300
300
300
300
300
300
300
300
314.36
313.789
313.062
312.187
311.178
310.058
308.858
307.619
306.388
305.214
304.139
303.198
302.405
301.765
301.267
300.891
300.617
300.421
300.284
300.19
300.127
300.084
300.056
300.037
300.024
300.016
300.01
300.007
300.004
300.003
300.002
300.001
300
300
300
300
300
300
300
300
300
300
300
300
300
300
300
300
300
300
300
315.443
314.893
314.182
313.311
312.287
311.13
309.869
308.544
307.207
305.91
304.708
303.643
302.74
302.006
301.435
301.004
300.691
300.468
300.314
300.209
300.138
300.091
300.06
300.039
300.026
300.017
300.011
300.007
300.005
300.003
300.002
300.001
300
300
300
300
300
300
300
300
300
300
300
300
300
300
300
300
300
300
300
316.501
315.974
315.287
314.433
313.411
312.235
310.927
309.528
308.089
306.671
305.336
304.137
303.112
302.275
301.62
301.129
300.772
300.52
300.346
300.228
300.15
300.098
300.064
300.042
300.027
300.018
300.011
300.007
300.005
300.003
300.002
300.001
300.001
300
300
300
300
300
300
300
300
300
300
300
300
300
300
300
300
300
300
317.497
316.991
316.332
315.505
314.5
313.322
311.988
310.531
309.004
307.472
306.004
304.668
303.513
302.563
301.819
301.261
300.857
300.573
300.379
300.248
300.162
300.105
300.068
300.044
300.029
300.018
300.012
300.008
300.005
300.003
300.002
300.001
300.001
300
300
300
300
300
300
300
300
300
300
300
300
300
300
300
300
300
300
318.379
317.888
317.258
316.463
315.488
314.326
312.985
311.493
309.898
308.266
306.676
305.206
303.921
302.857
302.02
301.393
300.94
300.625
300.41
300.267
300.173
300.112
300.072
300.046
300.03
300.019
300.012
300.008
300.005
300.003
300.002
300.001
300.001
300
300
300
300
300
300
300
300
300
300
300
300
300
300
300
299.999
299.999
299.999
319.077
318.596
317.989
317.227
316.286
315.151
313.821
312.316
310.678
308.973
307.283
305.698
304.294
303.124
302.201
301.51
301.013
300.669
300.436
300.282
300.182
300.117
300.075
300.048
300.031
300.02
300.013
300.008
300.005
300.003
300.002
300.001
300.001
300
300
300
300
300
300
300
300
300
300
300
300
300
299.999
299.999
299.999
299.999
299.999
319.492
319.016
318.425
317.687
316.773
315.662
314.35
312.848
311.194
309.451
307.7
306.039
304.554
303.308
302.324
301.587
301.061
300.697
300.453
300.292
300.187
300.12
300.077
300.049
300.032
300.02
300.013
300.008
300.005
300.003
300.002
300.001
300.001
300
300
300
300
300
300
300
300
300
300
300
300
300
299.999
299.999
299.999
299.999
299.999
)
;

boundaryField
{
    inlet
    {
        type            fixedValue;
        value           uniform 300;
    }
    outlet
    {
        type            zeroGradient;
    }
    top
    {
        type            zeroGradient;
    }
    slip-bottom
    {
        type            zeroGradient;
    }
    bottom
    {
        type            zeroGradient;
    }
    interface
    {
        type            fixedGradient;
        gradient        nonuniform List<scalar> 
161
(
2999.99
2999.99
2999.99
2999.99
2999.99
2999.99
2999.99
2999.99
2999.99
2999.99
2999.99
2999.99
2999.99
2999.99
2999.99
2999.99
2999.99
2999.99
2999.99
2999.99
1.73372e-12
1.73372e-12
1.73372e-12
1.73372e-12
1.73372e-12
1.73372e-12
1.73372e-12
1.73372e-12
1.73372e-12
1.73372e-12
1.73372e-12
1.73372e-12
1.73372e-12
1.73372e-12
1.73372e-12
1.73372e-12
1.73372e-12
1.73372e-12
1.73372e-12
1.73372e-12
1.42109e-13
1.42109e-13
1.42109e-13
1.42109e-13
1.42109e-13
1.42109e-13
1.42109e-13
1.42109e-13
1.42109e-13
1.42109e-13
1.42109e-13
1.42109e-13
1.42109e-13
1.42109e-13
1.42109e-13
1.42109e-13
-1.42109e-13
-1.42109e-13
-1.42109e-13
-1.42109e-13
-1.42109e-13
-1.42109e-13
-1.42109e-13
-1.42109e-13
-1.42109e-13
-1.42109e-13
-1.42109e-13
-1.42109e-13
-1.42109e-13
-1.42109e-13
-1.42109e-13
5.68434e-14
5.68434e-14
5.68434e-14
5.68434e-14
5.68434e-14
5.68434e-14
5.68434e-14
5.68434e-14
5.68434e-14
5.68434e-14
5.68434e-14
5.68434e-14
8.52651e-14
8.52651e-14
8.52651e-14
8.52651e-14
8.52651e-14
8.52651e-14
8.52651e-14
8.52651e-14
8.52651e-14
8.52651e-14
8.52651e-14
-2.84217e-13
-2.84217e-13
-2.84217e-13
-2.84217e-13
-2.84217e-13
-2.84217e-13
-2.84217e-13
-2.84217e-13
-2.84217e-13
-2.84217e-13
1.13687e-12
1.13687e-12
1.13687e-12
1.13687e-12
1.13687e-12
1.13687e-12
1.13687e-12
1.13687e-12
1.13687e-12
4.26326e-13
4.26326e-13
4.26326e-13
4.26326e-13
4.26326e-13
4.26326e-13
4.26326e-13
4.26326e-13
1.35003e-12
1.35003e-12
1.35003e-12
1.35003e-12
1.35003e-12
1.35003e-12
1.35003e-12
1.35003e-12
1.59162e-12
1.59162e-12
1.59162e-12
1.59162e-12
1.59162e-12
1.59162e-12
1.59162e-12
5.68434e-14
5.68434e-14
5.68434e-14
5.68434e-14
5.68434e-14
5.68434e-14
5.68434e-14
7.10543e-14
7.10543e-14
7.10543e-14
7.10543e-14
7.10543e-14
7.10543e-14
-2.84217e-14
-2.84217e-14
-2.84217e-14
-2.84217e-14
-2.84217e-14
-2.84217e-14
2.55795e-13
2.55795e-13
2.55795e-13
2.55795e-13
2.55795e-13
2.55795e-13
)
;
    }
    defaultFaces
    {
        type            empty;
    }
}


// ************************************************************************* //
