/*--------------------------------*- C++ -*----------------------------------*\
  =========                 |
  \\      /  F ield         | OpenFOAM: The Open Source CFD Toolbox
   \\    /   O peration     | Website:  https://openfoam.org
    \\  /    A nd           | Version:  7
     \\/     M anipulation  |
\*---------------------------------------------------------------------------*/
FoamFile
{
    version     2.0;
    format      ascii;
    class       volScalarField;
    location    "7.09";
    object      T;
}
// * * * * * * * * * * * * * * * * * * * * * * * * * * * * * * * * * * * * * //

dimensions      [0 0 0 1 0 0 0];

internalField   nonuniform List<scalar> 
12013
(
300.117
300.353
300.595
300.841
301.089
301.337
301.584
301.829
302.07
302.307
302.538
302.764
302.984
303.197
303.403
303.603
303.796
303.982
304.162
304.335
304.502
304.663
304.819
304.968
305.113
305.253
305.389
305.52
305.648
305.773
305.894
306.013
306.131
306.247
306.362
306.478
306.594
306.711
306.831
306.954
307.082
307.215
307.355
307.504
307.663
307.833
308.018
308.219
308.439
308.68
308.946
309.239
309.564
309.923
310.322
310.765
311.257
311.803
312.41
313.084
313.832
314.662
315.583
316.603
317.733
318.984
320.369
321.902
323.597
325.473
327.55
329.851
332.404
335.242
338.407
341.95
345.941
350.477
355.703
361.863
369.42
300.117
300.353
300.596
300.842
301.09
301.338
301.585
301.83
302.071
302.308
302.539
302.765
302.985
303.199
303.405
303.605
303.798
303.984
304.164
304.337
304.504
304.666
304.821
304.971
305.116
305.256
305.391
305.523
305.651
305.775
305.897
306.016
306.133
306.249
306.365
306.48
306.596
306.713
306.833
306.956
307.084
307.217
307.357
307.506
307.664
307.835
308.02
308.221
308.44
308.681
308.947
309.24
309.564
309.923
310.321
310.763
311.254
311.8
312.406
313.078
313.825
314.653
315.572
316.589
317.716
318.964
320.344
321.871
323.559
325.426
327.492
329.779
332.313
335.127
338.257
341.75
345.667
350.083
355.1
360.84
367.416
300.117
300.354
300.596
300.843
301.091
301.34
301.587
301.832
302.073
302.31
302.542
302.769
302.989
303.202
303.409
303.609
303.802
303.989
304.169
304.342
304.509
304.671
304.826
304.976
305.121
305.261
305.397
305.528
305.656
305.781
305.902
306.022
306.139
306.255
306.37
306.486
306.601
306.719
306.838
306.961
307.089
307.222
307.362
307.51
307.668
307.839
308.023
308.224
308.443
308.683
308.948
309.24
309.563
309.921
310.318
310.759
311.248
311.792
312.396
313.066
313.809
314.633
315.547
316.559
317.679
318.919
320.289
321.803
323.476
325.324
327.366
329.622
332.116
334.876
337.934
341.326
345.097
349.293
353.961
359.13
364.762
300.117
300.354
300.597
300.844
301.093
301.342
301.59
301.835
302.077
302.315
302.547
302.774
302.994
303.208
303.415
303.616
303.809
303.996
304.176
304.35
304.518
304.679
304.835
304.985
305.13
305.27
305.406
305.537
305.665
305.79
305.912
306.031
306.148
306.264
306.379
306.495
306.61
306.727
306.847
306.97
307.097
307.23
307.369
307.517
307.675
307.845
308.029
308.229
308.447
308.686
308.95
309.241
309.563
309.919
310.314
310.752
311.239
311.779
312.379
313.044
313.782
314.601
315.507
316.509
317.619
318.845
320.198
321.693
323.341
325.159
327.162
329.369
331.8
334.478
337.427
340.672
344.239
348.149
352.412
357.009
361.867
300.117
300.355
300.599
300.847
301.096
301.346
301.594
301.84
302.083
302.321
302.554
302.781
303.003
303.217
303.425
303.626
303.82
304.007
304.188
304.362
304.53
304.691
304.847
304.998
305.143
305.283
305.419
305.551
305.679
305.804
305.925
306.045
306.162
306.278
306.393
306.508
306.624
306.74
306.86
306.982
307.109
307.241
307.38
307.528
307.685
307.854
308.037
308.236
308.453
308.691
308.953
309.242
309.562
309.916
310.308
310.743
311.225
311.761
312.355
313.014
313.744
314.553
315.448
316.437
317.53
318.737
320.068
321.534
323.147
324.922
326.871
329.011
331.357
333.926
336.734
339.796
343.123
346.717
350.568
354.642
358.872
300.118
300.357
300.601
300.85
301.1
301.351
301.6
301.847
302.091
302.33
302.564
302.792
303.014
303.229
303.438
303.64
303.834
304.022
304.203
304.378
304.546
304.708
304.865
305.015
305.161
305.302
305.438
305.57
305.698
305.822
305.944
306.064
306.181
306.297
306.412
306.526
306.642
306.758
306.877
306.999
307.126
307.257
307.396
307.542
307.699
307.867
308.049
308.246
308.462
308.698
308.958
309.244
309.561
309.911
310.299
310.73
311.207
311.736
312.322
312.972
313.692
314.488
315.368
316.34
317.412
318.593
319.892
321.321
322.889
324.607
326.488
328.544
330.785
333.222
335.866
338.721
341.789
345.061
348.52
352.13
355.838
300.118
300.358
300.604
300.854
301.105
301.357
301.608
301.856
302.101
302.342
302.577
302.806
303.029
303.246
303.455
303.658
303.853
304.042
304.224
304.399
304.568
304.731
304.888
305.039
305.185
305.326
305.462
305.595
305.723
305.848
305.969
306.089
306.206
306.322
306.437
306.551
306.666
306.782
306.901
307.022
307.148
307.279
307.417
307.562
307.718
307.884
308.064
308.26
308.473
308.707
308.964
309.247
309.56
309.906
310.289
310.713
311.183
311.704
312.28
312.919
313.625
314.404
315.265
316.214
317.259
318.407
319.668
321.05
322.562
324.213
326.012
327.967
330.086
332.375
334.838
337.474
340.278
343.238
346.334
349.535
352.801
300.119
300.36
300.608
300.859
301.112
301.366
301.618
301.868
302.115
302.357
302.594
302.824
303.049
303.267
303.478
303.681
303.878
304.068
304.251
304.427
304.597
304.76
304.918
305.07
305.216
305.358
305.494
305.627
305.755
305.88
306.002
306.121
306.239
306.354
306.469
306.583
306.698
306.813
306.931
307.052
307.177
307.307
307.443
307.588
307.742
307.907
308.085
308.278
308.489
308.72
308.973
309.252
309.56
309.9
310.277
310.693
311.154
311.664
312.228
312.852
313.541
314.301
315.138
316.059
317.071
318.18
319.394
320.72
322.166
323.738
325.442
327.285
329.27
331.399
333.673
336.087
338.633
341.297
344.062
346.901
349.784
300.12
300.363
300.612
300.866
301.121
301.377
301.631
301.883
302.132
302.376
302.615
302.847
303.074
303.293
303.506
303.711
303.91
304.101
304.285
304.462
304.633
304.797
304.956
305.108
305.256
305.398
305.535
305.668
305.796
305.922
306.044
306.163
306.28
306.395
306.51
306.624
306.738
306.853
306.97
307.09
307.214
307.343
307.478
307.621
307.773
307.936
308.111
308.302
308.509
308.736
308.985
309.259
309.561
309.894
310.262
310.67
311.12
311.617
312.166
312.772
313.441
314.177
314.985
315.873
316.846
317.909
319.069
320.332
321.703
323.186
324.787
326.508
328.35
330.314
332.396
334.591
336.89
339.28
341.743
344.262
346.811
300.121
300.367
300.618
300.874
301.132
301.39
301.647
301.902
302.153
302.4
302.641
302.876
303.105
303.326
303.541
303.748
303.949
304.141
304.327
304.506
304.678
304.844
305.003
305.157
305.305
305.448
305.585
305.719
305.848
305.973
306.095
306.215
306.332
306.447
306.561
306.674
306.788
306.902
307.019
307.138
307.26
307.388
307.521
307.662
307.812
307.972
308.145
308.332
308.535
308.758
309.001
309.269
309.564
309.889
310.247
310.643
311.08
311.562
312.094
312.68
313.324
314.032
314.808
315.657
316.585
317.597
318.696
319.888
321.176
322.564
324.054
325.648
327.344
329.141
331.035
333.019
335.085
337.221
339.413
341.645
343.9
300.122
300.371
300.626
300.884
301.145
301.407
301.667
301.925
302.179
302.429
302.673
302.911
303.143
303.367
303.584
303.794
303.996
304.191
304.379
304.56
304.734
304.901
305.062
305.216
305.365
305.509
305.648
305.782
305.911
306.037
306.159
306.279
306.396
306.511
306.624
306.737
306.85
306.964
307.079
307.197
307.318
307.443
307.575
307.714
307.861
308.018
308.187
308.37
308.569
308.786
309.023
309.284
309.57
309.885
310.233
310.615
311.037
311.502
312.013
312.575
313.192
313.867
314.607
315.413
316.292
317.245
318.279
319.394
320.595
321.882
323.258
324.721
326.271
327.904
329.616
331.4
333.249
335.152
337.099
339.076
341.07
300.124
300.376
300.634
300.897
301.162
301.427
301.691
301.953
302.211
302.465
302.713
302.954
303.189
303.417
303.637
303.85
304.055
304.253
304.443
304.626
304.801
304.97
305.133
305.289
305.44
305.584
305.724
305.859
305.989
306.115
306.238
306.357
306.474
306.589
306.702
306.814
306.926
307.039
307.153
307.269
307.388
307.512
307.641
307.777
307.921
308.075
308.24
308.419
308.612
308.822
309.053
309.305
309.581
309.886
310.22
310.588
310.992
311.437
311.925
312.46
313.046
313.687
314.385
315.145
315.969
316.862
317.824
318.859
319.969
321.153
322.413
323.747
325.152
326.627
328.166
329.763
331.411
333.102
334.827
336.576
338.338
300.126
300.382
300.645
300.912
301.181
301.451
301.72
301.987
302.25
302.508
302.76
303.006
303.245
303.477
303.701
303.917
304.126
304.326
304.52
304.705
304.883
305.055
305.219
305.377
305.529
305.676
305.816
305.952
306.083
306.21
306.332
306.452
306.569
306.683
306.796
306.907
307.019
307.13
307.243
307.357
307.475
307.596
307.723
307.856
307.996
308.146
308.306
308.479
308.666
308.87
309.092
309.334
309.6
309.892
310.212
310.563
310.948
311.371
311.833
312.339
312.892
313.494
314.148
314.858
315.625
316.453
317.342
318.295
319.311
320.393
321.537
322.744
324.011
325.335
326.71
328.133
329.598
331.096
332.622
334.166
335.721
300.129
300.39
300.658
300.93
301.205
301.481
301.755
302.027
302.296
302.559
302.817
303.068
303.312
303.549
303.777
303.998
304.211
304.415
304.612
304.801
304.982
305.156
305.323
305.484
305.638
305.785
305.927
306.064
306.196
306.323
306.447
306.567
306.683
306.797
306.91
307.02
307.131
307.241
307.352
307.464
307.58
307.699
307.822
307.952
308.088
308.233
308.388
308.555
308.735
308.931
309.144
309.376
309.629
309.907
310.211
310.544
310.908
311.306
311.742
312.216
312.733
313.294
313.902
314.559
315.268
316.029
316.844
317.713
318.638
319.617
320.65
321.735
322.869
324.051
325.275
326.538
327.834
329.158
330.504
331.865
333.236
300.132
300.399
300.673
300.952
301.233
301.516
301.797
302.076
302.351
302.621
302.885
303.143
303.393
303.635
303.869
304.095
304.312
304.521
304.722
304.915
305.1
305.278
305.448
305.611
305.767
305.917
306.061
306.199
306.332
306.46
306.584
306.704
306.82
306.934
307.046
307.156
307.265
307.374
307.483
307.593
307.706
307.822
307.942
308.068
308.2
308.34
308.489
308.649
308.822
309.009
309.211
309.432
309.672
309.935
310.222
310.535
310.877
311.249
311.655
312.097
312.576
313.095
313.655
314.259
314.907
315.601
316.342
317.129
317.964
318.844
319.77
320.739
321.75
322.799
323.883
324.999
326.142
327.309
328.493
329.691
330.897
300.135
300.409
300.691
300.977
301.267
301.557
301.846
302.133
302.416
302.694
302.966
303.231
303.488
303.737
303.977
304.21
304.433
304.648
304.854
305.051
305.241
305.422
305.596
305.762
305.921
306.073
306.219
306.359
306.493
306.622
306.747
306.867
306.984
307.097
307.208
307.317
307.425
307.532
307.64
307.748
307.858
307.971
308.087
308.209
308.336
308.47
308.613
308.766
308.93
309.107
309.299
309.508
309.734
309.98
310.249
310.541
310.859
311.206
311.581
311.989
312.429
312.905
313.417
313.967
314.555
315.183
315.851
316.559
317.307
318.093
318.918
319.778
320.673
321.6
322.556
323.539
324.544
325.568
326.608
327.659
328.718
300.139
300.422
300.712
301.008
301.306
301.606
301.905
302.201
302.494
302.781
303.061
303.335
303.6
303.858
304.106
304.346
304.576
304.797
305.009
305.213
305.407
305.593
305.771
305.941
306.103
306.258
306.407
306.548
306.684
306.815
306.94
307.061
307.177
307.291
307.401
307.509
307.615
307.721
307.826
307.932
308.039
308.148
308.261
308.377
308.499
308.628
308.764
308.909
309.064
309.232
309.412
309.607
309.819
310.048
310.298
310.569
310.863
311.181
311.526
311.899
312.301
312.734
313.198
313.695
314.225
314.789
315.387
316.018
316.684
317.382
318.111
318.871
319.66
320.475
321.315
322.176
323.057
323.954
324.864
325.784
326.712
300.144
300.437
300.738
301.044
301.353
301.664
301.974
302.281
302.585
302.883
303.174
303.458
303.733
304
304.258
304.506
304.745
304.974
305.193
305.403
305.603
305.795
305.978
306.152
306.318
306.476
306.628
306.772
306.909
307.041
307.167
307.289
307.406
307.519
307.628
307.735
307.84
307.944
308.047
308.15
308.254
308.359
308.467
308.579
308.696
308.818
308.947
309.083
309.23
309.386
309.555
309.736
309.933
310.145
310.375
310.624
310.893
311.185
311.499
311.837
312.201
312.591
313.009
313.454
313.928
314.431
314.962
315.522
316.111
316.726
317.369
318.036
318.728
319.442
320.176
320.929
321.698
322.48
323.275
324.079
324.889
300.15
300.454
300.767
301.086
301.408
301.732
302.055
302.375
302.692
303.002
303.306
303.602
303.889
304.168
304.436
304.694
304.943
305.181
305.408
305.626
305.834
306.032
306.22
306.399
306.57
306.732
306.886
307.033
307.173
307.307
307.434
307.556
307.673
307.786
307.895
308.001
308.104
308.206
308.306
308.406
308.507
308.608
308.712
308.819
308.929
309.045
309.166
309.294
309.431
309.577
309.733
309.901
310.082
310.277
310.487
310.714
310.959
311.223
311.507
311.812
312.139
312.488
312.861
313.258
313.678
314.123
314.593
315.086
315.603
316.144
316.706
317.29
317.893
318.516
319.155
319.811
320.48
321.161
321.852
322.552
323.258
300.157
300.475
300.802
301.135
301.473
301.812
302.15
302.486
302.817
303.143
303.461
303.771
304.072
304.364
304.645
304.915
305.175
305.423
305.661
305.887
306.103
306.308
306.503
306.688
306.864
307.03
307.188
307.338
307.481
307.616
307.744
307.867
307.985
308.097
308.205
308.31
308.412
308.511
308.609
308.706
308.803
308.901
309
309.101
309.206
309.314
309.428
309.547
309.674
309.809
309.953
310.107
310.272
310.45
310.641
310.847
311.068
311.305
311.56
311.833
312.124
312.435
312.765
313.116
313.487
313.879
314.291
314.723
315.176
315.647
316.137
316.645
317.17
317.71
318.265
318.834
319.414
320.005
320.605
321.213
321.827
300.165
300.499
300.843
301.193
301.548
301.905
302.261
302.615
302.964
303.307
303.642
303.969
304.286
304.593
304.889
305.173
305.445
305.706
305.954
306.191
306.416
306.629
306.832
307.023
307.205
307.376
307.538
307.692
307.837
307.974
308.104
308.228
308.346
308.458
308.566
308.669
308.769
308.866
308.962
309.055
309.149
309.242
309.336
309.432
309.53
309.632
309.737
309.848
309.965
310.089
310.22
310.361
310.511
310.672
310.845
311.029
311.228
311.44
311.667
311.909
312.167
312.441
312.733
313.041
313.366
313.709
314.069
314.446
314.839
315.249
315.674
316.114
316.568
317.036
317.516
318.008
318.51
319.021
319.54
320.066
320.598
300.174
300.527
300.89
301.261
301.636
302.014
302.391
302.765
303.135
303.498
303.854
304.2
304.535
304.86
305.172
305.472
305.759
306.033
306.295
306.543
306.778
307.001
307.212
307.411
307.598
307.775
307.942
308.099
308.247
308.387
308.519
308.643
308.761
308.874
308.98
309.083
309.181
309.276
309.368
309.459
309.548
309.637
309.726
309.816
309.908
310.003
310.1
310.203
310.31
310.423
310.542
310.669
310.805
310.95
311.104
311.269
311.446
311.634
311.835
312.048
312.276
312.517
312.772
313.041
313.325
313.624
313.936
314.263
314.604
314.958
315.326
315.706
316.098
316.502
316.916
317.339
317.772
318.213
318.661
319.115
319.575
300.185
300.56
300.946
301.34
301.739
302.14
302.542
302.94
303.334
303.721
304.099
304.468
304.825
305.169
305.501
305.819
306.123
306.412
306.687
306.948
307.195
307.429
307.648
307.855
308.05
308.233
308.405
308.566
308.717
308.859
308.993
309.119
309.237
309.349
309.455
309.556
309.652
309.745
309.834
309.922
310.007
310.091
310.175
310.26
310.345
310.433
310.523
310.616
310.714
310.816
310.924
311.039
311.16
311.289
311.427
311.573
311.729
311.895
312.072
312.26
312.459
312.669
312.892
313.126
313.372
313.631
313.902
314.184
314.478
314.784
315.101
315.428
315.765
316.112
316.468
316.832
317.205
317.584
317.969
318.361
318.757
300.197
300.598
301.01
301.432
301.858
302.288
302.718
303.144
303.566
303.98
304.384
304.778
305.159
305.527
305.88
306.218
306.541
306.848
307.139
307.414
307.673
307.918
308.148
308.364
308.566
308.755
308.932
309.098
309.252
309.397
309.532
309.659
309.778
309.89
309.995
310.094
310.188
310.279
310.365
310.448
310.53
310.609
310.688
310.767
310.846
310.927
311.009
311.094
311.183
311.275
311.372
311.474
311.582
311.697
311.818
311.948
312.085
312.231
312.385
312.549
312.722
312.905
313.099
313.302
313.515
313.738
313.972
314.215
314.468
314.731
315.003
315.284
315.573
315.871
316.176
316.489
316.808
317.134
317.465
317.801
318.142
300.212
300.642
301.086
301.538
301.998
302.46
302.922
303.381
303.834
304.279
304.714
305.137
305.546
305.939
306.317
306.677
307.021
307.346
307.654
307.945
308.218
308.475
308.716
308.941
309.151
309.347
309.529
309.699
309.858
310.005
310.142
310.269
310.388
310.5
310.604
310.702
310.794
310.881
310.964
311.044
311.121
311.196
311.27
311.343
311.416
311.49
311.565
311.641
311.721
311.804
311.89
311.981
312.076
312.177
312.284
312.398
312.518
312.645
312.78
312.922
313.073
313.231
313.398
313.574
313.757
313.95
314.151
314.36
314.577
314.802
315.036
315.276
315.524
315.779
316.041
316.309
316.582
316.861
317.145
317.434
317.726
300.229
300.694
301.173
301.663
302.159
302.659
303.159
303.655
304.145
304.626
305.095
305.55
305.99
306.412
306.817
307.202
307.568
307.914
308.241
308.548
308.836
309.106
309.358
309.592
309.811
310.013
310.202
310.376
310.537
310.687
310.826
310.954
311.073
311.183
311.286
311.382
311.472
311.556
311.636
311.712
311.785
311.855
311.924
311.991
312.058
312.125
312.193
312.262
312.333
312.406
312.483
312.563
312.647
312.736
312.829
312.928
313.033
313.144
313.261
313.384
313.514
313.651
313.795
313.946
314.104
314.269
314.442
314.621
314.808
315.001
315.2
315.406
315.619
315.837
316.061
316.29
316.524
316.763
317.006
317.253
317.504
300.249
300.754
301.275
301.807
302.347
302.89
303.433
303.972
304.504
305.025
305.532
306.024
306.498
306.953
307.387
307.799
308.19
308.558
308.905
309.23
309.533
309.816
310.079
310.324
310.55
310.759
310.953
311.131
311.296
311.447
311.587
311.715
311.834
311.943
312.045
312.138
312.225
312.307
312.383
312.455
312.523
312.589
312.652
312.714
312.775
312.836
312.897
312.958
313.021
313.086
313.154
313.224
313.298
313.375
313.457
313.543
313.634
313.729
313.831
313.937
314.049
314.167
314.291
314.421
314.557
314.699
314.847
315.001
315.16
315.326
315.497
315.673
315.855
316.041
316.233
316.429
316.629
316.834
317.042
317.254
317.469
300.272
300.824
301.393
301.974
302.564
303.157
303.75
304.338
304.917
305.483
306.034
306.567
307.079
307.569
308.035
308.476
308.893
309.285
309.652
309.994
310.314
310.61
310.884
311.138
311.372
311.588
311.786
311.968
312.135
312.288
312.428
312.556
312.674
312.782
312.881
312.972
313.056
313.134
313.207
313.275
313.339
313.399
313.458
313.514
313.569
313.624
313.678
313.733
313.789
313.846
313.905
313.966
314.03
314.098
314.169
314.243
314.322
314.405
314.492
314.584
314.681
314.782
314.889
315.001
315.117
315.239
315.366
315.498
315.635
315.777
315.924
316.075
316.23
316.39
316.554
316.722
316.894
317.069
317.247
317.429
317.613
300.298
300.905
301.53
302.168
302.815
303.466
304.115
304.759
305.391
306.009
306.608
307.186
307.739
308.267
308.767
309.239
309.683
310.099
310.487
310.848
311.182
311.491
311.776
312.039
312.28
312.501
312.703
312.887
313.056
313.209
313.349
313.477
313.593
313.699
313.795
313.883
313.964
314.038
314.107
314.171
314.23
314.286
314.34
314.391
314.44
314.489
314.538
314.586
314.635
314.685
314.737
314.79
314.846
314.905
314.966
315.031
315.099
315.17
315.246
315.325
315.409
315.497
315.589
315.685
315.785
315.89
316
316.113
316.231
316.353
316.479
316.608
316.742
316.879
317.02
317.164
317.312
317.462
317.615
317.771
317.929
300.329
300.999
301.688
302.392
303.106
303.822
304.537
305.243
305.935
306.61
307.262
307.888
308.486
309.054
309.59
310.095
310.566
311.006
311.415
311.793
312.141
312.462
312.757
313.027
313.273
313.498
313.703
313.889
314.058
314.211
314.349
314.475
314.589
314.692
314.785
314.87
314.947
315.018
315.082
315.142
315.197
315.248
315.297
315.343
315.388
315.432
315.475
315.517
315.561
315.605
315.65
315.697
315.745
315.796
315.85
315.906
315.965
316.027
316.093
316.162
316.234
316.31
316.39
316.473
316.56
316.651
316.746
316.844
316.946
317.051
317.16
317.272
317.387
317.505
317.627
317.751
317.878
318.007
318.139
318.273
318.409
300.365
301.108
301.872
302.652
303.441
304.233
305.021
305.797
306.556
307.293
308.003
308.682
309.327
309.937
310.511
311.047
311.546
312.009
312.436
312.83
313.191
313.522
313.824
314.099
314.35
314.577
314.782
314.968
315.136
315.287
315.424
315.547
315.658
315.757
315.847
315.928
316.002
316.068
316.129
316.184
316.235
316.283
316.327
316.369
316.409
316.449
316.487
316.525
316.564
316.603
316.643
316.684
316.727
316.771
316.818
316.868
316.92
316.974
317.032
317.092
317.156
317.222
317.292
317.365
317.441
317.521
317.603
317.689
317.777
317.869
317.963
318.061
318.161
318.264
318.369
318.477
318.587
318.699
318.813
318.929
319.047
300.407
301.234
302.084
302.951
303.828
304.705
305.575
306.43
307.264
308.068
308.84
309.574
310.269
310.921
311.531
312.098
312.623
313.106
313.551
313.957
314.328
314.666
314.973
315.251
315.503
315.73
315.934
316.118
316.284
316.432
316.565
316.685
316.792
316.888
316.974
317.051
317.121
317.183
317.24
317.292
317.34
317.384
317.425
317.463
317.5
317.536
317.571
317.606
317.641
317.676
317.712
317.75
317.788
317.828
317.871
317.915
317.962
318.01
318.062
318.116
318.172
318.232
318.294
318.359
318.426
318.496
318.569
318.645
318.723
318.804
318.887
318.972
319.06
319.15
319.242
319.337
319.433
319.531
319.63
319.731
319.834
300.455
301.38
302.329
303.297
304.272
305.246
306.209
307.151
308.064
308.942
309.779
310.57
311.314
312.008
312.652
313.247
313.794
314.294
314.751
315.167
315.544
315.885
316.194
316.471
316.721
316.946
317.147
317.327
317.489
317.633
317.762
317.877
317.98
318.072
318.155
318.228
318.295
318.354
318.408
318.457
318.503
318.544
318.583
318.62
318.655
318.689
318.722
318.755
318.788
318.821
318.855
318.89
318.926
318.964
319.003
319.044
319.087
319.133
319.18
319.229
319.281
319.335
319.392
319.45
319.512
319.575
319.641
319.709
319.779
319.851
319.925
320.001
320.079
320.159
320.241
320.324
320.409
320.495
320.583
320.672
320.762
300.511
301.548
302.612
303.694
304.782
305.865
306.93
307.967
308.966
309.921
310.824
311.672
312.462
313.194
313.868
314.486
315.049
315.562
316.026
316.445
316.824
317.164
317.47
317.744
317.989
318.208
318.404
318.579
318.736
318.875
318.999
319.11
319.209
319.297
319.377
319.448
319.512
319.569
319.622
319.67
319.714
319.755
319.793
319.83
319.865
319.899
319.932
319.965
319.998
320.031
320.065
320.099
320.135
320.172
320.211
320.251
320.292
320.336
320.381
320.428
320.477
320.528
320.581
320.635
320.692
320.751
320.811
320.874
320.938
321.004
321.071
321.14
321.21
321.282
321.356
321.43
321.506
321.583
321.661
321.739
321.819
300.574
301.741
302.936
304.149
305.364
306.567
307.745
308.884
309.974
311.006
311.974
312.874
313.706
314.47
315.167
315.8
316.373
316.889
317.354
317.771
318.145
318.479
318.778
319.045
319.283
319.495
319.684
319.853
320.003
320.137
320.257
320.364
320.46
320.546
320.623
320.693
320.756
320.814
320.866
320.915
320.96
321.003
321.043
321.081
321.118
321.154
321.19
321.225
321.26
321.296
321.332
321.368
321.406
321.444
321.484
321.524
321.567
321.61
321.655
321.702
321.75
321.799
321.85
321.903
321.957
322.013
322.07
322.128
322.188
322.249
322.312
322.375
322.44
322.505
322.572
322.639
322.708
322.777
322.847
322.917
322.988
300.648
301.962
303.307
304.667
306.025
307.361
308.66
309.906
311.087
312.194
313.221
314.166
315.03
315.816
316.526
317.164
317.736
318.248
318.705
319.112
319.476
319.799
320.088
320.344
320.573
320.777
320.958
321.12
321.265
321.395
321.511
321.616
321.71
321.795
321.873
321.944
322.009
322.068
322.124
322.176
322.225
322.271
322.316
322.358
322.4
322.441
322.481
322.52
322.56
322.6
322.64
322.68
322.721
322.763
322.806
322.849
322.893
322.939
322.985
323.032
323.081
323.131
323.182
323.233
323.286
323.34
323.395
323.451
323.508
323.565
323.624
323.683
323.743
323.804
323.865
323.927
323.989
324.052
324.115
324.178
324.242
300.732
302.215
303.73
305.256
306.771
308.251
309.677
311.03
312.298
313.474
314.549
315.523
316.402
317.191
317.898
318.529
319.09
319.589
320.033
320.427
320.776
321.087
321.363
321.608
321.827
322.022
322.197
322.353
322.494
322.621
322.736
322.84
322.935
323.022
323.102
323.176
323.245
323.31
323.37
323.428
323.483
323.536
323.586
323.636
323.684
323.731
323.778
323.824
323.87
323.916
323.961
324.007
324.053
324.1
324.146
324.193
324.241
324.289
324.338
324.387
324.437
324.488
324.539
324.591
324.643
324.696
324.75
324.804
324.858
324.913
324.969
325.024
325.08
325.136
325.193
325.25
325.306
325.363
325.42
325.477
325.534
300.826
302.502
304.208
305.919
307.605
309.238
310.794
312.246
313.579
314.793
315.89
316.875
317.754
318.537
319.231
319.847
320.391
320.871
321.297
321.673
322.006
322.301
322.564
322.798
323.007
323.194
323.363
323.515
323.654
323.78
323.895
324.001
324.098
324.189
324.274
324.354
324.429
324.5
324.568
324.633
324.696
324.756
324.815
324.873
324.929
324.984
325.038
325.091
325.144
325.197
325.249
325.301
325.352
325.403
325.455
325.506
325.557
325.608
325.66
325.711
325.763
325.815
325.866
325.918
325.97
326.023
326.075
326.127
326.179
326.232
326.284
326.336
326.389
326.441
326.493
326.544
326.596
326.648
326.699
326.75
326.801
300.932
302.823
304.743
306.656
308.527
310.302
311.953
313.468
314.842
316.079
317.182
318.163
319.03
319.794
320.467
321.058
321.578
322.035
322.438
322.794
323.109
323.388
323.638
323.86
324.061
324.241
324.406
324.555
324.692
324.819
324.936
325.045
325.147
325.243
325.334
325.42
325.502
325.581
325.657
325.73
325.8
325.869
325.936
326.001
326.065
326.128
326.189
326.25
326.309
326.368
326.426
326.483
326.54
326.596
326.651
326.706
326.76
326.814
326.868
326.921
326.973
327.026
327.078
327.13
327.181
327.232
327.283
327.333
327.383
327.433
327.482
327.531
327.579
327.627
327.675
327.722
327.769
327.815
327.861
327.906
327.951
301.046
303.168
305.32
307.442
309.458
311.334
313.053
314.609
316.002
317.239
318.331
319.292
320.133
320.868
321.511
322.073
322.564
322.995
323.375
323.709
324.006
324.27
324.506
324.719
324.911
325.086
325.246
325.394
325.531
325.658
325.777
325.889
325.996
326.096
326.192
326.284
326.373
326.458
326.54
326.62
326.698
326.773
326.846
326.918
326.988
327.057
327.124
327.19
327.255
327.318
327.38
327.442
327.502
327.561
327.619
327.676
327.733
327.788
327.843
327.897
327.95
328.003
328.055
328.106
328.156
328.206
328.255
328.303
328.351
328.398
328.444
328.49
328.535
328.58
328.623
328.666
328.709
328.751
328.792
328.832
328.872
301.147
303.483
305.844
308.105
310.217
312.155
313.906
315.471
316.858
318.077
319.144
320.075
320.885
321.59
322.203
322.737
323.203
323.611
323.97
324.287
324.569
324.821
325.047
325.251
325.437
325.608
325.765
325.911
326.046
326.174
326.294
326.408
326.516
326.619
326.718
326.813
326.905
326.994
327.08
327.163
327.244
327.323
327.4
327.475
327.549
327.62
327.691
327.759
327.826
327.892
327.957
328.02
328.082
328.143
328.203
328.261
328.319
328.375
328.43
328.485
328.538
328.591
328.642
328.693
328.742
328.791
328.839
328.886
328.932
328.978
329.022
329.066
329.109
329.151
329.192
329.233
329.272
329.311
329.349
329.387
329.424
379.547
387.475
394.152
399.982
405.163
409.805
413.968
417.685
420.972
423.829
426.245
428.198
429.651
430.557
430.849
430.436
429.189
426.911
423.27
417.609
408.28
401.971
397.142
393.191
389.831
386.9
384.296
381.951
379.817
377.857
376.044
374.356
372.774
371.286
369.879
368.543
367.269
366.052
364.884
363.76
362.675
361.626
360.609
359.62
358.656
357.716
356.796
355.896
355.012
354.144
353.289
352.447
351.616
350.796
349.985
349.183
348.389
347.601
346.821
346.047
345.278
344.515
343.758
343.006
342.258
341.516
340.779
340.046
339.319
338.596
337.879
337.167
336.46
335.759
335.064
334.375
333.692
333.015
332.346
331.683
331.029
330.382
329.743
329.113
328.491
327.88
327.277
326.685
326.103
325.532
324.972
324.423
323.886
323.36
322.847
322.346
321.858
321.382
320.919
320.468
320.031
319.606
319.194
318.795
318.408
318.034
317.673
317.324
316.986
316.661
316.346
316.044
315.752
315.471
315.2
314.939
314.688
314.446
314.213
313.988
313.772
313.564
313.364
313.17
312.984
312.804
312.63
312.462
312.3
312.143
311.99
311.843
311.7
311.561
311.425
311.294
311.166
311.041
310.919
310.799
310.683
310.569
310.457
310.347
310.239
310.133
310.029
309.926
309.825
309.725
309.627
309.53
309.434
309.34
309.246
309.153
309.062
308.972
308.882
308.794
308.709
374.811
381.695
387.901
393.485
398.524
403.077
407.184
410.866
414.133
416.981
419.397
421.358
422.83
423.766
424.103
423.759
422.619
420.528
417.269
412.573
406.394
401.054
396.601
392.831
389.572
386.704
384.143
381.829
379.717
377.774
375.974
374.296
372.724
371.242
369.841
368.51
367.24
366.026
364.861
363.74
362.658
361.61
360.595
359.607
358.645
357.706
356.787
355.887
355.004
354.137
353.283
352.441
351.611
350.791
349.981
349.179
348.385
347.598
346.817
346.043
345.275
344.512
343.755
343.003
342.256
341.514
340.776
340.044
339.316
338.594
337.877
337.165
336.458
335.757
335.062
334.372
333.689
333.013
332.344
331.681
331.027
330.38
329.741
329.111
328.489
327.877
327.275
326.683
326.101
325.53
324.97
324.421
323.884
323.358
322.845
322.344
321.856
321.38
320.917
320.467
320.029
319.605
319.193
318.794
318.407
318.033
317.672
317.322
316.985
316.66
316.346
316.043
315.751
315.47
315.199
314.938
314.687
314.445
314.212
313.988
313.772
313.564
313.364
313.17
312.984
312.804
312.63
312.462
312.3
312.143
311.99
311.843
311.7
311.561
311.426
311.294
311.166
311.041
310.919
310.8
310.683
310.569
310.457
310.347
310.239
310.133
310.029
309.926
309.825
309.726
309.627
309.53
309.435
309.34
309.246
309.154
309.062
308.972
308.883
308.795
308.709
370.729
376.615
382.187
387.365
392.138
396.511
400.494
404.093
407.305
410.123
412.53
414.501
416.004
416.994
417.418
417.204
416.266
414.502
411.805
408.131
403.695
399.391
395.507
392.065
389.007
386.272
383.803
381.555
379.493
377.588
375.818
374.164
372.611
371.145
369.757
368.437
367.177
365.971
364.813
363.697
362.62
361.577
360.564
359.58
358.621
357.684
356.768
355.87
354.988
354.122
353.27
352.429
351.6
350.781
349.972
349.17
348.377
347.59
346.811
346.037
345.269
344.507
343.75
342.998
342.251
341.509
340.772
340.039
339.312
338.59
337.873
337.161
336.454
335.753
335.058
334.368
333.685
333.009
332.34
331.677
331.022
330.376
329.737
329.107
328.485
327.873
327.271
326.679
326.097
325.526
324.966
324.417
323.88
323.355
322.842
322.341
321.852
321.377
320.914
320.463
320.026
319.601
319.19
318.791
318.404
318.031
317.669
317.32
316.983
316.658
316.344
316.041
315.749
315.468
315.198
314.937
314.686
314.444
314.212
313.987
313.772
313.564
313.363
313.17
312.984
312.804
312.63
312.462
312.3
312.143
311.991
311.843
311.7
311.561
311.426
311.294
311.166
311.041
310.919
310.8
310.684
310.569
310.458
310.348
310.24
310.134
310.03
309.927
309.826
309.726
309.628
309.531
309.435
309.341
309.247
309.155
309.063
308.973
308.883
308.795
308.71
366.906
371.977
376.917
381.629
386.059
390.182
393.983
397.451
400.573
403.335
405.717
407.693
409.231
410.293
410.832
410.795
410.12
408.752
406.654
403.861
400.565
397.164
393.903
390.877
388.103
385.566
383.239
381.098
379.117
377.275
375.555
373.942
372.421
370.983
369.617
368.316
367.072
365.88
364.732
363.627
362.558
361.522
360.516
359.537
358.582
357.65
356.737
355.842
354.964
354.1
353.249
352.411
351.584
350.766
349.958
349.158
348.365
347.58
346.801
346.028
345.261
344.499
343.742
342.991
342.244
341.502
340.765
340.033
339.306
338.584
337.867
337.155
336.448
335.747
335.052
334.363
333.68
333.003
332.334
331.672
331.017
330.37
329.731
329.101
328.479
327.867
327.265
326.673
326.091
325.52
324.96
324.411
323.874
323.349
322.836
322.335
321.847
321.371
320.908
320.458
320.021
319.597
319.185
318.786
318.4
318.027
317.666
317.317
316.98
316.655
316.341
316.038
315.747
315.466
315.196
314.935
314.684
314.443
314.21
313.986
313.771
313.563
313.363
313.17
312.983
312.804
312.63
312.462
312.3
312.143
311.991
311.844
311.701
311.562
311.427
311.295
311.167
311.042
310.92
310.801
310.685
310.571
310.459
310.349
310.241
310.135
310.031
309.929
309.827
309.728
309.63
309.533
309.437
309.342
309.248
309.156
309.064
308.974
308.885
308.797
308.711
363.22
367.63
371.998
376.24
380.296
384.127
387.702
391
394
396.681
399.019
400.99
402.563
403.704
404.375
404.538
404.154
403.194
401.658
399.597
397.142
394.501
391.844
389.274
386.838
384.553
382.418
380.423
378.557
376.807
375.16
373.606
372.135
370.738
369.406
368.134
366.915
365.743
364.614
363.523
362.467
361.442
360.446
359.475
358.528
357.601
356.694
355.804
354.929
354.069
353.222
352.386
351.561
350.746
349.94
349.141
348.35
347.566
346.788
346.016
345.25
344.489
343.733
342.982
342.236
341.494
340.758
340.026
339.299
338.577
337.86
337.148
336.442
335.741
335.045
334.356
333.673
332.997
332.327
331.664
331.009
330.362
329.723
329.093
328.472
327.86
327.257
326.665
326.083
325.512
324.952
324.403
323.866
323.341
322.828
322.328
321.839
321.364
320.901
320.452
320.015
319.59
319.179
318.781
318.395
318.022
317.661
317.312
316.975
316.651
316.337
316.035
315.744
315.463
315.193
314.933
314.682
314.441
314.209
313.985
313.77
313.562
313.362
313.169
312.983
312.804
312.63
312.463
312.301
312.144
311.992
311.845
311.702
311.563
311.428
311.297
311.169
311.044
310.922
310.803
310.687
310.572
310.461
310.351
310.243
310.137
310.033
309.931
309.83
309.73
309.632
309.535
309.439
309.344
309.251
309.158
309.066
308.976
308.887
308.798
308.712
359.632
363.494
367.356
371.155
374.835
378.355
381.68
384.781
387.633
390.209
392.487
394.44
396.04
397.259
398.066
398.433
398.336
397.765
396.728
395.272
393.484
391.483
389.384
387.273
385.205
383.212
381.309
379.499
377.781
376.152
374.604
373.132
371.729
370.389
369.106
367.875
366.69
365.549
364.445
363.377
362.34
361.332
360.349
359.391
358.453
357.536
356.636
355.753
354.884
354.029
353.186
352.354
351.533
350.721
349.917
349.121
348.332
347.549
346.773
346.002
345.237
344.477
343.722
342.972
342.226
341.486
340.749
340.018
339.291
338.569
337.853
337.141
336.434
335.733
335.038
334.349
333.665
332.989
332.319
331.656
331.001
330.354
329.715
329.084
328.463
327.85
327.248
326.656
326.074
325.502
324.942
324.394
323.857
323.332
322.819
322.318
321.83
321.355
320.893
320.443
320.006
319.583
319.172
318.773
318.388
318.015
317.655
317.306
316.97
316.646
316.333
316.031
315.74
315.46
315.19
314.93
314.68
314.439
314.207
313.984
313.769
313.562
313.362
313.169
312.984
312.804
312.631
312.464
312.302
312.145
311.994
311.847
311.704
311.565
311.43
311.299
311.171
311.047
310.925
310.806
310.689
310.575
310.464
310.354
310.246
310.14
310.036
309.934
309.833
309.733
309.635
309.538
309.442
309.347
309.254
309.161
309.07
308.979
308.89
308.801
308.715
356.132
359.53
362.948
366.34
369.659
372.868
375.932
378.82
381.505
383.96
386.161
388.083
389.699
390.986
391.919
392.478
392.648
392.425
391.82
390.868
389.626
388.169
386.572
384.902
383.211
381.532
379.89
378.296
376.758
375.278
373.856
372.489
371.175
369.911
368.693
367.517
366.381
365.28
364.213
363.175
362.165
361.18
360.218
359.277
358.355
357.45
356.561
355.687
354.826
353.978
353.141
352.315
351.498
350.69
349.889
349.096
348.31
347.53
346.756
345.987
345.223
344.465
343.711
342.961
342.217
341.477
340.741
340.01
339.284
338.562
337.845
337.134
336.427
335.726
335.031
334.341
333.658
332.981
332.311
331.648
330.992
330.345
329.705
329.074
328.453
327.84
327.237
326.645
326.063
325.491
324.931
324.382
323.845
323.32
322.808
322.307
321.82
321.345
320.882
320.433
319.997
319.573
319.163
318.765
318.38
318.008
317.648
317.3
316.964
316.64
316.328
316.026
315.736
315.456
315.187
314.928
314.678
314.438
314.206
313.983
313.768
313.562
313.362
313.17
312.985
312.806
312.633
312.466
312.304
312.148
311.996
311.849
311.707
311.568
311.434
311.303
311.175
311.05
310.929
310.81
310.693
310.579
310.468
310.358
310.25
310.145
310.041
309.938
309.837
309.737
309.639
309.542
309.446
309.352
309.258
309.165
309.074
308.983
308.894
308.805
308.718
352.72
355.718
358.747
361.77
364.752
367.66
370.464
373.133
375.641
377.962
380.073
381.949
383.568
384.908
385.949
386.677
387.081
387.159
386.92
386.389
385.602
384.607
383.456
382.197
380.873
379.517
378.153
376.798
375.464
374.159
372.887
371.649
370.446
369.277
368.142
367.038
365.964
364.918
363.898
362.903
361.929
360.976
360.041
359.124
358.223
357.337
356.463
355.603
354.753
353.914
353.086
352.266
351.456
350.653
349.857
349.068
348.285
347.508
346.737
345.97
345.209
344.452
343.699
342.951
342.208
341.469
340.734
340.003
339.277
338.556
337.839
337.128
336.421
335.72
335.024
334.334
333.651
332.973
332.303
331.639
330.983
330.335
329.695
329.064
328.442
327.829
327.226
326.633
326.051
325.479
324.919
324.37
323.833
323.308
322.795
322.295
321.807
321.333
320.871
320.422
319.986
319.563
319.153
318.755
318.371
317.999
317.64
317.292
316.957
316.634
316.322
316.021
315.732
315.453
315.184
314.925
314.676
314.436
314.205
313.983
313.769
313.562
313.363
313.171
312.986
312.808
312.635
312.469
312.307
312.151
312
311.853
311.711
311.573
311.438
311.308
311.18
311.056
310.934
310.815
310.699
310.585
310.473
310.364
310.256
310.151
310.047
309.944
309.843
309.744
309.645
309.548
309.453
309.358
309.264
309.172
309.08
308.989
308.9
308.811
308.724
349.404
352.053
354.737
357.429
360.101
362.726
365.277
367.729
370.056
372.236
374.246
376.063
377.669
379.044
380.172
381.04
381.639
381.969
382.035
381.852
381.445
380.844
380.083
379.198
378.222
377.182
376.101
374.998
373.886
372.775
371.673
370.585
369.513
368.46
367.426
366.411
365.416
364.439
363.481
362.539
361.613
360.701
359.804
358.92
358.047
357.185
356.334
355.492
354.659
353.834
353.016
352.207
351.404
350.608
349.819
349.035
348.257
347.484
346.716
345.953
345.194
344.439
343.689
342.942
342.2
341.462
340.728
339.998
339.272
338.551
337.835
337.123
336.417
335.715
335.019
334.329
333.645
332.967
332.296
331.632
330.975
330.326
329.686
329.054
328.431
327.818
327.214
326.621
326.038
325.466
324.906
324.357
323.819
323.294
322.782
322.282
321.794
321.32
320.858
320.41
319.974
319.552
319.142
318.745
318.361
317.99
317.631
317.285
316.95
316.628
316.317
316.017
315.728
315.449
315.181
314.923
314.675
314.436
314.205
313.983
313.77
313.564
313.366
313.174
312.99
312.812
312.64
312.473
312.312
312.157
312.006
311.859
311.717
311.579
311.445
311.314
311.187
311.063
310.941
310.823
310.707
310.593
310.481
310.372
310.264
310.159
310.055
309.952
309.851
309.752
309.654
309.557
309.461
309.366
309.272
309.18
309.088
308.997
308.908
308.819
308.731
346.192
348.534
350.913
353.308
355.698
358.06
360.373
362.614
364.762
366.796
368.697
370.445
372.022
373.412
374.601
375.577
376.334
376.868
377.182
377.286
377.194
376.925
376.502
375.95
375.293
374.554
373.751
372.902
372.02
371.117
370.201
369.279
368.357
367.436
366.521
365.612
364.712
363.819
362.936
362.062
361.196
360.338
359.489
358.647
357.812
356.984
356.161
355.345
354.534
353.729
352.928
352.133
351.341
350.555
349.774
348.997
348.225
347.458
346.694
345.935
345.179
344.427
343.679
342.935
342.194
341.457
340.724
339.995
339.271
338.55
337.834
337.122
336.415
335.713
335.017
334.326
333.641
332.963
332.291
331.626
330.969
330.319
329.678
329.045
328.421
327.807
327.203
326.609
326.026
325.453
324.892
324.343
323.806
323.281
322.768
322.268
321.781
321.307
320.845
320.397
319.962
319.54
319.131
318.735
318.352
317.982
317.624
317.278
316.944
316.622
316.312
316.013
315.725
315.447
315.18
314.923
314.675
314.437
314.207
313.986
313.773
313.568
313.37
313.179
312.995
312.818
312.646
312.48
312.32
312.164
312.014
311.868
311.726
311.588
311.455
311.324
311.197
311.073
310.952
310.833
310.717
310.604
310.492
310.383
310.275
310.17
310.066
309.963
309.862
309.763
309.665
309.568
309.472
309.377
309.283
309.191
309.099
309.008
308.918
308.829
308.741
343.095
345.168
347.276
349.405
351.538
353.659
355.748
357.789
359.763
361.652
363.439
365.107
366.641
368.026
369.251
370.305
371.181
371.875
372.387
372.722
372.887
372.895
372.761
372.5
372.13
371.668
371.129
370.528
369.877
369.187
368.466
367.722
366.961
366.188
365.407
364.619
363.828
363.036
362.242
361.449
360.657
359.866
359.076
358.287
357.5
356.715
355.931
355.149
354.368
353.589
352.811
352.035
351.261
350.489
349.719
348.952
348.188
347.428
346.67
345.915
345.164
344.416
343.671
342.929
342.191
341.456
340.724
339.996
339.272
338.552
337.836
337.124
336.417
335.715
335.018
334.327
333.641
332.962
332.289
331.623
330.965
330.314
329.672
329.038
328.413
327.798
327.193
326.599
326.015
325.442
324.88
324.331
323.793
323.268
322.755
322.255
321.768
321.294
320.833
320.385
319.951
319.529
319.121
318.726
318.343
317.974
317.617
317.272
316.939
316.618
316.309
316.011
315.723
315.447
315.181
314.924
314.677
314.44
314.211
313.991
313.778
313.574
313.377
313.187
313.003
312.826
312.655
312.49
312.33
312.175
312.025
311.88
311.738
311.601
311.467
311.337
311.21
311.086
310.965
310.847
310.731
310.618
310.506
310.397
310.29
310.184
310.08
309.978
309.877
309.777
309.679
309.582
309.486
309.392
309.298
309.205
309.113
309.022
308.932
308.843
308.754
340.127
341.96
343.827
345.718
347.62
349.52
351.403
353.256
355.062
356.808
358.478
360.059
361.537
362.9
364.138
365.24
366.2
367.013
367.677
368.194
368.567
368.802
368.909
368.898
368.78
368.567
368.272
367.905
367.477
366.997
366.473
365.913
365.322
364.707
364.07
363.417
362.749
362.069
361.379
360.68
359.974
359.262
358.544
357.82
357.093
356.361
355.626
354.887
354.145
353.4
352.653
351.904
351.154
350.402
349.649
348.896
348.144
347.392
346.643
345.895
345.149
344.406
343.665
342.927
342.191
341.458
340.728
340.002
339.279
338.559
337.844
337.132
336.425
335.722
335.025
334.332
333.646
332.965
332.291
331.624
330.965
330.313
329.669
329.034
328.409
327.792
327.186
326.591
326.006
325.432
324.87
324.32
323.782
323.256
322.744
322.244
321.757
321.283
320.823
320.375
319.941
319.521
319.113
318.718
318.337
317.968
317.612
317.268
316.936
316.616
316.308
316.011
315.725
315.449
315.184
314.929
314.683
314.446
314.218
313.999
313.788
313.584
313.388
313.198
313.016
312.839
312.669
312.504
312.345
312.191
312.041
311.896
311.755
311.618
311.484
311.355
311.228
311.104
310.983
310.865
310.75
310.636
310.525
310.416
310.309
310.203
310.099
309.997
309.896
309.796
309.698
309.601
309.505
309.41
309.317
309.224
309.132
309.041
308.951
308.861
308.772
337.301
338.92
340.572
342.25
343.944
345.643
347.337
349.013
350.66
352.266
353.819
355.307
356.719
358.045
359.274
360.398
361.411
362.307
363.083
363.738
364.272
364.69
364.994
365.192
365.29
365.297
365.22
365.068
364.848
364.57
364.239
363.862
363.444
362.991
362.507
361.996
361.46
360.904
360.328
359.736
359.128
358.507
357.872
357.226
356.57
355.903
355.226
354.541
353.848
353.148
352.44
351.726
351.007
350.282
349.553
348.821
348.086
347.348
346.609
345.871
345.133
344.396
343.66
342.926
342.194
341.464
340.737
340.012
339.291
338.572
337.857
337.146
336.438
335.735
335.037
334.344
333.656
332.975
332.3
331.631
330.97
330.317
329.672
329.035
328.408
327.791
327.184
326.587
326.001
325.426
324.864
324.313
323.774
323.249
322.736
322.236
321.749
321.275
320.815
320.368
319.935
319.515
319.108
318.714
318.334
317.966
317.611
317.268
316.937
316.619
316.312
316.016
315.731
315.456
315.192
314.938
314.693
314.457
314.231
314.012
313.802
313.599
313.404
313.215
313.033
312.858
312.688
312.524
312.365
312.211
312.062
311.917
311.777
311.64
311.507
311.378
311.251
311.128
311.007
310.889
310.774
310.66
310.549
310.44
310.333
310.228
310.124
310.021
309.92
309.821
309.723
309.626
309.53
309.435
309.341
309.248
309.156
309.065
308.974
308.884
308.795
334.628
336.057
337.518
339.005
340.511
342.028
343.548
345.06
346.557
348.029
349.465
350.857
352.194
353.468
354.671
355.795
356.833
357.78
358.632
359.387
360.044
360.602
361.064
361.432
361.71
361.904
362.018
362.057
362.029
361.937
361.789
361.588
361.34
361.05
360.72
360.356
359.959
359.534
359.081
358.604
358.105
357.585
357.045
356.487
355.912
355.32
354.714
354.093
353.459
352.813
352.154
351.485
350.805
350.116
349.419
348.714
348.003
347.286
346.565
345.84
345.113
344.384
343.656
342.928
342.201
341.475
340.751
340.029
339.309
338.592
337.877
337.166
336.459
335.756
335.057
334.363
333.675
332.992
332.315
331.646
330.983
330.328
329.681
329.043
328.415
327.796
327.187
326.589
326.002
325.426
324.863
324.311
323.772
323.246
322.733
322.233
321.746
321.273
320.813
320.367
319.934
319.515
319.109
318.716
318.336
317.969
317.615
317.274
316.944
316.627
316.321
316.026
315.742
315.469
315.206
314.953
314.709
314.475
314.249
314.032
313.822
313.621
313.426
313.239
313.058
312.883
312.714
312.55
312.392
312.239
312.09
311.946
311.806
311.67
311.537
311.408
311.282
311.158
311.038
310.92
310.805
310.692
310.581
310.472
310.364
310.259
310.155
310.053
309.952
309.852
309.754
309.657
309.561
309.466
309.372
309.279
309.186
309.095
309.004
308.914
308.825
332.122
333.382
334.671
335.987
337.324
338.676
340.036
341.398
342.753
344.096
345.418
346.711
347.967
349.18
350.341
351.445
352.485
353.457
354.355
355.176
355.919
356.582
357.164
357.666
358.09
358.439
358.714
358.92
359.059
359.137
359.156
359.12
359.034
358.901
358.723
358.505
358.249
357.958
357.634
357.279
356.895
356.484
356.048
355.587
355.103
354.597
354.071
353.525
352.96
352.377
351.778
351.163
350.533
349.889
349.232
348.563
347.884
347.195
346.497
345.793
345.083
344.368
343.65
342.93
342.209
341.489
340.769
340.051
339.333
338.618
337.906
337.196
336.489
335.786
335.087
334.392
333.702
333.018
332.34
331.669
331.005
330.348
329.7
329.06
328.43
327.809
327.199
326.6
326.011
325.435
324.87
324.318
323.778
323.251
322.738
322.238
321.751
321.278
320.818
320.372
319.94
319.522
319.117
318.725
318.346
317.98
317.628
317.287
316.959
316.643
316.338
316.045
315.762
315.49
315.229
314.977
314.734
314.501
314.276
314.06
313.852
313.651
313.457
313.271
313.091
312.916
312.748
312.585
312.428
312.275
312.127
311.983
311.844
311.708
311.575
311.446
311.321
311.198
311.077
310.96
310.844
310.731
310.62
310.511
310.404
310.299
310.195
310.092
309.991
309.892
309.793
309.696
309.6
309.505
309.41
309.317
309.225
309.133
309.042
308.952
308.862
329.795
330.903
332.039
333.202
334.386
335.588
336.802
338.024
339.248
340.468
341.678
342.871
344.043
345.186
346.294
347.363
348.386
349.358
350.276
351.135
351.933
352.668
353.337
353.941
354.478
354.95
355.358
355.702
355.986
356.21
356.379
356.493
356.556
356.57
356.538
356.461
356.344
356.186
355.991
355.761
355.497
355.2
354.873
354.517
354.132
353.72
353.283
352.82
352.334
351.825
351.294
350.743
350.172
349.582
348.975
348.351
347.712
347.06
346.394
345.718
345.032
344.337
343.636
342.929
342.218
341.505
340.792
340.078
339.365
338.653
337.942
337.234
336.528
335.826
335.127
334.432
333.741
333.056
332.377
331.704
331.038
330.38
329.73
329.089
328.456
327.834
327.222
326.621
326.032
325.454
324.888
324.335
323.794
323.267
322.753
322.253
321.766
321.293
320.834
320.389
319.957
319.539
319.135
318.744
318.367
318.002
317.65
317.311
316.984
316.669
316.366
316.074
315.793
315.522
315.262
315.011
314.77
314.538
314.315
314.099
313.892
313.692
313.5
313.314
313.134
312.961
312.794
312.632
312.475
312.323
312.175
312.032
311.892
311.757
311.625
311.496
311.37
311.248
311.127
311.01
310.895
310.782
310.671
310.562
310.454
310.349
310.245
310.142
310.041
309.941
309.842
309.745
309.649
309.553
309.459
309.365
309.273
309.181
309.09
308.999
308.909
327.656
328.628
329.628
330.653
331.7
332.766
333.847
334.94
336.04
337.144
338.246
339.341
340.425
341.493
342.54
343.56
344.55
345.505
346.42
347.293
348.12
348.898
349.625
350.3
350.92
351.486
351.998
352.454
352.856
353.205
353.501
353.747
353.943
354.091
354.192
354.249
354.263
354.235
354.166
354.06
353.916
353.736
353.521
353.273
352.993
352.681
352.339
351.967
351.568
351.141
350.688
350.209
349.706
349.18
348.631
348.062
347.473
346.865
346.241
345.601
344.947
344.28
343.602
342.916
342.221
341.521
340.816
340.11
339.402
338.695
337.988
337.282
336.578
335.877
335.178
334.484
333.793
333.107
332.427
331.753
331.086
330.426
329.774
329.131
328.497
327.873
327.26
326.657
326.066
325.487
324.92
324.366
323.825
323.297
322.783
322.282
321.795
321.323
320.864
320.419
319.988
319.571
319.167
318.777
318.401
318.037
317.687
317.349
317.023
316.71
316.408
316.117
315.837
315.568
315.309
315.059
314.82
314.589
314.366
314.152
313.946
313.747
313.556
313.371
313.192
313.019
312.853
312.691
312.535
312.383
312.236
312.093
311.954
311.819
311.687
311.559
311.433
311.31
311.19
311.073
310.958
310.845
310.733
310.624
310.517
310.411
310.307
310.204
310.103
310.003
309.904
309.806
309.709
309.614
309.519
309.425
309.332
309.24
309.149
309.058
308.968
325.715
326.567
327.444
328.345
329.268
330.211
331.171
332.145
333.131
334.124
335.122
336.122
337.118
338.107
339.085
340.048
340.993
341.915
342.81
343.676
344.509
345.307
346.066
346.785
347.461
348.094
348.681
349.223
349.719
350.168
350.57
350.926
351.237
351.502
351.723
351.901
352.035
352.128
352.18
352.192
352.165
352.1
351.998
351.86
351.686
351.477
351.235
350.96
350.653
350.315
349.946
349.548
349.121
348.666
348.186
347.679
347.149
346.596
346.021
345.426
344.813
344.182
343.537
342.877
342.207
341.526
340.837
340.143
339.443
338.743
338.041
337.339
336.639
335.94
335.243
334.549
333.859
333.174
332.493
331.818
331.15
330.489
329.836
329.191
328.556
327.93
327.315
326.711
326.119
325.539
324.971
324.416
323.874
323.345
322.83
322.33
321.843
321.37
320.911
320.467
320.036
319.62
319.217
318.828
318.453
318.09
317.741
317.404
317.08
316.767
316.467
316.177
315.899
315.631
315.373
315.125
314.886
314.656
314.435
314.222
314.017
313.819
313.628
313.444
313.266
313.094
312.928
312.767
312.611
312.46
312.313
312.171
312.032
311.897
311.765
311.637
311.511
311.389
311.269
311.151
311.036
310.923
310.811
310.702
310.594
310.488
310.384
310.281
310.179
310.079
309.979
309.881
309.784
309.688
309.593
309.499
309.405
309.313
309.221
309.13
309.039
323.979
324.723
325.491
326.281
327.093
327.924
328.773
329.638
330.518
331.408
332.308
333.213
334.122
335.031
335.936
336.836
337.726
338.603
339.465
340.308
341.129
341.925
342.695
343.434
344.142
344.817
345.456
346.058
346.622
347.148
347.633
348.079
348.484
348.848
349.172
349.454
349.697
349.899
350.061
350.184
350.267
350.312
350.319
350.288
350.22
350.115
349.974
349.798
349.587
349.341
349.062
348.75
348.406
348.031
347.625
347.19
346.726
346.236
345.719
345.178
344.614
344.029
343.424
342.801
342.162
341.508
340.843
340.167
339.484
338.794
338.1
337.405
336.71
336.015
335.321
334.63
333.942
333.257
332.577
331.902
331.233
330.572
329.918
329.272
328.635
328.009
327.392
326.787
326.193
325.612
325.043
324.487
323.944
323.415
322.9
322.399
321.912
321.439
320.981
320.537
320.107
319.691
319.289
318.901
318.526
318.165
317.817
317.481
317.158
316.847
316.547
316.259
315.982
315.715
315.458
315.211
314.973
314.745
314.524
314.312
314.108
313.911
313.721
313.537
313.36
313.189
313.023
312.863
312.707
312.556
312.41
312.268
312.129
311.994
311.862
311.734
311.609
311.486
311.366
311.248
311.132
311.019
310.907
310.797
310.689
310.583
310.478
310.375
310.272
310.171
310.072
309.973
309.875
309.779
309.683
309.588
309.495
309.401
309.309
309.217
309.127
322.454
323.102
323.772
324.463
325.174
325.905
326.654
327.419
328.2
328.994
329.8
330.616
331.439
332.268
333.099
333.93
334.76
335.584
336.401
337.208
338.002
338.781
339.542
340.283
341.001
341.695
342.363
343.003
343.613
344.193
344.739
345.252
345.731
346.175
346.582
346.953
347.287
347.584
347.844
348.066
348.25
348.396
348.505
348.576
348.61
348.606
348.565
348.487
348.372
348.222
348.035
347.813
347.556
347.264
346.939
346.582
346.192
345.772
345.321
344.842
344.336
343.805
343.249
342.67
342.071
341.454
340.82
340.171
339.511
338.84
338.161
337.477
336.789
336.101
335.412
334.725
334.04
333.358
332.679
332.006
331.338
330.676
330.022
329.376
328.739
328.112
327.494
326.888
326.294
325.712
325.142
324.585
324.042
323.512
322.997
322.496
322.009
321.536
321.078
320.634
320.205
319.789
319.388
319.001
318.627
318.266
317.919
317.584
317.262
316.952
316.653
316.366
316.09
315.824
315.568
315.322
315.086
314.858
314.638
314.427
314.224
314.027
313.838
313.655
313.478
313.307
313.142
312.982
312.827
312.676
312.53
312.387
312.249
312.114
311.982
311.853
311.728
311.605
311.484
311.366
311.25
311.136
311.024
310.914
310.805
310.698
310.593
310.489
310.386
310.284
310.184
310.085
309.986
309.889
309.793
309.697
309.603
309.509
309.416
309.324
309.232
321.142
321.705
322.288
322.891
323.512
324.152
324.81
325.484
326.174
326.879
327.598
328.328
329.069
329.819
330.575
331.337
332.102
332.867
333.632
334.393
335.148
335.896
336.634
337.36
338.072
338.767
339.444
340.101
340.737
341.348
341.935
342.495
343.027
343.529
344.002
344.443
344.852
345.227
345.569
345.877
346.149
346.386
346.587
346.751
346.88
346.971
347.025
347.042
347.022
346.964
346.87
346.739
346.57
346.366
346.126
345.85
345.539
345.194
344.817
344.407
343.966
343.496
342.997
342.472
341.922
341.348
340.754
340.141
339.512
338.868
338.212
337.546
336.873
336.195
335.515
334.834
334.154
333.476
332.802
332.131
331.465
330.805
330.152
329.507
328.87
328.243
327.625
327.019
326.424
325.841
325.271
324.714
324.171
323.641
323.125
322.624
322.137
321.665
321.207
320.763
320.334
319.919
319.519
319.132
318.759
318.399
318.052
317.719
317.397
317.088
316.79
316.504
316.229
315.964
315.709
315.464
315.228
315.001
314.782
314.571
314.368
314.172
313.983
313.801
313.624
313.454
313.288
313.128
312.973
312.823
312.676
312.534
312.395
312.26
312.128
311.999
311.873
311.749
311.628
311.509
311.393
311.278
311.166
311.055
310.946
310.838
310.732
310.627
310.523
310.421
310.319
310.219
310.12
310.022
309.925
309.828
309.733
309.638
309.544
309.451
309.359
320.046
320.533
321.039
321.563
322.104
322.662
323.238
323.83
324.437
325.06
325.697
326.347
327.01
327.683
328.366
329.058
329.756
330.459
331.166
331.875
332.584
333.291
333.994
334.692
335.383
336.064
336.733
337.39
338.032
338.658
339.265
339.852
340.417
340.96
341.478
341.971
342.436
342.873
343.281
343.658
344.005
344.319
344.599
344.847
345.059
345.237
345.378
345.484
345.553
345.585
345.58
345.537
345.457
345.34
345.185
344.993
344.764
344.499
344.199
343.863
343.494
343.091
342.657
342.192
341.698
341.178
340.632
340.063
339.472
338.864
338.238
337.599
336.949
336.289
335.624
334.953
334.282
333.612
332.943
332.277
331.616
330.959
330.309
329.665
329.03
328.404
327.788
327.182
326.588
326.006
325.436
324.879
324.336
323.806
323.29
322.789
322.302
321.83
321.373
320.929
320.501
320.086
319.686
319.3
318.928
318.569
318.223
317.89
317.569
317.26
316.963
316.678
316.403
316.139
315.884
315.64
315.404
315.178
314.959
314.749
314.546
314.351
314.162
313.98
313.803
313.633
313.467
313.307
313.152
313.001
312.854
312.711
312.572
312.437
312.304
312.175
312.048
311.924
311.802
311.683
311.565
311.45
311.336
311.225
311.114
311.006
310.898
310.793
310.688
310.584
310.482
310.381
310.281
310.181
310.083
309.986
309.889
309.793
309.698
309.604
309.511
319.163
319.585
320.022
320.476
320.946
321.431
321.933
322.45
322.983
323.53
324.092
324.668
325.256
325.857
326.469
327.092
327.724
328.364
329.011
329.663
330.32
330.979
331.64
332.3
332.958
333.612
334.261
334.903
335.536
336.158
336.769
337.366
337.947
338.512
339.057
339.583
340.087
340.568
341.025
341.456
341.861
342.237
342.583
342.9
343.185
343.437
343.656
343.841
343.991
344.106
344.184
344.226
344.23
344.197
344.127
344.018
343.872
343.688
343.467
343.208
342.914
342.584
342.219
341.821
341.39
340.929
340.439
339.922
339.38
338.814
338.228
337.624
337.004
336.371
335.728
335.076
334.42
333.76
333.101
332.443
331.788
331.138
330.492
329.853
329.222
328.599
327.985
327.381
326.789
326.208
325.639
325.083
324.54
324.011
323.497
322.996
322.51
322.038
321.581
321.138
320.71
320.296
319.897
319.511
319.139
318.781
318.435
318.103
317.783
317.474
317.178
316.893
316.619
316.355
316.101
315.857
315.621
315.395
315.177
314.967
314.764
314.568
314.379
314.197
314.021
313.85
313.684
313.524
313.368
313.217
313.069
312.926
312.786
312.65
312.516
312.386
312.259
312.134
312.011
311.89
311.772
311.656
311.541
311.428
311.317
311.207
311.098
310.991
310.885
310.78
310.677
310.574
310.472
310.372
310.272
310.173
310.075
309.978
309.882
309.787
309.692
318.492
318.855
319.232
319.624
320.031
320.452
320.888
321.339
321.803
322.283
322.776
323.283
323.803
324.335
324.88
325.437
326.004
326.581
327.167
327.762
328.363
328.97
329.582
330.197
330.815
331.433
332.05
332.666
333.277
333.884
334.483
335.075
335.656
336.226
336.783
337.325
337.851
338.359
338.848
339.316
339.762
340.185
340.582
340.953
341.296
341.611
341.895
342.148
342.369
342.557
342.71
342.829
342.911
342.957
342.966
342.938
342.872
342.768
342.625
342.445
342.227
341.972
341.68
341.353
340.991
340.595
340.167
339.708
339.22
338.706
338.167
337.606
337.025
336.427
335.814
335.189
334.556
333.916
333.271
332.625
331.981
331.34
330.702
330.07
329.444
328.826
328.217
327.617
327.028
326.45
325.883
325.33
324.789
324.261
323.748
323.249
322.763
322.293
321.836
321.395
320.967
320.554
320.155
319.77
319.399
319.041
318.696
318.364
318.044
317.736
317.44
317.156
316.881
316.618
316.364
316.12
315.885
315.658
315.44
315.23
315.027
314.831
314.642
314.459
314.282
314.111
313.945
313.784
313.627
313.475
313.327
313.183
313.042
312.905
312.77
312.639
312.51
312.384
312.26
312.138
312.019
311.901
311.785
311.67
311.558
311.446
311.336
311.227
311.12
311.013
310.908
310.804
310.701
310.598
310.497
310.396
310.297
310.198
310.1
310.003
309.907
318.027
318.339
318.664
319.002
319.353
319.717
320.095
320.486
320.89
321.308
321.739
322.183
322.64
323.109
323.591
324.085
324.591
325.107
325.634
326.17
326.715
327.268
327.828
328.395
328.966
329.542
330.12
330.7
331.28
331.86
332.437
333.01
333.578
334.14
334.693
335.236
335.769
336.288
336.793
337.283
337.754
338.207
338.64
339.05
339.437
339.8
340.135
340.444
340.723
340.972
341.19
341.375
341.527
341.645
341.726
341.772
341.781
341.753
341.687
341.583
341.44
341.26
341.043
340.788
340.496
340.169
339.808
339.413
338.986
338.529
338.044
337.534
336.999
336.444
335.87
335.28
334.677
334.064
333.443
332.817
332.189
331.56
330.935
330.313
329.696
329.086
328.484
327.89
327.307
326.733
326.171
325.621
325.084
324.559
324.048
323.551
323.068
322.599
322.144
321.704
321.277
320.865
320.467
320.083
319.713
319.355
319.011
318.679
318.36
318.053
317.757
317.472
317.198
316.934
316.681
316.436
316.201
315.974
315.756
315.545
315.342
315.146
314.956
314.772
314.595
314.423
314.256
314.094
313.936
313.783
313.634
313.489
313.347
313.208
313.072
312.94
312.809
312.682
312.556
312.433
312.312
312.192
312.074
311.958
311.844
311.73
311.618
311.508
311.398
311.29
311.182
311.076
310.971
310.867
310.763
310.661
310.559
310.459
310.359
310.26
310.162
317.762
318.03
318.309
318.6
318.902
319.217
319.543
319.881
320.232
320.594
320.97
321.357
321.757
322.169
322.593
323.029
323.476
323.935
324.404
324.884
325.373
325.872
326.38
326.895
327.418
327.947
328.481
329.02
329.562
330.106
330.652
331.197
331.741
332.283
332.82
333.352
333.877
334.394
334.901
335.397
335.879
336.348
336.8
337.235
337.651
338.046
338.419
338.769
339.093
339.391
339.661
339.902
340.112
340.29
340.435
340.547
340.623
340.664
340.669
340.636
340.566
340.459
340.314
340.131
339.911
339.654
339.361
339.033
338.671
338.276
337.851
337.397
336.916
336.41
335.883
335.335
334.771
334.193
333.603
333.005
332.401
331.794
331.185
330.578
329.974
329.376
328.784
328.2
327.624
327.058
326.503
325.959
325.426
324.907
324.4
323.906
323.426
322.96
322.508
322.07
321.645
321.235
320.838
320.456
320.086
319.73
319.386
319.055
318.736
318.429
318.134
317.849
317.575
317.312
317.058
316.813
316.578
316.351
316.132
315.92
315.716
315.519
315.329
315.144
314.966
314.793
314.625
314.461
314.303
314.148
313.998
313.851
313.707
313.567
313.43
313.295
313.163
313.034
312.907
312.781
312.658
312.537
312.417
312.298
312.182
312.066
311.952
311.839
311.727
311.616
311.507
311.398
311.29
311.184
311.078
310.973
310.869
310.766
310.664
310.562
310.462
317.69
317.92
318.16
318.409
318.67
318.94
319.221
319.514
319.817
320.131
320.457
320.794
321.142
321.502
321.873
322.256
322.649
323.054
323.469
323.895
324.332
324.778
325.233
325.698
326.171
326.651
327.139
327.633
328.132
328.636
329.144
329.654
330.166
330.679
331.191
331.7
332.207
332.709
333.206
333.695
334.175
334.645
335.104
335.549
335.979
336.393
336.789
337.165
337.52
337.853
338.162
338.445
338.701
338.928
339.126
339.293
339.428
339.529
339.596
339.628
339.624
339.584
339.507
339.393
339.242
339.054
338.83
338.569
338.274
337.945
337.583
337.189
336.767
336.317
335.842
335.344
334.826
334.29
333.74
333.177
332.605
332.026
331.443
330.858
330.273
329.691
329.114
328.542
327.979
327.423
326.878
326.342
325.818
325.305
324.804
324.316
323.841
323.379
322.931
322.496
322.075
321.668
321.273
320.892
320.525
320.17
319.828
319.498
319.18
318.873
318.578
318.294
318.02
317.757
317.503
317.258
317.022
316.794
316.575
316.363
316.158
315.96
315.768
315.583
315.403
315.229
315.059
314.895
314.734
314.578
314.426
314.278
314.132
313.99
313.851
313.714
313.58
313.449
313.319
313.192
313.066
312.942
312.82
312.699
312.58
312.462
312.345
312.229
312.115
312.001
311.889
311.777
311.667
311.557
311.448
311.341
311.234
311.128
311.023
310.918
310.815
317.802
318
318.206
318.42
318.644
318.877
319.119
319.371
319.633
319.905
320.187
320.479
320.782
321.095
321.419
321.753
322.098
322.453
322.819
323.194
323.581
323.976
324.382
324.797
325.22
325.653
326.093
326.54
326.995
327.455
327.921
328.392
328.866
329.343
329.822
330.302
330.782
331.26
331.735
332.207
332.673
333.133
333.585
334.027
334.459
334.878
335.283
335.672
336.045
336.399
336.732
337.044
337.333
337.597
337.835
338.046
338.227
338.378
338.498
338.585
338.639
338.659
338.644
338.593
338.506
338.383
338.225
338.03
337.801
337.537
337.239
336.909
336.548
336.158
335.74
335.297
334.831
334.344
333.84
333.32
332.787
332.244
331.694
331.139
330.581
330.023
329.466
328.913
328.365
327.825
327.292
326.769
326.256
325.753
325.261
324.781
324.314
323.858
323.416
322.987
322.57
322.167
321.776
321.399
321.034
320.681
320.341
320.013
319.696
319.391
319.097
318.814
318.54
318.277
318.023
317.778
317.542
317.314
317.093
316.881
316.675
316.476
316.283
316.096
315.915
315.739
315.569
315.402
315.24
315.082
314.928
314.778
314.63
314.486
314.344
314.205
314.069
313.935
313.803
313.673
313.544
313.418
313.293
313.169
313.047
312.926
312.806
312.687
312.569
312.453
312.337
312.222
312.108
311.995
311.883
311.772
311.662
311.552
311.444
311.336
311.229
318.092
318.261
318.438
318.623
318.815
319.016
319.225
319.442
319.668
319.903
320.146
320.399
320.662
320.934
321.215
321.506
321.807
322.117
322.438
322.768
323.107
323.456
323.815
324.182
324.559
324.944
325.338
325.739
326.148
326.564
326.986
327.414
327.847
328.285
328.726
329.171
329.617
330.063
330.51
330.956
331.399
331.838
332.273
332.701
333.122
333.534
333.936
334.326
334.703
335.065
335.41
335.738
336.046
336.334
336.599
336.84
337.056
337.245
337.406
337.538
337.639
337.709
337.747
337.751
337.722
337.659
337.561
337.428
337.261
337.06
336.826
336.559
336.26
335.931
335.574
335.189
334.78
334.347
333.895
333.424
332.937
332.437
331.927
331.409
330.885
330.358
329.83
329.302
328.778
328.257
327.742
327.236
326.737
326.248
325.769
325.3
324.843
324.397
323.963
323.542
323.132
322.735
322.35
321.977
321.616
321.268
320.931
320.606
320.292
319.989
319.696
319.414
319.142
318.879
318.626
318.381
318.145
317.916
317.696
317.482
317.276
317.076
316.882
316.694
316.512
316.334
316.161
315.993
315.829
315.669
315.513
315.36
315.211
315.064
314.92
314.778
314.639
314.502
314.367
314.234
314.103
313.973
313.845
313.718
313.592
313.468
313.344
313.222
313.101
312.98
312.861
312.742
312.625
312.508
312.392
312.277
312.163
312.049
311.937
311.825
311.714
318.55
318.696
318.848
319.007
319.173
319.346
319.526
319.713
319.908
320.111
320.322
320.541
320.768
321.004
321.248
321.501
321.762
322.033
322.312
322.601
322.898
323.204
323.519
323.842
324.174
324.515
324.864
325.22
325.584
325.956
326.334
326.719
327.11
327.506
327.907
328.311
328.719
329.13
329.542
329.955
330.368
330.779
331.188
331.594
331.995
332.39
332.777
333.157
333.526
333.884
334.229
334.56
334.875
335.173
335.452
335.711
335.949
336.163
336.353
336.518
336.656
336.765
336.845
336.896
336.915
336.902
336.858
336.781
336.671
336.529
336.354
336.147
335.909
335.641
335.344
335.019
334.669
334.294
333.897
333.479
333.044
332.594
332.13
331.656
331.173
330.684
330.191
329.696
329.201
328.709
328.219
327.735
327.257
326.786
326.323
325.87
325.427
324.994
324.572
324.161
323.761
323.373
322.996
322.63
322.276
321.933
321.601
321.28
320.97
320.67
320.381
320.101
319.831
319.57
319.318
319.074
318.838
318.61
318.39
318.176
317.969
317.768
317.573
317.384
317.2
317.021
316.847
316.677
316.511
316.349
316.191
316.035
315.883
315.734
315.587
315.442
315.3
315.16
315.022
314.886
314.751
314.618
314.486
314.355
314.226
314.098
313.97
313.844
313.719
313.594
313.471
313.348
313.226
313.105
312.984
312.865
312.746
312.628
312.511
312.394
312.279
319.168
319.294
319.426
319.564
319.707
319.856
320.012
320.174
320.343
320.518
320.7
320.89
321.087
321.291
321.502
321.722
321.949
322.184
322.427
322.677
322.936
323.203
323.478
323.761
324.052
324.351
324.658
324.972
325.293
325.622
325.957
326.299
326.647
327.001
327.36
327.724
328.091
328.462
328.836
329.212
329.59
329.967
330.344
330.72
331.093
331.463
331.827
332.186
332.538
332.881
333.215
333.538
333.848
334.144
334.426
334.691
334.938
335.165
335.372
335.557
335.719
335.856
335.968
336.053
336.111
336.139
336.139
336.109
336.049
335.959
335.838
335.687
335.506
335.295
335.057
334.791
334.499
334.183
333.843
333.483
333.103
332.706
332.293
331.868
331.432
330.988
330.537
330.082
329.624
329.165
328.708
328.253
327.802
327.357
326.917
326.485
326.061
325.645
325.238
324.842
324.455
324.079
323.713
323.357
323.012
322.678
322.353
322.039
321.735
321.44
321.155
320.879
320.612
320.354
320.104
319.862
319.628
319.401
319.181
318.968
318.761
318.56
318.365
318.175
317.99
317.81
317.634
317.462
317.294
317.13
316.969
316.812
316.657
316.505
316.355
316.208
316.062
315.919
315.777
315.638
315.499
315.362
315.227
315.092
314.959
314.826
314.695
314.564
314.434
314.305
314.177
314.049
313.922
313.796
313.67
313.545
313.421
313.298
313.176
313.054
312.933
319.939
320.049
320.164
320.283
320.407
320.537
320.672
320.812
320.959
321.11
321.268
321.432
321.603
321.78
321.963
322.153
322.35
322.553
322.764
322.981
323.206
323.438
323.677
323.923
324.176
324.437
324.704
324.978
325.259
325.547
325.841
326.142
326.448
326.76
327.077
327.399
327.725
328.056
328.389
328.726
329.064
329.404
329.745
330.085
330.425
330.763
331.098
331.429
331.755
332.075
332.388
332.693
332.988
333.273
333.546
333.805
334.05
334.279
334.491
334.685
334.859
335.012
335.144
335.252
335.337
335.396
335.43
335.437
335.418
335.371
335.296
335.194
335.064
334.906
334.722
334.512
334.277
334.018
333.735
333.432
333.109
332.768
332.41
332.038
331.654
331.259
330.856
330.446
330.032
329.614
329.195
328.776
328.359
327.945
327.535
327.13
326.731
326.338
325.953
325.576
325.208
324.848
324.497
324.155
323.823
323.499
323.185
322.88
322.584
322.297
322.019
321.749
321.487
321.234
320.988
320.749
320.518
320.293
320.075
319.863
319.657
319.457
319.262
319.072
318.886
318.705
318.528
318.355
318.186
318.02
317.857
317.697
317.539
317.385
317.232
317.082
316.933
316.787
316.641
316.498
316.356
316.215
316.075
315.936
315.799
315.662
315.526
315.39
315.256
315.121
314.988
314.855
314.723
314.591
314.46
314.329
314.199
314.07
313.941
313.814
313.687
320.854
320.95
321.05
321.154
321.263
321.376
321.493
321.616
321.743
321.874
322.012
322.154
322.301
322.454
322.613
322.777
322.947
323.123
323.305
323.493
323.687
323.888
324.094
324.307
324.526
324.751
324.982
325.22
325.463
325.712
325.968
326.228
326.495
326.766
327.042
327.323
327.608
327.897
328.19
328.486
328.784
329.084
329.385
329.687
329.989
330.291
330.591
330.888
331.183
331.473
331.758
332.038
332.31
332.574
332.828
333.073
333.305
333.526
333.732
333.924
334.099
334.257
334.397
334.518
334.618
334.698
334.755
334.789
334.8
334.787
334.75
334.688
334.601
334.49
334.354
334.194
334.011
333.806
333.578
333.33
333.063
332.778
332.476
332.16
331.83
331.489
331.138
330.778
330.412
330.041
329.666
329.29
328.913
328.536
328.162
327.79
327.423
327.059
326.702
326.35
326.005
325.667
325.336
325.013
324.697
324.39
324.09
323.798
323.514
323.237
322.969
322.708
322.454
322.207
321.967
321.734
321.507
321.287
321.072
320.863
320.659
320.46
320.266
320.077
319.892
319.711
319.533
319.359
319.189
319.022
318.857
318.695
318.536
318.378
318.223
318.07
317.918
317.768
317.62
317.473
317.327
317.182
317.038
316.895
316.753
316.611
316.47
316.33
316.19
316.051
315.912
315.773
315.635
315.497
315.36
315.223
315.086
314.95
314.814
314.68
314.546
321.901
321.985
322.073
322.165
322.26
322.359
322.461
322.568
322.679
322.793
322.912
323.036
323.163
323.296
323.433
323.575
323.721
323.873
324.029
324.191
324.358
324.53
324.707
324.889
325.077
325.27
325.468
325.671
325.88
326.093
326.312
326.535
326.763
326.996
327.232
327.474
327.718
327.967
328.219
328.473
328.73
328.99
329.25
329.512
329.775
330.037
330.299
330.559
330.818
331.073
331.325
331.573
331.816
332.052
332.281
332.503
332.715
332.918
333.11
333.289
333.456
333.61
333.748
333.871
333.977
334.065
334.135
334.186
334.218
334.229
334.219
334.189
334.137
334.063
333.968
333.852
333.715
333.558
333.38
333.184
332.97
332.739
332.492
332.231
331.956
331.669
331.372
331.065
330.751
330.431
330.106
329.777
329.445
329.112
328.78
328.447
328.117
327.79
327.465
327.145
326.829
326.518
326.213
325.914
325.62
325.333
325.052
324.777
324.509
324.248
323.993
323.744
323.501
323.264
323.033
322.808
322.588
322.374
322.165
321.96
321.76
321.565
321.374
321.187
321.003
320.823
320.647
320.473
320.302
320.134
319.969
319.806
319.645
319.485
319.328
319.172
319.018
318.865
318.714
318.563
318.413
318.265
318.117
317.969
317.823
317.676
317.531
317.385
317.24
317.096
316.951
316.807
316.662
316.518
316.374
316.23
316.086
315.943
315.799
315.655
315.512
323.061
323.136
323.214
323.294
323.378
323.465
323.555
323.648
323.744
323.844
323.947
324.054
324.164
324.278
324.396
324.518
324.644
324.773
324.907
325.045
325.187
325.333
325.484
325.639
325.798
325.961
326.129
326.3
326.476
326.656
326.841
327.029
327.221
327.417
327.616
327.819
328.025
328.234
328.446
328.66
328.877
329.095
329.315
329.536
329.758
329.98
330.202
330.423
330.643
330.861
331.077
331.289
331.498
331.702
331.901
332.094
332.28
332.458
332.628
332.789
332.94
333.079
333.208
333.323
333.426
333.514
333.588
333.646
333.689
333.715
333.723
333.715
333.688
333.644
333.581
333.501
333.402
333.286
333.153
333.003
332.837
332.656
332.461
332.251
332.03
331.797
331.553
331.3
331.039
330.772
330.498
330.22
329.937
329.653
329.366
329.078
328.791
328.504
328.219
327.936
327.655
327.377
327.103
326.833
326.567
326.305
326.049
325.796
325.549
325.306
325.069
324.836
324.608
324.385
324.167
323.953
323.743
323.538
323.337
323.14
322.947
322.757
322.571
322.388
322.208
322.031
321.856
321.684
321.515
321.348
321.182
321.019
320.857
320.697
320.538
320.381
320.224
320.069
319.915
319.761
319.608
319.456
319.304
319.153
319.002
318.852
318.701
318.551
318.401
318.251
318.101
317.951
317.8
317.65
317.499
317.348
317.197
317.045
316.892
316.739
316.585
324.306
324.373
324.442
324.514
324.587
324.663
324.742
324.823
324.907
324.993
325.083
325.175
325.269
325.367
325.468
325.572
325.678
325.788
325.901
326.018
326.137
326.26
326.386
326.515
326.648
326.784
326.923
327.065
327.211
327.36
327.512
327.667
327.825
327.986
328.15
328.316
328.485
328.657
328.83
329.006
329.183
329.362
329.542
329.723
329.905
330.087
330.269
330.45
330.631
330.811
330.988
331.164
331.336
331.505
331.671
331.831
331.987
332.137
332.28
332.417
332.546
332.667
332.778
332.88
332.972
333.053
333.123
333.181
333.226
333.258
333.276
333.281
333.271
333.247
333.209
333.156
333.088
333.006
332.909
332.799
332.675
332.538
332.388
332.227
332.054
331.871
331.679
331.478
331.269
331.053
330.831
330.604
330.372
330.137
329.899
329.659
329.417
329.175
328.933
328.691
328.45
328.21
327.972
327.737
327.503
327.272
327.044
326.819
326.597
326.379
326.164
325.952
325.743
325.538
325.336
325.137
324.941
324.749
324.559
324.373
324.189
324.007
323.829
323.652
323.478
323.306
323.136
322.968
322.801
322.636
322.473
322.311
322.15
321.99
321.831
321.673
321.516
321.359
321.203
321.047
320.892
320.737
320.582
320.428
320.273
320.119
319.964
319.81
319.655
319.5
319.345
319.189
319.033
318.877
318.719
318.561
318.403
318.243
318.081
317.918
317.753
325.592
325.651
325.712
325.775
325.84
325.906
325.975
326.045
326.117
326.192
326.268
326.346
326.427
326.51
326.595
326.682
326.771
326.863
326.957
327.054
327.153
327.254
327.357
327.463
327.572
327.682
327.795
327.911
328.029
328.149
328.271
328.396
328.522
328.651
328.782
328.915
329.049
329.185
329.323
329.462
329.602
329.743
329.885
330.028
330.171
330.314
330.458
330.601
330.743
330.884
331.024
331.162
331.298
331.432
331.563
331.69
331.814
331.934
332.049
332.158
332.263
332.361
332.452
332.536
332.613
332.681
332.741
332.792
332.833
332.865
332.886
332.897
332.897
332.886
332.864
332.83
332.786
332.729
332.662
332.583
332.494
332.394
332.284
332.164
332.034
331.896
331.75
331.596
331.436
331.268
331.095
330.917
330.735
330.548
330.358
330.166
329.971
329.775
329.577
329.378
329.179
328.98
328.781
328.583
328.385
328.189
327.994
327.8
327.608
327.417
327.228
327.041
326.855
326.672
326.49
326.311
326.133
325.956
325.782
325.609
325.438
325.268
325.1
324.933
324.768
324.603
324.44
324.278
324.117
323.956
323.797
323.638
323.48
323.322
323.164
323.007
322.85
322.694
322.537
322.381
322.225
322.068
321.911
321.755
321.598
321.44
321.283
321.124
320.966
320.807
320.647
320.487
320.326
320.164
320.001
319.837
319.671
319.504
319.334
319.161
318.985
326.852
326.904
326.958
327.012
327.069
327.126
327.185
327.245
327.307
327.37
327.434
327.5
327.567
327.636
327.707
327.779
327.853
327.928
328.004
328.083
328.163
328.244
328.328
328.412
328.499
328.587
328.676
328.767
328.86
328.954
329.049
329.146
329.245
329.344
329.445
329.547
329.65
329.754
329.859
329.965
330.072
330.179
330.286
330.394
330.502
330.61
330.718
330.825
330.931
331.037
331.142
331.245
331.347
331.447
331.545
331.64
331.733
331.822
331.909
331.991
332.07
332.144
332.214
332.278
332.337
332.39
332.437
332.478
332.512
332.539
332.558
332.569
332.573
332.569
332.557
332.536
332.507
332.47
332.424
332.37
332.307
332.237
332.159
332.073
331.98
331.88
331.773
331.66
331.542
331.417
331.288
331.154
331.017
330.875
330.73
330.582
330.431
330.278
330.123
329.967
329.809
329.65
329.49
329.33
329.169
329.008
328.847
328.686
328.525
328.364
328.204
328.044
327.884
327.725
327.566
327.408
327.25
327.093
326.937
326.78
326.625
326.469
326.314
326.16
326.006
325.851
325.698
325.544
325.39
325.237
325.083
324.93
324.776
324.622
324.468
324.314
324.16
324.005
323.85
323.694
323.538
323.381
323.224
323.066
322.908
322.749
322.59
322.429
322.268
322.107
321.944
321.78
321.615
321.449
321.282
321.113
320.942
320.768
320.592
320.411
320.224
327.996
328.042
328.088
328.136
328.184
328.233
328.283
328.334
328.386
328.439
328.493
328.547
328.603
328.659
328.717
328.775
328.835
328.895
328.957
329.019
329.083
329.147
329.212
329.278
329.346
329.414
329.483
329.553
329.623
329.695
329.767
329.84
329.914
329.989
330.064
330.14
330.216
330.293
330.37
330.447
330.525
330.603
330.681
330.758
330.836
330.914
330.991
331.067
331.143
331.218
331.292
331.365
331.437
331.508
331.577
331.644
331.709
331.772
331.832
331.89
331.945
331.997
332.046
332.091
332.133
332.17
332.204
332.233
332.257
332.277
332.291
332.3
332.304
332.303
332.295
332.282
332.263
332.238
332.208
332.171
332.129
332.081
332.027
331.968
331.903
331.833
331.758
331.678
331.594
331.505
331.413
331.316
331.216
331.112
331.006
330.896
330.784
330.669
330.552
330.433
330.312
330.19
330.065
329.94
329.813
329.685
329.555
329.425
329.294
329.162
329.029
328.896
328.761
328.626
328.491
328.354
328.218
328.08
327.942
327.803
327.664
327.524
327.384
327.243
327.101
326.958
326.815
326.672
326.527
326.382
326.236
326.089
325.942
325.794
325.645
325.495
325.344
325.192
325.04
324.887
324.732
324.577
324.421
324.264
324.106
323.947
323.787
323.626
323.464
323.3
323.136
322.97
322.803
322.635
322.465
322.292
322.118
321.94
321.758
321.571
321.377
328.912
328.952
328.993
329.034
329.075
329.118
329.16
329.204
329.247
329.292
329.337
329.382
329.428
329.475
329.522
329.569
329.618
329.666
329.715
329.765
329.815
329.866
329.917
329.969
330.021
330.073
330.126
330.179
330.233
330.287
330.341
330.396
330.451
330.506
330.561
330.617
330.672
330.728
330.784
330.839
330.895
330.95
331.005
331.06
331.114
331.168
331.222
331.275
331.327
331.379
331.429
331.479
331.528
331.575
331.622
331.667
331.71
331.752
331.792
331.83
331.867
331.901
331.933
331.962
331.989
332.014
332.035
332.054
332.069
332.082
332.091
332.097
332.099
332.097
332.092
332.082
332.069
332.052
332.031
332.006
331.977
331.944
331.907
331.867
331.822
331.774
331.722
331.666
331.607
331.545
331.479
331.411
331.339
331.264
331.187
331.106
331.024
330.938
330.851
330.761
330.669
330.575
330.479
330.381
330.281
330.179
330.076
329.97
329.864
329.755
329.645
329.533
329.42
329.305
329.189
329.072
328.952
328.832
328.71
328.587
328.462
328.335
328.208
328.079
327.949
327.817
327.684
327.549
327.413
327.276
327.138
326.998
326.857
326.714
326.57
326.425
326.279
326.131
325.982
325.831
325.68
325.526
325.372
325.217
325.06
324.901
324.742
324.581
324.419
324.256
324.091
323.924
323.757
323.587
323.416
323.242
323.065
322.885
322.701
322.51
322.309
329.46
329.497
329.534
329.571
329.609
329.647
329.685
329.724
329.762
329.802
329.841
329.881
329.921
329.962
330.003
330.044
330.085
330.126
330.168
330.21
330.253
330.295
330.338
330.381
330.424
330.467
330.51
330.554
330.597
330.641
330.685
330.728
330.772
330.816
330.859
330.903
330.946
330.989
331.032
331.075
331.118
331.16
331.201
331.243
331.284
331.324
331.364
331.403
331.441
331.479
331.516
331.552
331.587
331.621
331.654
331.686
331.716
331.746
331.774
331.8
331.825
331.848
331.87
331.89
331.908
331.924
331.938
331.95
331.96
331.968
331.973
331.976
331.976
331.973
331.968
331.961
331.95
331.937
331.921
331.902
331.88
331.855
331.827
331.797
331.764
331.727
331.688
331.646
331.602
331.554
331.504
331.452
331.396
331.338
331.278
331.215
331.149
331.081
331.011
330.938
330.863
330.785
330.706
330.624
330.54
330.454
330.366
330.275
330.183
330.088
329.992
329.893
329.792
329.69
329.585
329.479
329.37
329.26
329.148
329.034
328.918
328.8
328.68
328.559
328.435
328.31
328.184
328.055
327.925
327.793
327.659
327.524
327.387
327.248
327.107
326.965
326.822
326.677
326.53
326.382
326.232
326.081
325.928
325.773
325.618
325.46
325.301
325.141
324.98
324.816
324.652
324.485
324.317
324.148
323.976
323.802
323.625
323.444
323.258
323.065
322.862
308.542
308.301
308.065
307.833
307.607
307.384
307.165
306.948
306.734
306.52
306.306
306.092
305.876
305.657
305.437
305.213
304.985
304.755
304.521
304.283
304.043
303.8
303.555
303.309
303.062
302.816
302.572
302.33
302.094
301.864
301.642
301.431
301.231
301.046
300.877
300.725
300.591
300.475
300.377
300.295
300.228
300.174
300.132
300.098
300.073
300.053
300.039
300.028
300.021
300.016
300.014
308.543
308.302
308.065
307.834
307.607
307.384
307.165
306.949
306.734
306.52
306.307
306.092
305.876
305.658
305.437
305.213
304.986
304.755
304.521
304.284
304.044
303.801
303.556
303.309
303.063
302.817
302.572
302.331
302.094
301.864
301.643
301.431
301.232
301.047
300.878
300.725
300.591
300.475
300.377
300.295
300.228
300.174
300.132
300.099
300.073
300.053
300.039
300.028
300.021
300.016
300.014
308.543
308.302
308.066
307.835
307.608
307.385
307.166
306.949
306.735
306.521
306.308
306.093
305.877
305.659
305.438
305.214
304.987
304.757
304.523
304.285
304.045
303.802
303.557
303.311
303.064
302.818
302.574
302.332
302.096
301.866
301.644
301.432
301.233
301.048
300.878
300.726
300.592
300.476
300.377
300.295
300.228
300.175
300.132
300.099
300.073
300.053
300.039
300.028
300.021
300.016
300.014
308.545
308.304
308.068
307.836
307.609
307.386
307.167
306.951
306.736
306.523
306.309
306.095
305.879
305.661
305.44
305.216
304.989
304.759
304.525
304.288
304.047
303.805
303.56
303.313
303.067
302.821
302.576
302.335
302.098
301.868
301.646
301.434
301.235
301.049
300.88
300.727
300.593
300.476
300.378
300.296
300.229
300.175
300.132
300.099
300.073
300.054
300.039
300.028
300.021
300.016
300.014
308.547
308.306
308.07
307.838
307.611
307.389
307.17
306.953
306.739
306.525
306.312
306.098
305.882
305.664
305.443
305.22
304.993
304.762
304.529
304.292
304.051
303.809
303.564
303.318
303.071
302.825
302.58
302.339
302.102
301.871
301.649
301.437
301.237
301.052
300.882
300.729
300.594
300.478
300.379
300.296
300.229
300.175
300.132
300.099
300.073
300.054
300.039
300.029
300.021
300.016
300.014
308.55
308.309
308.073
307.842
307.615
307.392
307.173
306.957
306.743
306.529
306.316
306.102
305.886
305.668
305.448
305.225
304.998
304.768
304.534
304.297
304.057
303.814
303.57
303.324
303.077
302.831
302.586
302.344
302.107
301.876
301.654
301.441
301.241
301.055
300.885
300.732
300.596
300.479
300.38
300.298
300.23
300.176
300.133
300.099
300.074
300.054
300.039
300.029
300.021
300.017
300.014
308.555
308.314
308.078
307.846
307.619
307.397
307.178
306.962
306.748
306.535
306.322
306.108
305.892
305.675
305.455
305.232
305.005
304.775
304.542
304.305
304.065
303.823
303.578
303.332
303.085
302.839
302.594
302.352
302.115
301.884
301.66
301.447
301.247
301.06
300.889
300.735
300.599
300.482
300.382
300.299
300.231
300.177
300.134
300.1
300.074
300.054
300.039
300.029
300.021
300.017
300.014
308.561
308.32
308.084
307.853
307.626
307.404
307.185
306.969
306.755
306.542
306.329
306.116
305.901
305.684
305.464
305.241
305.015
304.786
304.553
304.316
304.077
303.834
303.59
303.343
303.097
302.85
302.605
302.363
302.125
301.893
301.669
301.455
301.254
301.066
300.894
300.74
300.603
300.485
300.384
300.301
300.233
300.178
300.134
300.1
300.074
300.054
300.04
300.029
300.021
300.017
300.014
308.569
308.329
308.093
307.861
307.635
307.412
307.194
306.978
306.765
306.552
306.34
306.127
305.912
305.696
305.476
305.254
305.029
304.8
304.567
304.331
304.091
303.849
303.605
303.358
303.111
302.865
302.619
302.376
302.138
301.905
301.68
301.466
301.263
301.074
300.901
300.745
300.608
300.489
300.387
300.303
300.234
300.179
300.135
300.101
300.075
300.055
300.04
300.029
300.022
300.017
300.014
308.581
308.34
308.104
307.873
307.646
307.424
307.206
306.991
306.778
306.566
306.354
306.141
305.927
305.711
305.493
305.271
305.046
304.818
304.585
304.35
304.11
303.868
303.624
303.378
303.131
302.883
302.637
302.394
302.154
301.921
301.695
301.479
301.275
301.084
300.91
300.753
300.614
300.493
300.391
300.306
300.237
300.181
300.137
300.102
300.076
300.055
300.04
300.029
300.022
300.017
300.014
308.595
308.355
308.119
307.888
307.661
307.44
307.222
307.007
306.794
306.583
306.372
306.16
305.947
305.731
305.514
305.293
305.068
304.84
304.609
304.374
304.135
303.893
303.649
303.402
303.155
302.907
302.66
302.416
302.175
301.94
301.713
301.495
301.289
301.097
300.921
300.762
300.621
300.499
300.396
300.31
300.239
300.183
300.138
300.103
300.076
300.056
300.041
300.03
300.022
300.017
300.015
308.614
308.374
308.138
307.907
307.681
307.459
307.242
307.028
306.816
306.605
306.395
306.184
305.971
305.757
305.54
305.32
305.097
304.869
304.638
304.404
304.165
303.924
303.679
303.433
303.185
302.937
302.689
302.443
302.201
301.965
301.735
301.515
301.307
301.113
300.934
300.773
300.63
300.507
300.401
300.314
300.243
300.186
300.14
300.105
300.077
300.057
300.041
300.03
300.022
300.017
300.015
308.638
308.399
308.163
307.931
307.705
307.484
307.267
307.054
306.843
306.633
306.423
306.213
306.002
305.789
305.573
305.354
305.132
304.905
304.675
304.441
304.203
303.962
303.718
303.471
303.222
302.973
302.724
302.477
302.233
301.994
301.762
301.54
301.329
301.132
300.95
300.786
300.641
300.515
300.408
300.319
300.247
300.189
300.142
300.106
300.079
300.058
300.042
300.031
300.023
300.017
300.015
308.668
308.429
308.193
307.962
307.736
307.516
307.299
307.087
306.876
306.667
306.459
306.25
306.04
305.828
305.614
305.396
305.175
304.95
304.72
304.487
304.249
304.008
303.764
303.517
303.268
303.017
302.767
302.518
302.272
302.03
301.796
301.57
301.355
301.155
300.97
300.803
300.655
300.526
300.417
300.326
300.252
300.192
300.145
300.108
300.08
300.059
300.043
300.031
300.023
300.018
300.015
308.706
308.467
308.231
308
307.775
307.555
307.339
307.127
306.918
306.71
306.503
306.296
306.087
305.877
305.664
305.447
305.227
305.003
304.775
304.542
304.306
304.065
303.82
303.572
303.322
303.071
302.818
302.567
302.318
302.074
301.835
301.606
301.387
301.182
300.994
300.822
300.671
300.539
300.427
300.333
300.258
300.197
300.149
300.111
300.082
300.06
300.044
300.032
300.023
300.018
300.015
308.754
308.514
308.278
308.047
307.822
307.602
307.387
307.177
306.968
306.762
306.557
306.351
306.144
305.935
305.724
305.509
305.291
305.068
304.841
304.609
304.373
304.132
303.888
303.639
303.388
303.135
302.88
302.626
302.374
302.126
301.883
301.649
301.425
301.215
301.022
300.846
300.69
300.554
300.438
300.342
300.264
300.202
300.152
300.114
300.084
300.061
300.045
300.032
300.024
300.018
300.016
308.812
308.573
308.336
308.105
307.88
307.661
307.447
307.237
307.03
306.825
306.621
306.417
306.212
306.006
305.796
305.583
305.367
305.146
304.92
304.689
304.454
304.213
303.968
303.719
303.466
303.211
302.954
302.697
302.44
302.187
301.94
301.7
301.471
301.255
301.055
300.874
300.712
300.572
300.452
300.353
300.273
300.208
300.157
300.117
300.086
300.063
300.046
300.033
300.024
300.019
300.016
308.883
308.643
308.406
308.175
307.95
307.731
307.518
307.309
307.104
306.901
306.699
306.497
306.294
306.09
305.883
305.672
305.458
305.238
305.014
304.785
304.549
304.309
304.064
303.813
303.559
303.301
303.041
302.78
302.519
302.261
302.007
301.76
301.524
301.301
301.095
300.907
300.739
300.593
300.469
300.366
300.282
300.215
300.162
300.121
300.089
300.065
300.047
300.034
300.025
300.019
300.016
308.97
308.729
308.491
308.26
308.035
307.816
307.604
307.396
307.193
306.991
306.792
306.592
306.392
306.19
305.985
305.777
305.565
305.348
305.125
304.897
304.663
304.422
304.176
303.925
303.669
303.408
303.144
302.878
302.612
302.347
302.086
301.832
301.588
301.356
301.141
300.945
300.771
300.618
300.488
300.381
300.294
300.224
300.169
300.125
300.092
300.067
300.049
300.035
300.026
300.02
300.017
309.074
308.832
308.593
308.361
308.136
307.918
307.706
307.5
307.298
307.099
306.902
306.705
306.507
306.308
306.106
305.901
305.692
305.477
305.256
305.029
304.795
304.555
304.309
304.056
303.797
303.533
303.265
302.994
302.721
302.448
302.179
301.916
301.662
301.421
301.196
300.991
300.808
300.648
300.511
300.399
300.307
300.234
300.176
300.131
300.096
300.07
300.051
300.037
300.027
300.02
300.017
309.2
308.956
308.715
308.482
308.257
308.039
307.828
307.623
307.423
307.226
307.031
306.837
306.643
306.447
306.249
306.046
305.84
305.628
305.409
305.184
304.951
304.711
304.464
304.209
303.948
303.68
303.406
303.129
302.848
302.567
302.288
302.015
301.75
301.497
301.261
301.045
300.851
300.682
300.538
300.419
300.323
300.245
300.184
300.137
300.1
300.073
300.053
300.038
300.028
300.021
300.018
309.35
309.103
308.861
308.626
308.4
308.182
307.972
307.768
307.57
307.375
307.183
306.993
306.802
306.61
306.415
306.216
306.013
305.804
305.588
305.364
305.132
304.892
304.644
304.387
304.123
303.85
303.571
303.286
302.997
302.706
302.416
302.13
301.852
301.586
301.337
301.108
300.903
300.723
300.57
300.444
300.341
300.259
300.194
300.144
300.105
300.076
300.055
300.04
300.029
300.022
300.019
309.528
309.278
309.033
308.797
308.569
308.351
308.141
307.939
307.742
307.55
307.362
307.174
306.987
306.799
306.608
306.414
306.214
306.008
305.794
305.573
305.342
305.102
304.853
304.594
304.326
304.048
303.762
303.469
303.17
302.868
302.565
302.265
301.972
301.69
301.426
301.182
300.962
300.77
300.607
300.472
300.363
300.275
300.206
300.152
300.111
300.08
300.058
300.042
300.03
300.023
300.019
309.739
309.485
309.237
308.998
308.769
308.55
308.34
308.139
307.944
307.755
307.569
307.386
307.203
307.019
306.832
306.642
306.447
306.244
306.033
305.814
305.584
305.344
305.094
304.833
304.56
304.277
303.984
303.681
303.371
303.056
302.738
302.422
302.111
301.812
301.529
301.268
301.033
300.826
300.65
300.505
300.388
300.293
300.219
300.162
300.118
300.085
300.061
300.044
300.032
300.024
300.02
309.989
309.729
309.476
309.234
309.003
308.783
308.573
308.372
308.179
307.992
307.81
307.63
307.452
307.272
307.091
306.905
306.714
306.515
306.308
306.09
305.862
305.623
305.371
305.107
304.83
304.541
304.239
303.926
303.603
303.273
302.938
302.604
302.274
301.954
301.65
301.369
301.115
300.891
300.701
300.544
300.417
300.315
300.235
300.173
300.126
300.09
300.065
300.046
300.033
300.025
300.021
310.284
310.017
309.758
309.512
309.277
309.055
308.844
308.643
308.452
308.267
308.088
307.912
307.738
307.564
307.387
307.207
307.02
306.826
306.622
306.407
306.18
305.941
305.688
305.42
305.139
304.842
304.531
304.207
303.87
303.524
303.17
302.815
302.462
302.119
301.791
301.487
301.21
300.967
300.761
300.59
300.451
300.34
300.253
300.185
300.134
300.097
300.069
300.049
300.035
300.027
300.022
310.63
310.354
310.089
309.836
309.598
309.372
309.159
308.958
308.767
308.584
308.408
308.236
308.067
307.897
307.726
307.551
307.369
307.179
306.978
306.766
306.541
306.302
306.047
305.777
305.49
305.186
304.866
304.528
304.176
303.811
303.437
303.058
302.68
302.31
301.955
301.624
301.322
301.056
300.831
300.644
300.491
300.369
300.274
300.2
300.145
300.104
300.074
300.052
300.037
300.028
300.023
311.036
310.749
310.475
310.215
309.971
309.741
309.525
309.322
309.131
308.949
308.775
308.607
308.441
308.277
308.11
307.94
307.764
307.578
307.381
307.172
306.948
306.709
306.454
306.18
305.888
305.577
305.245
304.895
304.526
304.141
303.744
303.339
302.932
302.532
302.146
301.784
301.453
301.161
300.913
300.706
300.538
300.403
300.298
300.217
300.157
300.112
300.079
300.056
300.04
300.03
300.025
311.51
311.21
310.925
310.656
310.404
310.168
309.947
309.742
309.549
309.367
309.194
309.028
308.867
308.706
308.544
308.379
308.207
308.026
307.833
307.626
307.405
307.166
306.91
306.633
306.336
306.016
305.674
305.309
304.923
304.516
304.094
303.66
303.222
302.788
302.367
301.97
301.605
301.283
301.009
300.779
300.592
300.443
300.326
300.237
300.17
300.121
300.085
300.06
300.043
300.032
300.026
312.062
311.747
311.448
311.168
310.906
310.661
310.434
310.223
310.027
309.844
309.671
309.506
309.346
309.189
309.031
308.87
308.703
308.525
308.336
308.132
307.912
307.675
307.417
307.138
306.835
306.508
306.155
305.776
305.371
304.942
304.492
304.028
303.555
303.083
302.623
302.185
301.783
301.427
301.121
300.865
300.656
300.489
300.359
300.26
300.186
300.132
300.092
300.065
300.046
300.034
300.028
312.701
312.367
312.054
311.759
311.485
311.229
310.993
310.774
310.572
310.385
310.209
310.044
309.885
309.729
309.574
309.416
309.251
309.077
308.89
308.689
308.471
308.234
307.976
307.695
307.388
307.053
306.69
306.296
305.872
305.42
304.943
304.445
303.935
303.421
302.917
302.435
301.99
301.594
301.252
300.965
300.73
300.543
300.397
300.286
300.204
300.144
300.1
300.07
300.049
300.037
300.03
313.436
313.082
312.75
312.439
312.149
311.88
311.631
311.402
311.19
310.996
310.815
310.646
310.485
310.328
310.173
310.016
309.853
309.681
309.496
309.297
309.081
308.845
308.586
308.303
307.992
307.652
307.278
306.871
306.43
305.955
305.448
304.916
304.366
303.808
303.255
302.724
302.231
301.789
301.405
301.081
300.816
300.605
300.441
300.317
300.225
300.157
300.11
300.076
300.053
300.039
300.032
314.274
313.898
313.546
313.216
312.907
312.62
312.355
312.112
311.888
311.682
311.492
311.315
311.149
310.988
310.83
310.671
310.507
310.335
310.151
309.952
309.736
309.501
309.243
308.959
308.645
308.3
307.919
307.5
307.042
306.545
306.01
305.443
304.851
304.246
303.642
303.057
302.51
302.015
301.583
301.216
300.916
300.677
300.492
300.352
300.248
300.173
300.12
300.083
300.058
300.042
300.034
315.218
314.82
314.445
314.093
313.763
313.456
313.171
312.908
312.667
312.446
312.242
312.053
311.876
311.707
311.543
311.378
311.21
311.034
310.848
310.648
310.432
310.197
309.938
309.654
309.339
308.99
308.603
308.175
307.704
307.187
306.627
306.026
305.394
304.74
304.082
303.439
302.83
302.276
301.787
301.372
301.031
300.759
300.549
300.391
300.274
300.191
300.131
300.09
300.063
300.046
300.037
316.266
315.846
315.447
315.07
314.716
314.385
314.076
313.791
313.528
313.286
313.064
312.857
312.665
312.482
312.305
312.13
311.953
311.771
311.58
311.377
311.158
310.922
310.663
310.378
310.063
309.713
309.323
308.889
308.407
307.875
307.292
306.661
305.99
305.289
304.574
303.868
303.194
302.572
302.021
301.55
301.162
300.853
300.614
300.435
300.304
300.21
300.144
300.098
300.068
300.049
300.04
317.407
316.963
316.54
316.137
315.756
315.398
315.062
314.75
314.461
314.194
313.947
313.718
313.504
313.302
313.108
312.918
312.727
312.534
312.334
312.124
311.901
311.662
311.402
311.117
310.801
310.451
310.061
309.624
309.136
308.593
307.993
307.337
306.631
305.885
305.115
304.345
303.6
302.905
302.284
301.75
301.309
300.958
300.687
300.484
300.336
300.231
300.157
300.107
300.073
300.053
300.043
318.612
318.145
317.696
317.266
316.857
316.47
316.106
315.764
315.445
315.149
314.873
314.616
314.376
314.149
313.932
313.721
313.513
313.304
313.091
312.871
312.641
312.396
312.133
311.847
311.533
311.184
310.795
310.359
309.87
309.322
308.711
308.036
307.301
306.514
305.693
304.86
304.042
303.271
302.575
301.972
301.471
301.072
300.766
300.537
300.371
300.253
300.171
300.116
300.079
300.057
300.045
319.825
319.335
318.863
318.408
317.972
317.556
317.162
316.79
316.439
316.111
315.804
315.516
315.245
314.989
314.746
314.511
314.28
314.052
313.823
313.59
313.349
313.097
312.829
312.541
312.227
311.881
311.496
311.063
310.577
310.029
309.414
308.728
307.972
307.154
306.287
305.395
304.508
303.66
302.885
302.208
301.644
301.194
300.848
300.591
300.406
300.276
300.186
300.125
300.085
300.06
300.048
320.954
320.446
319.953
319.476
319.017
318.576
318.154
317.753
317.374
317.014
316.676
316.357
316.055
315.77
315.498
315.237
314.983
314.733
314.486
314.237
313.985
313.724
313.45
313.159
312.845
312.502
312.121
311.695
311.215
310.672
310.059
309.37
308.603
307.763
306.861
305.92
304.97
304.05
303.198
302.447
301.818
301.315
300.929
300.644
300.44
300.297
300.199
300.133
300.09
300.064
300.051
321.87
321.349
320.841
320.348
319.871
319.41
318.968
318.544
318.141
317.756
317.392
317.046
316.718
316.407
316.11
315.825
315.55
315.281
315.017
314.755
314.49
314.221
313.941
313.647
313.333
312.992
312.616
312.197
311.725
311.191
310.585
309.899
309.13
308.28
307.356
306.38
305.381
304.401
303.482
302.664
301.975
301.423
301.001
300.69
300.469
300.315
300.21
300.139
300.094
300.066
300.053
322.414
321.886
321.37
320.868
320.381
319.91
319.455
319.019
318.601
318.201
317.821
317.459
317.115
316.788
316.476
316.176
315.887
315.606
315.332
315.06
314.789
314.513
314.23
313.935
313.621
313.282
312.91
312.496
312.031
311.504
310.906
310.227
309.461
308.609
307.678
306.684
305.658
304.64
303.677
302.813
302.081
301.495
301.047
300.719
300.486
300.325
300.216
300.143
300.096
300.068
300.054
)
;

boundaryField
{
    inlet
    {
        type            fixedValue;
        value           uniform 300;
    }
    outlet
    {
        type            zeroGradient;
    }
    top
    {
        type            zeroGradient;
    }
    slip-bottom
    {
        type            zeroGradient;
    }
    bottom
    {
        type            zeroGradient;
    }
    interface
    {
        type            fixedGradient;
        gradient        nonuniform List<scalar> 
161
(
2999.99
2999.99
2999.99
2999.99
2999.99
2999.99
2999.99
2999.99
2999.99
2999.99
2999.99
2999.99
2999.99
2999.99
2999.99
2999.99
2999.99
2999.99
2999.99
2999.99
-1.39266e-12
-1.39266e-12
-1.39266e-12
-1.39266e-12
-1.39266e-12
-1.39266e-12
-1.39266e-12
-1.39266e-12
-1.39266e-12
-1.39266e-12
-1.39266e-12
-1.39266e-12
-1.39266e-12
-1.39266e-12
-1.39266e-12
-1.39266e-12
-1.39266e-12
-1.39266e-12
-1.39266e-12
-1.39266e-12
7.10543e-13
7.10543e-13
7.10543e-13
7.10543e-13
7.10543e-13
7.10543e-13
7.10543e-13
7.10543e-13
7.10543e-13
7.10543e-13
7.10543e-13
7.10543e-13
7.10543e-13
7.10543e-13
7.10543e-13
7.10543e-13
3.12639e-13
3.12639e-13
3.12639e-13
3.12639e-13
3.12639e-13
3.12639e-13
3.12639e-13
3.12639e-13
3.12639e-13
3.12639e-13
3.12639e-13
3.12639e-13
3.12639e-13
3.12639e-13
3.12639e-13
5.68434e-14
5.68434e-14
5.68434e-14
5.68434e-14
5.68434e-14
5.68434e-14
5.68434e-14
5.68434e-14
5.68434e-14
5.68434e-14
5.68434e-14
5.68434e-14
8.52651e-14
8.52651e-14
8.52651e-14
8.52651e-14
8.52651e-14
8.52651e-14
8.52651e-14
8.52651e-14
8.52651e-14
8.52651e-14
8.52651e-14
-2.84217e-13
-2.84217e-13
-2.84217e-13
-2.84217e-13
-2.84217e-13
-2.84217e-13
-2.84217e-13
-2.84217e-13
-2.84217e-13
-2.84217e-13
6.25278e-13
6.25278e-13
6.25278e-13
6.25278e-13
6.25278e-13
6.25278e-13
6.25278e-13
6.25278e-13
6.25278e-13
4.83169e-13
4.83169e-13
4.83169e-13
4.83169e-13
4.83169e-13
4.83169e-13
4.83169e-13
4.83169e-13
-8.81073e-13
-8.81073e-13
-8.81073e-13
-8.81073e-13
-8.81073e-13
-8.81073e-13
-8.81073e-13
-8.81073e-13
1.7053e-13
1.7053e-13
1.7053e-13
1.7053e-13
1.7053e-13
1.7053e-13
1.7053e-13
5.68434e-14
5.68434e-14
5.68434e-14
5.68434e-14
5.68434e-14
5.68434e-14
5.68434e-14
5.68434e-13
5.68434e-13
5.68434e-13
5.68434e-13
5.68434e-13
5.68434e-13
2.55795e-13
2.55795e-13
2.55795e-13
2.55795e-13
2.55795e-13
2.55795e-13
5.54223e-13
5.54223e-13
5.54223e-13
5.54223e-13
5.54223e-13
5.54223e-13
)
;
    }
    defaultFaces
    {
        type            empty;
    }
}


// ************************************************************************* //
