/*--------------------------------*- C++ -*----------------------------------*\
  =========                 |
  \\      /  F ield         | OpenFOAM: The Open Source CFD Toolbox
   \\    /   O peration     | Website:  https://openfoam.org
    \\  /    A nd           | Version:  7
     \\/     M anipulation  |
\*---------------------------------------------------------------------------*/
FoamFile
{
    version     2.0;
    format      ascii;
    class       volScalarField;
    location    "2.26";
    object      T;
}
// * * * * * * * * * * * * * * * * * * * * * * * * * * * * * * * * * * * * * //

dimensions      [0 0 0 1 0 0 0];

internalField   nonuniform List<scalar> 
12013
(
300.026
300.079
300.135
300.192
300.252
300.315
300.38
300.448
300.519
300.592
300.669
300.749
300.833
300.92
301.011
301.106
301.205
301.309
301.417
301.53
301.648
301.771
301.9
302.035
302.177
302.325
302.48
302.642
302.812
302.991
303.179
303.376
303.583
303.802
304.032
304.274
304.53
304.8
305.085
305.387
305.706
306.045
306.404
306.786
307.191
307.622
308.08
308.568
309.089
309.644
310.237
310.87
311.547
312.27
313.045
313.874
314.763
315.715
316.736
317.833
319.01
320.274
321.634
323.096
324.67
326.366
328.194
330.167
332.298
334.605
337.105
339.819
342.774
346.001
349.538
353.436
357.761
362.607
368.117
374.531
382.306
300.026
300.079
300.135
300.192
300.252
300.315
300.38
300.448
300.519
300.592
300.669
300.749
300.833
300.92
301.011
301.106
301.205
301.309
301.417
301.53
301.648
301.771
301.9
302.036
302.177
302.325
302.48
302.642
302.813
302.991
303.179
303.376
303.584
303.802
304.032
304.274
304.53
304.8
305.085
305.387
305.707
306.045
306.405
306.786
307.191
307.622
308.08
308.568
309.089
309.644
310.236
310.869
311.545
312.268
313.042
313.871
314.759
315.711
316.731
317.826
319.002
320.264
321.622
323.081
324.652
326.344
328.167
330.134
332.259
334.557
337.045
339.745
342.68
345.881
349.383
353.23
357.479
362.204
367.502
373.494
380.285
300.026
300.079
300.135
300.192
300.252
300.315
300.38
300.448
300.519
300.592
300.669
300.749
300.833
300.92
301.011
301.106
301.205
301.309
301.417
301.53
301.648
301.772
301.901
302.036
302.177
302.325
302.48
302.643
302.813
302.992
303.18
303.377
303.584
303.803
304.033
304.275
304.531
304.801
305.086
305.388
305.707
306.046
306.405
306.786
307.191
307.622
308.08
308.568
309.088
309.642
310.234
310.867
311.542
312.265
313.037
313.865
314.751
315.701
316.719
317.811
318.984
320.243
321.595
323.049
324.613
326.296
328.109
330.064
332.173
334.45
336.914
339.581
342.475
345.621
349.049
352.792
356.892
361.394
366.34
371.757
377.6
300.026
300.079
300.135
300.192
300.252
300.315
300.38
300.448
300.519
300.592
300.669
300.749
300.833
300.92
301.011
301.106
301.206
301.309
301.417
301.53
301.649
301.772
301.901
302.036
302.178
302.326
302.481
302.644
302.814
302.993
303.181
303.378
303.586
303.804
304.034
304.276
304.532
304.802
305.087
305.389
305.709
306.047
306.406
306.787
307.192
307.622
308.08
308.567
309.087
309.641
310.232
310.863
311.537
312.258
313.029
313.854
314.738
315.684
316.699
317.787
318.954
320.206
321.551
322.995
324.548
326.217
328.014
329.947
332.031
334.277
336.7
339.317
342.146
345.208
348.523
352.116
356.009
360.22
364.756
369.595
374.662
300.026
300.079
300.135
300.192
300.252
300.315
300.38
300.448
300.519
300.592
300.669
300.75
300.833
300.92
301.012
301.107
301.206
301.31
301.418
301.531
301.649
301.773
301.902
302.037
302.179
302.327
302.482
302.645
302.815
302.994
303.182
303.38
303.587
303.806
304.036
304.278
304.534
304.804
305.089
305.391
305.71
306.048
306.407
306.788
307.192
307.622
308.079
308.566
309.085
309.638
310.227
310.857
311.529
312.248
313.016
313.838
314.718
315.66
316.669
317.75
318.909
320.152
321.486
322.917
324.453
326.102
327.874
329.779
331.826
334.027
336.395
338.942
341.683
344.633
347.804
351.209
354.857
358.747
362.867
367.179
371.615
300.026
300.079
300.135
300.192
300.252
300.315
300.38
300.448
300.519
300.593
300.669
300.75
300.833
300.921
301.012
301.107
301.206
301.31
301.418
301.532
301.65
301.774
301.903
302.038
302.18
302.328
302.483
302.646
302.817
302.996
303.184
303.382
303.589
303.808
304.038
304.28
304.536
304.806
305.091
305.393
305.712
306.05
306.409
306.789
307.193
307.622
308.079
308.564
309.082
309.633
310.221
310.849
311.518
312.234
312.999
313.816
314.691
315.626
316.628
317.7
318.848
320.079
321.397
322.809
324.323
325.946
327.686
329.551
331.551
333.694
335.991
338.451
341.083
343.897
346.898
350.092
353.475
357.039
360.762
364.606
368.52
300.026
300.079
300.135
300.192
300.252
300.315
300.38
300.448
300.519
300.593
300.67
300.75
300.834
300.921
301.012
301.108
301.207
301.311
301.419
301.533
301.651
301.775
301.904
302.04
302.182
302.33
302.485
302.648
302.819
302.998
303.187
303.384
303.592
303.811
304.041
304.283
304.539
304.809
305.094
305.396
305.715
306.053
306.411
306.791
307.194
307.622
308.078
308.562
309.078
309.627
310.213
310.837
311.504
312.215
312.975
313.787
314.654
315.581
316.573
317.634
318.768
319.982
321.28
322.669
324.155
325.744
327.443
329.26
331.201
333.273
335.484
337.84
340.346
343.007
345.823
348.792
351.907
355.153
358.509
361.941
365.41
300.026
300.079
300.135
300.192
300.253
300.315
300.38
300.448
300.519
300.593
300.67
300.75
300.834
300.922
301.013
301.108
301.208
301.312
301.42
301.534
301.652
301.776
301.906
302.042
302.184
302.332
302.488
302.651
302.822
303.001
303.19
303.388
303.596
303.814
304.045
304.287
304.543
304.813
305.098
305.4
305.718
306.056
306.413
306.792
307.195
307.622
308.076
308.559
309.072
309.619
310.202
310.822
311.484
312.191
312.944
313.748
314.607
315.524
316.503
317.549
318.666
319.858
321.132
322.492
323.943
325.491
327.142
328.9
330.772
332.762
334.875
337.114
339.481
341.976
344.598
347.339
350.191
353.137
356.157
359.226
362.312
300.026
300.079
300.135
300.192
300.253
300.315
300.38
300.448
300.519
300.593
300.67
300.751
300.835
300.922
301.014
301.109
301.209
301.313
301.422
301.535
301.654
301.778
301.908
302.044
302.186
302.335
302.491
302.654
302.825
303.005
303.194
303.392
303.6
303.819
304.049
304.292
304.548
304.818
305.103
305.404
305.722
306.059
306.416
306.794
307.195
307.621
308.073
308.554
309.065
309.608
310.187
310.803
311.46
312.159
312.905
313.7
314.547
315.451
316.415
317.443
318.538
319.706
320.95
322.275
323.685
325.185
326.779
328.47
330.263
332.161
334.165
336.277
338.497
340.821
343.246
345.764
348.363
351.03
353.746
356.492
359.244
300.026
300.079
300.135
300.193
300.253
300.315
300.381
300.449
300.52
300.594
300.671
300.751
300.835
300.923
301.014
301.11
301.21
301.314
301.423
301.537
301.656
301.78
301.911
302.047
302.189
302.338
302.495
302.658
302.83
303.01
303.199
303.397
303.605
303.824
304.055
304.298
304.554
304.823
305.108
305.409
305.727
306.063
306.419
306.796
307.196
307.62
308.07
308.547
309.055
309.595
310.169
310.779
311.429
312.12
312.856
313.64
314.474
315.362
316.308
317.314
318.384
319.522
320.732
322.016
323.379
324.824
326.353
327.97
329.676
331.474
333.362
335.342
337.409
339.562
341.792
344.094
346.456
348.865
351.307
353.766
356.223
300.026
300.079
300.135
300.193
300.253
300.315
300.381
300.449
300.52
300.594
300.671
300.752
300.836
300.924
301.015
301.111
301.211
301.316
301.425
301.539
301.658
301.783
301.914
302.05
302.193
302.342
302.499
302.663
302.835
303.015
303.204
303.403
303.612
303.831
304.062
304.305
304.56
304.83
305.115
305.415
305.732
306.068
306.422
306.798
307.196
307.618
308.065
308.539
309.043
309.577
310.145
310.749
311.39
312.072
312.797
313.567
314.385
315.255
316.179
317.16
318.201
319.305
320.475
321.714
323.023
324.407
325.866
327.402
329.015
330.707
332.475
334.319
336.234
338.217
340.26
342.357
344.498
346.672
348.866
351.069
353.265
300.026
300.079
300.135
300.193
300.253
300.316
300.381
300.449
300.52
300.594
300.672
300.752
300.837
300.925
301.017
301.113
301.213
301.318
301.427
301.542
301.661
301.786
301.917
302.054
302.197
302.347
302.504
302.669
302.841
303.022
303.211
303.41
303.619
303.839
304.07
304.312
304.568
304.838
305.122
305.422
305.738
306.072
306.426
306.8
307.195
307.614
308.058
308.528
309.027
309.556
310.117
310.712
311.344
312.014
312.725
313.48
314.28
315.128
316.027
316.98
317.987
319.053
320.179
321.367
322.619
323.936
325.32
326.77
328.287
329.869
331.516
333.224
334.99
336.808
338.673
340.578
342.514
344.473
346.445
348.418
350.384
300.026
300.079
300.135
300.193
300.253
300.316
300.381
300.449
300.521
300.595
300.672
300.753
300.838
300.926
301.018
301.114
301.215
301.32
301.43
301.545
301.665
301.79
301.922
302.059
302.203
302.353
302.51
302.675
302.848
303.029
303.219
303.418
303.628
303.848
304.079
304.322
304.577
304.846
305.13
305.429
305.745
306.078
306.429
306.801
307.194
307.61
308.049
308.515
309.008
309.53
310.082
310.668
311.288
311.945
312.641
313.377
314.157
314.981
315.852
316.772
317.743
318.767
319.845
320.978
322.168
323.415
324.72
326.081
327.499
328.972
330.497
332.072
333.693
335.355
337.052
338.779
340.527
342.291
344.062
345.831
347.591
300.026
300.079
300.135
300.193
300.253
300.316
300.381
300.45
300.521
300.595
300.673
300.754
300.839
300.927
301.02
301.116
301.217
301.323
301.433
301.548
301.669
301.795
301.927
302.064
302.209
302.36
302.518
302.683
302.856
303.038
303.228
303.428
303.638
303.858
304.089
304.332
304.587
304.856
305.139
305.438
305.752
306.083
306.433
306.802
307.192
307.603
308.038
308.498
308.984
309.498
310.041
310.616
311.223
311.865
312.543
313.259
314.015
314.812
315.653
316.538
317.469
318.447
319.474
320.549
321.674
322.849
324.072
325.344
326.663
328.027
329.433
330.88
332.362
333.876
335.417
336.979
338.557
340.144
341.734
343.321
344.898
300.026
300.079
300.135
300.193
300.253
300.316
300.382
300.45
300.522
300.596
300.674
300.755
300.84
300.929
301.022
301.119
301.22
301.326
301.437
301.552
301.673
301.8
301.932
302.071
302.216
302.367
302.526
302.692
302.866
303.048
303.239
303.439
303.649
303.869
304.101
304.344
304.599
304.867
305.15
305.447
305.76
306.089
306.436
306.802
307.188
307.595
308.025
308.478
308.956
309.461
309.993
310.555
311.147
311.772
312.431
313.125
313.855
314.623
315.43
316.278
317.166
318.096
319.069
320.085
321.143
322.243
323.385
324.567
325.788
327.046
328.339
329.662
331.014
332.39
333.787
335.198
336.62
338.048
339.477
340.9
342.314
300.026
300.079
300.135
300.193
300.253
300.316
300.382
300.451
300.522
300.597
300.675
300.756
300.842
300.931
301.024
301.121
301.223
301.329
301.441
301.557
301.679
301.806
301.939
302.078
302.224
302.376
302.535
302.702
302.877
303.059
303.251
303.452
303.662
303.883
304.114
304.357
304.612
304.88
305.161
305.457
305.768
306.095
306.439
306.802
307.183
307.585
308.008
308.454
308.923
309.417
309.937
310.485
311.062
311.668
312.305
312.974
313.677
314.414
315.185
315.993
316.837
317.717
318.635
319.589
320.58
321.606
322.667
323.761
324.888
326.044
327.227
328.435
329.665
330.914
332.177
333.452
334.733
336.017
337.3
338.578
339.847
300.026
300.079
300.135
300.193
300.253
300.316
300.382
300.451
300.523
300.598
300.676
300.758
300.843
300.933
301.026
301.124
301.226
301.333
301.445
301.562
301.685
301.813
301.946
302.086
302.233
302.386
302.546
302.713
302.889
303.072
303.264
303.466
303.676
303.897
304.129
304.371
304.626
304.893
305.173
305.467
305.776
306.101
306.442
306.8
307.177
307.572
307.988
308.425
308.885
309.367
309.874
310.407
310.965
311.551
312.166
312.809
313.482
314.186
314.921
315.687
316.485
317.315
318.176
319.069
319.992
320.946
321.928
322.937
323.973
325.032
326.113
327.214
328.331
329.462
330.603
331.753
332.907
334.063
335.216
336.364
337.504
300.026
300.079
300.135
300.193
300.254
300.317
300.383
300.451
300.523
300.599
300.677
300.759
300.845
300.935
301.029
301.127
301.23
301.338
301.45
301.568
301.691
301.82
301.955
302.095
302.243
302.397
302.558
302.726
302.902
303.086
303.279
303.481
303.692
303.913
304.145
304.387
304.641
304.907
305.186
305.479
305.785
306.107
306.444
306.797
307.168
307.557
307.965
308.393
308.842
309.312
309.804
310.32
310.86
311.424
312.014
312.63
313.272
313.942
314.639
315.363
316.114
316.893
317.699
318.531
319.389
320.271
321.178
322.106
323.056
324.024
325.009
326.01
327.023
328.047
329.078
330.115
331.155
332.195
333.232
334.264
335.288
300.026
300.08
300.135
300.193
300.254
300.317
300.383
300.452
300.524
300.599
300.678
300.761
300.847
300.938
301.032
301.131
301.235
301.343
301.456
301.575
301.699
301.828
301.964
302.106
302.254
302.409
302.571
302.74
302.917
303.102
303.296
303.498
303.71
303.931
304.162
304.404
304.658
304.923
305.2
305.49
305.794
306.112
306.445
306.794
307.158
307.54
307.939
308.357
308.794
309.25
309.727
310.226
310.745
311.287
311.852
312.439
313.05
313.685
314.343
315.025
315.73
316.459
317.21
317.983
318.778
319.592
320.426
321.279
322.147
323.031
323.928
324.837
325.755
326.681
327.613
328.548
329.485
330.421
331.355
332.283
333.205
300.026
300.08
300.135
300.193
300.254
300.317
300.383
300.452
300.525
300.601
300.68
300.763
300.849
300.94
301.035
301.135
301.239
301.348
301.462
301.582
301.707
301.838
301.974
302.117
302.266
302.422
302.585
302.756
302.934
303.12
303.314
303.517
303.729
303.95
304.182
304.423
304.676
304.94
305.215
305.503
305.804
306.118
306.446
306.789
307.147
307.521
307.911
308.318
308.742
309.184
309.645
310.125
310.624
311.142
311.681
312.24
312.819
313.419
314.039
314.679
315.339
316.018
316.716
317.433
318.167
318.918
319.684
320.464
321.258
322.063
322.879
323.704
324.536
325.374
326.215
327.059
327.904
328.748
329.589
330.425
331.256
300.026
300.08
300.135
300.193
300.254
300.317
300.384
300.453
300.526
300.602
300.681
300.764
300.852
300.943
301.039
301.139
301.244
301.354
301.469
301.59
301.716
301.848
301.985
302.129
302.28
302.437
302.601
302.773
302.952
303.138
303.333
303.537
303.749
303.971
304.202
304.443
304.695
304.957
305.231
305.516
305.814
306.124
306.447
306.783
307.134
307.499
307.88
308.275
308.686
309.114
309.558
310.019
310.497
310.992
311.505
312.035
312.582
313.147
313.73
314.329
314.945
315.577
316.225
316.888
317.565
318.255
318.958
319.672
320.397
321.131
321.873
322.621
323.375
324.133
324.894
325.656
326.419
327.18
327.938
328.692
329.442
300.026
300.08
300.135
300.193
300.254
300.318
300.384
300.454
300.526
300.603
300.683
300.766
300.854
300.946
301.043
301.144
301.25
301.361
301.477
301.598
301.725
301.858
301.997
302.143
302.294
302.453
302.618
302.791
302.971
303.159
303.355
303.559
303.772
303.993
304.224
304.465
304.715
304.976
305.247
305.53
305.824
306.129
306.447
306.777
307.121
307.477
307.847
308.231
308.628
309.041
309.468
309.91
310.366
310.838
311.325
311.827
312.344
312.875
313.421
313.981
314.555
315.143
315.743
316.355
316.979
317.614
318.258
318.911
319.573
320.241
320.916
321.596
322.279
322.966
323.654
324.343
325.032
325.719
326.403
327.085
327.761
300.026
300.079
300.135
300.193
300.254
300.318
300.384
300.454
300.527
300.604
300.684
300.768
300.857
300.949
301.047
301.149
301.255
301.367
301.485
301.607
301.736
301.87
302.01
302.157
302.31
302.47
302.636
302.81
302.991
303.18
303.377
303.582
303.795
304.017
304.247
304.487
304.737
304.996
305.265
305.544
305.834
306.135
306.447
306.771
307.106
307.454
307.813
308.185
308.569
308.966
309.376
309.799
310.235
310.684
311.145
311.62
312.107
312.606
313.117
313.641
314.175
314.72
315.276
315.842
316.416
316.999
317.59
318.188
318.792
319.401
320.015
320.633
321.254
321.876
322.5
323.123
323.746
324.368
324.987
325.603
326.215
300.026
300.079
300.135
300.193
300.254
300.318
300.384
300.454
300.528
300.605
300.685
300.77
300.859
300.953
301.051
301.154
301.261
301.374
301.493
301.617
301.746
301.882
302.024
302.172
302.326
302.488
302.656
302.831
303.013
303.203
303.401
303.606
303.82
304.042
304.272
304.511
304.759
305.016
305.283
305.559
305.846
306.142
306.448
306.765
307.092
307.43
307.779
308.139
308.51
308.892
309.286
309.69
310.105
310.532
310.969
311.417
311.876
312.345
312.823
313.312
313.809
314.315
314.83
315.352
315.882
316.418
316.96
317.507
318.06
318.616
319.175
319.737
320.301
320.866
321.432
321.997
322.562
323.125
323.685
324.243
324.797
300.026
300.079
300.135
300.193
300.254
300.318
300.384
300.455
300.528
300.606
300.687
300.772
300.862
300.956
301.055
301.159
301.268
301.382
301.501
301.627
301.758
301.895
302.038
302.187
302.343
302.506
302.676
302.852
303.036
303.227
303.425
303.631
303.845
304.067
304.297
304.536
304.783
305.038
305.302
305.575
305.857
306.149
306.449
306.759
307.079
307.408
307.746
308.095
308.452
308.82
309.197
309.584
309.98
310.385
310.799
311.222
311.654
312.094
312.543
312.999
313.462
313.932
314.409
314.892
315.381
315.874
316.372
316.874
317.38
317.888
318.399
318.911
319.425
319.939
320.453
320.967
321.479
321.99
322.498
323.004
323.507
300.026
300.079
300.135
300.193
300.254
300.317
300.384
300.455
300.529
300.606
300.688
300.774
300.864
300.959
301.059
301.164
301.274
301.389
301.51
301.637
301.769
301.908
302.052
302.203
302.361
302.525
302.696
302.874
303.059
303.251
303.451
303.657
303.872
304.094
304.323
304.561
304.807
305.06
305.322
305.592
305.87
306.156
306.451
306.755
307.066
307.386
307.715
308.052
308.397
308.751
309.112
309.482
309.86
310.245
310.638
311.038
311.445
311.858
312.279
312.705
313.137
313.575
314.017
314.465
314.916
315.371
315.83
316.291
316.755
317.22
317.687
318.155
318.624
319.093
319.561
320.028
320.494
320.958
321.421
321.88
322.337
300.026
300.079
300.134
300.192
300.253
300.317
300.384
300.455
300.529
300.607
300.689
300.775
300.866
300.962
301.063
301.169
301.28
301.396
301.518
301.646
301.78
301.921
302.067
302.22
302.379
302.545
302.717
302.896
303.083
303.276
303.476
303.684
303.898
304.121
304.35
304.587
304.831
305.083
305.342
305.609
305.883
306.165
306.454
306.751
307.055
307.367
307.686
308.012
308.345
308.686
309.033
309.387
309.747
310.114
310.487
310.865
311.249
311.639
312.034
312.433
312.837
313.245
313.656
314.072
314.49
314.91
315.333
315.758
316.185
316.612
317.041
317.469
317.898
318.326
318.753
319.18
319.605
320.028
320.448
320.867
321.282
300.026
300.079
300.134
300.192
300.253
300.316
300.383
300.454
300.528
300.607
300.689
300.776
300.868
300.965
301.066
301.173
301.285
301.403
301.527
301.656
301.792
301.933
302.081
302.236
302.396
302.564
302.738
302.919
303.106
303.3
303.502
303.71
303.925
304.147
304.376
304.612
304.855
305.105
305.362
305.626
305.896
306.174
306.458
306.748
307.046
307.349
307.659
307.975
308.297
308.625
308.959
309.298
309.643
309.992
310.347
310.706
311.07
311.437
311.809
312.184
312.562
312.943
313.327
313.713
314.102
314.492
314.883
315.275
315.669
316.062
316.456
316.85
317.243
317.635
318.026
318.416
318.804
319.191
319.575
319.956
320.335
300.026
300.078
300.133
300.191
300.252
300.315
300.383
300.453
300.528
300.606
300.689
300.777
300.869
300.967
301.069
301.177
301.29
301.409
301.534
301.665
301.802
301.945
302.095
302.251
302.413
302.582
302.758
302.94
303.129
303.324
303.526
303.735
303.951
304.173
304.402
304.637
304.879
305.127
305.382
305.642
305.91
306.183
306.462
306.747
307.037
307.333
307.635
307.942
308.253
308.57
308.891
309.217
309.547
309.881
310.219
310.56
310.905
311.253
311.603
311.956
312.312
312.669
313.028
313.389
313.751
314.113
314.476
314.84
315.204
315.568
315.931
316.293
316.655
317.015
317.374
317.732
318.087
318.441
318.792
319.141
319.487
300.026
300.078
300.133
300.19
300.251
300.314
300.381
300.452
300.527
300.606
300.689
300.777
300.87
300.968
301.071
301.18
301.294
301.415
301.541
301.673
301.812
301.956
302.107
302.265
302.429
302.599
302.776
302.96
303.15
303.347
303.55
303.759
303.975
304.197
304.426
304.66
304.901
305.147
305.4
305.658
305.922
306.191
306.465
306.745
307.029
307.318
307.612
307.91
308.212
308.518
308.828
309.142
309.459
309.779
310.101
310.427
310.755
311.084
311.416
311.75
312.084
312.42
312.757
313.095
313.433
313.771
314.11
314.448
314.785
315.122
315.458
315.793
316.127
316.459
316.789
317.118
317.444
317.769
318.091
318.41
318.727
300.025
300.077
300.132
300.189
300.249
300.313
300.379
300.45
300.525
300.604
300.688
300.776
300.87
300.968
301.072
301.182
301.298
301.419
301.546
301.68
301.82
301.966
302.119
302.278
302.443
302.615
302.793
302.978
303.169
303.367
303.571
303.781
303.997
304.219
304.447
304.681
304.921
305.166
305.416
305.671
305.932
306.197
306.467
306.741
307.02
307.303
307.589
307.879
308.173
308.469
308.769
309.071
309.376
309.683
309.992
310.303
310.615
310.929
311.244
311.56
311.876
312.193
312.51
312.828
313.145
313.461
313.777
314.092
314.407
314.72
315.031
315.342
315.65
315.957
316.262
316.565
316.866
317.164
317.459
317.753
318.043
300.025
300.077
300.131
300.188
300.247
300.31
300.377
300.448
300.523
300.602
300.686
300.774
300.868
300.968
301.072
301.183
301.299
301.422
301.55
301.685
301.826
301.974
302.128
302.288
302.455
302.628
302.808
302.994
303.186
303.384
303.589
303.799
304.016
304.238
304.465
304.698
304.937
305.18
305.428
305.681
305.938
306.2
306.466
306.735
307.008
307.285
307.565
307.847
308.132
308.42
308.71
309.002
309.296
309.591
309.888
310.185
310.484
310.783
311.083
311.382
311.682
311.982
312.281
312.58
312.878
313.175
313.471
313.766
314.059
314.351
314.641
314.929
315.215
315.499
315.781
316.061
316.338
316.613
316.885
317.155
317.421
300.025
300.076
300.13
300.186
300.245
300.308
300.374
300.445
300.52
300.599
300.683
300.772
300.866
300.966
301.071
301.183
301.3
301.423
301.553
301.689
301.831
301.98
302.135
302.296
302.464
302.639
302.819
303.006
303.199
303.398
303.603
303.814
304.03
304.252
304.479
304.711
304.948
305.189
305.435
305.686
305.94
306.198
306.459
306.724
306.992
307.262
307.536
307.811
308.089
308.368
308.649
308.931
309.214
309.499
309.784
310.069
310.355
310.64
310.926
311.211
311.496
311.779
312.062
312.344
312.625
312.904
313.182
313.458
313.732
314.005
314.275
314.543
314.809
315.073
315.334
315.593
315.849
316.103
316.353
316.601
316.846
300.025
300.075
300.128
300.184
300.243
300.305
300.371
300.441
300.516
300.595
300.679
300.768
300.863
300.963
301.069
301.181
301.299
301.423
301.553
301.69
301.833
301.983
302.139
302.302
302.471
302.646
302.827
303.015
303.208
303.408
303.613
303.824
304.04
304.261
304.487
304.718
304.953
305.193
305.436
305.684
305.935
306.189
306.446
306.706
306.968
307.233
307.5
307.768
308.038
308.309
308.581
308.854
309.128
309.401
309.675
309.949
310.223
310.496
310.768
311.039
311.31
311.579
311.846
312.113
312.377
312.64
312.901
313.16
313.417
313.671
313.924
314.174
314.421
314.666
314.908
315.148
315.384
315.618
315.85
316.078
316.304
300.024
300.074
300.127
300.182
300.24
300.302
300.368
300.437
300.512
300.591
300.675
300.764
300.859
300.959
301.065
301.178
301.296
301.421
301.552
301.69
301.834
301.984
302.141
302.304
302.474
302.65
302.832
303.02
303.214
303.413
303.618
303.829
304.044
304.264
304.489
304.718
304.952
305.189
305.43
305.674
305.921
306.172
306.424
306.679
306.936
307.195
307.455
307.716
307.978
308.241
308.505
308.768
309.032
309.295
309.558
309.821
310.082
310.343
310.603
310.861
311.118
311.373
311.626
311.878
312.127
312.374
312.62
312.862
313.103
313.341
313.576
313.809
314.039
314.266
314.491
314.713
314.932
315.148
315.361
315.572
315.779
300.024
300.073
300.125
300.179
300.237
300.298
300.364
300.433
300.507
300.586
300.67
300.759
300.854
300.954
301.061
301.174
301.292
301.418
301.549
301.688
301.832
301.983
302.141
302.305
302.475
302.651
302.834
303.022
303.216
303.415
303.619
303.829
304.044
304.263
304.486
304.713
304.944
305.179
305.417
305.657
305.901
306.146
306.394
306.643
306.894
307.147
307.4
307.654
307.908
308.163
308.417
308.671
308.925
309.178
309.43
309.681
309.931
310.18
310.427
310.672
310.915
311.157
311.396
311.634
311.868
312.101
312.331
312.559
312.784
313.006
313.225
313.442
313.656
313.867
314.076
314.281
314.483
314.683
314.88
315.073
315.264
300.024
300.072
300.123
300.177
300.234
300.295
300.359
300.428
300.502
300.581
300.664
300.754
300.848
300.949
301.056
301.169
301.288
301.414
301.546
301.685
301.83
301.982
302.14
302.304
302.474
302.651
302.833
303.021
303.215
303.414
303.618
303.827
304.04
304.257
304.479
304.704
304.933
305.164
305.398
305.635
305.874
306.114
306.357
306.6
306.844
307.09
307.335
307.581
307.827
308.073
308.318
308.562
308.806
309.049
309.29
309.53
309.768
310.004
310.239
310.472
310.702
310.93
311.156
311.38
311.601
311.819
312.035
312.248
312.458
312.666
312.871
313.072
313.271
313.467
313.66
313.851
314.038
314.222
314.404
314.582
314.758
300.023
300.071
300.121
300.175
300.231
300.291
300.356
300.424
300.497
300.576
300.659
300.748
300.843
300.944
301.051
301.164
301.284
301.41
301.543
301.682
301.828
301.98
302.138
302.303
302.474
302.651
302.833
303.021
303.215
303.413
303.617
303.824
304.036
304.252
304.471
304.693
304.918
305.146
305.376
305.608
305.842
306.077
306.314
306.551
306.789
307.027
307.265
307.502
307.74
307.977
308.212
308.447
308.681
308.913
309.143
309.372
309.599
309.824
310.046
310.267
310.485
310.7
310.913
311.124
311.331
311.536
311.739
311.938
312.135
312.328
312.519
312.707
312.892
313.074
313.253
313.429
313.602
313.772
313.94
314.104
314.266
300.023
300.07
300.12
300.173
300.229
300.288
300.352
300.42
300.494
300.572
300.655
300.744
300.839
300.94
301.047
301.161
301.281
301.408
301.541
301.681
301.827
301.98
302.139
302.304
302.476
302.653
302.836
303.024
303.217
303.415
303.617
303.823
304.033
304.247
304.464
304.683
304.905
305.13
305.356
305.584
305.813
306.043
306.274
306.505
306.736
306.967
307.198
307.428
307.657
307.885
308.112
308.338
308.562
308.784
309.005
309.223
309.439
309.653
309.864
310.073
310.28
310.484
310.685
310.883
311.079
311.272
311.461
311.648
311.832
312.013
312.191
312.366
312.539
312.708
312.874
313.037
313.198
313.355
313.51
313.661
313.81
300.023
300.07
300.119
300.171
300.227
300.286
300.35
300.418
300.491
300.569
300.652
300.741
300.837
300.938
301.046
301.16
301.28
301.407
301.541
301.682
301.829
301.983
302.143
302.309
302.481
302.659
302.842
303.03
303.222
303.42
303.621
303.827
304.036
304.248
304.463
304.68
304.9
305.121
305.344
305.569
305.794
306.02
306.246
306.472
306.698
306.923
307.148
307.372
307.594
307.815
308.035
308.253
308.469
308.683
308.895
309.104
309.312
309.516
309.719
309.918
310.115
310.309
310.5
310.688
310.874
311.056
311.235
311.412
311.585
311.756
311.923
312.088
312.249
312.408
312.563
312.716
312.865
313.012
313.156
313.297
313.435
300.023
300.069
300.118
300.17
300.226
300.285
300.348
300.416
300.489
300.567
300.651
300.74
300.836
300.937
301.045
301.16
301.281
301.409
301.543
301.685
301.833
301.988
302.148
302.315
302.488
302.666
302.849
303.037
303.231
303.428
303.63
303.835
304.043
304.255
304.469
304.686
304.905
305.125
305.347
305.569
305.792
306.016
306.24
306.463
306.686
306.908
307.13
307.35
307.568
307.785
308.001
308.214
308.425
308.635
308.841
309.046
309.247
309.446
309.643
309.836
310.027
310.215
310.4
310.582
310.761
310.936
311.109
311.279
311.446
311.61
311.77
311.928
312.082
312.234
312.383
312.528
312.671
312.811
312.948
313.082
313.213
392.613
400.667
407.432
413.319
418.528
423.17
427.307
430.972
434.18
436.932
439.217
441.011
442.28
442.976
443.033
442.36
440.83
438.249
434.288
428.292
418.62
411.965
406.782
402.471
398.739
395.425
392.427
389.675
387.12
384.725
382.463
380.312
378.254
376.276
374.367
372.516
370.716
368.961
367.245
365.564
363.914
362.292
360.694
359.118
357.563
356.025
354.504
352.998
351.505
350.026
348.559
347.105
345.663
344.235
342.821
341.422
340.039
338.674
337.328
336.003
334.701
333.423
332.171
330.947
329.752
328.588
327.456
326.357
325.292
324.263
323.268
322.31
321.388
320.503
319.653
318.839
318.061
317.317
316.606
315.929
315.283
314.669
314.083
313.526
312.996
312.492
312.012
311.555
311.119
310.705
310.309
309.932
309.571
309.226
308.896
308.58
308.276
307.984
307.703
307.432
307.171
306.918
306.674
306.437
306.208
305.986
305.769
305.559
305.355
305.156
304.962
304.773
304.589
304.41
304.235
304.064
303.898
303.736
303.578
303.424
303.274
303.128
302.986
302.848
302.713
302.583
302.457
302.334
302.215
302.1
301.989
301.881
301.777
301.677
301.581
301.488
301.399
301.313
301.231
301.153
301.078
301.006
300.938
300.873
300.811
300.752
300.697
300.645
300.595
300.548
300.504
300.463
300.424
300.388
300.354
300.322
300.293
300.265
300.24
300.217
300.195
387.856
394.873
401.174
406.82
411.891
416.448
420.531
424.163
427.352
430.095
432.38
434.184
435.472
436.197
436.299
435.694
434.271
431.876
428.295
423.263
416.74
411.052
406.246
402.115
398.485
395.235
392.279
389.558
387.025
384.647
382.398
380.257
378.208
376.237
374.333
372.486
370.69
368.938
367.225
365.546
363.898
362.277
360.681
359.107
357.552
356.016
354.495
352.989
351.497
350.018
348.552
347.098
345.656
344.228
342.814
341.415
340.032
338.667
337.321
335.996
334.693
333.415
332.163
330.939
329.744
328.58
327.448
326.349
325.284
324.255
323.261
322.303
321.381
320.496
319.646
318.833
318.054
317.311
316.601
315.924
315.278
314.664
314.079
313.522
312.992
312.488
312.008
311.552
311.117
310.702
310.307
309.93
309.57
309.225
308.895
308.579
308.275
307.983
307.702
307.431
307.17
306.918
306.674
306.437
306.208
305.985
305.769
305.559
305.355
305.156
304.962
304.773
304.589
304.41
304.235
304.064
303.898
303.736
303.578
303.424
303.274
303.128
302.986
302.848
302.714
302.583
302.457
302.334
302.215
302.1
301.989
301.881
301.777
301.677
301.581
301.488
301.399
301.313
301.231
301.153
301.078
301.006
300.938
300.873
300.811
300.753
300.697
300.645
300.595
300.548
300.504
300.463
300.424
300.388
300.354
300.322
300.293
300.265
300.24
300.217
300.195
383.742
389.765
395.439
400.688
405.499
409.881
413.846
417.398
420.537
423.253
425.532
427.347
428.667
429.449
429.637
429.163
427.942
425.873
422.854
418.843
414.062
409.409
405.171
401.366
397.938
394.819
391.955
389.3
386.816
384.476
382.257
380.139
378.108
376.152
374.259
372.423
370.635
368.89
367.183
365.509
363.865
362.247
360.654
359.082
357.53
355.995
354.476
352.972
351.481
350.003
348.536
347.083
345.641
344.213
342.799
341.399
340.016
338.651
337.304
335.979
334.676
333.398
332.146
330.922
329.727
328.563
327.431
326.332
325.267
324.238
323.245
322.287
321.366
320.481
319.633
318.82
318.042
317.299
316.59
315.913
315.269
314.655
314.071
313.515
312.985
312.482
312.003
311.547
311.112
310.698
310.304
309.927
309.567
309.223
308.893
308.577
308.273
307.982
307.701
307.431
307.17
306.917
306.673
306.437
306.208
305.986
305.77
305.56
305.355
305.156
304.962
304.774
304.59
304.41
304.235
304.065
303.899
303.736
303.578
303.425
303.275
303.129
302.987
302.849
302.714
302.584
302.457
302.335
302.216
302.101
301.989
301.882
301.778
301.678
301.581
301.488
301.399
301.314
301.232
301.153
301.078
301.006
300.938
300.873
300.811
300.753
300.697
300.645
300.595
300.549
300.505
300.463
300.424
300.388
300.354
300.322
300.293
300.266
300.24
300.217
300.195
379.876
385.088
390.138
394.926
399.403
403.543
407.332
410.76
413.814
416.48
418.738
420.563
421.923
422.78
423.087
422.792
421.836
420.165
417.746
414.617
410.976
407.225
403.608
400.217
397.07
394.148
391.426
388.875
386.471
384.193
382.022
379.943
377.944
376.012
374.14
372.321
370.547
368.813
367.115
365.449
363.812
362.2
360.612
359.044
357.495
355.963
354.447
352.944
351.455
349.977
348.512
347.059
345.618
344.19
342.775
341.375
339.992
338.626
337.279
335.953
334.65
333.372
332.119
330.895
329.7
328.536
327.405
326.306
325.242
324.214
323.221
322.265
321.344
320.461
319.613
318.801
318.025
317.283
316.575
315.899
315.256
314.643
314.06
313.505
312.977
312.474
311.996
311.541
311.107
310.694
310.3
309.924
309.564
309.22
308.891
308.576
308.273
307.981
307.701
307.431
307.17
306.918
306.674
306.438
306.209
305.987
305.771
305.561
305.357
305.158
304.964
304.775
304.591
304.412
304.237
304.066
303.9
303.738
303.58
303.426
303.276
303.13
302.988
302.85
302.716
302.585
302.459
302.336
302.217
302.102
301.99
301.883
301.779
301.679
301.582
301.489
301.4
301.314
301.232
301.154
301.079
301.007
300.939
300.874
300.812
300.753
300.698
300.645
300.596
300.549
300.505
300.463
300.425
300.388
300.354
300.323
300.293
300.266
300.24
300.217
300.195
376.138
380.693
385.175
389.501
393.612
397.468
401.04
404.305
407.245
409.837
412.06
413.886
415.287
416.229
416.675
416.586
415.926
414.669
412.817
410.423
407.625
404.633
401.618
398.681
395.869
393.198
390.664
388.258
385.966
383.777
381.677
379.655
377.701
375.808
373.967
372.173
370.419
368.703
367.019
365.365
363.737
362.134
360.552
358.99
357.446
355.919
354.405
352.905
351.418
349.942
348.478
347.025
345.585
344.156
342.742
341.342
339.958
338.591
337.244
335.918
334.615
333.336
332.084
330.86
329.665
328.501
327.37
326.273
325.21
324.183
323.191
322.236
321.317
320.435
319.589
318.779
318.004
317.263
316.557
315.883
315.241
314.63
314.048
313.494
312.967
312.466
311.989
311.535
311.102
310.69
310.297
309.921
309.563
309.219
308.891
308.576
308.273
307.983
307.703
307.433
307.172
306.92
306.677
306.441
306.212
305.99
305.774
305.564
305.36
305.161
304.967
304.779
304.595
304.415
304.24
304.069
303.903
303.741
303.583
303.429
303.279
303.133
302.99
302.852
302.718
302.587
302.461
302.338
302.219
302.103
301.992
301.884
301.78
301.68
301.583
301.491
301.401
301.316
301.233
301.155
301.08
301.008
300.94
300.874
300.813
300.754
300.698
300.646
300.596
300.549
300.505
300.464
300.425
300.389
300.355
300.323
300.294
300.266
300.241
300.217
300.195
372.489
376.499
380.481
384.371
388.113
391.667
394.997
398.075
400.875
403.373
405.544
407.362
408.799
409.828
410.419
410.543
410.18
409.32
407.975
406.194
404.067
401.717
399.259
396.779
394.333
391.951
389.645
387.421
385.275
383.202
381.197
379.254
377.364
375.524
373.727
371.969
370.245
368.553
366.889
365.252
363.638
362.046
360.474
358.919
357.382
355.859
354.35
352.854
351.369
349.896
348.433
346.981
345.541
344.113
342.699
341.299
339.914
338.548
337.2
335.874
334.571
333.292
332.04
330.816
329.622
328.46
327.33
326.234
325.172
324.146
323.157
322.203
321.286
320.406
319.562
318.754
317.981
317.243
316.538
315.866
315.226
314.617
314.037
313.484
312.959
312.459
311.983
311.531
311.099
310.688
310.296
309.921
309.563
309.221
308.893
308.579
308.277
307.986
307.707
307.437
307.177
306.926
306.682
306.446
306.218
305.995
305.78
305.57
305.366
305.167
304.973
304.784
304.6
304.42
304.245
304.074
303.908
303.745
303.587
303.433
303.283
303.137
302.994
302.856
302.721
302.591
302.464
302.341
302.221
302.106
301.994
301.887
301.782
301.682
301.585
301.492
301.403
301.317
301.235
301.156
301.081
301.009
300.941
300.876
300.814
300.755
300.699
300.647
300.597
300.55
300.506
300.465
300.426
300.389
300.355
300.323
300.294
300.266
300.241
300.217
300.196
368.918
372.467
376.01
379.499
382.889
386.14
389.219
392.094
394.738
397.125
399.23
401.027
402.493
403.602
404.331
404.66
404.575
404.075
403.173
401.906
400.333
398.531
396.578
394.54
392.47
390.4
388.353
386.341
384.371
382.445
380.561
378.718
376.912
375.142
373.404
371.695
370.013
368.355
366.719
365.104
363.509
361.932
360.372
358.829
357.3
355.784
354.281
352.789
351.308
349.838
348.377
346.927
345.488
344.061
342.646
341.246
339.862
338.496
337.148
335.822
334.519
333.241
331.99
330.767
329.575
328.413
327.285
326.191
325.131
324.108
323.12
322.169
321.255
320.377
319.535
318.73
317.959
317.223
316.521
315.852
315.214
314.606
314.028
313.478
312.954
312.456
311.982
311.53
311.1
310.69
310.299
309.925
309.568
309.227
308.899
308.586
308.284
307.994
307.715
307.446
307.186
306.935
306.691
306.455
306.227
306.005
305.789
305.579
305.374
305.175
304.981
304.792
304.608
304.428
304.253
304.082
303.915
303.752
303.594
303.439
303.289
303.142
303
302.861
302.726
302.595
302.468
302.345
302.225
302.11
301.998
301.89
301.786
301.685
301.588
301.495
301.405
301.319
301.237
301.158
301.083
301.011
300.942
300.877
300.815
300.756
300.7
300.648
300.598
300.551
300.507
300.465
300.426
300.39
300.356
300.324
300.294
300.267
300.241
300.218
300.196
365.425
368.577
371.735
374.862
377.922
380.882
383.71
386.377
388.855
391.12
393.147
394.913
396.394
397.57
398.422
398.935
399.099
398.914
398.392
397.558
396.451
395.12
393.618
391.996
390.294
388.547
386.777
385.003
383.235
381.48
379.741
378.022
376.322
374.642
372.98
371.335
369.707
368.095
366.498
364.915
363.345
361.789
360.245
358.715
357.197
355.691
354.195
352.71
351.234
349.767
348.31
346.862
345.425
343.999
342.586
341.186
339.803
338.437
337.091
335.765
334.463
333.187
331.937
330.715
329.525
328.365
327.239
326.147
325.091
324.07
323.085
322.137
321.225
320.35
319.511
318.709
317.941
317.208
316.508
315.841
315.206
314.6
314.024
313.476
312.954
312.458
311.985
311.535
311.106
310.697
310.307
309.935
309.579
309.238
308.911
308.598
308.297
308.007
307.728
307.459
307.2
306.948
306.705
306.469
306.24
306.018
305.802
305.592
305.387
305.188
304.993
304.804
304.619
304.439
304.263
304.092
303.925
303.762
303.603
303.448
303.297
303.15
303.007
302.868
302.733
302.601
302.474
302.35
302.231
302.115
302.003
301.894
301.79
301.689
301.592
301.498
301.408
301.322
301.24
301.161
301.085
301.013
300.944
300.879
300.817
300.758
300.702
300.649
300.599
300.552
300.508
300.466
300.427
300.391
300.357
300.325
300.295
300.268
300.242
300.218
300.196
362.015
364.821
367.639
370.441
373.199
375.885
378.471
380.932
383.242
385.378
387.318
389.039
390.523
391.749
392.703
393.373
393.75
393.834
393.633
393.162
392.448
391.523
390.421
389.18
387.831
386.404
384.92
383.397
381.85
380.288
378.718
377.144
375.571
374
372.432
370.868
369.31
367.757
366.21
364.669
363.135
361.607
360.087
358.575
357.072
355.577
354.092
352.614
351.145
349.684
348.231
346.787
345.353
343.929
342.518
341.121
339.739
338.375
337.03
335.706
334.406
333.131
331.883
330.664
329.476
328.319
327.196
326.107
325.054
324.036
323.054
322.109
321.201
320.329
319.494
318.694
317.929
317.199
316.502
315.838
315.205
314.602
314.028
313.482
312.962
312.467
311.996
311.547
311.12
310.712
310.323
309.951
309.596
309.256
308.93
308.617
308.316
308.027
307.748
307.479
307.219
306.968
306.725
306.489
306.26
306.037
305.82
305.61
305.405
305.205
305.01
304.82
304.635
304.454
304.278
304.106
303.938
303.774
303.615
303.459
303.308
303.16
303.017
302.877
302.742
302.61
302.482
302.358
302.238
302.121
302.009
301.9
301.795
301.694
301.596
301.502
301.412
301.326
301.243
301.164
301.088
301.016
300.947
300.881
300.819
300.76
300.704
300.651
300.601
300.554
300.509
300.468
300.428
300.392
300.358
300.326
300.296
300.268
300.243
300.219
300.197
358.694
361.197
363.715
366.227
368.711
371.143
373.501
375.763
377.906
379.911
381.756
383.424
384.894
386.153
387.186
387.982
388.534
388.841
388.907
388.74
388.357
387.778
387.028
386.131
385.111
383.991
382.79
381.526
380.211
378.857
377.473
376.064
374.636
373.193
371.738
370.274
368.801
367.323
365.84
364.353
362.865
361.377
359.888
358.402
356.919
355.44
353.968
352.501
351.041
349.588
348.142
346.703
345.274
343.854
342.446
341.052
339.673
338.311
336.969
335.648
334.351
333.078
331.834
330.618
329.433
328.28
327.16
326.074
325.024
324.01
323.032
322.091
321.186
320.318
319.486
318.689
317.928
317.2
316.506
315.844
315.214
314.613
314.041
313.497
312.979
312.486
312.016
311.569
311.142
310.736
310.348
309.977
309.622
309.282
308.957
308.644
308.344
308.055
307.776
307.507
307.247
306.995
306.751
306.515
306.285
306.062
305.845
305.634
305.428
305.228
305.032
304.841
304.655
304.474
304.297
304.124
303.955
303.791
303.631
303.474
303.322
303.174
303.03
302.889
302.753
302.62
302.492
302.367
302.246
302.129
302.016
301.907
301.802
301.7
301.602
301.508
301.417
301.33
301.247
301.168
301.092
301.019
300.95
300.884
300.821
300.762
300.706
300.653
300.603
300.555
300.511
300.469
300.43
300.393
300.359
300.327
300.297
300.269
300.243
300.22
300.198
355.472
357.708
359.96
362.213
364.448
366.648
368.794
370.868
372.85
374.724
376.471
378.075
379.52
380.793
381.88
382.773
383.464
383.951
384.234
384.317
384.21
383.926
383.48
382.888
382.168
381.336
380.408
379.399
378.321
377.184
375.997
374.767
373.501
372.204
370.878
369.529
368.159
366.771
365.367
363.95
362.521
361.082
359.636
358.185
356.731
355.276
353.821
352.369
350.922
349.479
348.042
346.611
345.188
343.775
342.372
340.983
339.608
338.251
336.912
335.595
334.302
333.033
331.793
330.581
329.399
328.25
327.135
326.053
325.007
323.997
323.023
322.085
321.184
320.32
319.491
318.697
317.939
317.214
316.523
315.864
315.235
314.637
314.067
313.525
313.008
312.516
312.048
311.602
311.176
310.77
310.383
310.013
309.658
309.319
308.994
308.681
308.381
308.092
307.813
307.543
307.283
307.031
306.786
306.549
306.319
306.095
305.877
305.665
305.458
305.257
305.06
304.869
304.681
304.499
304.321
304.147
303.977
303.812
303.65
303.493
303.34
303.191
303.046
302.904
302.767
302.634
302.504
302.379
302.257
302.14
302.026
301.916
301.81
301.708
301.609
301.514
301.423
301.336
301.252
301.172
301.096
301.023
300.953
300.887
300.825
300.765
300.709
300.655
300.605
300.558
300.513
300.471
300.431
300.395
300.36
300.328
300.298
300.27
300.244
300.22
300.198
352.357
354.357
356.373
358.395
360.407
362.396
364.347
366.245
368.074
369.819
371.466
373
374.407
375.676
376.796
377.758
378.554
379.18
379.636
379.922
380.043
380.006
379.819
379.493
379.041
378.473
377.802
377.038
376.192
375.273
374.29
373.248
372.156
371.016
369.836
368.617
367.365
366.083
364.773
363.439
362.083
360.708
359.317
357.912
356.497
355.074
353.646
352.215
350.784
349.356
347.931
346.511
345.098
343.693
342.299
340.916
339.548
338.196
336.864
335.552
334.264
333
331.764
330.557
329.381
328.236
327.125
326.048
325.006
324
323.03
322.097
321.199
320.338
319.512
318.722
317.966
317.245
316.556
315.899
315.272
314.676
314.108
313.567
313.051
312.561
312.093
311.648
311.223
310.818
310.431
310.061
309.707
309.368
309.043
308.73
308.429
308.14
307.86
307.59
307.329
307.076
306.831
306.593
306.362
306.137
305.918
305.704
305.496
305.294
305.096
304.903
304.714
304.53
304.351
304.176
304.005
303.838
303.675
303.517
303.362
303.212
303.065
302.923
302.784
302.65
302.52
302.393
302.271
302.152
302.037
301.927
301.82
301.717
301.618
301.522
301.431
301.343
301.259
301.178
301.101
301.028
300.958
300.891
300.828
300.768
300.712
300.658
300.608
300.56
300.515
300.473
300.433
300.396
300.362
300.329
300.299
300.271
300.245
300.221
300.199
349.357
351.147
352.955
354.77
356.582
358.381
360.153
361.888
363.572
365.194
366.74
368.199
369.559
370.81
371.942
372.946
373.817
374.549
375.138
375.585
375.889
376.055
376.086
375.989
375.771
375.44
375.003
374.469
373.846
373.14
372.359
371.51
370.596
369.625
368.599
367.524
366.403
365.241
364.039
362.803
361.534
360.236
358.913
357.567
356.203
354.823
353.431
352.031
350.624
349.216
347.808
346.404
345.004
343.611
342.227
340.854
339.495
338.152
336.826
335.522
334.24
332.983
331.753
330.552
329.381
328.241
327.135
326.063
325.026
324.024
323.058
322.128
321.234
320.376
319.554
318.766
318.013
317.294
316.607
315.952
315.327
314.732
314.165
313.626
313.111
312.622
312.155
311.71
311.286
310.881
310.494
310.124
309.77
309.431
309.105
308.792
308.491
308.2
307.92
307.649
307.387
307.133
306.887
306.648
306.415
306.188
305.968
305.753
305.544
305.339
305.14
304.945
304.755
304.569
304.388
304.211
304.038
303.87
303.706
303.545
303.389
303.237
303.089
302.946
302.806
302.67
302.538
302.411
302.287
302.167
302.051
301.94
301.832
301.728
301.628
301.532
301.439
301.351
301.266
301.185
301.107
301.033
300.963
300.896
300.833
300.772
300.715
300.662
300.611
300.563
300.518
300.475
300.435
300.398
300.363
300.331
300.301
300.272
300.246
300.222
300.2
346.48
348.084
349.706
351.338
352.971
354.597
356.208
357.792
359.341
360.844
362.29
363.671
364.976
366.196
367.323
368.349
369.268
370.073
370.763
371.332
371.782
372.111
372.322
372.417
372.4
372.276
372.049
371.725
371.309
370.806
370.222
369.561
368.829
368.029
367.165
366.242
365.263
364.231
363.151
362.025
360.857
359.65
358.408
357.135
355.834
354.51
353.166
351.806
350.434
349.055
347.67
346.286
344.905
343.528
342.158
340.799
339.451
338.119
336.803
335.508
334.234
332.985
331.762
330.568
329.403
328.27
327.169
326.102
325.069
324.071
323.109
322.183
321.293
320.438
319.618
318.833
318.082
317.365
316.68
316.026
315.403
314.809
314.243
313.704
313.191
312.701
312.235
311.791
311.366
310.961
310.575
310.204
309.85
309.51
309.184
308.87
308.567
308.276
307.995
307.723
307.459
307.204
306.956
306.715
306.48
306.252
306.03
305.813
305.601
305.395
305.193
304.996
304.804
304.616
304.433
304.254
304.079
303.909
303.742
303.58
303.422
303.268
303.119
302.973
302.831
302.694
302.561
302.431
302.306
302.185
302.068
301.955
301.846
301.741
301.64
301.543
301.45
301.36
301.275
301.193
301.114
301.04
300.969
300.902
300.838
300.777
300.72
300.665
300.614
300.566
300.52
300.478
300.438
300.4
300.365
300.333
300.302
300.274
300.248
300.223
300.201
343.733
345.172
346.628
348.096
349.569
351.041
352.504
353.95
355.373
356.763
358.113
359.414
360.658
361.837
362.945
363.973
364.917
365.771
366.53
367.191
367.751
368.209
368.564
368.817
368.97
369.023
368.98
368.842
368.615
368.3
367.901
367.423
366.867
366.237
365.537
364.77
363.939
363.048
362.098
361.094
360.039
358.936
357.788
356.601
355.376
354.12
352.836
351.529
350.203
348.862
347.512
346.155
344.797
343.442
342.092
340.749
339.417
338.099
336.796
335.512
334.249
333.009
331.795
330.608
329.451
328.324
327.229
326.167
325.139
324.146
323.188
322.265
321.378
320.526
319.708
318.925
318.176
317.461
316.777
316.124
315.502
314.909
314.344
313.805
313.292
312.803
312.336
311.892
311.467
311.062
310.674
310.303
309.948
309.607
309.28
308.965
308.661
308.369
308.086
307.812
307.547
307.289
307.039
306.796
306.56
306.329
306.104
305.885
305.671
305.462
305.258
305.059
304.864
304.673
304.487
304.306
304.128
303.955
303.787
303.622
303.462
303.305
303.153
303.006
302.862
302.723
302.587
302.456
302.329
302.207
302.088
301.974
301.863
301.757
301.654
301.556
301.462
301.371
301.285
301.202
301.123
301.048
300.976
300.908
300.844
300.782
300.725
300.67
300.618
300.569
300.524
300.481
300.44
300.403
300.367
300.334
300.304
300.275
300.249
300.225
300.202
341.12
342.413
343.722
345.044
346.373
347.706
349.035
350.356
351.661
352.945
354.201
355.421
356.601
357.732
358.809
359.825
360.776
361.655
362.459
363.183
363.824
364.38
364.848
365.228
365.519
365.721
365.834
365.86
365.799
365.654
365.426
365.118
364.73
364.266
363.728
363.117
362.437
361.689
360.877
360.003
359.07
358.081
357.04
355.95
354.815
353.64
352.429
351.186
349.918
348.628
347.322
346.003
344.677
343.35
342.024
340.704
339.392
338.091
336.805
335.535
334.285
333.057
331.853
330.675
329.526
328.407
327.318
326.262
325.24
324.251
323.297
322.377
321.493
320.643
319.828
319.047
318.299
317.584
316.901
316.25
315.628
315.035
314.47
313.931
313.418
312.928
312.461
312.016
311.591
311.185
310.796
310.425
310.068
309.726
309.397
309.08
308.775
308.481
308.196
307.92
307.652
307.393
307.14
306.894
306.655
306.422
306.194
305.972
305.755
305.543
305.335
305.133
304.935
304.741
304.552
304.367
304.187
304.011
303.839
303.672
303.508
303.349
303.195
303.044
302.898
302.756
302.619
302.486
302.357
302.232
302.111
301.995
301.883
301.775
301.671
301.571
301.476
301.384
301.296
301.213
301.133
301.057
300.984
300.916
300.85
300.789
300.73
300.675
300.623
300.573
300.527
300.484
300.443
300.405
300.37
300.337
300.306
300.277
300.25
300.226
300.203
338.647
339.809
340.987
342.179
343.38
344.587
345.795
347
348.198
349.381
350.547
351.689
352.801
353.879
354.916
355.909
356.851
357.738
358.565
359.329
360.026
360.652
361.205
361.683
362.085
362.407
362.651
362.815
362.9
362.904
362.83
362.676
362.445
362.137
361.754
361.295
360.764
360.162
359.49
358.751
357.947
357.081
356.155
355.173
354.139
353.057
351.93
350.765
349.566
348.339
347.088
345.819
344.537
343.246
341.952
340.659
339.372
338.094
336.828
335.576
334.342
333.128
331.936
330.77
329.631
328.52
327.439
326.389
325.372
324.388
323.438
322.522
321.64
320.793
319.979
319.2
318.453
317.739
317.057
316.405
315.783
315.19
314.625
314.086
313.571
313.081
312.614
312.167
311.741
311.334
310.944
310.57
310.212
309.868
309.538
309.219
308.912
308.615
308.327
308.049
307.778
307.516
307.26
307.011
306.769
306.532
306.301
306.075
305.854
305.638
305.427
305.221
305.019
304.822
304.629
304.44
304.256
304.077
303.901
303.73
303.564
303.401
303.243
303.09
302.941
302.796
302.656
302.52
302.388
302.261
302.139
302.02
301.906
301.796
301.691
301.589
301.492
301.399
301.31
301.225
301.144
301.067
300.994
300.924
300.858
300.795
300.736
300.68
300.628
300.578
300.531
300.488
300.447
300.408
300.372
300.339
300.308
300.279
300.252
300.227
300.204
336.317
337.362
338.424
339.499
340.585
341.679
342.778
343.877
344.974
346.065
347.144
348.208
349.253
350.274
351.266
352.225
353.146
354.026
354.86
355.644
356.375
357.049
357.663
358.214
358.7
359.119
359.468
359.746
359.953
360.086
360.146
360.131
360.042
359.877
359.639
359.325
358.938
358.478
357.946
357.344
356.672
355.933
355.129
354.264
353.34
352.36
351.33
350.254
349.137
347.983
346.799
345.59
344.362
343.119
341.866
340.609
339.354
338.103
336.862
335.632
334.417
333.221
332.045
330.892
329.764
328.663
327.591
326.549
325.538
324.56
323.614
322.701
321.822
320.977
320.165
319.387
318.641
317.928
317.245
316.594
315.972
315.378
314.812
314.272
313.756
313.265
312.796
312.348
311.92
311.511
311.12
310.744
310.384
310.038
309.705
309.384
309.074
308.774
308.483
308.201
307.928
307.661
307.402
307.149
306.903
306.662
306.427
306.196
305.971
305.751
305.535
305.325
305.118
304.916
304.719
304.526
304.338
304.154
303.974
303.799
303.628
303.462
303.3
303.143
302.991
302.843
302.699
302.56
302.426
302.296
302.17
302.049
301.933
301.821
301.713
301.61
301.511
301.416
301.326
301.239
301.157
301.079
301.004
300.934
300.867
300.803
300.743
300.687
300.633
300.583
300.536
300.492
300.45
300.411
300.375
300.341
300.31
300.281
300.254
300.229
300.206
334.131
335.073
336.031
337.002
337.984
338.977
339.976
340.979
341.983
342.986
343.984
344.973
345.951
346.912
347.855
348.774
349.666
350.527
351.354
352.143
352.89
353.592
354.245
354.847
355.395
355.887
356.318
356.689
356.995
357.236
357.41
357.516
357.551
357.516
357.41
357.231
356.98
356.656
356.259
355.791
355.252
354.642
353.964
353.22
352.413
351.545
350.62
349.643
348.617
347.549
346.443
345.306
344.142
342.957
341.757
340.546
339.328
338.113
336.902
335.699
334.509
333.333
332.176
331.04
329.926
328.837
327.775
326.742
325.739
324.766
323.826
322.917
322.042
321.199
320.389
319.612
318.867
318.153
317.471
316.819
316.196
315.602
315.034
314.493
313.976
313.483
313.012
312.563
312.133
311.721
311.327
310.95
310.587
310.238
309.902
309.578
309.264
308.961
308.667
308.381
308.103
307.833
307.569
307.312
307.06
306.815
306.574
306.339
306.109
305.883
305.662
305.446
305.234
305.027
304.825
304.626
304.433
304.244
304.059
303.879
303.704
303.533
303.367
303.205
303.049
302.897
302.749
302.607
302.469
302.336
302.207
302.083
301.964
301.849
301.739
301.634
301.533
301.436
301.344
301.256
301.172
301.092
301.016
300.945
300.877
300.812
300.751
300.694
300.64
300.589
300.541
300.496
300.454
300.415
300.378
300.344
300.312
300.283
300.256
300.23
300.207
332.09
332.94
333.804
334.682
335.572
336.473
337.381
338.297
339.216
340.138
341.058
341.976
342.887
343.789
344.679
345.553
346.409
347.243
348.052
348.832
349.581
350.295
350.971
351.605
352.196
352.739
353.232
353.673
354.059
354.388
354.657
354.864
355.007
355.086
355.097
355.04
354.913
354.716
354.448
354.109
353.699
353.217
352.666
352.046
351.359
350.607
349.795
348.924
348
347.026
346.009
344.953
343.864
342.747
341.609
340.454
339.288
338.115
336.941
335.771
334.61
333.461
332.327
331.21
330.113
329.04
327.991
326.969
325.974
325.009
324.075
323.171
322.3
321.46
320.652
319.876
319.132
318.419
317.736
317.084
316.46
315.864
315.296
314.752
314.234
313.739
313.266
312.814
312.382
311.968
311.571
311.19
310.824
310.472
310.133
309.805
309.487
309.18
308.881
308.591
308.308
308.033
307.764
307.501
307.244
306.992
306.746
306.505
306.268
306.037
305.81
305.587
305.369
305.156
304.947
304.743
304.543
304.348
304.158
303.972
303.791
303.615
303.444
303.277
303.116
302.959
302.807
302.66
302.518
302.381
302.249
302.122
302
301.882
301.769
301.661
301.557
301.458
301.364
301.274
301.189
301.107
301.03
300.957
300.888
300.822
300.76
300.702
300.647
300.595
300.547
300.501
300.458
300.419
300.382
300.347
300.315
300.285
300.258
300.232
300.209
330.195
330.962
331.743
332.538
333.344
334.162
334.989
335.824
336.665
337.511
338.359
339.207
340.054
340.897
341.733
342.56
343.375
344.175
344.958
345.72
346.459
347.171
347.855
348.506
349.122
349.699
350.236
350.729
351.175
351.572
351.917
352.208
352.442
352.616
352.73
352.78
352.766
352.684
352.535
352.317
352.03
351.672
351.244
350.747
350.182
349.549
348.853
348.095
347.278
346.407
345.487
344.522
343.517
342.479
341.413
340.323
339.216
338.097
336.971
335.841
334.716
333.598
332.491
331.399
330.324
329.268
328.235
327.227
326.244
325.288
324.362
323.464
322.598
321.762
320.957
320.183
319.44
318.727
318.045
317.391
316.767
316.17
315.599
315.054
314.534
314.036
313.561
313.106
312.671
312.254
311.854
311.47
311.1
310.744
310.401
310.068
309.746
309.434
309.13
308.835
308.546
308.265
307.99
307.721
307.457
307.199
306.945
306.697
306.454
306.215
305.98
305.75
305.525
305.305
305.089
304.877
304.67
304.469
304.271
304.079
303.892
303.709
303.532
303.36
303.193
303.031
302.874
302.722
302.575
302.434
302.298
302.167
302.04
301.919
301.803
301.692
301.586
301.484
301.388
301.296
301.208
301.125
301.046
300.971
300.9
300.833
300.77
300.711
300.655
300.602
300.553
300.506
300.463
300.423
300.385
300.35
300.318
300.288
300.26
300.234
300.21
328.442
329.135
329.842
330.562
331.294
332.036
332.789
333.551
334.32
335.095
335.876
336.659
337.444
338.229
339.011
339.789
340.56
341.322
342.072
342.809
343.529
344.229
344.909
345.563
346.19
346.787
347.351
347.879
348.368
348.816
349.22
349.577
349.884
350.138
350.338
350.481
350.564
350.586
350.544
350.437
350.264
350.023
349.713
349.336
348.89
348.376
347.797
347.154
346.45
345.687
344.87
344.004
343.092
342.141
341.156
340.141
339.103
338.046
336.976
335.898
334.817
333.736
332.663
331.601
330.552
329.519
328.506
327.514
326.545
325.602
324.685
323.796
322.936
322.105
321.304
320.533
319.792
319.08
318.398
317.745
317.119
316.521
315.949
315.402
314.879
314.379
313.901
313.443
313.005
312.584
312.181
311.792
311.419
311.058
310.71
310.372
310.045
309.727
309.418
309.116
308.821
308.532
308.25
307.974
307.702
307.436
307.175
306.918
306.667
306.419
306.177
305.938
305.705
305.476
305.251
305.032
304.817
304.607
304.402
304.202
304.007
303.818
303.633
303.454
303.281
303.113
302.95
302.792
302.641
302.494
302.353
302.217
302.087
301.962
301.842
301.727
301.618
301.514
301.414
301.32
301.23
301.144
301.063
300.987
300.914
300.846
300.781
300.721
300.663
300.61
300.56
300.512
300.469
300.428
300.389
300.354
300.321
300.29
300.262
300.236
300.212
326.83
327.458
328.098
328.751
329.415
330.09
330.775
331.47
332.173
332.884
333.601
334.323
335.049
335.777
336.506
337.234
337.959
338.68
339.394
340.099
340.793
341.474
342.139
342.787
343.413
344.017
344.594
345.143
345.66
346.144
346.59
346.996
347.36
347.679
347.95
348.17
348.336
348.447
348.499
348.492
348.422
348.289
348.09
347.825
347.494
347.097
346.634
346.106
345.515
344.864
344.155
343.393
342.581
341.725
340.828
339.897
338.936
337.951
336.947
335.928
334.901
333.868
332.836
331.809
330.791
329.787
328.797
327.826
326.876
325.948
325.044
324.166
323.315
322.491
321.695
320.928
320.19
319.481
318.8
318.146
317.521
316.921
316.348
315.799
315.274
314.772
314.291
313.829
313.387
312.963
312.555
312.163
311.784
311.418
311.065
310.722
310.388
310.064
309.747
309.438
309.136
308.839
308.549
308.264
307.984
307.708
307.438
307.172
306.91
306.653
306.401
306.153
305.91
305.671
305.437
305.208
304.984
304.765
304.551
304.342
304.139
303.941
303.749
303.562
303.381
303.206
303.036
302.873
302.715
302.562
302.416
302.275
302.14
302.01
301.886
301.768
301.655
301.547
301.444
301.347
301.254
301.166
301.083
301.004
300.93
300.86
300.794
300.732
300.673
300.618
300.567
300.519
300.474
300.433
300.394
300.358
300.324
300.293
300.264
300.238
300.214
325.355
325.924
326.505
327.097
327.7
328.314
328.938
329.572
330.214
330.865
331.523
332.187
332.857
333.531
334.208
334.887
335.566
336.244
336.918
337.588
338.252
338.907
339.551
340.183
340.8
341.399
341.978
342.536
343.068
343.573
344.048
344.49
344.896
345.263
345.589
345.872
346.107
346.293
346.426
346.505
346.527
346.491
346.393
346.233
346.01
345.723
345.372
344.957
344.479
343.939
343.341
342.686
341.979
341.223
340.422
339.581
338.706
337.8
336.87
335.919
334.954
333.979
332.998
332.016
331.036
330.065
329.105
328.16
327.232
326.324
325.436
324.572
323.732
322.918
322.13
321.369
320.636
319.929
319.251
318.599
317.973
317.374
316.799
316.249
315.722
315.217
314.733
314.268
313.822
313.394
312.982
312.584
312.2
311.829
311.469
311.12
310.779
310.447
310.123
309.805
309.494
309.189
308.889
308.594
308.304
308.018
307.737
307.46
307.188
306.92
306.656
306.397
306.143
305.893
305.648
305.408
305.173
304.943
304.719
304.501
304.288
304.081
303.879
303.684
303.495
303.311
303.134
302.963
302.798
302.639
302.486
302.34
302.199
302.065
301.936
301.813
301.696
301.584
301.478
301.377
301.282
301.191
301.105
301.024
300.948
300.875
300.808
300.744
300.684
300.628
300.575
300.526
300.481
300.438
300.398
300.362
300.328
300.296
300.267
300.24
300.216
324.013
324.529
325.056
325.594
326.143
326.701
327.27
327.848
328.435
329.03
329.633
330.244
330.861
331.483
332.11
332.74
333.373
334.007
334.641
335.273
335.903
336.527
337.145
337.755
338.354
338.941
339.513
340.069
340.605
341.12
341.61
342.074
342.509
342.912
343.279
343.61
343.899
344.146
344.347
344.5
344.601
344.649
344.642
344.577
344.452
344.268
344.022
343.715
343.346
342.917
342.429
341.883
341.282
340.63
339.93
339.186
338.402
337.584
336.735
335.861
334.966
334.056
333.134
332.206
331.276
330.347
329.423
328.509
327.609
326.725
325.858
325.012
324.187
323.386
322.608
321.856
321.129
320.428
319.753
319.103
318.48
317.881
317.306
316.755
316.226
315.719
315.232
314.764
314.314
313.881
313.464
313.061
312.672
312.294
311.928
311.571
311.222
310.882
310.549
310.222
309.901
309.585
309.274
308.968
308.666
308.369
308.075
307.786
307.501
307.221
306.944
306.673
306.405
306.143
305.886
305.633
305.386
305.145
304.909
304.68
304.456
304.238
304.026
303.821
303.622
303.43
303.244
303.065
302.892
302.726
302.566
302.413
302.266
302.126
301.992
301.864
301.742
301.626
301.516
301.411
301.312
301.218
301.13
301.046
300.967
300.893
300.823
300.757
300.696
300.638
300.584
300.534
300.487
300.444
300.403
300.366
300.331
300.299
300.27
300.242
300.217
322.796
323.266
323.745
324.234
324.733
325.242
325.76
326.287
326.823
327.368
327.92
328.481
329.048
329.621
330.2
330.783
331.371
331.962
332.554
333.147
333.74
334.331
334.918
335.501
336.077
336.645
337.202
337.748
338.279
338.794
339.29
339.765
340.216
340.641
341.038
341.403
341.734
342.028
342.283
342.496
342.664
342.784
342.855
342.874
342.838
342.747
342.599
342.393
342.128
341.804
341.423
340.984
340.491
339.944
339.348
338.704
338.018
337.292
336.532
335.741
334.925
334.088
333.234
332.368
331.494
330.617
329.74
328.866
328
327.145
326.305
325.481
324.676
323.891
323.128
322.387
321.669
320.976
320.307
319.662
319.041
318.444
317.87
317.319
316.789
316.28
315.791
315.32
314.866
314.429
314.006
313.598
313.202
312.818
312.444
312.078
311.721
311.372
311.028
310.691
310.358
310.031
309.707
309.389
309.074
308.763
308.456
308.152
307.853
307.558
307.268
306.982
306.7
306.423
306.152
305.886
305.626
305.371
305.122
304.88
304.643
304.414
304.191
303.974
303.765
303.562
303.367
303.178
302.997
302.822
302.655
302.495
302.341
302.194
302.054
301.921
301.793
301.673
301.558
301.449
301.346
301.249
301.157
301.07
300.988
300.912
300.839
300.772
300.709
300.649
300.594
300.543
300.495
300.45
300.409
300.371
300.335
300.303
300.272
300.245
300.219
321.701
322.128
322.564
323.009
323.464
323.927
324.4
324.881
325.37
325.868
326.374
326.887
327.407
327.934
328.467
329.006
329.55
330.098
330.649
331.202
331.757
332.313
332.867
333.419
333.968
334.511
335.048
335.577
336.096
336.602
337.094
337.57
338.028
338.465
338.879
339.267
339.628
339.957
340.253
340.513
340.735
340.915
341.052
341.142
341.184
341.176
341.115
341.001
340.833
340.609
340.329
339.995
339.606
339.164
338.672
338.131
337.545
336.917
336.251
335.55
334.819
334.063
333.284
332.489
331.68
330.862
330.04
329.216
328.394
327.579
326.771
325.975
325.195
324.431
323.686
322.961
322.256
321.573
320.913
320.275
319.659
319.065
318.494
317.944
317.414
316.904
316.412
315.939
315.481
315.04
314.612
314.197
313.795
313.403
313.02
312.646
312.279
311.918
311.564
311.214
310.869
310.528
310.191
309.858
309.528
309.202
308.879
308.56
308.245
307.934
307.627
307.325
307.028
306.735
306.448
306.167
305.891
305.621
305.358
305.102
304.852
304.609
304.373
304.144
303.923
303.709
303.503
303.305
303.113
302.93
302.754
302.585
302.424
302.27
302.123
301.983
301.85
301.724
301.604
301.491
301.383
301.282
301.187
301.096
301.012
300.932
300.858
300.788
300.722
300.661
300.605
300.552
300.502
300.457
300.415
300.375
300.339
300.306
300.275
300.247
300.221
320.717
321.106
321.503
321.909
322.323
322.746
323.177
323.616
324.063
324.517
324.98
325.45
325.926
326.41
326.9
327.396
327.898
328.404
328.914
329.429
329.945
330.464
330.984
331.503
332.021
332.537
333.049
333.556
334.056
334.547
335.029
335.498
335.953
336.393
336.814
337.215
337.593
337.946
338.272
338.567
338.83
339.058
339.248
339.398
339.506
339.569
339.586
339.554
339.473
339.34
339.156
338.919
338.631
338.291
337.901
337.463
336.979
336.451
335.882
335.276
334.637
333.967
333.272
332.554
331.819
331.069
330.31
329.544
328.775
328.007
327.243
326.485
325.737
325
324.278
323.573
322.886
322.218
321.569
320.941
320.333
319.745
319.178
318.63
318.102
317.592
317.099
316.623
316.163
315.716
315.283
314.862
314.452
314.052
313.66
313.275
312.897
312.524
312.157
311.793
311.434
311.078
310.725
310.376
310.029
309.686
309.346
309.01
308.677
308.348
308.024
307.704
307.388
307.078
306.774
306.475
306.183
305.897
305.618
305.346
305.081
304.823
304.574
304.332
304.098
303.872
303.654
303.444
303.242
303.049
302.863
302.685
302.516
302.354
302.199
302.052
301.913
301.781
301.655
301.536
301.424
301.319
301.219
301.125
301.037
300.955
300.877
300.805
300.738
300.675
300.616
300.561
300.511
300.464
300.421
300.381
300.344
300.31
300.278
300.25
300.223
319.835
320.19
320.553
320.923
321.301
321.687
322.08
322.481
322.889
323.304
323.727
324.156
324.593
325.036
325.485
325.94
326.402
326.868
327.339
327.814
328.293
328.775
329.259
329.745
330.231
330.716
331.2
331.681
332.157
332.629
333.093
333.549
333.995
334.429
334.849
335.254
335.64
336.006
336.351
336.67
336.963
337.227
337.459
337.657
337.819
337.942
338.024
338.064
338.059
338.008
337.91
337.764
337.57
337.327
337.036
336.698
336.314
335.887
335.417
334.909
334.365
333.788
333.181
332.548
331.894
331.22
330.532
329.832
329.125
328.414
327.701
326.99
326.284
325.585
324.896
324.218
323.554
322.905
322.272
321.658
321.061
320.482
319.921
319.378
318.853
318.344
317.851
317.374
316.91
316.459
316.02
315.592
315.174
314.764
314.361
313.965
313.575
313.188
312.806
312.428
312.052
311.679
311.309
310.942
310.577
310.215
309.856
309.5
309.148
308.799
308.455
308.116
307.781
307.452
307.129
306.812
306.501
306.198
305.901
305.612
305.331
305.058
304.793
304.537
304.289
304.049
303.818
303.596
303.383
303.178
302.982
302.794
302.615
302.445
302.282
302.128
301.981
301.842
301.71
301.586
301.469
301.358
301.254
301.156
301.065
300.979
300.899
300.824
300.754
300.689
300.628
300.572
300.52
300.471
300.427
300.386
300.348
300.313
300.281
300.252
300.225
319.045
319.37
319.701
320.04
320.385
320.737
321.096
321.461
321.834
322.213
322.599
322.991
323.39
323.796
324.207
324.624
325.047
325.475
325.908
326.346
326.788
327.233
327.682
328.133
328.585
329.039
329.492
329.945
330.395
330.843
331.286
331.723
332.154
332.576
332.988
333.388
333.774
334.145
334.498
334.832
335.145
335.433
335.696
335.93
336.134
336.305
336.442
336.541
336.602
336.623
336.601
336.536
336.428
336.274
336.076
335.833
335.547
335.217
334.847
334.437
333.989
333.508
332.994
332.452
331.884
331.294
330.685
330.06
329.423
328.776
328.124
327.469
326.814
326.161
325.513
324.873
324.241
323.621
323.012
322.417
321.836
321.269
320.719
320.183
319.663
319.157
318.665
318.187
317.72
317.265
316.82
316.384
315.956
315.536
315.122
314.712
314.308
313.906
313.508
313.112
312.719
312.327
311.938
311.551
311.166
310.784
310.404
310.027
309.653
309.284
308.919
308.559
308.203
307.854
307.511
307.174
306.844
306.522
306.207
305.9
305.601
305.311
305.03
304.758
304.495
304.241
303.996
303.761
303.535
303.318
303.11
302.912
302.723
302.543
302.371
302.209
302.054
301.908
301.77
301.639
301.516
301.401
301.292
301.19
301.094
301.005
300.921
300.843
300.771
300.703
300.641
300.583
300.529
300.479
300.434
300.391
300.353
300.317
300.284
300.255
300.227
318.335
318.632
318.935
319.244
319.559
319.881
320.209
320.542
320.883
321.229
321.581
321.939
322.304
322.674
323.05
323.431
323.818
324.21
324.607
325.009
325.415
325.824
326.238
326.654
327.073
327.494
327.916
328.339
328.761
329.181
329.6
330.015
330.426
330.831
331.228
331.618
331.997
332.365
332.719
333.058
333.381
333.684
333.967
334.227
334.462
334.67
334.849
334.997
335.112
335.192
335.236
335.242
335.209
335.136
335.022
334.867
334.672
334.436
334.161
333.847
333.496
333.111
332.692
332.243
331.766
331.265
330.741
330.197
329.638
329.065
328.482
327.891
327.296
326.698
326.101
325.506
324.916
324.332
323.756
323.189
322.632
322.086
321.551
321.029
320.517
320.018
319.529
319.051
318.582
318.122
317.671
317.226
316.789
316.357
315.929
315.506
315.085
314.667
314.251
313.836
313.424
313.012
312.602
312.194
311.788
311.384
310.982
310.584
310.188
309.797
309.41
309.028
308.651
308.28
307.916
307.558
307.208
306.866
306.531
306.206
305.889
305.581
305.282
304.993
304.714
304.445
304.185
303.936
303.696
303.467
303.247
303.038
302.838
302.647
302.466
302.295
302.132
301.978
301.833
301.696
301.567
301.446
301.332
301.225
301.125
301.032
300.945
300.864
300.789
300.719
300.654
300.594
300.538
300.487
300.44
300.397
300.357
300.321
300.287
300.257
300.229
317.689
317.961
318.239
318.522
318.81
319.104
319.403
319.707
320.018
320.334
320.655
320.982
321.314
321.652
321.995
322.343
322.696
323.054
323.417
323.784
324.156
324.531
324.911
325.293
325.679
326.067
326.458
326.849
327.241
327.634
328.025
328.415
328.803
329.187
329.566
329.94
330.306
330.664
331.013
331.35
331.674
331.984
332.277
332.553
332.808
333.042
333.252
333.437
333.594
333.723
333.82
333.886
333.917
333.914
333.875
333.799
333.686
333.537
333.35
333.127
332.869
332.577
332.253
331.897
331.513
331.102
330.667
330.21
329.734
329.241
328.733
328.215
327.687
327.153
326.615
326.074
325.534
324.995
324.459
323.928
323.403
322.884
322.373
321.869
321.373
320.885
320.404
319.931
319.464
319.002
318.546
318.095
317.647
317.203
316.762
316.324
315.887
315.451
315.017
314.584
314.151
313.719
313.288
312.858
312.43
312.004
311.58
311.159
310.741
310.327
309.918
309.513
309.114
308.722
308.336
307.957
307.586
307.223
306.869
306.524
306.188
305.862
305.545
305.239
304.943
304.658
304.383
304.119
303.866
303.623
303.391
303.169
302.958
302.757
302.566
302.385
302.214
302.052
301.899
301.755
301.62
301.493
301.374
301.262
301.158
301.06
300.97
300.886
300.807
300.735
300.668
300.606
300.548
300.496
300.447
300.403
300.362
300.325
300.29
300.259
300.231
317.092
317.342
317.596
317.855
318.119
318.387
318.661
318.939
319.222
319.509
319.802
320.1
320.403
320.71
321.023
321.34
321.661
321.988
322.318
322.653
322.992
323.335
323.682
324.032
324.386
324.742
325.101
325.461
325.823
326.186
326.55
326.913
327.275
327.635
327.993
328.347
328.696
329.039
329.376
329.705
330.024
330.332
330.627
330.909
331.176
331.426
331.656
331.867
332.055
332.22
332.359
332.472
332.556
332.61
332.634
332.626
332.585
332.512
332.405
332.266
332.093
331.889
331.654
331.388
331.094
330.773
330.427
330.057
329.666
329.257
328.83
328.389
327.935
327.47
326.998
326.519
326.035
325.549
325.061
324.573
324.087
323.603
323.121
322.643
322.169
321.698
321.231
320.768
320.308
319.85
319.394
318.939
318.485
318.032
317.58
317.128
316.677
316.225
315.774
315.322
314.87
314.418
313.967
313.517
313.068
312.62
312.174
311.732
311.292
310.857
310.425
310
309.579
309.166
308.759
308.359
307.968
307.585
307.211
306.847
306.492
306.148
305.814
305.49
305.178
304.877
304.586
304.308
304.04
303.784
303.539
303.305
303.083
302.871
302.67
302.479
302.299
302.129
301.968
301.817
301.675
301.542
301.417
301.3
301.191
301.09
300.995
300.908
300.826
300.751
300.681
300.617
300.558
300.504
300.454
300.408
300.366
300.328
300.293
300.262
300.233
316.529
316.759
316.992
317.229
317.47
317.715
317.965
318.218
318.476
318.738
319.005
319.275
319.551
319.83
320.114
320.402
320.695
320.992
321.292
321.597
321.906
322.218
322.534
322.853
323.175
323.5
323.828
324.158
324.49
324.824
325.158
325.494
325.829
326.164
326.497
326.828
327.157
327.482
327.802
328.116
328.424
328.724
329.015
329.295
329.564
329.82
330.062
330.287
330.495
330.685
330.853
331.001
331.124
331.224
331.298
331.345
331.364
331.355
331.316
331.249
331.152
331.026
330.872
330.689
330.479
330.243
329.981
329.697
329.39
329.063
328.717
328.354
327.976
327.584
327.181
326.768
326.347
325.918
325.485
325.047
324.605
324.162
323.717
323.271
322.824
322.378
321.931
321.484
321.036
320.587
320.137
319.686
319.232
318.776
318.318
317.859
317.397
316.934
316.47
316.004
315.537
315.069
314.601
314.133
313.666
313.2
312.736
312.274
311.816
311.361
310.911
310.466
310.027
309.594
309.168
308.75
308.34
307.939
307.546
307.164
306.792
306.43
306.08
305.74
305.412
305.095
304.79
304.497
304.215
303.946
303.688
303.443
303.208
302.986
302.775
302.574
302.385
302.206
302.038
301.88
301.731
301.591
301.461
301.339
301.225
301.119
301.021
300.93
300.846
300.767
300.695
300.629
300.568
300.512
300.461
300.414
300.371
300.332
300.296
300.264
300.234
315.987
316.197
316.411
316.628
316.849
317.073
317.3
317.532
317.766
318.005
318.247
318.493
318.742
318.996
319.253
319.514
319.779
320.048
320.321
320.598
320.878
321.161
321.447
321.737
322.03
322.325
322.623
322.923
323.226
323.53
323.836
324.143
324.451
324.758
325.066
325.372
325.677
325.98
326.28
326.576
326.868
327.153
327.433
327.705
327.968
328.222
328.465
328.695
328.913
329.115
329.302
329.471
329.622
329.753
329.863
329.951
330.016
330.057
330.073
330.065
330.031
329.971
329.885
329.774
329.638
329.478
329.294
329.086
328.857
328.608
328.339
328.051
327.747
327.428
327.094
326.748
326.39
326.023
325.646
325.261
324.869
324.471
324.067
323.659
323.246
322.83
322.409
321.985
321.556
321.124
320.688
320.247
319.802
319.352
318.897
318.438
317.975
317.508
317.039
316.566
316.091
315.614
315.136
314.658
314.179
313.701
313.225
312.75
312.278
311.81
311.345
310.886
310.432
309.984
309.543
309.11
308.685
308.268
307.861
307.463
307.076
306.699
306.334
305.979
305.637
305.306
304.987
304.681
304.387
304.105
303.835
303.578
303.333
303.1
302.878
302.669
302.471
302.284
302.108
301.942
301.786
301.641
301.505
301.378
301.259
301.149
301.047
300.952
300.865
300.784
300.709
300.641
300.578
300.52
300.467
300.419
300.375
300.335
300.298
300.265
300.235
315.455
315.648
315.844
316.043
316.244
316.449
316.657
316.867
317.081
317.298
317.517
317.74
317.966
318.196
318.428
318.664
318.904
319.146
319.392
319.641
319.894
320.15
320.409
320.671
320.935
321.202
321.471
321.743
322.017
322.292
322.569
322.847
323.126
323.406
323.686
323.966
324.245
324.523
324.799
325.073
325.344
325.61
325.873
326.13
326.38
326.624
326.859
327.085
327.301
327.506
327.699
327.878
328.043
328.192
328.324
328.439
328.535
328.611
328.667
328.702
328.716
328.707
328.676
328.623
328.548
328.45
328.331
328.19
328.029
327.848
327.647
327.428
327.192
326.939
326.671
326.389
326.093
325.784
325.464
325.133
324.792
324.442
324.084
323.717
323.343
322.961
322.573
322.177
321.776
321.368
320.953
320.532
320.104
319.67
319.229
318.782
318.328
317.87
317.406
316.939
316.467
315.992
315.515
315.037
314.557
314.077
313.597
313.118
312.641
312.167
311.696
311.229
310.768
310.311
309.861
309.418
308.983
308.556
308.138
307.729
307.331
306.942
306.565
306.199
305.845
305.502
305.172
304.854
304.548
304.255
303.975
303.707
303.452
303.209
302.979
302.76
302.554
302.359
302.175
302.003
301.841
301.689
301.548
301.415
301.292
301.178
301.072
300.974
300.883
300.799
300.722
300.652
300.587
300.527
300.473
300.424
300.379
300.338
300.3
300.267
300.236
314.933
315.11
315.29
315.472
315.656
315.843
316.032
316.224
316.418
316.615
316.814
317.016
317.221
317.428
317.638
317.85
318.066
318.283
318.504
318.727
318.953
319.181
319.413
319.647
319.883
320.122
320.363
320.606
320.851
321.097
321.345
321.594
321.844
322.095
322.346
322.598
322.849
323.099
323.349
323.596
323.842
324.085
324.325
324.56
324.791
325.017
325.237
325.45
325.655
325.852
326.04
326.217
326.383
326.537
326.677
326.804
326.916
327.012
327.092
327.155
327.199
327.226
327.234
327.222
327.192
327.142
327.073
326.985
326.878
326.753
326.609
326.448
326.27
326.076
325.865
325.64
325.401
325.147
324.881
324.603
324.312
324.011
323.698
323.376
323.043
322.702
322.351
321.991
321.623
321.247
320.862
320.47
320.069
319.661
319.246
318.823
318.392
317.955
317.511
317.062
316.608
316.149
315.686
315.22
314.752
314.282
313.811
313.34
312.869
312.4
311.933
311.469
311.008
310.552
310.101
309.656
309.217
308.786
308.363
307.949
307.544
307.149
306.764
306.39
306.027
305.676
305.337
305.01
304.695
304.393
304.104
303.827
303.563
303.312
303.073
302.847
302.632
302.43
302.24
302.061
301.893
301.735
301.588
301.451
301.324
301.206
301.096
300.994
300.901
300.814
300.735
300.662
300.595
300.534
300.479
300.428
300.382
300.34
300.302
300.268
300.237
314.427
314.589
314.754
314.921
315.089
315.26
315.432
315.607
315.783
315.962
316.143
316.325
316.51
316.696
316.885
317.076
317.268
317.463
317.66
317.859
318.059
318.262
318.467
318.673
318.882
319.092
319.305
319.519
319.734
319.951
320.169
320.388
320.607
320.827
321.048
321.268
321.488
321.708
321.927
322.144
322.361
322.575
322.786
322.995
323.201
323.402
323.6
323.792
323.978
324.158
324.33
324.494
324.65
324.796
324.932
325.057
325.171
325.272
325.36
325.434
325.495
325.54
325.57
325.584
325.582
325.564
325.53
325.479
325.412
325.329
325.229
325.113
324.982
324.836
324.674
324.499
324.309
324.105
323.888
323.659
323.417
323.163
322.897
322.621
322.333
322.035
321.727
321.409
321.082
320.745
320.399
320.045
319.681
319.31
318.93
318.542
318.146
317.743
317.333
316.915
316.492
316.063
315.628
315.189
314.745
314.299
313.85
313.398
312.946
312.493
312.04
311.589
311.139
310.692
310.249
309.81
309.376
308.948
308.527
308.113
307.707
307.31
306.923
306.545
306.178
305.822
305.477
305.144
304.823
304.514
304.217
303.934
303.662
303.404
303.158
302.925
302.704
302.496
302.299
302.114
301.941
301.778
301.626
301.485
301.353
301.231
301.118
301.013
300.917
300.828
300.746
300.672
300.603
300.541
300.484
300.432
300.385
300.342
300.304
300.269
300.238
313.958
314.108
314.259
314.411
314.566
314.721
314.879
315.037
315.198
315.36
315.523
315.688
315.854
316.022
316.191
316.362
316.534
316.708
316.882
317.058
317.236
317.414
317.594
317.775
317.957
318.14
318.324
318.509
318.695
318.882
319.07
319.258
319.447
319.635
319.824
320.012
320.2
320.387
320.573
320.758
320.942
321.123
321.303
321.48
321.655
321.826
321.993
322.157
322.316
322.47
322.618
322.76
322.896
323.025
323.146
323.258
323.361
323.455
323.538
323.611
323.672
323.722
323.76
323.785
323.797
323.796
323.782
323.755
323.714
323.659
323.591
323.509
323.414
323.305
323.184
323.049
322.902
322.742
322.57
322.386
322.19
321.982
321.764
321.534
321.293
321.043
320.781
320.51
320.229
319.938
319.638
319.329
319.011
318.684
318.348
318.004
317.651
317.291
316.923
316.548
316.165
315.774
315.378
314.975
314.567
314.153
313.735
313.313
312.888
312.46
312.03
311.6
311.169
310.739
310.311
309.885
309.462
309.043
308.629
308.221
307.82
307.426
307.04
306.663
306.295
305.937
305.589
305.253
304.928
304.614
304.313
304.024
303.747
303.483
303.232
302.993
302.767
302.553
302.351
302.161
301.983
301.816
301.66
301.514
301.379
301.254
301.137
301.03
300.931
300.84
300.756
300.68
300.61
300.546
300.488
300.435
300.388
300.344
300.305
300.27
300.238
313.572
313.71
313.85
313.991
314.133
314.276
314.421
314.566
314.713
314.861
315.01
315.159
315.31
315.462
315.615
315.769
315.923
316.079
316.235
316.391
316.549
316.706
316.865
317.024
317.183
317.342
317.502
317.662
317.822
317.982
318.142
318.302
318.462
318.621
318.78
318.938
319.095
319.251
319.405
319.558
319.71
319.859
320.007
320.152
320.294
320.433
320.569
320.702
320.83
320.955
321.075
321.19
321.3
321.404
321.502
321.593
321.678
321.756
321.825
321.887
321.94
321.984
322.019
322.045
322.06
322.066
322.061
322.046
322.02
321.983
321.936
321.878
321.81
321.73
321.64
321.539
321.427
321.304
321.171
321.027
320.873
320.709
320.535
320.35
320.155
319.951
319.736
319.512
319.278
319.034
318.781
318.519
318.247
317.966
317.676
317.377
317.07
316.753
316.428
316.095
315.753
315.403
315.046
314.681
314.308
313.929
313.544
313.153
312.757
312.356
311.952
311.545
311.136
310.725
310.314
309.904
309.495
309.088
308.684
308.285
307.89
307.502
307.12
306.745
306.379
306.021
305.673
305.336
305.008
304.693
304.388
304.096
303.815
303.547
303.291
303.048
302.818
302.599
302.393
302.199
302.017
301.847
301.687
301.538
301.4
301.272
301.153
301.044
300.943
300.85
300.765
300.687
300.616
300.551
300.492
300.438
300.39
300.346
300.306
300.271
300.239
313.343
313.475
313.607
313.74
313.874
314.01
314.146
314.283
314.421
314.56
314.699
314.84
314.981
315.123
315.265
315.408
315.551
315.695
315.839
315.984
316.128
316.273
316.418
316.563
316.708
316.852
316.997
317.141
317.284
317.427
317.569
317.71
317.851
317.99
318.129
318.266
318.401
318.535
318.667
318.798
318.926
319.052
319.175
319.296
319.414
319.529
319.641
319.749
319.854
319.954
320.051
320.143
320.231
320.314
320.392
320.464
320.531
320.593
320.648
320.697
320.739
320.774
320.803
320.824
320.837
320.843
320.841
320.831
320.812
320.785
320.75
320.707
320.654
320.593
320.524
320.445
320.358
320.261
320.156
320.041
319.917
319.784
319.642
319.491
319.33
319.16
318.98
318.791
318.592
318.384
318.166
317.938
317.701
317.454
317.197
316.931
316.655
316.37
316.075
315.771
315.458
315.136
314.805
314.465
314.118
313.762
313.4
313.03
312.654
312.273
311.886
311.496
311.102
310.705
310.307
309.908
309.509
309.111
308.715
308.322
307.933
307.548
307.17
306.797
306.433
306.076
305.728
305.39
305.061
304.744
304.437
304.142
303.86
303.589
303.33
303.084
302.851
302.63
302.421
302.224
302.039
301.866
301.705
301.554
301.414
301.284
301.163
301.052
300.95
300.856
300.77
300.691
300.619
300.553
300.494
300.44
300.391
300.347
300.307
300.271
300.239
300.154
300.109
300.076
300.053
300.036
300.024
300.016
300.011
300.007
300.004
300.003
300.001
300.001
300
300
300
300
300
300
300
300
300
300
300
300
300
300
300
300
300
300
300
300
300
300
300
300
300
300
300
300
300
300
300
300
300
300
300
300
300
300
300.154
300.109
300.076
300.053
300.036
300.024
300.016
300.011
300.007
300.004
300.003
300.001
300.001
300
300
300
300
300
300
300
300
300
300
300
300
300
300
300
300
300
300
300
300
300
300
300
300
300
300
300
300
300
300
300
300
300
300
300
300
300
300
300.154
300.109
300.076
300.053
300.036
300.024
300.016
300.011
300.007
300.004
300.003
300.001
300.001
300
300
300
300
300
300
300
300
300
300
300
300
300
300
300
300
300
300
300
300
300
300
300
300
300
300
300
300
300
300
300
300
300
300
300
300
300
300
300.154
300.109
300.077
300.053
300.036
300.024
300.016
300.011
300.007
300.004
300.003
300.001
300.001
300
300
300
300
300
300
300
300
300
300
300
300
300
300
300
300
300
300
300
300
300
300
300
300
300
300
300
300
300
300
300
300
300
300
300
300
300
300
300.154
300.109
300.077
300.053
300.036
300.024
300.016
300.011
300.007
300.004
300.003
300.001
300.001
300
300
300
300
300
300
300
300
300
300
300
300
300
300
300
300
300
300
300
300
300
300
300
300
300
300
300
300
300
300
300
300
300
300
300
300
300
300
300.154
300.11
300.077
300.053
300.036
300.024
300.016
300.011
300.007
300.004
300.003
300.001
300.001
300
300
300
300
300
300
300
300
300
300
300
300
300
300
300
300
300
300
300
300
300
300
300
300
300
300
300
300
300
300
300
300
300
300
300
300
300
300
300.155
300.11
300.077
300.053
300.036
300.025
300.016
300.011
300.007
300.004
300.003
300.001
300.001
300
300
300
300
300
300
300
300
300
300
300
300
300
300
300
300
300
300
300
300
300
300
300
300
300
300
300
300
300
300
300
300
300
300
300
300
300
300
300.155
300.11
300.077
300.053
300.037
300.025
300.016
300.011
300.007
300.004
300.003
300.001
300.001
300
300
300
300
300
300
300
300
300
300
300
300
300
300
300
300
300
300
300
300
300
300
300
300
300
300
300
300
300
300
300
300
300
300
300
300
300
300
300.155
300.11
300.077
300.054
300.037
300.025
300.016
300.011
300.007
300.004
300.003
300.001
300.001
300
300
300
300
300
300
300
300
300
300
300
300
300
300
300
300
300
300
300
300
300
300
300
300
300
300
300
300
300
300
300
300
300
300
300
300
300
300
300.156
300.111
300.078
300.054
300.037
300.025
300.016
300.011
300.007
300.004
300.003
300.001
300.001
300
300
300
300
300
300
300
300
300
300
300
300
300
300
300
300
300
300
300
300
300
300
300
300
300
300
300
300
300
300
300
300
300
300
300
300
300
300
300.156
300.111
300.078
300.054
300.037
300.025
300.017
300.011
300.007
300.004
300.003
300.001
300.001
300
300
300
300
300
300
300
300
300
300
300
300
300
300
300
300
300
300
300
300
300
300
300
300
300
300
300
300
300
300
300
300
300
300
300
300
300
300
300.157
300.112
300.078
300.054
300.037
300.025
300.017
300.011
300.007
300.004
300.003
300.001
300.001
300
300
300
300
300
300
300
300
300
300
300
300
300
300
300
300
300
300
300
300
300
300
300
300
300
300
300
300
300
300
300
300
300
300
300
300
300
300
300.158
300.112
300.079
300.055
300.037
300.025
300.017
300.011
300.007
300.004
300.003
300.002
300.001
300
300
300
300
300
300
300
300
300
300
300
300
300
300
300
300
300
300
300
300
300
300
300
300
300
300
300
300
300
300
300
300
300
300
300
300
300
300
300.158
300.113
300.079
300.055
300.038
300.025
300.017
300.011
300.007
300.004
300.003
300.002
300.001
300
300
300
300
300
300
300
300
300
300
300
300
300
300
300
300
300
300
300
300
300
300
300
300
300
300
300
300
300
300
300
300
300
300
300
300
300
300
300.159
300.113
300.08
300.055
300.038
300.025
300.017
300.011
300.007
300.004
300.003
300.002
300.001
300
300
300
300
300
300
300
300
300
300
300
300
300
300
300
300
300
300
300
300
300
300
300
300
300
300
300
300
300
300
300
300
300
300
300
300
300
300
300.16
300.114
300.08
300.056
300.038
300.026
300.017
300.011
300.007
300.004
300.003
300.002
300.001
300
300
300
300
300
300
300
300
300
300
300
300
300
300
300
300
300
300
300
300
300
300
300
300
300
300
300
300
300
300
300
300
300
300
300
300
300
300
300.161
300.115
300.08
300.056
300.038
300.026
300.017
300.011
300.007
300.004
300.003
300.002
300.001
300
300
300
300
300
300
300
300
300
300
300
300
300
300
300
300
300
300
300
300
300
300
300
300
300
300
300
300
300
300
300
300
300
300
300
300
300
300
300.162
300.115
300.081
300.056
300.038
300.026
300.017
300.011
300.007
300.005
300.003
300.002
300.001
300
300
300
300
300
300
300
300
300
300
300
300
300
300
300
300
300
300
300
300
300
300
300
300
300
300
300
300
300
300
300
300
300
300
300
300
300
300
300.163
300.116
300.081
300.057
300.039
300.026
300.017
300.011
300.007
300.005
300.003
300.002
300.001
300
300
300
300
300
300
300
300
300
300
300
300
300
300
300
300
300
300
300
300
300
300
300
300
300
300
300
300
300
300
300
300
300
300
300
300
300
300
300.164
300.117
300.082
300.057
300.039
300.026
300.017
300.011
300.007
300.005
300.003
300.002
300.001
300
300
300
300
300
300
300
300
300
300
300
300
300
300
300
300
300
300
300
300
300
300
300
300
300
300
300
300
300
300
300
300
300
300
300
300
300
300
300.165
300.117
300.082
300.057
300.039
300.026
300.018
300.011
300.007
300.005
300.003
300.002
300.001
300
300
300
300
300
300
300
300
300
300
300
300
300
300
300
300
300
300
300
300
300
300
300
300
300
300
300
300
300
300
300
300
300
300
300
300
300
300
300.166
300.118
300.083
300.057
300.039
300.027
300.018
300.012
300.007
300.005
300.003
300.002
300.001
300
300
300
300
300
300
300
300
300
300
300
300
300
300
300
300
300
300
300
300
300
300
300
300
300
300
300
300
300
300
300
300
300
300
300
300
300
300
300.168
300.119
300.083
300.058
300.039
300.027
300.018
300.012
300.007
300.005
300.003
300.002
300.001
300
300
300
300
300
300
300
300
300
300
300
300
300
300
300
300
300
300
300
300
300
300
300
300
300
300
300
300
300
300
300
300
300
300
300
300
300
300
300.169
300.12
300.084
300.058
300.04
300.027
300.018
300.012
300.007
300.005
300.003
300.002
300.001
300
300
300
300
300
300
300
300
300
300
300
300
300
300
300
300
300
300
300
300
300
300
300
300
300
300
300
300
300
300
300
300
300
300
300
300
300
300
300.17
300.12
300.084
300.058
300.04
300.027
300.018
300.012
300.007
300.005
300.003
300.002
300.001
300
300
300
300
300
300
300
300
300
300
300
300
300
300
300
300
300
300
300
300
300
300
300
300
300
300
300
300
300
300
300
300
300
300
300
300
300
300
300.171
300.121
300.085
300.058
300.04
300.027
300.018
300.012
300.007
300.005
300.003
300.002
300.001
300
300
300
300
300
300
300
300
300
300
300
300
300
300
300
300
300
300
300
300
300
300
300
300
300
300
300
300
300
300
300
300
300
300
300
300
300
300
300.173
300.122
300.085
300.059
300.04
300.027
300.018
300.012
300.007
300.005
300.003
300.002
300.001
300
300
300
300
300
300
300
300
300
300
300
300
300
300
300
300
300
300
300
300
300
300
300
300
300
300
300
300
300
300
300
300
300
300
300
300
300
300
300.174
300.122
300.085
300.059
300.04
300.027
300.018
300.012
300.007
300.005
300.003
300.002
300.001
300
300
300
300
300
300
300
300
300
300
300
300
300
300
300
300
300
300
300
300
300
300
300
300
300
300
300
300
300
300
300
300
300
300
300
300
300
300
300.175
300.123
300.085
300.059
300.04
300.027
300.018
300.012
300.007
300.005
300.003
300.002
300.001
300
300
300
300
300
300
300
300
300
300
300
300
300
300
300
300
300
300
300
300
300
300
300
300
300
300
300
300
300
300
300
300
300
300
300
300
300
300
300.176
300.123
300.086
300.059
300.04
300.027
300.018
300.011
300.007
300.005
300.003
300.002
300.001
300
300
300
300
300
300
300
300
300
300
300
300
300
300
300
300
300
300
300
300
300
300
300
300
300
300
300
300
300
300
300
300
300
300
300
300
300
300
300.177
300.124
300.086
300.059
300.04
300.027
300.017
300.011
300.007
300.004
300.003
300.002
300.001
300
300
300
300
300
300
300
300
300
300
300
300
300
300
300
300
300
300
300
300
300
300
300
300
300
300
300
300
300
300
300
300
300
300
300
300
300
300
300.178
300.124
300.086
300.058
300.039
300.026
300.017
300.011
300.007
300.004
300.003
300.001
300.001
300
300
300
300
300
300
300
300
300
300
300
300
300
300
300
300
300
300
300
300
300
300
300
300
300
300
300
300
300
300
300
300
300
300
300
300
300
300
300.179
300.124
300.085
300.058
300.039
300.026
300.017
300.011
300.007
300.004
300.003
300.001
300.001
300
300
300
300
300
300
300
300
300
300
300
300
300
300
300
300
300
300
300
300
300
300
300
300
300
300
300
300
300
300
300
300
300
300
300
300
300
300
300.179
300.124
300.085
300.058
300.039
300.026
300.017
300.011
300.007
300.004
300.003
300.001
300.001
300
300
300
300
300
300
300
300
300
300
299.999
299.999
299.999
299.999
299.999
299.999
299.999
299.999
299.999
299.999
299.999
299.999
299.999
299.999
299.999
299.999
299.999
299.999
299.999
299.999
299.999
299.999
299.999
299.999
299.999
299.999
299.999
299.999
300.18
300.124
300.085
300.057
300.038
300.025
300.017
300.011
300.007
300.004
300.002
300.001
300.001
300
300
300
300
300
300
300
300
299.999
299.999
299.999
299.999
299.999
299.999
299.999
299.999
299.999
299.999
299.999
299.999
299.999
299.999
299.999
299.999
299.999
299.999
299.999
299.999
299.999
299.999
299.999
299.999
299.999
299.999
299.999
299.999
299.999
299.999
300.18
300.123
300.084
300.057
300.038
300.025
300.016
300.01
300.007
300.004
300.002
300.001
300.001
300
300
300
300
300
300
300
299.999
299.999
299.999
299.999
299.999
299.999
299.999
299.999
299.999
299.999
299.999
299.999
299.999
299.999
299.999
299.999
299.999
299.999
299.999
299.999
299.999
299.999
299.999
299.999
299.999
299.999
299.999
299.999
299.999
299.999
299.999
300.18
300.123
300.083
300.056
300.037
300.025
300.016
300.01
300.006
300.004
300.002
300.001
300.001
300
300
300
300
300
300
299.999
299.999
299.999
299.999
299.999
299.999
299.999
299.999
299.999
299.999
299.999
299.999
299.999
299.999
299.999
299.999
299.999
299.999
299.999
299.999
299.999
299.999
299.999
299.999
299.999
299.999
299.999
299.999
299.999
299.999
299.999
299.999
300.18
300.122
300.083
300.056
300.037
300.024
300.016
300.01
300.006
300.004
300.002
300.001
300.001
300
300
300
300
300
300
299.999
299.999
299.999
299.999
299.999
299.999
299.999
299.999
299.999
299.999
299.999
299.999
299.999
299.999
299.999
299.999
299.999
299.999
299.999
299.999
299.999
299.999
299.999
299.999
299.999
299.999
299.999
299.999
299.999
299.999
299.999
299.999
300.179
300.122
300.082
300.055
300.036
300.024
300.015
300.01
300.006
300.004
300.002
300.001
300
300
300
300
300
300
299.999
299.999
299.999
299.999
299.999
299.999
299.999
299.999
299.999
299.999
299.999
299.999
299.999
299.999
299.999
299.999
299.999
299.999
299.999
299.999
299.999
299.999
299.999
299.999
299.999
299.999
299.999
299.999
299.999
299.999
299.999
299.999
299.999
300.179
300.122
300.082
300.055
300.036
300.023
300.015
300.01
300.006
300.004
300.002
300.001
300
300
300
300
300
300
299.999
299.999
299.999
299.999
299.999
299.999
299.999
299.999
299.999
299.999
299.999
299.999
299.999
299.999
299.999
299.999
299.999
299.999
299.999
299.999
299.999
299.999
299.999
299.999
299.999
299.999
299.999
299.999
299.999
299.999
299.999
299.999
299.999
300.179
300.121
300.081
300.054
300.036
300.023
300.015
300.01
300.006
300.004
300.002
300.001
300
300
300
300
300
300
299.999
299.999
299.999
299.999
299.999
299.999
299.999
299.999
299.999
299.999
299.999
299.999
299.999
299.999
299.999
299.999
299.999
299.999
299.999
299.999
299.999
299.999
299.999
299.999
299.999
299.999
299.999
299.999
299.999
299.999
299.999
299.999
299.999
)
;

boundaryField
{
    inlet
    {
        type            fixedValue;
        value           uniform 300;
    }
    outlet
    {
        type            zeroGradient;
    }
    top
    {
        type            zeroGradient;
    }
    slip-bottom
    {
        type            zeroGradient;
    }
    bottom
    {
        type            zeroGradient;
    }
    interface
    {
        type            fixedGradient;
        gradient        nonuniform List<scalar> 
161
(
2999.99
2999.99
2999.99
2999.99
2999.99
2999.99
2999.99
2999.99
2999.99
2999.99
2999.99
2999.99
2999.99
2999.99
2999.99
2999.99
2999.99
2999.99
2999.99
2999.99
-2.55795e-13
-2.55795e-13
-2.55795e-13
-2.55795e-13
-2.55795e-13
-2.55795e-13
-2.55795e-13
-2.55795e-13
-2.55795e-13
-2.55795e-13
-2.55795e-13
-2.55795e-13
-2.55795e-13
-2.55795e-13
-2.55795e-13
-2.55795e-13
-2.55795e-13
-2.55795e-13
-2.55795e-13
-2.55795e-13
-8.2423e-13
-8.2423e-13
-8.2423e-13
-8.2423e-13
-8.2423e-13
-8.2423e-13
-8.2423e-13
-8.2423e-13
-8.2423e-13
-8.2423e-13
-8.2423e-13
-8.2423e-13
-8.2423e-13
-8.2423e-13
-8.2423e-13
-8.2423e-13
-2.55795e-13
-2.55795e-13
-2.55795e-13
-2.55795e-13
-2.55795e-13
-2.55795e-13
-2.55795e-13
-2.55795e-13
-2.55795e-13
-2.55795e-13
-2.55795e-13
-2.55795e-13
-2.55795e-13
-2.55795e-13
-2.55795e-13
5.68434e-14
5.68434e-14
5.68434e-14
5.68434e-14
5.68434e-14
5.68434e-14
5.68434e-14
5.68434e-14
5.68434e-14
5.68434e-14
5.68434e-14
5.68434e-14
8.52651e-14
8.52651e-14
8.52651e-14
8.52651e-14
8.52651e-14
8.52651e-14
8.52651e-14
8.52651e-14
8.52651e-14
8.52651e-14
8.52651e-14
-2.84217e-13
-2.84217e-13
-2.84217e-13
-2.84217e-13
-2.84217e-13
-2.84217e-13
-2.84217e-13
-2.84217e-13
-2.84217e-13
-2.84217e-13
1.13687e-12
1.13687e-12
1.13687e-12
1.13687e-12
1.13687e-12
1.13687e-12
1.13687e-12
1.13687e-12
1.13687e-12
4.26326e-13
4.26326e-13
4.26326e-13
4.26326e-13
4.26326e-13
4.26326e-13
4.26326e-13
4.26326e-13
-1.10845e-12
-1.10845e-12
-1.10845e-12
-1.10845e-12
-1.10845e-12
-1.10845e-12
-1.10845e-12
-1.10845e-12
1.13687e-13
1.13687e-13
1.13687e-13
1.13687e-13
1.13687e-13
1.13687e-13
1.13687e-13
5.68434e-14
5.68434e-14
5.68434e-14
5.68434e-14
5.68434e-14
5.68434e-14
5.68434e-14
5.68434e-13
5.68434e-13
5.68434e-13
5.68434e-13
5.68434e-13
5.68434e-13
2.55795e-13
2.55795e-13
2.55795e-13
2.55795e-13
2.55795e-13
2.55795e-13
-2.84217e-14
-2.84217e-14
-2.84217e-14
-2.84217e-14
-2.84217e-14
-2.84217e-14
)
;
    }
    defaultFaces
    {
        type            empty;
    }
}


// ************************************************************************* //
