/*--------------------------------*- C++ -*----------------------------------*\
  =========                 |
  \\      /  F ield         | OpenFOAM: The Open Source CFD Toolbox
   \\    /   O peration     | Website:  https://openfoam.org
    \\  /    A nd           | Version:  7
     \\/     M anipulation  |
\*---------------------------------------------------------------------------*/
FoamFile
{
    version     2.0;
    format      ascii;
    class       volScalarField;
    location    "0.35";
    object      T;
}
// * * * * * * * * * * * * * * * * * * * * * * * * * * * * * * * * * * * * * //

dimensions      [0 0 0 1 0 0 0];

internalField   nonuniform List<scalar> 
12013
(
300
300
300
300.001
300.001
300.001
300.002
300.003
300.004
300.005
300.007
300.01
300.014
300.018
300.024
300.032
300.042
300.054
300.069
300.088
300.111
300.139
300.172
300.212
300.26
300.316
300.382
300.459
300.549
300.652
300.77
300.905
301.059
301.232
301.428
301.646
301.89
302.161
302.462
302.793
303.157
303.556
303.991
304.466
304.981
305.539
306.142
306.793
307.493
308.244
309.049
309.911
310.831
311.813
312.858
313.971
315.153
316.409
317.741
319.154
320.652
322.238
323.919
325.699
327.586
329.585
331.704
333.954
336.344
338.886
341.595
344.488
347.586
350.916
354.51
358.413
362.685
367.413
372.729
378.862
386.257
300
300
300
300.001
300.001
300.001
300.002
300.003
300.004
300.005
300.007
300.01
300.014
300.018
300.024
300.032
300.042
300.054
300.069
300.088
300.111
300.139
300.172
300.212
300.26
300.316
300.382
300.459
300.548
300.652
300.77
300.905
301.058
301.232
301.427
301.645
301.889
302.16
302.46
302.791
303.155
303.554
303.989
304.463
304.978
305.536
306.139
306.789
307.488
308.239
309.043
309.904
310.824
311.804
312.849
313.96
315.141
316.395
317.726
319.137
320.632
322.216
323.893
325.67
327.552
329.546
331.659
333.902
336.282
338.814
341.509
344.385
347.462
350.763
354.319
358.168
362.361
366.963
372.062
377.767
384.171
300
300
300
300.001
300.001
300.001
300.002
300.003
300.004
300.005
300.007
300.01
300.014
300.018
300.024
300.032
300.042
300.054
300.069
300.088
300.111
300.138
300.172
300.212
300.259
300.316
300.382
300.459
300.548
300.651
300.769
300.904
301.057
301.23
301.425
301.644
301.887
302.158
302.457
302.788
303.151
303.549
303.984
304.457
304.971
305.528
306.13
306.779
307.477
308.227
309.03
309.889
310.807
311.785
312.827
313.936
315.114
316.365
317.691
319.098
320.588
322.165
323.836
325.605
327.477
329.46
331.56
333.786
336.147
338.655
341.321
344.161
347.191
350.431
353.907
357.646
361.682
366.051
370.79
375.911
381.362
300
300
300
300.001
300.001
300.001
300.002
300.003
300.004
300.005
300.007
300.01
300.014
300.018
300.024
300.032
300.042
300.054
300.069
300.088
300.11
300.138
300.172
300.211
300.259
300.315
300.381
300.458
300.547
300.65
300.768
300.902
301.055
301.228
301.423
301.64
301.883
302.153
302.452
302.782
303.145
303.542
303.975
304.448
304.961
305.516
306.117
306.764
307.46
308.207
309.008
309.864
310.778
311.753
312.792
313.896
315.069
316.314
317.634
319.033
320.514
322.082
323.741
325.496
327.353
329.317
331.396
333.596
335.926
338.395
341.015
343.796
346.753
349.9
353.254
356.831
360.649
364.718
369.035
373.57
378.242
300
300
300
300.001
300.001
300.001
300.002
300.003
300.004
300.005
300.007
300.01
300.014
300.018
300.024
300.032
300.042
300.054
300.069
300.087
300.11
300.138
300.171
300.211
300.258
300.314
300.38
300.457
300.545
300.648
300.766
300.9
301.052
301.225
301.419
301.636
301.878
302.147
302.445
302.774
303.135
303.531
303.963
304.434
304.945
305.498
306.096
306.741
307.434
308.178
308.975
309.827
310.737
311.707
312.739
313.837
315.002
316.239
317.549
318.937
320.406
321.959
323.601
325.337
327.171
329.109
331.156
333.318
335.604
338.019
340.573
343.274
346.132
349.155
352.351
355.728
359.287
363.021
366.91
370.911
374.95
300
300
300
300.001
300.001
300.001
300.002
300.003
300.004
300.005
300.007
300.01
300.014
300.018
300.024
300.032
300.042
300.054
300.069
300.087
300.11
300.137
300.17
300.21
300.257
300.313
300.379
300.455
300.543
300.646
300.763
300.896
301.048
301.22
301.413
301.629
301.87
302.139
302.435
302.762
303.122
303.516
303.946
304.414
304.922
305.473
306.068
306.708
307.398
308.137
308.929
309.775
310.679
311.642
312.666
313.754
314.91
316.135
317.432
318.805
320.256
321.79
323.409
325.119
326.922
328.824
330.829
332.942
335.168
337.514
339.984
342.584
345.318
348.19
351.202
354.351
357.63
361.024
364.505
368.031
371.546
300
300
300
300.001
300.001
300.001
300.002
300.003
300.004
300.005
300.007
300.01
300.014
300.018
300.024
300.032
300.041
300.053
300.068
300.087
300.109
300.137
300.17
300.209
300.256
300.312
300.377
300.453
300.541
300.642
300.759
300.892
301.043
301.214
301.406
301.621
301.861
302.127
302.422
302.747
303.104
303.496
303.923
304.388
304.893
305.44
306.03
306.666
307.35
308.083
308.868
309.707
310.602
311.555
312.569
313.646
314.787
315.997
317.277
318.63
320.059
321.567
323.157
324.832
326.596
328.452
330.404
332.455
334.609
336.868
339.237
341.716
344.306
347.008
349.815
352.723
355.717
358.779
361.882
364.99
368.061
300
300
300
300.001
300.001
300.001
300.002
300.003
300.004
300.005
300.007
300.01
300.014
300.018
300.024
300.032
300.041
300.053
300.068
300.086
300.109
300.136
300.169
300.208
300.255
300.31
300.374
300.45
300.537
300.638
300.754
300.886
301.036
301.206
301.396
301.61
301.848
302.112
302.405
302.727
303.082
303.47
303.894
304.355
304.855
305.397
305.981
306.611
307.288
308.013
308.79
309.619
310.503
311.444
312.445
313.506
314.63
315.82
317.078
318.406
319.807
321.283
322.836
324.469
326.184
327.984
329.872
331.848
333.915
336.074
338.325
340.668
343.099
345.615
348.209
350.87
353.584
356.332
359.089
361.828
364.516
300
300
300
300.001
300.001
300.001
300.002
300.003
300.004
300.005
300.007
300.01
300.013
300.018
300.024
300.031
300.041
300.053
300.067
300.086
300.108
300.135
300.167
300.206
300.253
300.307
300.371
300.446
300.533
300.633
300.748
300.879
301.027
301.195
301.384
301.596
301.832
302.093
302.383
302.702
303.053
303.437
303.856
304.312
304.807
305.342
305.92
306.542
307.21
307.926
308.691
309.509
310.379
311.305
312.288
313.33
314.433
315.599
316.83
318.127
319.493
320.929
322.438
324.02
325.678
327.412
329.224
331.113
333.081
335.127
337.248
339.441
341.703
344.026
346.402
348.82
351.265
353.719
356.163
358.574
360.928
300
300
300
300.001
300.001
300.001
300.002
300.003
300.004
300.005
300.007
300.01
300.013
300.018
300.024
300.031
300.04
300.052
300.067
300.085
300.107
300.134
300.166
300.204
300.25
300.304
300.368
300.442
300.528
300.627
300.74
300.87
301.017
301.183
301.369
301.579
301.812
302.07
302.356
302.672
303.018
303.397
303.811
304.26
304.748
305.275
305.844
306.457
307.114
307.818
308.57
309.372
310.226
311.133
312.095
313.114
314.191
315.328
316.526
317.786
319.111
320.5
321.956
323.479
325.069
326.727
328.453
330.246
332.104
334.025
336.006
338.042
340.128
342.256
344.417
346.599
348.789
350.972
353.132
355.252
357.312
300
300
300
300.001
300.001
300.001
300.002
300.003
300.004
300.005
300.007
300.01
300.013
300.018
300.023
300.031
300.04
300.052
300.066
300.084
300.106
300.132
300.164
300.202
300.247
300.301
300.363
300.437
300.521
300.619
300.731
300.859
301.004
301.167
301.351
301.558
301.787
302.042
302.324
302.634
302.975
303.348
303.755
304.197
304.676
305.194
305.752
306.352
306.996
307.686
308.422
309.206
310.04
310.924
311.862
312.853
313.899
315.001
316.16
317.378
318.654
319.989
321.384
322.839
324.354
325.927
327.557
329.243
330.983
332.772
334.606
336.481
338.389
340.323
342.274
344.232
346.184
348.118
350.022
351.881
353.682
300
300
300
300.001
300.001
300.001
300.002
300.003
300.004
300.005
300.007
300.01
300.013
300.017
300.023
300.03
300.039
300.051
300.065
300.083
300.104
300.13
300.162
300.199
300.244
300.296
300.358
300.43
300.513
300.61
300.72
300.845
300.988
301.149
301.33
301.532
301.758
302.008
302.285
302.589
302.923
303.289
303.687
304.12
304.589
305.096
305.641
306.227
306.856
307.528
308.244
309.007
309.817
310.675
311.583
312.542
313.552
314.614
315.728
316.896
318.117
319.391
320.718
322.097
323.527
325.007
326.535
328.107
329.721
331.373
333.057
334.769
336.501
338.247
339.997
341.743
343.475
345.182
346.854
348.48
350.05
300
300
300
300.001
300.001
300.001
300.002
300.003
300.004
300.005
300.007
300.009
300.013
300.017
300.023
300.03
300.039
300.05
300.064
300.081
300.102
300.128
300.159
300.196
300.239
300.291
300.352
300.422
300.504
300.598
300.706
300.83
300.969
301.127
301.304
301.502
301.723
301.967
302.238
302.535
302.862
303.219
303.607
304.029
304.486
304.979
305.509
306.079
306.689
307.34
308.034
308.772
309.554
310.382
311.256
312.177
313.145
314.161
315.225
316.337
317.496
318.702
319.953
321.25
322.589
323.97
325.388
326.842
328.327
329.838
331.372
332.923
334.484
336.048
337.608
339.156
340.684
342.184
343.647
345.066
346.432
300
300
300
300.001
300.001
300.001
300.002
300.002
300.003
300.005
300.007
300.009
300.013
300.017
300.022
300.029
300.038
300.049
300.063
300.08
300.1
300.125
300.156
300.192
300.234
300.285
300.344
300.413
300.493
300.585
300.691
300.811
300.947
301.101
301.274
301.467
301.681
301.92
302.183
302.472
302.789
303.136
303.513
303.922
304.365
304.842
305.355
305.905
306.494
307.121
307.789
308.498
309.248
310.041
310.876
311.755
312.676
313.641
314.648
315.698
316.789
317.92
319.091
320.299
321.542
322.818
324.123
325.455
326.809
328.181
329.566
330.959
332.355
333.747
335.128
336.493
337.835
339.147
340.422
341.655
342.839
300
300
300
300
300.001
300.001
300.002
300.002
300.003
300.005
300.007
300.009
300.012
300.016
300.022
300.029
300.037
300.048
300.061
300.078
300.098
300.122
300.152
300.187
300.229
300.278
300.335
300.402
300.48
300.57
300.672
300.789
300.921
301.071
301.238
301.425
301.633
301.864
302.119
302.399
302.705
303.04
303.404
303.798
304.224
304.683
305.176
305.704
306.268
306.869
307.507
308.183
308.897
309.65
310.442
311.273
312.143
313.051
313.996
314.978
315.996
317.048
318.133
319.247
320.39
321.558
322.748
323.957
325.181
326.415
327.655
328.897
330.136
331.366
332.581
333.778
334.949
336.091
337.197
338.264
339.286
300
300
300
300
300.001
300.001
300.002
300.002
300.003
300.005
300.006
300.009
300.012
300.016
300.021
300.028
300.036
300.047
300.06
300.076
300.095
300.119
300.147
300.181
300.222
300.269
300.325
300.39
300.465
300.552
300.651
300.764
300.891
301.035
301.197
301.377
301.578
301.8
302.045
302.314
302.608
302.929
303.278
303.655
304.063
304.501
304.971
305.474
306.01
306.58
307.185
307.824
308.499
309.208
309.953
310.732
311.545
312.391
313.27
314.18
315.121
316.089
317.084
318.102
319.143
320.201
321.276
322.363
323.458
324.558
325.66
326.758
327.849
328.927
329.99
331.031
332.048
333.036
333.991
334.91
335.789
300
300
300
300
300.001
300.001
300.002
300.002
300.003
300.005
300.006
300.009
300.012
300.015
300.02
300.027
300.035
300.045
300.058
300.073
300.092
300.115
300.142
300.175
300.214
300.26
300.314
300.376
300.448
300.531
300.627
300.735
300.857
300.995
301.15
301.323
301.515
301.727
301.961
302.217
302.498
302.803
303.135
303.493
303.88
304.295
304.739
305.214
305.72
306.256
306.824
307.423
308.054
308.715
309.408
310.131
310.884
311.665
312.474
313.308
314.168
315.05
315.953
316.874
317.811
318.761
319.721
320.688
321.66
322.632
323.601
324.564
325.516
326.455
327.377
328.278
329.154
330.004
330.824
331.611
332.363
300
300
300
300
300.001
300.001
300.002
300.002
300.003
300.004
300.006
300.008
300.011
300.015
300.02
300.026
300.034
300.043
300.055
300.07
300.088
300.11
300.136
300.168
300.205
300.249
300.3
300.36
300.429
300.508
300.599
300.702
300.819
300.95
301.097
301.261
301.443
301.644
301.866
302.108
302.373
302.662
302.974
303.311
303.675
304.064
304.481
304.925
305.396
305.896
306.424
306.979
307.563
308.174
308.811
309.475
310.164
310.877
311.612
312.369
313.146
313.94
314.75
315.574
316.409
317.252
318.101
318.954
319.807
320.657
321.502
322.338
323.163
323.973
324.766
325.539
326.29
327.016
327.715
328.385
329.025
300
300
300
300
300.001
300.001
300.001
300.002
300.003
300.004
300.006
300.008
300.011
300.014
300.019
300.025
300.032
300.041
300.053
300.067
300.084
300.105
300.13
300.16
300.195
300.237
300.285
300.342
300.407
300.482
300.568
300.665
300.776
300.899
301.038
301.192
301.363
301.552
301.76
301.987
302.235
302.504
302.796
303.11
303.448
303.81
304.196
304.606
305.042
305.502
305.987
306.496
307.03
307.587
308.167
308.768
309.391
310.034
310.695
311.373
312.067
312.773
313.492
314.219
314.954
315.694
316.437
317.18
317.921
318.657
319.386
320.106
320.813
321.507
322.183
322.841
323.479
324.095
324.686
325.253
325.793
300
300
300
300
300.001
300.001
300.001
300.002
300.003
300.004
300.005
300.007
300.01
300.013
300.018
300.023
300.03
300.039
300.05
300.063
300.079
300.099
300.123
300.151
300.184
300.223
300.269
300.322
300.383
300.454
300.534
300.625
300.728
300.843
300.973
301.116
301.275
301.451
301.644
301.854
302.084
302.332
302.601
302.891
303.201
303.533
303.886
304.261
304.658
305.077
305.517
305.978
306.459
306.961
307.481
308.02
308.576
309.148
309.734
310.333
310.944
311.565
312.194
312.829
313.468
314.11
314.752
315.392
316.028
316.658
317.281
317.893
318.494
319.081
319.653
320.208
320.745
321.262
321.759
322.234
322.687
300
300
300
300
300.001
300.001
300.001
300.002
300.003
300.004
300.005
300.007
300.009
300.013
300.017
300.022
300.028
300.037
300.047
300.059
300.074
300.093
300.115
300.141
300.172
300.208
300.251
300.3
300.357
300.422
300.496
300.581
300.676
300.782
300.901
301.034
301.18
301.341
301.518
301.71
301.92
302.147
302.392
302.655
302.936
303.236
303.555
303.894
304.25
304.626
305.019
305.431
305.859
306.304
306.765
307.24
307.729
308.23
308.743
309.265
309.796
310.334
310.877
311.424
311.972
312.521
313.069
313.613
314.153
314.686
315.211
315.727
316.231
316.723
317.202
317.665
318.112
318.543
318.956
319.35
319.726
300
300
300
300
300.001
300.001
300.001
300.002
300.002
300.003
300.005
300.007
300.009
300.012
300.016
300.02
300.026
300.034
300.043
300.055
300.069
300.086
300.106
300.13
300.159
300.192
300.231
300.276
300.328
300.388
300.456
300.533
300.62
300.717
300.825
300.945
301.078
301.224
301.383
301.557
301.746
301.95
302.169
302.405
302.656
302.924
303.208
303.508
303.824
304.155
304.502
304.863
305.239
305.627
306.028
306.441
306.865
307.298
307.739
308.187
308.642
309.1
309.562
310.026
310.491
310.954
311.414
311.871
312.323
312.768
313.205
313.634
314.052
314.459
314.854
315.237
315.605
315.96
316.299
316.623
316.932
300
300
300
300
300
300.001
300.001
300.002
300.002
300.003
300.004
300.006
300.008
300.011
300.014
300.019
300.024
300.031
300.04
300.05
300.063
300.078
300.097
300.119
300.145
300.175
300.21
300.251
300.298
300.352
300.413
300.482
300.56
300.647
300.744
300.852
300.97
301.1
301.242
301.397
301.564
301.744
301.938
302.145
302.366
302.601
302.849
303.111
303.386
303.674
303.974
304.286
304.609
304.943
305.286
305.638
305.999
306.367
306.74
307.119
307.501
307.887
308.273
308.661
309.047
309.432
309.814
310.191
310.563
310.93
311.289
311.64
311.982
312.314
312.637
312.948
313.248
313.536
313.811
314.075
314.325
300
300
300
300
300
300.001
300.001
300.001
300.002
300.003
300.004
300.005
300.007
300.01
300.013
300.017
300.022
300.028
300.036
300.045
300.057
300.071
300.087
300.107
300.13
300.157
300.188
300.225
300.266
300.314
300.368
300.43
300.498
300.575
300.661
300.755
300.859
300.973
301.097
301.231
301.377
301.534
301.702
301.881
302.072
302.273
302.487
302.711
302.945
303.19
303.445
303.71
303.983
304.264
304.552
304.848
305.149
305.456
305.766
306.08
306.397
306.714
307.032
307.35
307.667
307.981
308.291
308.598
308.9
309.197
309.487
309.77
310.046
310.313
310.572
310.822
311.062
311.293
311.513
311.724
311.924
300
300
300
300
300
300.001
300.001
300.001
300.002
300.003
300.004
300.005
300.006
300.009
300.011
300.015
300.019
300.025
300.032
300.04
300.05
300.062
300.077
300.094
300.114
300.138
300.166
300.198
300.234
300.276
300.323
300.376
300.436
300.502
300.576
300.657
300.746
300.844
300.95
301.065
301.19
301.323
301.465
301.617
301.778
301.948
302.128
302.315
302.512
302.716
302.928
303.148
303.374
303.606
303.843
304.086
304.333
304.583
304.836
305.091
305.348
305.605
305.861
306.117
306.371
306.623
306.871
307.116
307.357
307.592
307.823
308.047
308.265
308.477
308.681
308.878
309.068
309.249
309.423
309.589
309.746
300
300
300
300
300
300
300.001
300.001
300.002
300.002
300.003
300.004
300.006
300.008
300.01
300.013
300.017
300.022
300.028
300.035
300.044
300.054
300.067
300.082
300.099
300.119
300.143
300.17
300.201
300.237
300.277
300.322
300.373
300.429
300.491
300.56
300.635
300.717
300.806
300.902
301.006
301.117
301.235
301.36
301.493
301.634
301.781
301.935
302.095
302.262
302.434
302.612
302.795
302.983
303.174
303.369
303.566
303.766
303.968
304.171
304.374
304.578
304.78
304.982
305.181
305.379
305.574
305.765
305.953
306.136
306.316
306.49
306.659
306.823
306.982
307.134
307.281
307.421
307.555
307.683
307.805
300
300
300
300
300
300
300.001
300.001
300.001
300.002
300.003
300.004
300.005
300.006
300.009
300.011
300.014
300.019
300.024
300.03
300.037
300.046
300.057
300.069
300.084
300.101
300.121
300.143
300.169
300.199
300.232
300.27
300.312
300.358
300.409
300.466
300.527
300.595
300.667
300.746
300.83
300.92
301.015
301.117
301.224
301.336
301.454
301.577
301.705
301.838
301.975
302.115
302.26
302.407
302.557
302.71
302.864
303.02
303.177
303.335
303.492
303.649
303.805
303.96
304.114
304.265
304.414
304.56
304.704
304.844
304.98
305.113
305.241
305.365
305.485
305.601
305.712
305.818
305.92
306.017
306.109
300
300
300
300
300
300
300
300.001
300.001
300.002
300.002
300.003
300.004
300.005
300.007
300.009
300.012
300.015
300.02
300.025
300.031
300.038
300.047
300.057
300.069
300.083
300.099
300.118
300.139
300.163
300.19
300.22
300.254
300.291
300.332
300.377
300.427
300.48
300.538
300.6
300.666
300.737
300.813
300.892
300.976
301.064
301.156
301.251
301.351
301.453
301.558
301.667
301.777
301.89
302.005
302.121
302.239
302.357
302.476
302.595
302.713
302.832
302.949
303.065
303.18
303.293
303.404
303.513
303.62
303.724
303.825
303.923
304.019
304.111
304.199
304.285
304.367
304.445
304.52
304.592
304.66
300
300
300
300
300
300
300
300.001
300.001
300.001
300.002
300.002
300.003
300.004
300.006
300.008
300.01
300.012
300.016
300.02
300.025
300.031
300.038
300.046
300.055
300.066
300.079
300.094
300.111
300.129
300.151
300.174
300.201
300.23
300.262
300.297
300.335
300.376
300.421
300.468
300.519
300.573
300.631
300.691
300.755
300.822
300.891
300.963
301.037
301.114
301.193
301.274
301.356
301.44
301.525
301.611
301.698
301.785
301.872
301.959
302.046
302.132
302.218
302.303
302.386
302.468
302.549
302.628
302.705
302.78
302.853
302.924
302.992
303.059
303.122
303.184
303.243
303.299
303.353
303.405
303.454
300
300
300
300
300
300
300
300
300.001
300.001
300.001
300.002
300.002
300.003
300.004
300.006
300.008
300.01
300.012
300.015
300.019
300.024
300.029
300.036
300.043
300.051
300.061
300.072
300.085
300.099
300.116
300.133
300.153
300.175
300.199
300.226
300.254
300.285
300.318
300.353
300.391
300.431
300.473
300.518
300.565
300.613
300.664
300.716
300.77
300.826
300.883
300.941
301
301.061
301.122
301.183
301.245
301.307
301.369
301.431
301.492
301.553
301.614
301.673
301.732
301.79
301.846
301.902
301.956
302.008
302.059
302.109
302.157
302.203
302.248
302.29
302.331
302.371
302.408
302.444
302.478
300
300
300
300
300
300
300
300
300
300.001
300.001
300.001
300.002
300.002
300.003
300.004
300.006
300.007
300.009
300.012
300.014
300.018
300.022
300.027
300.032
300.038
300.046
300.054
300.063
300.074
300.085
300.098
300.113
300.129
300.146
300.165
300.186
300.208
300.231
300.257
300.284
300.312
300.342
300.374
300.407
300.441
300.476
300.513
300.551
300.59
300.629
300.67
300.711
300.752
300.794
300.837
300.879
300.922
300.964
301.007
301.049
301.09
301.131
301.172
301.212
301.251
301.289
301.327
301.363
301.399
301.433
301.467
301.499
301.53
301.56
301.589
301.616
301.643
301.668
301.692
301.715
300
300
300
300
300
300
300
300
300
300
300.001
300.001
300.001
300.002
300.002
300.003
300.004
300.005
300.007
300.008
300.01
300.013
300.016
300.019
300.023
300.027
300.032
300.038
300.045
300.052
300.061
300.07
300.08
300.091
300.103
300.116
300.13
300.145
300.162
300.179
300.197
300.217
300.237
300.258
300.281
300.304
300.328
300.352
300.378
300.404
300.43
300.457
300.484
300.512
300.54
300.568
300.596
300.624
300.652
300.679
300.707
300.734
300.761
300.788
300.814
300.839
300.864
300.888
300.912
300.935
300.958
300.979
301
301.02
301.04
301.058
301.076
301.093
301.11
301.125
301.14
300
300
300
300
300
300
300
300
300
300
300
300.001
300.001
300.001
300.002
300.002
300.003
300.003
300.004
300.006
300.007
300.009
300.011
300.013
300.016
300.019
300.022
300.026
300.03
300.035
300.041
300.047
300.054
300.061
300.069
300.078
300.087
300.097
300.108
300.119
300.131
300.143
300.157
300.17
300.185
300.2
300.215
300.231
300.247
300.264
300.281
300.298
300.315
300.332
300.35
300.368
300.385
300.403
300.421
300.438
300.455
300.472
300.489
300.506
300.522
300.538
300.553
300.568
300.583
300.598
300.611
300.625
300.638
300.65
300.662
300.674
300.685
300.696
300.706
300.715
300.725
300
300
300
300
300
300
300
300
300
300
300
300
300
300.001
300.001
300.001
300.002
300.002
300.003
300.004
300.004
300.006
300.007
300.008
300.01
300.012
300.014
300.017
300.019
300.023
300.026
300.03
300.034
300.039
300.044
300.049
300.055
300.061
300.068
300.075
300.082
300.09
300.098
300.107
300.116
300.125
300.134
300.144
300.153
300.164
300.174
300.184
300.195
300.205
300.216
300.226
300.237
300.247
300.258
300.268
300.279
300.289
300.299
300.309
300.318
300.328
300.337
300.346
300.354
300.363
300.371
300.379
300.387
300.394
300.401
300.408
300.414
300.421
300.427
300.432
300.438
300
300
300
300
300
300
300
300
300
300
300
300
300
300
300
300.001
300.001
300.001
300.002
300.002
300.003
300.003
300.004
300.005
300.006
300.007
300.008
300.01
300.012
300.014
300.016
300.018
300.02
300.023
300.026
300.029
300.033
300.036
300.04
300.044
300.049
300.053
300.058
300.063
300.068
300.073
300.079
300.084
300.09
300.096
300.102
300.107
300.113
300.119
300.125
300.131
300.137
300.143
300.149
300.155
300.161
300.167
300.172
300.178
300.183
300.189
300.194
300.199
300.204
300.208
300.213
300.217
300.222
300.226
300.23
300.233
300.237
300.241
300.244
300.247
300.25
300
300
300
300
300
300
300
300
300
300
300
300
300
300
300
300
300
300
300.001
300.001
300.001
300.002
300.002
300.003
300.003
300.004
300.005
300.005
300.006
300.008
300.009
300.01
300.011
300.013
300.015
300.016
300.018
300.02
300.022
300.025
300.027
300.029
300.032
300.035
300.038
300.04
300.043
300.046
300.049
300.052
300.056
300.059
300.062
300.065
300.068
300.072
300.075
300.078
300.081
300.084
300.087
300.09
300.093
300.096
300.099
300.102
300.105
300.107
300.11
300.112
300.115
300.117
300.119
300.121
300.123
300.125
300.127
300.129
300.131
300.133
300.134
300
300
300
300
300
300
300
300
300
300
300
300
300
300
300
300
300
300
300
300
300
300.001
300.001
300.001
300.001
300.002
300.002
300.003
300.003
300.004
300.004
300.005
300.006
300.007
300.007
300.008
300.009
300.01
300.011
300.013
300.014
300.015
300.016
300.018
300.019
300.021
300.022
300.024
300.025
300.027
300.028
300.03
300.031
300.033
300.035
300.036
300.038
300.039
300.041
300.042
300.044
300.046
300.047
300.048
300.05
300.051
300.053
300.054
300.055
300.056
300.058
300.059
300.06
300.061
300.062
300.063
300.064
300.065
300.066
300.066
300.067
300
300
300
300
300
300
300
300
300
300
300
300
300
300
300
300
300
300
300
300
300
300
300
300
300
300.001
300.001
300.001
300.001
300.001
300.002
300.002
300.002
300.003
300.003
300.004
300.004
300.005
300.005
300.006
300.006
300.007
300.008
300.008
300.009
300.009
300.01
300.011
300.012
300.012
300.013
300.014
300.015
300.015
300.016
300.017
300.018
300.018
300.019
300.02
300.02
300.021
300.022
300.022
300.023
300.024
300.024
300.025
300.025
300.026
300.027
300.027
300.028
300.028
300.029
300.029
300.029
300.03
300.03
300.031
300.031
300
300
300
300
300
300
300
300
300
300
300
300
300
300
299.999
299.999
299.999
300
300
300
300
300
300
300
300
300
300
300
300
300
300
300.001
300.001
300.001
300.001
300.001
300.001
300.002
300.002
300.002
300.002
300.003
300.003
300.003
300.003
300.004
300.004
300.004
300.005
300.005
300.005
300.006
300.006
300.006
300.007
300.007
300.007
300.008
300.008
300.008
300.008
300.009
300.009
300.009
300.01
300.01
300.01
300.01
300.011
300.011
300.011
300.011
300.012
300.012
300.012
300.012
300.012
300.012
300.013
300.013
300.013
300
300
300
300
300
300
300
300
300
300
300
300
299.999
299.999
299.999
299.999
299.999
299.999
299.999
299.999
299.999
299.999
299.999
299.999
299.999
300
300
300
300
300
300
300
300
300
300
300
300
300
300
300
300.001
300.001
300.001
300.001
300.001
300.001
300.001
300.001
300.001
300.002
300.002
300.002
300.002
300.002
300.002
300.002
300.003
300.003
300.003
300.003
300.003
300.003
300.003
300.003
300.003
300.004
300.004
300.004
300.004
300.004
300.004
300.004
300.004
300.004
300.004
300.004
300.005
300.005
300.005
300.005
300.005
300
300
300
300
300
300
300
300
300
300
300
299.999
299.999
299.999
299.999
299.999
299.999
299.999
299.999
299.999
299.999
299.999
299.999
299.999
299.999
299.999
299.999
299.999
299.999
299.999
299.999
299.999
300
300
300
300
300
300
300
300
300
300
300
300
300
300
300
300
300
300
300
300
300.001
300.001
300.001
300.001
300.001
300.001
300.001
300.001
300.001
300.001
300.001
300.001
300.001
300.001
300.001
300.001
300.001
300.001
300.001
300.001
300.002
300.002
300.002
300.002
300.002
300.002
300.002
300.002
300.002
396.053
403.42
409.372
414.342
418.541
422.088
425.049
427.464
429.351
430.717
431.558
431.857
431.588
430.713
429.177
426.902
423.773
419.611
414.104
406.615
395.524
387.54
381.115
375.642
370.829
366.513
362.588
358.984
355.651
352.55
349.652
346.934
344.377
341.965
339.685
337.527
335.481
333.539
331.694
329.939
328.27
326.68
325.166
323.724
322.35
321.04
319.793
318.605
317.473
316.396
315.371
314.396
313.469
312.588
311.751
310.957
310.205
309.493
308.818
308.181
307.579
307.011
306.477
305.973
305.501
305.057
304.641
304.253
303.889
303.551
303.235
302.942
302.671
302.419
302.187
301.972
301.775
301.594
301.428
301.277
301.138
301.013
300.898
300.795
300.702
300.618
300.542
300.475
300.415
300.361
300.313
300.271
300.234
300.201
300.172
300.147
300.125
300.106
300.09
300.076
300.064
300.053
300.044
300.037
300.031
300.025
300.021
300.017
300.014
300.011
300.009
300.007
300.006
300.005
300.004
300.003
300.002
300.002
300.001
300.001
300.001
300
300
300
300
300
300
300
300
300
300
300
300
300
300
300
300
300
300
300
300
300
300
300
300
300
300
300
300
300
300
300
300
300
300
300
300
300
300
300
300
391.231
397.589
403.102
407.849
411.923
415.392
418.304
420.687
422.555
423.912
424.75
425.055
424.801
423.951
422.454
420.24
417.211
413.229
408.096
401.565
393.619
386.6
380.551
375.26
370.55
366.299
362.418
358.846
355.536
352.454
349.57
346.864
344.316
341.912
339.64
337.487
335.446
333.508
331.667
329.915
328.248
326.661
325.149
323.709
322.336
321.029
319.783
318.596
317.465
316.389
315.365
314.39
313.464
312.583
311.747
310.954
310.202
309.49
308.816
308.179
307.578
307.01
306.476
305.973
305.5
305.056
304.641
304.252
303.889
303.55
303.235
302.942
302.671
302.419
302.187
301.972
301.775
301.594
301.428
301.277
301.139
301.013
300.899
300.795
300.702
300.618
300.543
300.475
300.415
300.361
300.313
300.271
300.234
300.201
300.172
300.147
300.125
300.107
300.09
300.076
300.064
300.053
300.044
300.037
300.031
300.025
300.021
300.017
300.014
300.011
300.009
300.007
300.006
300.005
300.004
300.003
300.002
300.002
300.001
300.001
300.001
300
300
300
300
300
300
300
300
300
300
300
300
300
300
300
300
300
300
300
300
300
300
300
300
300
300
300
300
300
300
300
300
300
300
300
300
300
300
300
300
386.997
392.385
397.301
401.678
405.515
408.829
411.636
413.95
415.774
417.107
417.94
418.255
418.03
417.23
415.813
413.722
410.886
407.221
402.642
397.127
390.915
384.924
379.439
374.472
369.963
365.844
362.055
358.55
355.292
352.248
349.396
346.714
344.187
341.801
339.542
337.402
335.371
333.442
331.608
329.863
328.202
326.62
325.113
323.677
322.308
321.003
319.76
318.576
317.448
316.373
315.351
314.378
313.453
312.574
311.739
310.947
310.196
309.485
308.811
308.175
307.574
307.007
306.473
305.971
305.498
305.055
304.64
304.251
303.888
303.55
303.235
302.942
302.671
302.419
302.187
301.973
301.775
301.594
301.429
301.277
301.139
301.013
300.899
300.795
300.702
300.618
300.543
300.475
300.415
300.361
300.313
300.271
300.234
300.201
300.173
300.147
300.126
300.107
300.09
300.076
300.064
300.053
300.045
300.037
300.031
300.025
300.021
300.017
300.014
300.011
300.009
300.007
300.006
300.005
300.004
300.003
300.002
300.002
300.001
300.001
300.001
300
300
300
300
300
300
300
300
300
300
300
300
300
300
300
300
300
300
300
300
300
300
300
300
300
300
300
300
300
300
300
300
300
300
300
300
300
300
300
300
382.955
387.552
391.871
395.818
399.349
402.446
405.1
407.307
409.062
410.356
411.176
411.505
411.321
410.596
409.294
407.377
404.801
401.527
397.541
392.902
387.824
382.724
377.848
373.288
369.054
365.128
361.479
358.078
354.899
351.918
349.115
346.474
343.98
341.621
339.385
337.265
335.25
333.336
331.514
329.78
328.128
326.554
325.054
323.625
322.261
320.962
319.723
318.543
317.418
316.347
315.327
314.357
313.434
312.558
311.725
310.934
310.185
309.475
308.803
308.168
307.568
307.002
306.468
305.966
305.495
305.052
304.637
304.249
303.887
303.549
303.234
302.941
302.67
302.419
302.186
301.972
301.775
301.594
301.429
301.277
301.139
301.013
300.899
300.796
300.702
300.618
300.543
300.475
300.415
300.361
300.314
300.271
300.234
300.201
300.173
300.148
300.126
300.107
300.09
300.076
300.064
300.053
300.045
300.037
300.031
300.025
300.021
300.017
300.014
300.011
300.009
300.007
300.006
300.005
300.004
300.003
300.002
300.002
300.001
300.001
300.001
300
300
300
300
300
300
300
300
300
300
300
300
300
300
300
300
300
300
300
300
300
300
300
300
300
300
300
300
300
300
300
300
300
300
300
300
300
300
300
300
378.98
382.937
386.714
390.227
393.423
396.265
398.731
400.802
402.464
403.704
404.505
404.849
404.716
404.083
402.924
401.216
398.935
396.074
392.652
388.742
384.5
380.147
375.859
371.738
367.828
364.142
360.674
357.412
354.342
351.447
348.713
346.129
343.681
341.361
339.158
337.066
335.075
333.181
331.377
329.658
328.02
326.458
324.968
323.548
322.193
320.901
319.668
318.494
317.374
316.308
315.292
314.326
313.407
312.533
311.703
310.915
310.168
309.46
308.789
308.156
307.557
306.992
306.46
305.959
305.489
305.047
304.633
304.245
303.883
303.546
303.231
302.939
302.668
302.417
302.185
301.971
301.774
301.594
301.428
301.277
301.139
301.013
300.899
300.796
300.702
300.618
300.543
300.475
300.415
300.361
300.314
300.272
300.234
300.201
300.173
300.148
300.126
300.107
300.09
300.076
300.064
300.053
300.045
300.037
300.031
300.025
300.021
300.017
300.014
300.011
300.009
300.007
300.006
300.005
300.004
300.003
300.002
300.002
300.001
300.001
300.001
300
300
300
300
300
300
300
300
300
300
300
300
300
300
300
300
300
300
300
300
300
300
300
300
300
300
300
300
300
300
300
300
300
300
300
300
300
300
300
300
375.03
378.458
381.757
384.862
387.721
390.294
392.549
394.464
396.017
397.19
397.964
398.322
398.246
397.716
396.716
395.232
393.257
390.798
387.887
384.588
381.009
377.285
373.538
369.857
366.296
362.883
359.63
356.538
353.603
350.817
348.174
345.663
343.277
341.008
338.849
336.794
334.835
332.969
331.189
329.491
327.87
326.324
324.849
323.441
322.097
320.814
319.591
318.424
317.312
316.252
315.242
314.281
313.366
312.497
311.67
310.886
310.142
309.436
308.769
308.137
307.541
306.978
306.447
305.948
305.479
305.038
304.625
304.238
303.877
303.54
303.227
302.935
302.665
302.414
302.183
301.969
301.773
301.592
301.427
301.276
301.138
301.012
300.898
300.795
300.702
300.618
300.543
300.475
300.415
300.361
300.314
300.271
300.234
300.201
300.173
300.148
300.126
300.107
300.09
300.076
300.064
300.054
300.045
300.037
300.031
300.025
300.021
300.017
300.014
300.011
300.009
300.007
300.006
300.005
300.004
300.003
300.002
300.002
300.001
300.001
300.001
300
300
300
300
300
300
300
300
300
300
300
300
300
300
300
300
300
300
300
300
300
300
300
300
300
300
300
300
300
300
300
300
300
300
300
300
300
300
300
300
371.091
374.071
376.953
379.684
382.221
384.525
386.564
388.312
389.744
390.841
391.583
391.953
391.934
391.511
390.675
389.416
387.738
385.654
383.194
380.413
377.384
374.198
370.94
367.681
364.474
361.353
358.339
355.442
352.667
350.014
347.48
345.06
342.751
340.548
338.444
336.436
334.518
332.687
330.938
329.267
327.67
326.145
324.688
323.296
321.967
320.697
319.486
318.329
317.226
316.175
315.173
314.218
313.31
312.445
311.624
310.844
310.104
309.403
308.739
308.11
307.517
306.956
306.428
305.931
305.463
305.024
304.613
304.228
303.868
303.532
303.219
302.929
302.659
302.409
302.178
301.965
301.769
301.589
301.424
301.274
301.136
301.011
300.897
300.794
300.701
300.617
300.542
300.475
300.415
300.361
300.313
300.271
300.234
300.201
300.173
300.148
300.126
300.107
300.09
300.076
300.064
300.054
300.045
300.037
300.031
300.025
300.021
300.017
300.014
300.011
300.009
300.007
300.006
300.005
300.004
300.003
300.002
300.002
300.001
300.001
300.001
300
300
300
300
300
300
300
300
300
300
300
300
300
300
300
300
300
300
300
300
300
300
300
300
300
300
300
300
300
300
300
300
300
300
300
300
300
300
300
300
367.158
369.755
372.271
374.666
376.904
378.951
380.777
382.355
383.663
384.678
385.383
385.76
385.796
385.478
384.799
383.756
382.354
380.609
378.546
376.207
373.646
370.925
368.105
365.242
362.383
359.56
356.8
354.117
351.522
349.021
346.614
344.304
342.087
339.963
337.927
335.978
334.111
332.324
330.613
328.976
327.409
325.91
324.477
323.106
321.795
320.542
319.345
318.203
317.112
316.071
315.079
314.133
313.233
312.376
311.561
310.787
310.053
309.356
308.697
308.072
307.482
306.925
306.4
305.906
305.441
305.004
304.595
304.212
303.854
303.519
303.208
302.919
302.65
302.402
302.172
301.959
301.764
301.585
301.42
301.27
301.133
301.008
300.895
300.792
300.7
300.616
300.541
300.474
300.414
300.36
300.313
300.271
300.234
300.201
300.172
300.147
300.126
300.107
300.09
300.076
300.064
300.053
300.045
300.037
300.031
300.025
300.021
300.017
300.014
300.011
300.009
300.007
300.006
300.005
300.004
300.003
300.002
300.002
300.001
300.001
300.001
300
300
300
300
300
300
300
300
300
300
300
300
300
300
300
300
300
300
300
300
300
300
300
300
300
300
300
300
300
300
300
300
300
300
300
300
300
300
300
300
363.234
365.498
367.693
369.788
371.753
373.561
375.184
376.598
377.781
378.713
379.377
379.757
379.841
379.619
379.085
378.24
377.088
375.643
373.926
371.969
369.81
367.494
365.066
362.57
360.043
357.516
355.015
352.558
350.159
347.825
345.564
343.378
341.269
339.237
337.282
335.403
333.598
331.865
330.201
328.606
327.076
325.61
324.206
322.861
321.573
320.341
319.163
318.037
316.962
315.935
314.955
314.021
313.13
312.283
311.477
310.711
309.983
309.293
308.64
308.021
307.436
306.883
306.362
305.871
305.41
304.976
304.57
304.189
303.833
303.501
303.192
302.904
302.638
302.39
302.162
301.951
301.756
301.578
301.414
301.265
301.128
301.004
300.891
300.789
300.697
300.614
300.539
300.472
300.412
300.359
300.312
300.27
300.233
300.2
300.172
300.147
300.125
300.106
300.09
300.076
300.064
300.053
300.044
300.037
300.031
300.025
300.021
300.017
300.014
300.011
300.009
300.007
300.006
300.005
300.004
300.003
300.002
300.002
300.001
300.001
300.001
300
300
300
300
300
300
300
300
300
300
300
300
300
300
300
300
300
300
300
300
300
300
300
300
300
300
300
300
300
300
300
300
300
300
300
300
300
300
300
300
359.324
361.297
363.209
365.038
366.758
368.346
369.78
371.038
372.101
372.95
373.571
373.949
374.073
373.936
373.532
372.862
371.93
370.747
369.33
367.702
365.891
363.93
361.852
359.691
357.476
355.237
352.995
350.769
348.573
346.42
344.316
342.269
340.282
338.357
336.495
334.698
332.966
331.296
329.69
328.144
326.659
325.233
323.864
322.551
321.292
320.086
318.931
317.826
316.77
315.76
314.796
313.876
312.998
312.163
311.367
310.611
309.893
309.211
308.565
307.953
307.374
306.827
306.311
305.825
305.368
304.939
304.536
304.159
303.806
303.477
303.17
302.885
302.62
302.375
302.148
301.938
301.746
301.568
301.406
301.257
301.122
300.999
300.886
300.785
300.693
300.611
300.536
300.47
300.41
300.357
300.31
300.269
300.232
300.2
300.171
300.146
300.125
300.106
300.09
300.076
300.063
300.053
300.044
300.037
300.03
300.025
300.021
300.017
300.014
300.011
300.009
300.007
300.006
300.005
300.004
300.003
300.002
300.002
300.001
300.001
300.001
300
300
300
300
300
300
300
300
300
300
300
300
300
300
300
300
300
300
300
300
300
300
300
300
300
300
300
300
300
300
300
300
300
300
300
300
300
300
300
300
355.436
357.152
358.816
360.408
361.908
363.299
364.559
365.673
366.622
367.392
367.968
368.339
368.495
368.428
368.136
367.617
366.875
365.919
364.76
363.415
361.906
360.255
358.488
356.631
354.707
352.74
350.75
348.755
346.768
344.802
342.867
340.969
339.115
337.309
335.553
333.849
332.2
330.605
329.065
327.579
326.147
324.768
323.442
322.167
320.943
319.768
318.641
317.562
316.528
315.54
314.595
313.692
312.831
312.01
311.228
310.484
309.777
309.105
308.468
307.865
307.294
306.755
306.246
305.766
305.314
304.89
304.492
304.119
303.77
303.445
303.141
302.859
302.597
302.354
302.129
301.922
301.731
301.556
301.395
301.248
301.113
300.991
300.88
300.779
300.688
300.606
300.533
300.467
300.408
300.355
300.308
300.267
300.23
300.198
300.17
300.145
300.124
300.105
300.089
300.075
300.063
300.053
300.044
300.037
300.03
300.025
300.021
300.017
300.014
300.011
300.009
300.007
300.006
300.005
300.004
300.003
300.002
300.002
300.001
300.001
300.001
300
300
300
300
300
300
300
300
300
300
300
300
300
300
300
300
300
300
300
300
300
300
300
300
300
300
300
300
300
300
300
300
300
300
300
300
300
300
300
300
351.576
353.068
354.512
355.895
357.2
358.413
359.517
360.498
361.342
362.035
362.567
362.925
363.104
363.095
362.895
362.504
361.924
361.161
360.222
359.121
357.872
356.492
355.001
353.417
351.76
350.049
348.3
346.529
344.751
342.976
341.214
339.474
337.763
336.085
334.445
332.846
331.29
329.779
328.315
326.897
325.527
324.204
322.928
321.698
320.515
319.377
318.285
317.236
316.231
315.268
314.346
313.465
312.623
311.82
311.054
310.325
309.632
308.973
308.348
307.755
307.194
306.663
306.163
305.691
305.246
304.828
304.436
304.068
303.725
303.404
303.104
302.826
302.567
302.327
302.106
301.901
301.712
301.539
301.38
301.234
301.102
300.981
300.871
300.771
300.681
300.6
300.528
300.462
300.404
300.352
300.306
300.265
300.228
300.197
300.169
300.144
300.123
300.104
300.088
300.075
300.063
300.052
300.044
300.036
300.03
300.025
300.02
300.017
300.014
300.011
300.009
300.007
300.006
300.004
300.004
300.003
300.002
300.002
300.001
300.001
300.001
300
300
300
300
300
300
300
300
300
300
300
300
300
300
300
300
300
300
300
300
300
300
300
300
300
300
300
300
300
300
300
300
300
300
300
300
300
300
300
300
347.756
349.048
350.3
351.497
352.63
353.684
354.648
355.509
356.256
356.877
357.364
357.707
357.899
357.935
357.811
357.526
357.081
356.479
355.727
354.834
353.808
352.664
351.415
350.076
348.661
347.186
345.665
344.11
342.535
340.95
339.364
337.786
336.224
334.682
333.166
331.68
330.227
328.81
327.431
326.09
324.79
323.531
322.312
321.136
320
318.906
317.854
316.841
315.869
314.936
314.043
313.187
312.369
311.587
310.841
310.13
309.453
308.81
308.199
307.619
307.07
306.55
306.06
305.597
305.161
304.751
304.366
304.005
303.668
303.352
303.058
302.784
302.53
302.294
302.076
301.874
301.689
301.518
301.361
301.218
301.087
300.968
300.86
300.762
300.673
300.593
300.521
300.457
300.399
300.348
300.302
300.262
300.226
300.194
300.167
300.143
300.122
300.103
300.087
300.074
300.062
300.052
300.043
300.036
300.03
300.025
300.02
300.016
300.013
300.011
300.009
300.007
300.006
300.004
300.003
300.003
300.002
300.002
300.001
300.001
300.001
300
300
300
300
300
300
300
300
300
300
300
300
300
300
300
300
300
300
300
300
300
300
300
300
300
300
300
300
300
300
300
300
300
300
300
300
300
300
300
300
343.985
345.102
346.183
347.217
348.197
349.11
349.949
350.702
351.36
351.915
352.357
352.681
352.88
352.949
352.884
352.685
352.351
351.884
351.289
350.571
349.737
348.796
347.759
346.637
345.44
344.18
342.869
341.519
340.138
338.738
337.327
335.912
334.502
333.101
331.716
330.35
329.007
327.692
326.405
325.15
323.928
322.74
321.587
320.471
319.39
318.347
317.34
316.37
315.437
314.539
313.678
312.853
312.062
311.306
310.583
309.894
309.237
308.612
308.018
307.454
306.919
306.413
305.934
305.483
305.057
304.657
304.281
303.928
303.598
303.289
303.001
302.733
302.484
302.253
302.039
301.841
301.659
301.492
301.338
301.197
301.069
300.952
300.846
300.749
300.662
300.584
300.513
300.45
300.393
300.342
300.297
300.258
300.223
300.192
300.164
300.141
300.12
300.102
300.086
300.073
300.061
300.051
300.043
300.036
300.029
300.024
300.02
300.016
300.013
300.011
300.009
300.007
300.006
300.004
300.003
300.003
300.002
300.002
300.001
300.001
300.001
300
300
300
300
300
300
300
300
300
300
300
300
300
300
300
300
300
300
300
300
300
300
300
300
300
300
300
300
300
300
300
300
300
300
300
300
300
300
300
300
340.274
341.237
342.167
343.058
343.902
344.692
345.418
346.074
346.652
347.144
347.544
347.846
348.045
348.137
348.118
347.987
347.743
347.387
346.922
346.351
345.68
344.914
344.06
343.128
342.125
341.06
339.942
338.781
337.584
336.361
335.12
333.866
332.607
331.35
330.098
328.857
327.63
326.422
325.236
324.073
322.936
321.827
320.747
319.697
318.679
317.692
316.738
315.816
314.927
314.071
313.247
312.457
311.698
310.972
310.277
309.613
308.979
308.376
307.802
307.256
306.738
306.248
305.784
305.346
304.932
304.543
304.178
303.835
303.513
303.213
302.932
302.671
302.428
302.203
301.994
301.801
301.623
301.46
301.31
301.172
301.047
300.932
300.828
300.734
300.649
300.572
300.503
300.441
300.385
300.336
300.292
300.253
300.218
300.188
300.161
300.138
300.118
300.1
300.085
300.072
300.06
300.05
300.042
300.035
300.029
300.024
300.02
300.016
300.013
300.011
300.009
300.007
300.005
300.004
300.003
300.003
300.002
300.002
300.001
300.001
300.001
300
300
300
300
300
300
300
300
300
300
300
300
300
300
300
300
300
300
300
300
300
300
300
300
300
300
300
300
300
300
300
300
300
300
300
300
300
300
300
300
336.638
337.463
338.261
339.025
339.75
340.43
341.057
341.626
342.131
342.565
342.924
343.203
343.397
343.503
343.518
343.439
343.267
343.002
342.644
342.196
341.66
341.043
340.347
339.58
338.748
337.856
336.913
335.925
334.9
333.844
332.764
331.666
330.556
329.44
328.323
327.209
326.102
325.006
323.924
322.859
321.813
320.789
319.788
318.812
317.861
316.937
316.041
315.174
314.335
313.526
312.745
311.994
311.273
310.581
309.917
309.282
308.676
308.098
307.547
307.022
306.525
306.053
305.606
305.183
304.784
304.409
304.055
303.724
303.413
303.122
302.85
302.597
302.362
302.143
301.941
301.753
301.581
301.422
301.276
301.142
301.02
300.909
300.808
300.716
300.633
300.558
300.491
300.43
300.376
300.328
300.285
300.247
300.214
300.184
300.158
300.135
300.115
300.098
300.083
300.07
300.059
300.049
300.041
300.034
300.028
300.023
300.019
300.016
300.013
300.01
300.008
300.007
300.005
300.004
300.003
300.003
300.002
300.002
300.001
300.001
300.001
300
300
300
300
300
300
300
300
300
300
300
300
300
300
300
300
300
300
300
300
300
300
300
300
300
300
300
300
300
300
300
300
300
300
300
300
300
300
300
300
333.088
333.793
334.474
335.127
335.747
336.329
336.868
337.359
337.798
338.179
338.499
338.753
338.938
339.051
339.09
339.052
338.936
338.742
338.471
338.124
337.703
337.21
336.65
336.025
335.341
334.603
333.816
332.985
332.116
331.215
330.287
329.337
328.371
327.393
326.408
325.42
324.433
323.451
322.477
321.513
320.563
319.628
318.711
317.814
316.937
316.082
315.25
314.442
313.659
312.901
312.168
311.462
310.782
310.129
309.501
308.9
308.324
307.775
307.25
306.751
306.276
305.825
305.398
304.993
304.611
304.251
303.912
303.594
303.295
303.015
302.754
302.51
302.283
302.073
301.878
301.697
301.53
301.377
301.236
301.107
300.989
300.881
300.784
300.695
300.614
300.542
300.477
300.418
300.366
300.319
300.277
300.24
300.208
300.179
300.154
300.131
300.112
300.095
300.081
300.068
300.057
300.048
300.04
300.033
300.028
300.023
300.019
300.015
300.012
300.01
300.008
300.007
300.005
300.004
300.003
300.003
300.002
300.001
300.001
300.001
300.001
300
300
300
300
300
300
300
300
300
300
300
300
300
300
300
300
300
300
300
300
300
300
300
300
300
300
300
300
300
300
300
300
300
300
300
300
300
300
300
300
329.641
330.239
330.818
331.373
331.9
332.396
332.857
333.278
333.657
333.99
334.272
334.502
334.675
334.789
334.843
334.834
334.762
334.625
334.424
334.16
333.832
333.444
332.997
332.494
331.939
331.334
330.684
329.994
329.266
328.506
327.718
326.907
326.076
325.23
324.373
323.509
322.641
321.772
320.907
320.046
319.194
318.352
317.522
316.707
315.908
315.126
314.363
313.62
312.897
312.195
311.516
310.859
310.225
309.614
309.027
308.463
307.922
307.405
306.91
306.439
305.99
305.563
305.158
304.775
304.412
304.07
303.747
303.444
303.159
302.892
302.642
302.41
302.193
301.991
301.804
301.632
301.472
301.325
301.19
301.066
300.953
300.849
300.755
300.67
300.592
300.523
300.46
300.403
300.353
300.308
300.268
300.232
300.201
300.173
300.148
300.127
300.108
300.092
300.078
300.066
300.056
300.047
300.039
300.032
300.027
300.022
300.018
300.015
300.012
300.01
300.008
300.006
300.005
300.004
300.003
300.002
300.002
300.001
300.001
300.001
300.001
300
300
300
300
300
300
300
300
300
300
300
300
300
300
300
300
300
300
300
300
300
300
300
300
300
300
300
300
300
300
300
300
300
300
300
300
300
300
300
300
326.313
326.818
327.306
327.774
328.22
328.64
329.031
329.391
329.716
330.004
330.251
330.456
330.615
330.727
330.789
330.801
330.761
330.669
330.523
330.325
330.074
329.772
329.42
329.02
328.574
328.085
327.555
326.988
326.386
325.753
325.093
324.409
323.704
322.982
322.247
321.501
320.748
319.991
319.232
318.474
317.72
316.972
316.232
315.502
314.783
314.078
313.387
312.712
312.053
311.412
310.79
310.186
309.602
309.038
308.494
307.971
307.469
306.987
306.526
306.086
305.666
305.266
304.886
304.526
304.185
303.863
303.559
303.272
303.003
302.751
302.515
302.295
302.089
301.898
301.721
301.556
301.405
301.265
301.136
301.018
300.911
300.812
300.722
300.641
300.567
300.5
300.44
300.387
300.338
300.295
300.257
300.223
300.193
300.166
300.143
300.122
300.104
300.089
300.075
300.063
300.053
300.045
300.037
300.031
300.026
300.021
300.017
300.014
300.012
300.009
300.008
300.006
300.005
300.004
300.003
300.002
300.002
300.001
300.001
300.001
300.001
300
300
300
300
300
300
300
300
300
300
300
300
300
300
300
300
300
300
300
300
300
300
300
300
300
300
300
300
300
300
300
300
300
300
300
300
300
300
300
300
323.122
323.545
323.953
324.346
324.72
325.073
325.403
325.708
325.984
326.231
326.445
326.626
326.769
326.875
326.942
326.967
326.951
326.891
326.789
326.644
326.455
326.223
325.95
325.636
325.283
324.892
324.465
324.005
323.514
322.994
322.448
321.879
321.29
320.682
320.06
319.426
318.782
318.131
317.476
316.819
316.162
315.507
314.856
314.212
313.575
312.948
312.331
311.726
311.135
310.557
309.995
309.448
308.917
308.403
307.906
307.428
306.967
306.524
306.099
305.693
305.305
304.935
304.582
304.248
303.931
303.63
303.347
303.08
302.828
302.592
302.371
302.165
301.972
301.793
301.626
301.472
301.329
301.197
301.076
300.965
300.863
300.77
300.685
300.608
300.538
300.475
300.418
300.367
300.322
300.281
300.244
300.212
300.183
300.158
300.136
300.116
300.099
300.085
300.072
300.061
300.051
300.043
300.036
300.03
300.025
300.02
300.017
300.014
300.011
300.009
300.007
300.006
300.005
300.004
300.003
300.002
300.002
300.001
300.001
300.001
300
300
300
300
300
300
300
300
300
300
300
300
300
300
300
300
300
300
300
300
300
300
300
300
300
300
300
300
300
300
300
300
300
300
300
300
300
300
300
300
300
320.087
320.438
320.777
321.104
321.415
321.709
321.985
322.24
322.474
322.683
322.867
323.023
323.151
323.249
323.315
323.348
323.348
323.314
323.245
323.141
323.001
322.827
322.618
322.374
322.098
321.79
321.451
321.083
320.688
320.267
319.822
319.356
318.87
318.367
317.848
317.317
316.775
316.224
315.667
315.106
314.542
313.978
313.415
312.856
312.3
311.751
311.209
310.676
310.153
309.64
309.14
308.651
308.176
307.715
307.268
306.836
306.419
306.018
305.632
305.262
304.908
304.57
304.248
303.941
303.65
303.374
303.113
302.867
302.635
302.417
302.212
302.021
301.842
301.675
301.521
301.377
301.244
301.121
301.008
300.905
300.81
300.723
300.643
300.571
300.506
300.447
300.394
300.346
300.303
300.265
300.23
300.2
300.173
300.149
300.128
300.11
300.094
300.08
300.068
300.057
300.048
300.041
300.034
300.028
300.023
300.019
300.016
300.013
300.011
300.009
300.007
300.006
300.004
300.003
300.003
300.002
300.002
300.001
300.001
300.001
300
300
300
300
300
300
300
300
300
300
300
300
300
300
300
300
300
300
300
300
300
300
300
300
300
300
300
300
300
300
300
300
300
300
300
300
300
300
300
300
300
317.229
317.517
317.796
318.064
318.32
318.563
318.791
319.003
319.198
319.373
319.529
319.663
319.775
319.862
319.925
319.963
319.973
319.957
319.912
319.84
319.739
319.61
319.453
319.268
319.055
318.816
318.551
318.261
317.947
317.612
317.255
316.878
316.484
316.073
315.648
315.211
314.762
314.304
313.838
313.367
312.892
312.414
311.935
311.457
310.981
310.508
310.04
309.578
309.123
308.676
308.237
307.809
307.391
306.983
306.588
306.204
305.833
305.475
305.13
304.799
304.481
304.177
303.886
303.609
303.346
303.095
302.859
302.635
302.423
302.225
302.038
301.863
301.699
301.547
301.405
301.273
301.151
301.038
300.934
300.839
300.751
300.671
300.597
300.531
300.47
300.416
300.366
300.322
300.282
300.247
300.215
300.187
300.161
300.139
300.12
300.103
300.088
300.075
300.063
300.054
300.045
300.038
300.032
300.026
300.022
300.018
300.015
300.012
300.01
300.008
300.006
300.005
300.004
300.003
300.003
300.002
300.001
300.001
300.001
300.001
300
300
300
300
300
300
300
300
300
300
300
300
300
300
300
300
300
300
300
300
300
300
300
300
300
300
300
300
300
300
300
300
300
300
300
300
300
300
300
300
300
314.566
314.799
315.026
315.244
315.452
315.65
315.837
316.011
316.171
316.316
316.446
316.559
316.655
316.732
316.79
316.828
316.845
316.84
316.814
316.766
316.695
316.601
316.485
316.347
316.186
316.003
315.799
315.575
315.33
315.066
314.785
314.486
314.171
313.842
313.5
313.145
312.78
312.406
312.024
311.635
311.242
310.844
310.445
310.044
309.643
309.244
308.847
308.454
308.065
307.682
307.305
306.935
306.574
306.221
305.877
305.542
305.218
304.904
304.601
304.309
304.029
303.759
303.502
303.256
303.021
302.798
302.587
302.386
302.197
302.019
301.851
301.694
301.546
301.409
301.28
301.161
301.051
300.948
300.854
300.767
300.687
300.614
300.548
300.487
300.432
300.382
300.337
300.296
300.26
300.227
300.198
300.172
300.149
300.129
300.111
300.095
300.081
300.069
300.059
300.05
300.042
300.035
300.029
300.024
300.02
300.017
300.014
300.011
300.009
300.007
300.006
300.005
300.004
300.003
300.002
300.002
300.001
300.001
300.001
300.001
300
300
300
300
300
300
300
300
300
300
300
300
300
300
300
300
300
300
300
300
300
300
300
300
300
300
300
300
300
300
300
300
300
300
300
300
300
300
300
300
300
312.117
312.304
312.485
312.66
312.827
312.986
313.136
313.277
313.407
313.526
313.633
313.727
313.807
313.873
313.925
313.961
313.981
313.984
313.971
313.94
313.892
313.826
313.742
313.64
313.521
313.384
313.229
313.058
312.871
312.668
312.449
312.216
311.97
311.711
311.44
311.159
310.867
310.567
310.26
309.945
309.626
309.302
308.975
308.645
308.315
307.984
307.654
307.326
307.001
306.679
306.362
306.05
305.743
305.443
305.149
304.864
304.586
304.316
304.055
303.803
303.56
303.326
303.102
302.888
302.683
302.488
302.302
302.126
301.96
301.802
301.654
301.515
301.385
301.262
301.149
301.043
300.944
300.853
300.769
300.691
300.62
300.554
300.494
300.44
300.39
300.345
300.305
300.268
300.235
300.206
300.18
300.156
300.135
300.117
300.101
300.086
300.074
300.063
300.054
300.045
300.038
300.032
300.027
300.022
300.019
300.015
300.013
300.01
300.008
300.007
300.005
300.004
300.003
300.003
300.002
300.002
300.001
300.001
300.001
300
300
300
300
300
300
300
300
300
300
300
300
300
300
300
300
300
300
300
300
300
300
300
300
300
300
300
300
300
300
300
300
300
300
300
300
300
300
300
300
300
300
309.898
310.045
310.188
310.326
310.458
310.584
310.703
310.815
310.919
311.014
311.1
311.177
311.243
311.299
311.343
311.376
311.396
311.404
311.399
311.381
311.349
311.304
311.245
311.172
311.085
310.985
310.87
310.743
310.602
310.448
310.282
310.104
309.915
309.716
309.506
309.286
309.059
308.823
308.581
308.332
308.078
307.819
307.557
307.292
307.026
306.758
306.49
306.222
305.956
305.692
305.43
305.172
304.917
304.668
304.423
304.184
303.951
303.724
303.504
303.29
303.085
302.886
302.695
302.512
302.337
302.17
302.01
301.859
301.715
301.579
301.451
301.331
301.217
301.111
301.012
300.919
300.833
300.754
300.68
300.612
300.549
300.491
300.439
300.391
300.347
300.307
300.271
300.239
300.21
300.184
300.16
300.14
300.121
300.105
300.09
300.077
300.066
300.057
300.048
300.041
300.034
300.029
300.024
300.02
300.017
300.014
300.011
300.009
300.008
300.006
300.005
300.004
300.003
300.002
300.002
300.001
300.001
300.001
300.001
300
300
300
300
300
300
300
300
300
300
300
300
300
300
300
300
300
300
300
300
300
300
300
300
300
300
300
300
300
300
300
300
300
300
300
300
300
300
300
300
300
300
307.922
308.036
308.147
308.254
308.356
308.454
308.547
308.634
308.715
308.79
308.858
308.919
308.973
309.018
309.056
309.084
309.103
309.113
309.114
309.104
309.085
309.055
309.014
308.963
308.901
308.829
308.746
308.653
308.55
308.436
308.313
308.18
308.038
307.887
307.728
307.561
307.387
307.206
307.019
306.827
306.63
306.428
306.223
306.015
305.805
305.593
305.38
305.167
304.954
304.742
304.532
304.323
304.117
303.914
303.715
303.52
303.329
303.142
302.961
302.785
302.615
302.45
302.291
302.139
301.992
301.852
301.718
301.591
301.47
301.355
301.247
301.145
301.048
300.958
300.873
300.794
300.721
300.653
300.589
300.531
300.477
300.427
300.382
300.34
300.303
300.268
300.237
300.209
300.184
300.161
300.141
300.122
300.106
300.092
300.079
300.068
300.058
300.05
300.042
300.036
300.03
300.025
300.021
300.018
300.015
300.012
300.01
300.008
300.007
300.005
300.004
300.003
300.003
300.002
300.002
300.001
300.001
300.001
300
300
300
300
300
300
300
300
300
300
300
300
300
300
300
300
300
300
300
300
300
300
300
300
300
300
300
300
300
300
300
300
300
300
300
300
300
300
300
300
300
300
300
306.198
306.284
306.368
306.449
306.526
306.601
306.671
306.738
306.8
306.858
306.911
306.959
307.001
307.037
307.067
307.091
307.108
307.119
307.122
307.118
307.106
307.087
307.061
307.026
306.983
306.933
306.874
306.808
306.733
306.651
306.562
306.465
306.361
306.25
306.132
306.008
305.879
305.743
305.603
305.458
305.308
305.155
304.999
304.84
304.678
304.515
304.35
304.185
304.019
303.854
303.689
303.525
303.363
303.202
303.044
302.889
302.736
302.587
302.442
302.3
302.163
302.029
301.901
301.777
301.658
301.543
301.434
301.33
301.23
301.136
301.046
300.962
300.882
300.807
300.737
300.671
300.609
300.552
300.499
300.45
300.405
300.363
300.325
300.29
300.258
300.229
300.203
300.179
300.157
300.138
300.121
300.105
300.091
300.079
300.068
300.059
300.05
300.043
300.037
300.031
300.026
300.022
300.018
300.015
300.013
300.011
300.009
300.007
300.006
300.005
300.004
300.003
300.002
300.002
300.001
300.001
300.001
300.001
300
300
300
300
300
300
300
300
300
300
300
300
300
300
300
300
300
300
300
300
300
300
300
300
300
300
300
300
300
300
300
300
300
300
300
300
300
300
300
300
300
300
300
304.725
304.789
304.851
304.911
304.969
305.024
305.077
305.126
305.173
305.216
305.256
305.292
305.325
305.353
305.376
305.396
305.41
305.42
305.424
305.424
305.418
305.406
305.389
305.366
305.338
305.304
305.263
305.217
305.165
305.108
305.044
304.976
304.901
304.822
304.737
304.648
304.553
304.455
304.352
304.246
304.136
304.023
303.907
303.788
303.668
303.545
303.422
303.297
303.172
303.046
302.921
302.795
302.671
302.548
302.426
302.306
302.188
302.072
301.959
301.848
301.74
301.636
301.534
301.437
301.342
301.252
301.165
301.081
301.002
300.926
300.855
300.787
300.722
300.662
300.605
300.552
300.502
300.455
300.412
300.372
300.335
300.301
300.27
300.241
300.215
300.191
300.169
300.149
300.131
300.115
300.101
300.088
300.077
300.066
300.057
300.049
300.042
300.036
300.031
300.026
300.022
300.019
300.016
300.013
300.011
300.009
300.007
300.006
300.005
300.004
300.003
300.002
300.002
300.001
300.001
300.001
300.001
300
300
300
300
300
300
300
300
300
300
300
300
300
300
300
300
300
300
300
300
300
300
300
300
300
300
300
300
300
300
300
300
300
300
300
300
300
300
300
300
300
300
300
300
303.501
303.547
303.591
303.634
303.676
303.716
303.754
303.79
303.824
303.856
303.885
303.912
303.936
303.957
303.975
303.99
304.001
304.01
304.014
304.016
304.013
304.007
303.996
303.982
303.963
303.941
303.914
303.883
303.848
303.809
303.765
303.718
303.666
303.611
303.552
303.489
303.423
303.353
303.28
303.204
303.126
303.045
302.962
302.876
302.789
302.7
302.61
302.519
302.427
302.335
302.242
302.15
302.058
301.966
301.875
301.785
301.696
301.609
301.524
301.44
301.358
301.279
301.201
301.127
301.054
300.985
300.918
300.853
300.792
300.733
300.677
300.625
300.574
300.527
300.482
300.441
300.401
300.365
300.331
300.299
300.27
300.242
300.217
300.195
300.174
300.154
300.137
300.121
300.107
300.094
300.082
300.072
300.063
300.054
300.047
300.04
300.035
300.03
300.025
300.021
300.018
300.015
300.013
300.011
300.009
300.007
300.006
300.005
300.004
300.003
300.003
300.002
300.002
300.001
300.001
300.001
300
300
300
300
300
300
300
300
300
300
300
300
300
300
300
300
300
300
300
300
300
300
300
300
300
300
300
300
300
300
300
300
300
300
300
300
300
300
300
300
300
300
300
300
300
302.511
302.543
302.574
302.605
302.634
302.662
302.688
302.714
302.738
302.76
302.781
302.8
302.817
302.832
302.846
302.857
302.866
302.873
302.877
302.879
302.878
302.875
302.869
302.86
302.849
302.834
302.817
302.797
302.774
302.748
302.719
302.688
302.653
302.616
302.576
302.533
302.488
302.441
302.391
302.339
302.285
302.228
302.17
302.111
302.05
301.988
301.924
301.86
301.795
301.73
301.664
301.598
301.532
301.466
301.4
301.335
301.271
301.208
301.146
301.084
301.025
300.966
300.909
300.854
300.801
300.749
300.699
300.651
300.605
300.561
300.519
300.48
300.442
300.406
300.372
300.34
300.311
300.283
300.257
300.232
300.21
300.189
300.17
300.152
300.136
300.121
300.107
300.095
300.084
300.074
300.065
300.057
300.049
300.043
300.037
300.032
300.028
300.024
300.02
300.017
300.014
300.012
300.01
300.008
300.007
300.006
300.005
300.004
300.003
300.002
300.002
300.001
300.001
300.001
300.001
300
300
300
300
300
300
300
300
300
300
300
300
300
300
300
300
300
300
300
300
300
300
300
300
300
300
300
300
300
300
300
300
300
300
300
300
300
300
300
300
300
300
300
300
300
300
301.737
301.759
301.78
301.8
301.82
301.839
301.857
301.874
301.891
301.906
301.92
301.933
301.945
301.956
301.965
301.973
301.98
301.985
301.989
301.991
301.991
301.989
301.986
301.981
301.974
301.966
301.955
301.943
301.928
301.912
301.893
301.873
301.851
301.827
301.801
301.773
301.743
301.712
301.679
301.644
301.608
301.571
301.532
301.492
301.451
301.409
301.366
301.323
301.278
301.234
301.188
301.143
301.098
301.052
301.007
300.962
300.917
300.873
300.829
300.786
300.744
300.703
300.663
300.623
300.585
300.548
300.513
300.478
300.445
300.414
300.384
300.355
300.327
300.301
300.277
300.253
300.232
300.211
300.192
300.174
300.157
300.142
300.128
300.115
300.103
300.091
300.081
300.072
300.064
300.056
300.049
300.043
300.038
300.033
300.028
300.024
300.021
300.018
300.015
300.013
300.011
300.009
300.008
300.006
300.005
300.004
300.004
300.003
300.002
300.002
300.001
300.001
300.001
300.001
300
300
300
300
300
300
300
300
300
300
300
300
300
300
300
300
300
300
300
300
300
300
300
300
300
300
300
300
300
300
300
300
300
300
300
300
300
300
300
300
300
300
300
300
300
300
300
301.155
301.169
301.182
301.195
301.208
301.22
301.232
301.244
301.254
301.264
301.274
301.282
301.29
301.297
301.304
301.309
301.314
301.318
301.32
301.322
301.323
301.322
301.321
301.318
301.314
301.309
301.303
301.295
301.287
301.277
301.265
301.253
301.239
301.224
301.208
301.19
301.172
301.152
301.131
301.109
301.086
301.062
301.037
301.012
300.985
300.958
300.93
300.902
300.873
300.844
300.814
300.784
300.754
300.724
300.694
300.664
300.634
300.605
300.575
300.546
300.518
300.49
300.463
300.436
300.41
300.385
300.361
300.337
300.314
300.292
300.272
300.252
300.233
300.214
300.197
300.181
300.166
300.151
300.138
300.125
300.113
300.102
300.092
300.083
300.074
300.066
300.059
300.052
300.046
300.041
300.036
300.032
300.028
300.024
300.021
300.018
300.015
300.013
300.011
300.01
300.008
300.007
300.006
300.005
300.004
300.003
300.003
300.002
300.002
300.001
300.001
300.001
300
300
300
300
300
300
300
300
300
300
300
300
300
300
300
300
300
300
300
300
300
300
300
300
300
300
300
300
300
300
300
300
300
300
300
300
300
300
300
300
300
300
300
300
300
300
300
300
300
300.733
300.742
300.751
300.759
300.767
300.774
300.782
300.789
300.795
300.802
300.808
300.813
300.818
300.823
300.827
300.831
300.834
300.836
300.838
300.839
300.84
300.84
300.839
300.838
300.836
300.833
300.83
300.826
300.821
300.815
300.808
300.801
300.793
300.784
300.774
300.764
300.752
300.741
300.728
300.715
300.701
300.686
300.671
300.655
300.639
300.622
300.605
300.587
300.569
300.551
300.532
300.513
300.494
300.475
300.456
300.437
300.418
300.4
300.381
300.362
300.344
300.326
300.308
300.291
300.274
300.258
300.242
300.227
300.212
300.197
300.183
300.17
300.158
300.146
300.134
300.123
300.113
300.103
300.094
300.086
300.078
300.07
300.064
300.057
300.051
300.046
300.041
300.036
300.032
300.028
300.025
300.022
300.019
300.017
300.015
300.013
300.011
300.009
300.008
300.007
300.006
300.005
300.004
300.003
300.003
300.002
300.002
300.001
300.001
300.001
300
300
300
300
300
300
300
300
300
300
300
300
300
300
300
300
300
299.999
299.999
299.999
299.999
299.999
299.999
299.999
299.999
299.999
299.999
299.999
299.999
299.999
299.999
299.999
299.999
299.999
299.999
299.999
299.999
299.999
299.999
299.999
299.999
299.999
299.999
299.999
299.999
299.999
299.999
299.999
299.999
299.999
299.999
300.443
300.448
300.453
300.458
300.463
300.467
300.472
300.476
300.48
300.484
300.487
300.49
300.494
300.496
300.499
300.501
300.503
300.505
300.506
300.507
300.507
300.508
300.507
300.507
300.506
300.504
300.503
300.5
300.497
300.494
300.491
300.487
300.482
300.477
300.471
300.466
300.459
300.452
300.445
300.437
300.429
300.421
300.412
300.403
300.393
300.383
300.373
300.363
300.352
300.341
300.33
300.319
300.308
300.296
300.285
300.274
300.262
300.251
300.239
300.228
300.217
300.206
300.195
300.184
300.174
300.164
300.154
300.145
300.135
300.126
300.118
300.109
300.101
300.094
300.087
300.08
300.073
300.067
300.061
300.056
300.051
300.046
300.042
300.037
300.034
300.03
300.027
300.024
300.021
300.019
300.017
300.014
300.013
300.011
300.01
300.008
300.007
300.006
300.005
300.004
300.004
300.003
300.002
300.002
300.002
300.001
300.001
300.001
300
300
300
300
300
300
300
300
300
300
300
300
300
300
299.999
299.999
299.999
299.999
299.999
299.999
299.999
299.999
299.999
299.999
299.999
299.999
299.999
299.999
299.999
299.999
299.999
299.999
299.999
299.999
299.999
299.999
299.999
299.999
299.999
299.999
299.999
299.999
299.999
299.999
299.999
299.999
299.999
299.999
299.999
299.999
299.999
299.999
299.999
300.253
300.256
300.259
300.261
300.264
300.267
300.269
300.271
300.274
300.276
300.278
300.28
300.281
300.283
300.285
300.286
300.287
300.288
300.289
300.289
300.29
300.29
300.29
300.29
300.289
300.289
300.288
300.287
300.285
300.283
300.282
300.279
300.277
300.274
300.271
300.268
300.265
300.261
300.257
300.253
300.249
300.244
300.239
300.234
300.229
300.223
300.218
300.212
300.206
300.2
300.194
300.187
300.181
300.174
300.168
300.161
300.155
300.148
300.142
300.135
300.129
300.123
300.116
300.11
300.104
300.098
300.093
300.087
300.081
300.076
300.071
300.066
300.062
300.057
300.053
300.049
300.045
300.041
300.038
300.034
300.031
300.028
300.026
300.023
300.021
300.019
300.017
300.015
300.013
300.012
300.01
300.009
300.008
300.007
300.006
300.005
300.004
300.004
300.003
300.003
300.002
300.002
300.001
300.001
300.001
300.001
300
300
300
300
300
300
300
300
300
300
300
300
299.999
299.999
299.999
299.999
299.999
299.999
299.999
299.999
299.999
299.999
299.999
299.999
299.999
299.999
299.999
299.999
299.999
299.999
299.999
299.999
299.999
299.999
299.999
299.999
299.999
299.999
299.999
299.999
299.999
299.999
299.999
299.999
299.999
299.999
299.999
299.999
299.999
299.999
299.999
299.999
299.999
299.999
299.999
300.136
300.137
300.139
300.14
300.142
300.143
300.144
300.145
300.147
300.148
300.149
300.15
300.151
300.152
300.152
300.153
300.154
300.154
300.155
300.155
300.155
300.156
300.156
300.156
300.155
300.155
300.155
300.154
300.153
300.153
300.152
300.151
300.149
300.148
300.147
300.145
300.143
300.141
300.139
300.137
300.135
300.133
300.13
300.127
300.125
300.122
300.119
300.116
300.113
300.11
300.106
300.103
300.1
300.096
300.093
300.089
300.086
300.082
300.079
300.075
300.072
300.068
300.065
300.062
300.058
300.055
300.052
300.049
300.046
300.043
300.04
300.037
300.035
300.032
300.03
300.028
300.025
300.023
300.021
300.02
300.018
300.016
300.015
300.013
300.012
300.011
300.009
300.008
300.007
300.007
300.006
300.005
300.004
300.004
300.003
300.003
300.002
300.002
300.002
300.001
300.001
300.001
300.001
300
300
300
300
300
300
300
300
300
300
300
299.999
299.999
299.999
299.999
299.999
299.999
299.999
299.999
299.999
299.999
299.999
299.999
299.999
299.999
299.999
299.999
299.999
299.999
299.999
299.999
299.999
299.999
299.999
299.999
299.999
299.999
299.999
299.999
299.999
299.999
299.999
299.999
299.999
299.999
299.999
299.999
299.999
299.999
299.999
299.999
299.999
299.999
299.999
299.999
299.999
299.999
299.999
300.068
300.069
300.069
300.07
300.071
300.071
300.072
300.073
300.073
300.074
300.074
300.075
300.075
300.076
300.076
300.077
300.077
300.077
300.077
300.078
300.078
300.078
300.078
300.078
300.078
300.078
300.078
300.077
300.077
300.077
300.076
300.076
300.075
300.075
300.074
300.073
300.072
300.071
300.07
300.069
300.068
300.067
300.066
300.065
300.063
300.062
300.061
300.059
300.058
300.056
300.054
300.053
300.051
300.049
300.048
300.046
300.044
300.042
300.041
300.039
300.037
300.035
300.034
300.032
300.03
300.029
300.027
300.026
300.024
300.023
300.021
300.02
300.018
300.017
300.016
300.015
300.013
300.012
300.011
300.01
300.009
300.008
300.008
300.007
300.006
300.005
300.005
300.004
300.004
300.003
300.003
300.002
300.002
300.002
300.001
300.001
300.001
300.001
300.001
300
300
300
300
300
300
300
300
300
300
300
299.999
299.999
299.999
299.999
299.999
299.999
299.999
299.999
299.999
299.999
299.999
299.999
299.999
299.999
299.999
299.999
299.999
299.999
299.999
299.999
299.999
299.999
299.999
299.999
299.999
299.999
299.999
299.999
299.999
299.999
299.999
299.999
299.999
299.999
299.999
299.999
299.999
299.999
299.999
299.999
299.999
299.999
299.999
299.999
299.999
299.999
299.999
299.999
299.999
299.999
299.999
300.031
300.032
300.032
300.032
300.033
300.033
300.033
300.034
300.034
300.034
300.034
300.035
300.035
300.035
300.035
300.035
300.035
300.036
300.036
300.036
300.036
300.036
300.036
300.036
300.036
300.036
300.036
300.036
300.036
300.036
300.035
300.035
300.035
300.035
300.034
300.034
300.034
300.033
300.033
300.032
300.032
300.031
300.031
300.03
300.03
300.029
300.028
300.028
300.027
300.026
300.026
300.025
300.024
300.023
300.023
300.022
300.021
300.02
300.019
300.018
300.018
300.017
300.016
300.015
300.014
300.014
300.013
300.012
300.011
300.011
300.01
300.009
300.009
300.008
300.007
300.007
300.006
300.006
300.005
300.005
300.004
300.004
300.003
300.003
300.003
300.002
300.002
300.002
300.002
300.001
300.001
300.001
300.001
300.001
300
300
300
300
300
300
300
300
300
300
300
300
299.999
299.999
299.999
299.999
299.999
299.999
299.999
299.999
299.999
299.999
299.999
299.999
299.999
299.999
299.999
299.999
299.999
299.999
299.999
299.999
299.999
299.999
299.999
299.999
299.999
299.999
299.999
299.999
299.999
299.999
299.999
299.999
299.999
299.999
299.999
299.999
299.999
299.999
299.999
299.999
299.999
299.999
299.999
299.999
299.999
299.999
299.999
299.999
299.999
299.999
299.999
299.999
299.999
299.999
299.999
300.013
300.013
300.013
300.014
300.014
300.014
300.014
300.014
300.014
300.014
300.014
300.014
300.015
300.015
300.015
300.015
300.015
300.015
300.015
300.015
300.015
300.015
300.015
300.015
300.015
300.015
300.015
300.015
300.015
300.015
300.015
300.015
300.015
300.015
300.015
300.014
300.014
300.014
300.014
300.014
300.014
300.013
300.013
300.013
300.013
300.012
300.012
300.012
300.011
300.011
300.011
300.011
300.01
300.01
300.01
300.009
300.009
300.009
300.008
300.008
300.007
300.007
300.007
300.006
300.006
300.006
300.005
300.005
300.005
300.004
300.004
300.004
300.004
300.003
300.003
300.003
300.002
300.002
300.002
300.002
300.002
300.001
300.001
300.001
300.001
300.001
300.001
300
300
300
300
300
300
300
300
300
300
300
300
300
299.999
299.999
299.999
299.999
299.999
299.999
299.999
299.999
299.999
299.999
299.999
299.999
299.999
299.999
299.999
299.999
299.999
299.999
299.999
299.999
299.999
299.999
299.999
299.999
299.999
299.999
299.999
299.999
299.999
299.999
299.999
299.999
299.999
299.999
299.999
299.999
299.999
299.999
299.999
299.999
299.999
299.999
299.999
299.999
299.999
299.999
299.999
299.999
299.999
299.999
299.999
299.999
299.999
299.999
299.999
299.999
299.999
299.999
299.999
299.999
299.999
300.005
300.005
300.005
300.005
300.005
300.005
300.005
300.005
300.005
300.005
300.005
300.005
300.005
300.006
300.006
300.006
300.006
300.006
300.006
300.006
300.006
300.006
300.006
300.006
300.006
300.006
300.006
300.006
300.006
300.006
300.006
300.006
300.006
300.006
300.005
300.005
300.005
300.005
300.005
300.005
300.005
300.005
300.005
300.005
300.005
300.005
300.005
300.004
300.004
300.004
300.004
300.004
300.004
300.004
300.004
300.003
300.003
300.003
300.003
300.003
300.003
300.003
300.002
300.002
300.002
300.002
300.002
300.002
300.002
300.001
300.001
300.001
300.001
300.001
300.001
300.001
300.001
300.001
300
300
300
300
300
300
300
300
300
300
300
300
300
300
300
300
299.999
299.999
299.999
299.999
299.999
299.999
299.999
299.999
299.999
299.999
299.999
299.999
299.999
299.999
299.999
299.999
299.999
299.999
299.999
299.999
299.999
299.999
299.999
299.999
299.999
299.999
299.999
299.999
299.999
299.999
299.999
299.999
299.999
299.999
299.999
299.999
299.999
299.999
299.999
299.999
299.999
299.999
299.999
299.999
299.999
299.999
299.999
299.999
299.999
299.999
299.999
299.999
299.999
299.999
299.999
299.999
299.999
299.999
299.999
299.999
299.999
299.999
299.999
299.999
299.999
299.999
299.999
300.002
300.002
300.002
300.002
300.002
300.002
300.002
300.002
300.002
300.002
300.002
300.002
300.002
300.002
300.002
300.002
300.002
300.002
300.002
300.002
300.002
300.002
300.002
300.002
300.002
300.002
300.002
300.002
300.002
300.002
300.002
300.002
300.002
300.002
300.002
300.002
300.002
300.002
300.002
300.002
300.002
300.002
300.002
300.002
300.002
300.002
300.002
300.002
300.002
300.002
300.001
300.001
300.001
300.001
300.001
300.001
300.001
300.001
300.001
300.001
300.001
300.001
300.001
300.001
300.001
300.001
300
300
300
300
300
300
300
300
300
300
300
300
300
300
300
300
300
300
300
300
300
299.999
299.999
299.999
299.999
299.999
299.999
299.999
299.999
299.999
299.999
299.999
299.999
299.999
299.999
299.999
299.999
299.999
299.999
299.999
299.999
299.999
299.999
299.999
299.999
299.999
299.999
299.999
299.999
299.999
299.999
299.999
299.999
299.999
299.999
299.999
299.999
299.999
299.999
299.999
299.999
299.999
299.999
299.999
299.999
299.999
299.999
299.999
299.999
299.999
299.999
299.999
299.999
299.999
299.999
299.999
299.999
299.999
299.999
299.999
299.999
299.999
299.999
299.999
299.999
299.999
299.999
299.999
299.999
299.999
299.999
299.999
299.999
299.999
299.999
300
300
300
300
300
300
300
300
300
300
300
300
300
300
300
300
300
300
300
300
300
300
300
300
300
300
300
300
300
300
300
300
300
300
300
300
300
300
300
300
300
300
300
300
300
300
300
300
300
300
300
300
300
300
300
300
300
300
300
300
300
300
300
300
300
300
300
300
300
300
300
300
300
300
300
300
300
300
300
300
300
300
300
300
300
300
300
300
300
300
300
300
300
300
300
300
300
300
300
300
300
300
300
300
300
300
300
300
300
300
300
300
300
300
300
300
300
300
300
300
300
300
300
300
300
300
300
300
300
300
300
300
300
300
300
300
300
300
300
300
300
300
300
300
300
300
300
300
300
300
300
300
300
300
300
300
300
300
300
300
300
300
300
300
300
300
300
300
300
300
300
300
300
300
300
300
300
300
300
300
300
300
300
300
300
300
300
300
300
300
300
300
300
300
300
300
300
300
300
300
300
300
300
300
300
300
300
300
300
300
300
300
300
300
300
300
300
300
300
300
300
300
300
300
300
300
300
300
300
300
300
300
300
300
300
300
300
300
300
300
300
300
300
300
300
300
300
300
300
300
300
300
300
300
300
300
300
300
300
300
300
300
300
300
300
300
300
300
300
300
300
300
300
300
300
300
300
300
300
300
300
300
300
300
300
300
300
300
300
300
300
300
300
300
300
300
300
300
300
300
300
300
300
300
300
300
300
300
300
300
300
300
300
300
300
300
300
300
300
300
300
300
300
300
300
300
300
300
300
300
300
300
300
300
300
300
300
300
300
300
300
300
300
300
300
300
300
300
300
300
300
300
300
300
300
300
300
300
300
300
300
300
300
300
300
300
300
300
300
300
300
300
300
300
300
300
300
300
300
300
300
300
300
300
300
300
300
300
300
300
300
300
300
300
300
300
300
300
300
300
300
300
300
300
300
300
300
300
300
300
300
300
300
300
300
300
300
300
300
300
300
300
300
300
300
300
300
300
300
300
300
300
300
300
300
300
300
300
300
300
300
300
300
300
300
300
300
300
300
300
300
300
300
300
300
300
300
300
300
300
300
300
300
300
300
300
300
300
300
300
300
300
300
300
300
300
300
300
300
300
300
300
300
300
300
300
300
300
300
300
300
300
300
300
300
300
300
300
300
300
300
300
300
300
300
300
300
300
300
300
300
300
300
300
300
300
300
300
300
300
300
300
300
300
300
300
300
300
300
300
300
300
300
300
300
300
300
300
300
300
300
300
300
300
300
300
300
300
300
300
300
300
300
300
300
300
300
300
300
300
300
300
300
300
300
300
300
300
300
300
300
300
300
300
300
300
300
300
300
300
300
300
300
300
300
300
300
300
300
300
300
300
300
300
300
300
300
300
300
300
300
300
300
300
300
300
300
300
300
300
300
300
300
300
300
300
300
300
300
300
300
300
300
300
300
300
300
300
300
300
300
300
300
300
300
300
300
300
300
300
300
300
300
300
300
300
300
300
300
300
300
300
300
300
300
300
300
300
300
300
300
300
300
300
300
300
300
300
300
300
300
300
300
300
300
300
300
300
300
300
300
300
300
300
300
300
300
300
300
300
300
300
300
300
300
300
300
300
300
300
300
300
300
300
300
300
300
300
300
300
300
300
300
300
300
300
300
300
300
300
300
300
300
300
300
300
300
300
300
300
300
300
300
300
300
300
300
300
300
300
300
300
300
300
300
300
300
300
300
300
300
300
300
300
300
300
300
300
300
300
300
300
300
300
300
300
300
300
300
300
300
300
300
300
300
300
300
300
300
300
300
300
300
300
300
300
300
300
300
300
300
300
300
300
300
300
300
300
300
300
300
300
300
300
300
300
300
300
300
300
300
300
300
300
300
300
300
300
300
300
300
300
300
300
300
300
300
300
300
300
300
300
300
300
300
300
300
300
300
300
300
300
300
300
300
300
300
300
300
300
300
300
300
300
300
300
300
300
300
300
300
300
300
300
300
300
300
300
300
300
300
300
300
300
300
300
300
300
300
300
300
300
300
300
300
300
300
300
300
300
300
300
300
300
300
300
300
300
300
300
300
300
300
300
300
300
300
300
300
300
300
300
300
300
300
300
300
300
300
300
300
300
300
300
300
300
300
300
300
300
300
300
300
300
300
300
300
300
300
300
300
300
300
300
300
300
300
300
300
300
300
300
300
300
300
300
300
300
300
300
300
300
300
300
300
300
300
300
300
300
300
300
300
300
300
300
300
300
300
300
300
300
300
300
300
300
300
300
300
300
300
300
300
300
300
300
300
300
300
300
300
300
300
300
300
300
300
300
300
300
300
300
300
300
300
300
300
300
300
300
300
300
300
300
300
300
300
300
300
300
300
300
300
300
300
300
300
300
300
300
300
300
300
300
300
300
300
300
300
300
300
300
300
300
300
300
300
300
300
300
300
300
300
300
300
300
300
300
300
300
300
300
300
300
300
300
300
300
300
300
300
300
300
300
300
300
300
300
300
300
300
300
300
300
300
300
300
300
300
300
300
300
300
300
300
300
300
300
300
300
300
300
300
300
300
300
300
300
300
300
300
300
300
300
300
300
300
300
300
300
300
300
300
300
300
300
300
300
300
300
300
300
300
300
300
300
300
300
300
300
300
300
300
300
300
300
300
300
300
300
300
300
300
300
300
300
300
300
300
300
300
300
300
300
300
300
300
300
300
300
300
300
300
300
300
300
300
300
300
300
300
300
300
300
300
300
300
300
300
300
300
300
300
300
300
300
300
300
300
300
300
300
300
300
300
300
300
300
300
300
300
300
300
300
300
300
300
300
300
300
300
300
300
300
300
300
300
300
300
300
300
300
300
300
300
300
300
300
300
300
300
300
300
300
300
300
300
300
300
300
300
300
300
300
300
300
300
300
300
300
300
300
300
300
300
300
300
300
300
300
300
300
300
300
300
300
300
300
300
300
300
300
300
300
300
300
300
300
300
300
300
300
300
300
300
300
300
300
300
300
300
300
300
300
300
300
300
300
300
300
300
300
300
300
300
300
300
300
300
300
300
300
300
300
300
300
300
300
300
300
300
300
300
300
300
300
300
300
300
300
300
300
300
300
300
300
300
300
300
300
300
300
300
300
300
300
300
300
300
300
300
300
300
300
300
300
300
300
300
300
300
300
300
300
300
300
300
300
300
300
300
300
300
300
300
300
300
300
300
300
300
300
300
300
300
300
300
300
300
300
300
300
300
300
300
300
300
300
300
300
300
300
300
300
300
300
300
300
300
300
300
300
300
300
300
300
300
300
300
300
300
300
300
300
300
300
300
300
300
300
300
300
300
300
300
300
300
300
300
300
300
300
300
300
300
300
300
300
300
300
300
300
300
300
300
300
300
300
300
300
300
300
300
300
300
300
300
300
300
300
300
300
300
300
300
300
300
300
300
300
300
300
300
300
300
300
300
300
300
300
300
300
300
300
300
300
300
300
300
300
300
300
300
300
300
300
300
300
300
300
300
300
300
300
300
300
300
300
300
300
300
300
300
300
300
300
300
300
300
300
300
300
300
300
300
300
300
300
300
300
300
300
300
300
300
300
300
300
300
300
300
300
300
300
300
300
300
300
300
300
300
300
300
300
300
300
300
300
300
300
300
300
300
300
300
300
300
300
300
300
300
300
300
300
300
300
300
300
300
300
300
300
300
300
300
300
300
300
300
300
300
300
300
300
300
300
300
300
300
300
300
300
299.999
299.999
299.999
299.999
299.999
299.999
299.999
299.999
299.999
299.999
299.999
299.999
299.999
299.999
299.999
299.999
299.999
299.999
299.999
299.999
299.999
299.999
299.999
299.999
299.999
299.999
299.999
299.999
299.999
299.999
299.999
299.999
299.999
299.999
299.999
299.999
299.999
299.999
299.999
299.999
299.999
299.999
299.999
299.999
299.999
299.999
299.999
299.999
299.999
299.999
299.999
299.999
299.999
299.999
299.999
299.999
299.999
299.999
299.999
299.999
299.999
299.999
299.999
299.999
299.999
299.999
299.999
299.999
299.999
299.999
299.999
299.999
299.999
299.999
299.999
299.999
299.999
299.999
299.999
299.999
299.999
299.999
299.999
299.999
299.999
299.999
299.999
299.999
299.999
299.999
299.999
299.999
299.999
299.999
299.999
299.999
299.999
299.999
299.999
299.999
299.999
299.999
299.999
299.999
299.999
299.999
299.999
299.999
299.999
299.999
299.999
299.999
299.999
299.999
299.999
299.999
299.999
299.999
299.999
299.999
299.999
299.999
299.999
299.999
299.999
299.999
299.999
299.999
299.999
299.999
299.999
299.999
299.999
299.999
299.999
299.999
299.999
299.999
299.999
299.999
299.999
299.999
299.999
299.999
299.999
299.999
299.999
299.999
299.999
299.999
299.999
299.999
299.999
299.999
299.999
299.999
299.999
299.999
299.999
299.999
299.999
299.999
299.999
299.999
299.999
299.999
299.999
299.999
299.999
299.999
299.999
299.999
299.999
299.999
299.999
299.999
299.999
299.999
299.999
299.999
299.999
299.999
299.999
299.999
299.999
299.999
299.999
299.999
299.999
299.999
299.999
299.999
299.999
299.999
299.999
299.999
299.999
299.999
299.999
299.999
299.999
299.999
299.999
299.999
299.999
299.999
299.999
299.999
299.999
299.999
299.999
299.999
299.999
299.999
299.999
299.999
299.999
299.999
299.999
299.999
299.999
299.999
299.999
299.999
299.999
299.999
299.999
299.999
299.999
299.999
299.999
299.999
299.999
299.999
299.999
299.999
299.999
299.999
299.999
299.999
299.999
299.999
299.999
299.999
299.999
299.999
299.999
299.999
299.999
299.999
299.999
299.999
299.999
299.999
299.999
299.999
299.999
299.999
299.999
299.999
299.999
299.999
299.999
299.999
299.999
299.999
299.999
299.999
299.999
299.999
299.999
299.999
299.999
299.999
299.999
299.999
299.999
299.999
299.999
299.999
299.999
299.999
299.999
299.999
299.999
299.999
299.999
299.999
299.999
299.999
299.999
299.999
299.999
299.999
299.999
299.999
299.999
299.999
299.999
299.999
299.999
299.999
299.999
299.999
299.999
299.999
299.999
299.999
299.999
299.999
299.999
299.999
299.999
299.999
299.999
299.999
299.999
299.999
299.999
299.999
299.999
299.999
299.999
299.999
299.999
299.999
299.999
299.999
299.999
299.999
299.999
299.999
299.999
299.999
299.999
299.999
299.999
299.999
299.999
299.999
299.999
299.999
299.999
299.999
299.999
299.999
299.999
299.999
299.999
299.999
299.999
299.999
299.999
299.999
299.999
299.999
299.999
299.999
299.999
299.999
299.999
299.999
299.999
299.999
299.999
299.999
299.999
299.999
299.999
299.999
299.999
299.999
299.999
299.999
299.999
299.999
299.999
299.999
299.999
299.999
299.999
299.999
299.999
299.999
299.999
299.999
299.999
299.999
299.999
299.999
299.999
299.999
299.999
299.999
299.999
299.999
299.999
299.999
299.999
299.999
299.999
299.999
299.999
299.999
299.999
299.999
299.999
299.999
299.999
299.999
299.999
299.999
299.999
299.999
299.999
299.999
299.999
299.999
299.999
299.999
299.999
299.999
299.999
299.999
299.999
299.999
299.999
299.999
299.999
299.999
299.999
299.999
299.999
299.999
299.999
299.999
299.999
299.999
299.999
299.999
299.999
299.999
299.999
299.999
299.999
299.999
299.999
299.999
299.999
299.999
299.999
299.999
299.999
299.999
299.999
299.999
299.999
299.999
299.999
)
;

boundaryField
{
    inlet
    {
        type            fixedValue;
        value           uniform 300;
    }
    outlet
    {
        type            zeroGradient;
    }
    top
    {
        type            zeroGradient;
    }
    slip-bottom
    {
        type            zeroGradient;
    }
    bottom
    {
        type            zeroGradient;
    }
    interface
    {
        type            fixedGradient;
        gradient        nonuniform List<scalar> 
161
(
2999.99
2999.99
2999.99
2999.99
2999.99
2999.99
2999.99
2999.99
2999.99
2999.99
2999.99
2999.99
2999.99
2999.99
2999.99
2999.99
2999.99
2999.99
2999.99
2999.99
1.98952e-13
1.98952e-13
1.98952e-13
1.98952e-13
1.98952e-13
1.98952e-13
1.98952e-13
1.98952e-13
1.98952e-13
1.98952e-13
1.98952e-13
1.98952e-13
1.98952e-13
1.98952e-13
1.98952e-13
1.98952e-13
1.98952e-13
1.98952e-13
1.98952e-13
1.98952e-13
1.16529e-12
1.16529e-12
1.16529e-12
1.16529e-12
1.16529e-12
1.16529e-12
1.16529e-12
1.16529e-12
1.16529e-12
1.16529e-12
1.16529e-12
1.16529e-12
1.16529e-12
1.16529e-12
1.16529e-12
1.16529e-12
3.12639e-13
3.12639e-13
3.12639e-13
3.12639e-13
3.12639e-13
3.12639e-13
3.12639e-13
3.12639e-13
3.12639e-13
3.12639e-13
3.12639e-13
3.12639e-13
3.12639e-13
3.12639e-13
3.12639e-13
5.68434e-14
5.68434e-14
5.68434e-14
5.68434e-14
5.68434e-14
5.68434e-14
5.68434e-14
5.68434e-14
5.68434e-14
5.68434e-14
5.68434e-14
5.68434e-14
8.52651e-14
8.52651e-14
8.52651e-14
8.52651e-14
8.52651e-14
8.52651e-14
8.52651e-14
8.52651e-14
8.52651e-14
8.52651e-14
8.52651e-14
-2.84217e-13
-2.84217e-13
-2.84217e-13
-2.84217e-13
-2.84217e-13
-2.84217e-13
-2.84217e-13
-2.84217e-13
-2.84217e-13
-2.84217e-13
6.25278e-13
6.25278e-13
6.25278e-13
6.25278e-13
6.25278e-13
6.25278e-13
6.25278e-13
6.25278e-13
6.25278e-13
1.98952e-13
1.98952e-13
1.98952e-13
1.98952e-13
1.98952e-13
1.98952e-13
1.98952e-13
1.98952e-13
-8.10019e-13
-8.10019e-13
-8.10019e-13
-8.10019e-13
-8.10019e-13
-8.10019e-13
-8.10019e-13
-8.10019e-13
2.84217e-13
2.84217e-13
2.84217e-13
2.84217e-13
2.84217e-13
2.84217e-13
2.84217e-13
5.68434e-14
5.68434e-14
5.68434e-14
5.68434e-14
5.68434e-14
5.68434e-14
5.68434e-14
7.10543e-14
7.10543e-14
7.10543e-14
7.10543e-14
7.10543e-14
7.10543e-14
-2.84217e-14
-2.84217e-14
-2.84217e-14
-2.84217e-14
-2.84217e-14
-2.84217e-14
8.95284e-13
8.95284e-13
8.95284e-13
8.95284e-13
8.95284e-13
8.95284e-13
)
;
    }
    defaultFaces
    {
        type            empty;
    }
}


// ************************************************************************* //
