/*--------------------------------*- C++ -*----------------------------------*\
  =========                 |
  \\      /  F ield         | OpenFOAM: The Open Source CFD Toolbox
   \\    /   O peration     | Website:  https://openfoam.org
    \\  /    A nd           | Version:  7
     \\/     M anipulation  |
\*---------------------------------------------------------------------------*/
FoamFile
{
    version     2.0;
    format      ascii;
    class       surfaceScalarField;
    location    "4.3";
    object      phi;
}
// * * * * * * * * * * * * * * * * * * * * * * * * * * * * * * * * * * * * * //

dimensions      [0 3 -1 0 0 0 0];

internalField   nonuniform List<scalar> 
5457
(
0.198418
0.00158236
0.19648
0.00193733
0.194192
0.00228803
0.191509
0.00268351
0.188428
0.0030811
0.184951
0.00347665
0.181073
0.00387844
0.176779
0.00429386
0.172051
0.00472805
0.166866
0.00518503
0.161197
0.0056683
0.155017
0.0061808
0.148292
0.00672472
0.140991
0.00730108
0.133082
0.00790923
0.124535
0.00854617
0.11533
0.00920561
0.105453
0.00987691
0.094909
0.0105438
0.0837257
0.0111833
0.0719612
0.0117645
0.059713
0.0122482
0.0471243
0.0125887
0.034384
0.0127403
0.0216888
0.0126952
0.00903843
0.0126503
-0.00291571
0.0119541
-0.00847204
0.00555633
-0.00804301
-0.000429031
-0.00804301
0.199928
0.00165419
0.199176
0.00268974
0.197965
0.00349891
0.196332
0.00431662
0.194272
0.00514107
0.191782
0.00596662
0.188855
0.0068053
0.185478
0.00767058
0.181634
0.0085728
0.177298
0.00952025
0.172446
0.0105202
0.167048
0.0115789
0.161072
0.0127012
0.154483
0.0138898
0.147248
0.015144
0.139335
0.016459
0.130718
0.0178233
0.121378
0.0192168
0.111313
0.0206084
0.100544
0.021953
0.0891193
0.0231888
0.0771318
0.0242358
0.0647258
0.0249947
0.0521182
0.0253479
0.0396577
0.0251558
0.0281072
0.0242008
0.0185965
0.0214649
0.00879851
0.0153543
0.00118414
0.00718533
-0.00685887
0.199781
0.00187361
0.199087
0.00338355
0.197946
0.00463979
0.196409
0.00585317
0.194483
0.00706712
0.192164
0.00828557
0.189447
0.00952262
0.186322
0.0107959
0.182774
0.0121206
0.178785
0.013509
0.174333
0.0149722
0.169392
0.0165198
0.163934
0.0181596
0.157927
0.0198967
0.151339
0.021732
0.144138
0.0236605
0.136292
0.0256685
0.127779
0.0277304
0.118582
0.0298051
0.108704
0.0318307
0.0981727
0.0337205
0.0870505
0.035358
0.0754538
0.0365914
0.0635765
0.0372251
0.0517344
0.0369978
0.0403989
0.0355364
0.0297403
0.0321234
0.019167
0.0259276
0.00959821
0.0167541
0.00273935
0.199703
0.00217052
0.199008
0.00407882
0.197887
0.00576028
0.196376
0.00736402
0.194488
0.00895516
0.192223
0.0105515
0.189575
0.0121702
0.186539
0.0138318
0.183105
0.0155549
0.179258
0.0173553
0.174984
0.019247
0.170261
0.0212422
0.16507
0.0233511
0.159386
0.0255807
0.153184
0.0279335
0.146439
0.0304054
0.139125
0.0329826
0.131218
0.0356375
0.122699
0.038324
0.113558
0.0409714
0.103802
0.0434773
0.0934592
0.0457005
0.0825979
0.0474527
0.071335
0.048488
0.0598429
0.04849
0.0483186
0.0470607
0.0368123
0.0436297
0.0251888
0.0375511
0.013336
0.0286069
0.0160753
0.199667
0.0025031
0.198964
0.00478206
0.197863
0.00686155
0.196381
0.00884564
0.194533
0.0108039
0.192318
0.012766
0.189734
0.0147539
0.186776
0.0167903
0.183434
0.0188964
0.179699
0.0210909
0.175556
0.0233897
0.170991
0.0258071
0.165987
0.0283546
0.160527
0.0310407
0.154592
0.0338688
0.148162
0.0368357
0.141216
0.0399282
0.133735
0.0431188
0.125698
0.0463607
0.117089
0.0495806
0.107896
0.0526706
0.0981168
0.0554795
0.0877669
0.0578026
0.0768808
0.0593741
0.0655106
0.0598601
0.0537096
0.0588617
0.0414553
0.055884
0.0285886
0.0504178
0.0148528
0.0423427
0.0309281
0.199653
0.00285029
0.198949
0.00548609
0.197871
0.00793945
0.196427
0.0102898
0.194627
0.0126038
0.192473
0.0149194
0.189964
0.0172634
0.187093
0.019661
0.183854
0.0221356
0.180237
0.024708
0.17623
0.0273961
0.171822
0.0302156
0.166997
0.0331792
0.161742
0.0362964
0.156039
0.0395715
0.149873
0.0430021
0.143225
0.0465762
0.136076
0.050268
0.128403
0.0540328
0.120184
0.0578
0.11139
0.0614649
0.101991
0.0648782
0.0919568
0.0678368
0.081256
0.070075
0.069856
0.0712601
0.0577184
0.0709993
0.0447619
0.0688406
0.03085
0.0643297
0.0158736
0.0573191
0.0468017
0.19965
0.00320022
0.198954
0.00618205
0.197905
0.00898904
0.196505
0.0116894
0.194763
0.014346
0.192681
0.0170014
0.190257
0.019687
0.187488
0.0224305
0.184366
0.0252575
0.180883
0.0281907
0.177029
0.0312499
0.172793
0.034452
0.168161
0.0378112
0.163119
0.0413378
0.157653
0.0450375
0.151746
0.0489094
0.145379
0.0529435
0.13853
0.0571172
0.131171
0.0613908
0.123271
0.0657007
0.114784
0.0699514
0.105657
0.0740059
0.0958188
0.0776746
0.0851882
0.0807056
0.0736701
0.0827782
0.0611631
0.0835063
0.0475565
0.0824471
0.0327595
0.0791267
0.0167833
0.0732953
0.063585
0.199655
0.00354556
0.198975
0.00686215
0.197959
0.0100048
0.19661
0.0130381
0.194934
0.016022
0.192934
0.0190019
0.190608
0.022013
0.187953
0.0250856
0.184963
0.0282474
0.181631
0.0315227
0.177947
0.0349331
0.173902
0.0384972
0.169483
0.0422305
0.164676
0.046145
0.159465
0.0502482
0.153833
0.0545415
0.147758
0.0590185
0.141213
0.0636617
0.134165
0.0684388
0.126569
0.0732972
0.118364
0.0781564
0.109471
0.0828986
0.0997886
0.0873573
0.0891894
0.0913048
0.0775271
0.0944405
0.0646492
0.0963842
0.0504189
0.0966774
0.0347692
0.0947764
0.0177904
0.0902741
0.0813754
0.199664
0.00388138
0.199006
0.00751993
0.19803
0.010981
0.196739
0.0143295
0.195137
0.0176239
0.193227
0.0209116
0.191009
0.0242308
0.188481
0.0276142
0.185637
0.0310913
0.182471
0.0346883
0.178976
0.0384284
0.175141
0.042332
0.170956
0.0464162
0.166405
0.0506952
0.161475
0.055179
0.156143
0.0598726
0.150387
0.0647745
0.144175
0.0698743
0.137464
0.0751501
0.130197
0.0805635
0.1223
0.0860539
0.113669
0.0915295
0.10417
0.0968556
0.0936362
0.101839
0.0818669
0.10621
0.0686515
0.1096
0.0538038
0.111525
0.0372379
0.111342
0.0190841
0.108428
0.10046
0.199677
0.00420415
0.199047
0.00815016
0.198116
0.0119123
0.196887
0.0155577
0.195367
0.0191448
0.193556
0.0227222
0.191456
0.0263305
0.189066
0.0300049
0.18638
0.0337764
0.183396
0.037673
0.180105
0.0417195
0.176499
0.045938
0.172567
0.0503477
0.168297
0.0549651
0.163673
0.0598036
0.158673
0.0648726
0.15327
0.0701768
0.14743
0.0757149
0.141102
0.0814774
0.134222
0.0874439
0.126698
0.0935779
0.118407
0.0998202
0.109186
0.106077
0.098822
0.112203
0.0870551
0.117977
0.0735924
0.123062
0.0581508
0.126967
0.0405537
0.128939
0.0209024
0.128079
0.121362
0.199693
0.00451122
0.199095
0.00874853
0.198213
0.0127939
0.197053
0.0167174
0.19562
0.0205781
0.193916
0.024426
0.191943
0.0283035
0.1897
0.0322477
0.187185
0.0362913
0.184395
0.0404638
0.181323
0.0447916
0.177962
0.0492983
0.174304
0.0540055
0.170337
0.0589322
0.166046
0.0640955
0.161408
0.0695097
0.156398
0.0751869
0.150978
0.0811357
0.145094
0.0873611
0.138675
0.0938627
0.131621
0.100632
0.123792
0.107649
0.114998
0.11487
0.104986
0.122216
0.0934221
0.12954
0.0799013
0.136583
0.063971
0.142897
0.0452374
0.147673
0.0236131
0.149703
0.144975
0.199711
0.00480052
0.199148
0.00931154
0.19832
0.0136215
0.197234
0.0178037
0.195894
0.0219183
0.194303
0.0260163
0.192465
0.0301419
0.190379
0.0343338
0.188044
0.038626
0.185459
0.0430493
0.182619
0.0476315
0.179519
0.0523979
0.176153
0.057372
0.172509
0.0625756
0.168576
0.0680292
0.164333
0.0737527
0.159754
0.0797651
0.154804
0.0860858
0.149431
0.0927345
0.143561
0.0997321
0.137093
0.107101
0.129881
0.114862
0.121719
0.123033
0.112318
0.131617
0.101277
0.140581
0.0880495
0.149811
0.0719273
0.159019
0.05209
0.16751
0.027888
0.173906
0.172863
0.19973
0.00507045
0.199205
0.00983631
0.198435
0.0143915
0.197427
0.0188123
0.196185
0.0231603
0.194713
0.0274875
0.193016
0.0318393
0.191094
0.0362556
0.188948
0.0407718
0.186578
0.0454196
0.183982
0.050228
0.181156
0.0552236
0.178096
0.0604318
0.174795
0.0658766
0.171242
0.071582
0.167422
0.0775725
0.163313
0.083874
0.158884
0.0905156
0.154087
0.0975309
0.148859
0.104961
0.143103
0.112856
0.136682
0.121282
0.129396
0.130319
0.120946
0.140066
0.110888
0.150639
0.0985486
0.16215
0.0829072
0.174661
0.0624414
0.187976
0.0351288
0.201218
0.207992
0.199751
0.00531974
0.199266
0.0103206
0.198557
0.0151009
0.19763
0.0197398
0.19649
0.0243001
0.195142
0.0288348
0.193592
0.0333901
0.19184
0.0380071
0.18989
0.0427218
0.187743
0.0475668
0.185399
0.0525719
0.182858
0.0577649
0.180117
0.0631722
0.177174
0.0688199
0.174021
0.0747346
0.17065
0.0809444
0.167043
0.0874809
0.163177
0.0943808
0.159019
0.101689
0.154517
0.109463
0.149596
0.117778
0.144145
0.126733
0.137996
0.136468
0.13089
0.147172
0.122412
0.159117
0.111867
0.172694
0.0980257
0.188502
0.0785461
0.207456
0.0486714
0.231093
0.256663
0.199772
0.00554744
0.19933
0.0107625
0.198684
0.0157473
0.19784
0.0205834
0.196806
0.0253345
0.195586
0.0300544
0.194186
0.0347902
0.19261
0.0395833
0.190861
0.0444705
0.188943
0.0494848
0.186859
0.0546564
0.18461
0.0600136
0.182199
0.0655837
0.179625
0.0713938
0.176887
0.0774721
0.173982
0.0838493
0.170903
0.0905602
0.167637
0.0976466
0.164166
0.10516
0.16046
0.113169
0.156476
0.121762
0.152147
0.131062
0.147375
0.141241
0.141999
0.152548
0.135757
0.165359
0.128179
0.180273
0.118323
0.198358
0.103938
0.221841
0.0777066
0.257324
0.33437
0.00388403
-0.00388403
0.00760529
-0.00372126
0.0107158
-0.00311048
0.0132196
-0.00250379
0.0152172
-0.0019976
0.0168116
-0.0015944
0.0180908
-0.00127926
0.0191283
-0.00103745
0.019984
-0.000855745
0.0207064
-0.000722372
0.0213334
-0.000627041
0.021894
-0.000560583
0.0224083
-0.000514324
0.022888
-0.000479688
0.0233363
-0.000448309
0.0237491
-0.000412757
0.0241169
-0.000367824
0.0244287
-0.000311797
0.0246753
-0.000246544
0.0248506
-0.000175383
0.0249507
-0.000100015
0.024973
-2.23682e-05
0.0249071
6.5898e-05
0.0247517
0.000155443
0.0245166
0.00023508
0.0242319
0.000284679
0.0239406
0.000291337
0.023689
0.000251564
0.0235144
0.000174587
5.78995e-05
0.00350084
-0.00738488
0.00690418
-0.0071246
0.00980288
-0.00600918
0.0122005
-0.00490141
0.01419
-0.00398712
0.0158608
-0.00326519
0.0172854
-0.00270382
0.0185214
-0.00227348
0.0196147
-0.0019491
0.0206017
-0.00170932
0.0215107
-0.00153602
0.0223635
-0.00141342
0.0231762
-0.00132699
0.0239592
-0.0012627
0.0247178
-0.00120693
0.0254524
-0.00114732
0.0261592
-0.00107465
0.0268326
-0.000985259
0.0274683
-0.000882152
0.028065
-0.000772126
0.0286237
-0.00065871
0.0291372
-0.000535882
0.0295952
-0.000392113
0.0299849
-0.000234238
0.0303023
-8.23435e-05
0.0305587
2.8324e-05
0.0307829
6.71583e-05
0.0310081
2.6322e-05
0.0312512
-6.85406e-05
-0.000148286
0.00287673
-0.0102616
0.00557764
-0.00982551
0.00783181
-0.00826335
0.00967954
-0.00674914
0.011212
-0.00551958
0.0125045
-0.00455772
0.0136137
-0.00381301
0.0145821
-0.00324187
0.0154427
-0.00280968
0.0162217
-0.0024883
0.0169399
-0.00225423
0.0176136
-0.00208714
0.0182551
-0.00196846
0.0188728
-0.00188044
0.0194717
-0.00180587
0.0200531
-0.00172867
0.0206145
-0.00163605
0.0211512
-0.00152198
0.0216591
-0.00139
0.0221382
-0.00125127
0.0225941
-0.00111459
0.0230335
-0.000975249
0.0234588
-0.000817437
0.0238615
-0.000636969
0.024231
-0.000451822
0.0245508
-0.000291479
0.0248034
-0.000185487
0.0249956
-0.000165873
0.0251568
-0.000229729
-0.000276705
0.00219943
-0.012461
0.00408026
-0.0117063
0.00556048
-0.00974356
0.00673697
-0.00792562
0.00769411
-0.00647672
0.00849161
-0.00535522
0.00916681
-0.00448821
0.00974552
-0.00382058
0.0102477
-0.00331186
0.0106896
-0.00293017
0.0110843
-0.002649
0.0114427
-0.00244547
0.011773
-0.00229882
0.0120822
-0.00218963
0.0123755
-0.00209913
0.0126561
-0.00200925
0.0129242
-0.00190416
0.013176
-0.00177378
0.0134047
-0.00161876
0.0136061
-0.00145268
0.013785
-0.00129348
0.0139543
-0.00114458
0.0141233
-0.000986376
0.0142874
-0.000801091
0.0144254
-0.000589806
0.0144999
-0.00036597
0.014467
-0.000152578
0.0143203
-1.92297e-05
0.0140741
1.65338e-05
-0.000139618
0.00142199
-0.013883
0.00239972
-0.0126841
0.00303943
-0.0103833
0.00347601
-0.0083622
0.00378078
-0.00678149
0.00399719
-0.00557163
0.00414425
-0.00463527
0.00423444
-0.00391077
0.00427863
-0.00335605
0.0042858
-0.00293734
0.00426321
-0.00262641
0.00421704
-0.00239929
0.00415273
-0.00223451
0.0040753
-0.0021122
0.00399003
-0.00201386
0.00390264
-0.00192186
0.00381772
-0.00181924
0.00373537
-0.00169142
0.00364672
-0.00153012
0.00353128
-0.00133723
0.00336461
-0.00112681
0.00313587
-0.000915842
0.00286145
-0.000711956
0.00257623
-0.00051587
0.00231688
-0.000330459
0.00211517
-0.00016426
0.00196349
-8.9875e-07
0.00184824
9.60224e-05
0.00173742
0.00012735
-4.74945e-05
0.000530878
-0.0144139
0.000545939
-0.0126991
0.000290633
-0.010128
-3.98918e-05
-0.00803168
-0.000439454
-0.00638193
-0.000874904
-0.00513618
-0.00133243
-0.00417775
-0.00179925
-0.00344394
-0.00226742
-0.00288788
-0.00273154
-0.00247322
-0.00318793
-0.00217002
-0.00363374
-0.00195349
-0.00406665
-0.0018016
-0.00448469
-0.00169416
-0.0048853
-0.00161326
-0.00526378
-0.00154337
-0.00561322
-0.0014698
-0.00592651
-0.00137813
-0.00620012
-0.00125651
-0.00643729
-0.00110006
-0.00664972
-0.00091438
-0.00685214
-0.000713417
-0.00705304
-0.000511057
-0.00725182
-0.000317092
-0.00744053
-0.000141745
-0.00761035
5.55929e-06
-0.0077482
0.000136952
-0.00786631
0.000214128
-0.00793894
0.000199979
5.64706e-05
-0.000470623
-0.0139433
-0.00143996
-0.0117298
-0.00255919
-0.00900874
-0.00371964
-0.00687123
-0.0048608
-0.00524078
-0.00596159
-0.00403539
-0.00699582
-0.00314352
-0.00795398
-0.00248577
-0.00883183
-0.00201003
-0.00962954
-0.00167551
-0.0103514
-0.00144819
-0.0110041
-0.00130076
-0.0115954
-0.00121029
-0.0121325
-0.00115703
-0.0126213
-0.00112446
-0.0130641
-0.00110057
-0.0134597
-0.00107423
-0.0138058
-0.00103204
-0.014103
-0.000959286
-0.0143579
-0.000845153
-0.0145834
-0.000688879
-0.0147948
-0.000502055
-0.0150018
-0.000304032
-0.0152074
-0.000111523
-0.0154006
5.1429e-05
-0.0155719
0.000176883
-0.015716
0.00028109
-0.0158436
0.00034166
-0.0159533
0.000309663
0.000189905
-0.00154648
-0.0123968
-0.00353044
-0.00974584
-0.00552792
-0.00701126
-0.00746564
-0.00493351
-0.00926916
-0.00343726
-0.0109031
-0.00240142
-0.0123495
-0.00169709
-0.0136156
-0.00121972
-0.0147181
-0.000907514
-0.0156786
-0.000715063
-0.0165189
-0.000607855
-0.0172589
-0.000560784
-0.0179152
-0.00055395
-0.0185012
-0.000571006
-0.0190287
-0.000596969
-0.019504
-0.000625323
-0.0199278
-0.000650376
-0.0202993
-0.000660541
-0.0206204
-0.000638209
-0.0208989
-0.000566616
-0.0211479
-0.000439874
-0.0213807
-0.000269255
-0.0216069
-7.78667e-05
-0.0218199
0.00010149
-0.0220134
0.000244961
-0.0221941
0.000357529
-0.0223601
0.000447062
-0.0225113
0.000492931
-0.0226583
0.000456663
0.000363193
-0.00276566
-0.00963114
-0.00585227
-0.00665924
-0.00873345
-0.00413008
-0.0113458
-0.00232115
-0.0136444
-0.00113871
-0.0156457
-0.000400056
-0.0173652
2.23592e-05
-0.0188086
0.000223732
-0.0200054
0.000289247
-0.0210088
0.000288299
-0.0218668
0.000250183
-0.0226157
0.000188083
-0.0232815
0.000111879
-0.0238818
2.9318e-05
-0.0244284
-5.03335e-05
-0.0249235
-0.000130226
-0.0253666
-0.000207367
-0.0257551
-0.000271949
-0.0260907
-0.000302616
-0.0263825
-0.000274852
-0.026647
-0.000175411
-0.0268994
-1.67838e-05
-0.0271398
0.000162472
-0.0273642
0.00032593
-0.0275771
0.000457825
-0.0277749
0.000555398
-0.0279531
0.000625169
-0.0281155
0.000655337
-0.0282794
0.000620622
0.000553573
-0.00431319
-0.00531795
-0.00892918
-0.00204324
-0.013045
-1.42525e-05
-0.0163716
0.00100546
-0.0189957
0.00148535
-0.0210438
0.00164803
-0.0226564
0.00163503
-0.02396
0.00152727
-0.0250478
0.00137703
-0.0259708
0.00121138
-0.0267668
0.00104611
-0.0274623
0.000883583
-0.0280758
0.000725438
-0.0286247
0.000578138
-0.0291233
0.000448305
-0.0295837
0.000330164
-0.030005
0.000213955
-0.0303811
0.000104147
-0.0307104
2.66684e-05
-0.0310003
1.50583e-05
-0.0312651
8.93498e-05
-0.031515
0.00023317
-0.0317609
0.000408396
-0.0320059
0.000570877
-0.0322388
0.000690736
-0.0324495
0.000766134
-0.0326352
0.000810872
-0.0328052
0.000825349
-0.0329807
0.000796056
0.000752427
-0.00642385
0.0011059
-0.0120438
0.0035767
-0.016406
0.00434794
-0.0197891
0.00438862
-0.0224583
0.00415449
-0.0245802
0.00376996
-0.0262823
0.0033371
-0.0276622
0.00290722
-0.0287935
0.00250831
-0.0297419
0.00215976
-0.0305588
0.001863
-0.0312757
0.00160052
-0.0319099
0.00135964
-0.0324773
0.00114549
-0.0329937
0.000964767
-0.0334685
0.000804979
-0.0338971
0.000642477
-0.0342666
0.000473712
-0.0345733
0.000333353
-0.0348336
0.000275317
-0.0350752
0.000331011
-0.0353236
0.00048152
-0.0355865
0.000671328
-0.0358537
0.000838111
-0.0361065
0.000943532
-0.0363297
0.000989257
-0.0365215
0.00100271
-0.0366968
0.00100065
-0.0368792
0.000978491
0.000956228
-0.00777449
0.0088804
-0.0141356
0.00993783
-0.0190287
0.00924103
-0.0227793
0.00813918
-0.0256271
0.00700229
-0.0278072
0.00595008
-0.0295123
0.00504215
-0.030874
0.00426893
-0.0319764
0.00361074
-0.0328937
0.00307706
-0.0336897
0.00265898
-0.0343978
0.00230866
-0.035027
0.00198881
-0.035588
0.00170647
-0.0361024
0.00147914
-0.0365851
0.00128772
-0.037027
0.00108433
-0.0374027
0.000849445
-0.0377004
0.000631034
-0.0379418
0.000516759
-0.0381696
0.0005588
-0.0384191
0.000731014
-0.0386988
0.000951005
-0.0389913
0.00113067
-0.0392673
0.0012195
-0.0395036
0.00122553
-0.0396992
0.00119832
-0.0398759
0.00117733
-0.0400609
0.00116356
0.00116141
-0.0093261
0.0182065
-0.016972
0.0175837
-0.0223427
0.0146118
-0.0261312
0.0119277
-0.0288965
0.00976754
-0.0309376
0.00799115
-0.0325014
0.00660598
-0.0337491
0.00551663
-0.0347495
0.00461116
-0.035575
0.00390253
-0.0363093
0.00339333
-0.0369883
0.00298765
-0.0375983
0.0025988
-0.038136
0.00224416
-0.0386326
0.00197574
-0.0391164
0.00177156
-0.0395725
0.00154044
-0.0399534
0.0012303
-0.0402305
0.000908098
-0.0404336
0.000719911
-0.0406308
0.000756005
-0.0408746
0.000974818
-0.0411733
0.0012497
-0.0414978
0.00145516
-0.0418027
0.00152439
-0.0420529
0.00147578
-0.0422477
0.00139312
-0.0424196
0.00134922
-0.0426028
0.00134671
0.00136492
-0.0122619
0.0304684
-0.0214655
0.0267873
-0.0267822
0.0199284
-0.0300253
0.0151708
-0.0323908
0.0121331
-0.0340493
0.0096496
-0.0352862
0.00784294
-0.0363216
0.00655203
-0.0371564
0.00544591
-0.0378245
0.00457062
-0.0384537
0.00402252
-0.0390932
0.00362715
-0.039678
0.00318363
-0.0401717
0.00273783
-0.0406264
0.00243046
-0.0411029
0.00224805
-0.0415809
0.00201846
-0.0419729
0.00162231
-0.0422174
0.0011526
-0.0423557
0.000858167
-0.0425
0.000900285
-0.0427318
0.00120664
-0.0430558
0.00157373
-0.0434234
0.00182274
-0.043766
0.00186704
-0.0440311
0.00174086
-0.0442172
0.00157925
-0.0443749
0.00150685
-0.0445515
0.00152332
0.00156418
-0.0174063
0.0478748
-0.0285147
0.0378957
-0.0330328
0.0244465
-0.0344944
0.0166324
-0.0361286
0.0137673
-0.0371071
0.0106281
-0.0377679
0.0085037
-0.0385484
0.00733255
-0.0392269
0.00612445
-0.0396587
0.00500233
-0.0401112
0.0044751
-0.0407115
0.00422746
-0.0412825
0.00375457
-0.041711
0.00316636
-0.0420892
0.00280865
-0.0425538
0.00271263
-0.0430798
0.00254446
-0.0435063
0.00204884
-0.043708
0.00135428
-0.0437389
0.000889062
-0.0437964
0.000957758
-0.0440097
0.00141998
-0.0443709
0.00193491
-0.0447986
0.00225043
-0.0451919
0.00226036
-0.045473
0.00202191
-0.0456377
0.00174403
-0.0457661
0.00163518
-0.0459321
0.00168936
0.0017585
0.207447
0.00576021
0.207034
0.0111751
0.206432
0.0163499
0.205647
0.0213679
0.204688
0.0262938
0.203561
0.0311819
0.202271
0.0360797
0.200825
0.0410291
0.199229
0.0460668
0.197488
0.0512261
0.195607
0.0565372
0.193592
0.0620284
0.191449
0.0677271
0.189182
0.0736607
0.186796
0.0798576
0.184296
0.0863493
0.181685
0.0931716
0.178964
0.100367
0.176133
0.107991
0.173192
0.116111
0.170135
0.124818
0.166959
0.134238
0.163657
0.144542
0.160233
0.155972
0.156709
0.168883
0.153179
0.183803
0.15001
0.201527
0.14888
0.22297
0.160592
0.245612
0.258755
0.236207
0.21249
0.00595264
0.212118
0.0115479
0.211574
0.0168935
0.210868
0.0220738
0.210008
0.0271543
0.209
0.0321894
0.207853
0.0372269
0.206574
0.0423083
0.20517
0.0474705
0.20365
0.0527462
0.202022
0.0581653
0.200295
0.0637554
0.198479
0.0695432
0.196584
0.0755553
0.194623
0.0818193
0.192607
0.0883651
0.190552
0.0952268
0.188474
0.102445
0.186396
0.110069
0.184346
0.118161
0.182364
0.126801
0.180511
0.136091
0.178886
0.146167
0.177662
0.157197
0.177159
0.169386
0.178033
0.182929
0.1817
0.19786
0.190766
0.213904
0.206239
0.230139
0.245636
0.219359
0.217658
0.00612259
0.217329
0.0118769
0.21685
0.0173722
0.21623
0.0226935
0.215478
0.0279067
0.214601
0.0330661
0.213609
0.0382191
0.21251
0.043407
0.211315
0.0486659
0.210033
0.0540279
0.208677
0.0595215
0.207259
0.0651735
0.205793
0.0710089
0.204296
0.0770524
0.202786
0.0833292
0.201285
0.0898659
0.19982
0.0966923
0.198422
0.103843
0.197134
0.111357
0.196012
0.119283
0.195134
0.127678
0.194614
0.136612
0.194621
0.14616
0.195418
0.156399
0.197418
0.167386
0.201229
0.179117
0.207623
0.191466
0.217259
0.204268
0.229856
0.217542
0.228709
0.246783
0.222951
0.00626805
0.22267
0.0121583
0.222262
0.0177804
0.221735
0.0232199
0.2211
0.0285423
0.220364
0.0338017
0.219538
0.0390448
0.218633
0.0443121
0.217661
0.0496387
0.216633
0.0550553
0.215566
0.0605891
0.214474
0.0662648
0.213378
0.0721052
0.212299
0.0781319
0.211261
0.0843666
0.210296
0.0908311
0.20944
0.0975486
0.208738
0.104544
0.20825
0.111845
0.208051
0.119481
0.208245
0.127485
0.208972
0.135885
0.210424
0.144707
0.212866
0.153957
0.216644
0.163609
0.222176
0.173584
0.229913
0.183729
0.240424
0.193757
0.254627
0.20334
0.210223
0.273113
0.228374
0.00638719
0.228144
0.0123883
0.227812
0.018113
0.227385
0.0236462
0.226874
0.0290531
0.226289
0.034387
0.22564
0.0396935
0.224941
0.0450119
0.224203
0.0503761
0.223443
0.055815
0.222679
0.0613538
0.221929
0.0670146
0.221217
0.0728173
0.220569
0.0787799
0.220016
0.0849192
0.219596
0.0912511
0.219354
0.0977909
0.219345
0.104553
0.219638
0.111551
0.220323
0.118797
0.22151
0.126297
0.223347
0.134049
0.226016
0.142038
0.22975
0.150224
0.234827
0.158531
0.241577
0.166835
0.250377
0.174929
0.261673
0.182461
0.275938
0.189075
0.193686
0.292475
0.233929
0.0064783
0.233754
0.0125638
0.233502
0.0183652
0.233181
0.0239666
0.232802
0.029432
0.232376
0.0348137
0.231913
0.0401559
0.231428
0.0454967
0.230937
0.0508678
0.230456
0.0562963
0.230004
0.0618048
0.229606
0.0674127
0.229287
0.0731363
0.229078
0.0789893
0.229014
0.0849832
0.229138
0.0911274
0.2295
0.0974287
0.230162
0.103891
0.231198
0.110515
0.232699
0.117296
0.234777
0.124219
0.237568
0.131258
0.241236
0.13837
0.245974
0.145487
0.252
0.152505
0.259557
0.159277
0.268888
0.165599
0.280169
0.17118
0.293497
0.175747
0.178789
0.308393
0.23962
0.0065399
0.239502
0.012682
0.239334
0.0185331
0.239125
0.0241758
0.238884
0.0296728
0.238623
0.0350748
0.238354
0.0404247
0.238092
0.0457584
0.237854
0.0511057
0.237659
0.0564913
0.237529
0.0619353
0.237488
0.0674535
0.237566
0.0730586
0.237795
0.0787599
0.238215
0.0845633
0.238871
0.0904717
0.239815
0.096484
0.241112
0.102595
0.242835
0.108793
0.245071
0.115059
0.247925
0.121365
0.251515
0.127668
0.255977
0.133908
0.26146
0.140004
0.26812
0.145845
0.276108
0.15129
0.285542
0.156165
0.296467
0.160254
0.308874
0.163341
0.165161
0.322502
0.245448
0.00657072
0.24539
0.0127403
0.24531
0.018613
0.245216
0.0242695
0.245119
0.0297705
0.245028
0.0351651
0.244959
0.040494
0.244926
0.0457914
0.244947
0.0510846
0.245043
0.0563958
0.245236
0.061742
0.245553
0.0671361
0.246025
0.0725866
0.246687
0.0780984
0.247578
0.0836725
0.248744
0.0893054
0.250239
0.0949891
0.252123
0.10071
0.254468
0.106449
0.257351
0.112176
0.260862
0.117853
0.265101
0.123429
0.27017
0.128838
0.276177
0.133996
0.283222
0.1388
0.291385
0.143127
0.300713
0.146837
0.311194
0.149772
0.322763
0.151773
0.152709
0.335214
0.251418
0.00656976
0.251422
0.0127368
0.251432
0.0186024
0.251457
0.0242443
0.251506
0.0297214
0.251591
0.0350804
0.251725
0.0403602
0.251924
0.0455924
0.252207
0.050802
0.252594
0.0560086
0.25311
0.0612262
0.253781
0.0664644
0.25464
0.0717281
0.25572
0.077018
0.257062
0.0823305
0.258711
0.087657
0.260716
0.092984
0.263134
0.0982919
0.266028
0.103554
0.269467
0.108737
0.273523
0.113797
0.278272
0.11868
0.28379
0.123321
0.290145
0.127641
0.297396
0.13155
0.305574
0.134949
0.314683
0.137729
0.324675
0.139779
0.335453
0.140995
0.141318
0.346844
0.257532
0.00653625
0.257599
0.0126702
0.257702
0.0184992
0.257848
0.0240981
0.258047
0.029523
0.258308
0.0348187
0.258647
0.0400214
0.259079
0.0451605
0.259623
0.0502584
0.260299
0.0553321
0.261133
0.0603927
0.26215
0.0654467
0.263383
0.0704958
0.264864
0.0755371
0.266631
0.0805631
0.268727
0.0855612
0.271197
0.0905138
0.274091
0.0953975
0.277463
0.100182
0.281368
0.104832
0.285864
0.109302
0.291004
0.11354
0.296838
0.117486
0.303408
0.121071
0.310736
0.124222
0.318824
0.12686
0.327646
0.128907
0.337138
0.130288
0.347194
0.130939
0.13084
0.357672
0.263794
0.00646973
0.263925
0.0125396
0.264122
0.0183024
0.26439
0.0238295
0.264739
0.0291744
0.265178
0.0343793
0.265722
0.0394779
0.266385
0.0444971
0.267186
0.0494571
0.268147
0.0543718
0.269289
0.0592501
0.27064
0.0640955
0.272229
0.0689071
0.274087
0.0736788
0.27625
0.0784004
0.278755
0.0830565
0.281642
0.0876269
0.284953
0.0920862
0.288732
0.0964036
0.293022
0.100543
0.297863
0.104461
0.303292
0.108111
0.309338
0.11144
0.316017
0.114392
0.323332
0.116907
0.331264
0.118929
0.339769
0.120402
0.348777
0.12128
0.35819
0.121526
0.121141
0.367889
0.270207
0.00637002
0.270402
0.0123446
0.270693
0.0180116
0.271084
0.0234385
0.271582
0.028676
0.272198
0.0337634
0.272944
0.0387321
0.273835
0.0436063
0.274888
0.0484038
0.276123
0.0531363
0.277563
0.0578101
0.279232
0.0624267
0.281157
0.0669824
0.283366
0.0714695
0.285891
0.0758755
0.288764
0.0801835
0.292019
0.0843722
0.295689
0.0884158
0.299808
0.0922844
0.304407
0.0959435
0.309513
0.099355
0.315147
0.102477
0.32132
0.105267
0.328034
0.107678
0.335274
0.109667
0.343009
0.111193
0.35119
0.112221
0.359747
0.112723
0.368592
0.112682
0.112109
0.377624
0.276774
0.00623722
0.277033
0.0120855
0.277417
0.0176273
0.277929
0.0229262
0.278576
0.0280294
0.279365
0.0329738
0.28031
0.037788
0.281422
0.0424938
0.282719
0.0471069
0.284219
0.0516366
0.285941
0.0560874
0.287909
0.0604587
0.290146
0.0647453
0.292678
0.068938
0.29553
0.0730232
0.29873
0.0769835
0.302304
0.0807978
0.306279
0.0844413
0.310677
0.087886
0.31552
0.091101
0.320822
0.0940532
0.326591
0.096708
0.332827
0.0990301
0.33952
0.100986
0.346645
0.102542
0.354165
0.103673
0.362028
0.104357
0.370171
0.10458
0.378514
0.104339
0.103649
0.386974
0.283498
0.00607172
0.283821
0.0117631
0.284297
0.0171509
0.284929
0.0222945
0.28572
0.0272378
0.286679
0.0320147
0.287816
0.0366515
0.289142
0.0411677
0.290672
0.0455767
0.292423
0.0498861
0.294412
0.0540985
0.296658
0.0582122
0.299183
0.0622208
0.302006
0.0661142
0.305151
0.0698788
0.308637
0.0734974
0.312485
0.0769499
0.316713
0.0802135
0.321336
0.0832632
0.326364
0.0860724
0.331804
0.0886132
0.337654
0.090858
0.343905
0.0927796
0.350537
0.0943534
0.357522
0.0955576
0.36482
0.0963755
0.372381
0.096796
0.380146
0.0968154
0.388047
0.0964372
0.0956819
0.396015
0.290384
0.00587415
0.290768
0.0113786
0.291335
0.0165844
0.292083
0.0215464
0.293016
0.0263051
0.294138
0.0308918
0.29546
0.0353301
0.29699
0.0396374
0.298742
0.0438252
0.300728
0.0478995
0.302965
0.0518618
0.305468
0.0557091
0.308254
0.0594347
0.31134
0.0630284
0.314742
0.0664767
0.318475
0.0697637
0.322554
0.072871
0.326989
0.0757783
0.331789
0.0784641
0.336955
0.0809061
0.342486
0.083082
0.348374
0.0849703
0.354602
0.0865513
0.361148
0.0878078
0.367979
0.0887263
0.375057
0.0892979
0.382334
0.0895191
0.389757
0.0893922
0.397269
0.0889254
0.0881402
0.40481
0.297435
0.00564538
0.297879
0.0109338
0.298533
0.0159305
0.299394
0.0206857
0.300462
0.0252367
0.301742
0.0296118
0.30324
0.0338324
0.304964
0.0379137
0.306923
0.0418657
0.30913
0.0456931
0.311595
0.0493964
0.314332
0.052972
0.317354
0.0564132
0.320672
0.0597101
0.324299
0.0628501
0.328244
0.0658189
0.332514
0.0686001
0.337116
0.0711764
0.342051
0.0735299
0.347314
0.0756426
0.352899
0.0774972
0.358791
0.0790779
0.364972
0.0803709
0.371414
0.0813654
0.378086
0.0820542
0.38495
0.0824339
0.391963
0.082506
0.399078
0.082277
0.406246
0.0817577
0.0809688
0.413418
0.304654
0.00538646
0.305157
0.0104309
0.305895
0.0151925
0.306864
0.0197169
0.308062
0.0240384
0.309492
0.0281823
0.311156
0.0321678
0.313062
0.0360083
0.315215
0.0397123
0.317625
0.0432835
0.320299
0.0467217
0.323248
0.0500232
0.32648
0.0531815
0.330003
0.0561874
0.333823
0.0590298
0.337946
0.0616958
0.342374
0.0641717
0.347108
0.066443
0.352143
0.0684952
0.357471
0.0703146
0.36308
0.0718882
0.368952
0.0732049
0.375067
0.0742561
0.381397
0.0750357
0.38791
0.075541
0.394571
0.0757729
0.401341
0.075736
0.408179
0.0754391
0.415043
0.0748942
0.0741209
0.42189
0.312046
0.00509862
0.312605
0.00987213
0.313423
0.0143738
0.314495
0.0186451
0.315817
0.0227167
0.317388
0.0266115
0.319209
0.0303465
0.321284
0.0339334
0.323617
0.0373793
0.326213
0.0406874
0.329078
0.0438569
0.332217
0.0468844
0.335634
0.0497637
0.339335
0.0524867
0.343321
0.0550437
0.347593
0.0574238
0.35215
0.0596156
0.356985
0.0616075
0.362092
0.0633884
0.367458
0.0649479
0.37307
0.066277
0.378906
0.0673686
0.384944
0.0682178
0.391158
0.0688222
0.397516
0.0691825
0.403987
0.0693022
0.410535
0.0691881
0.417124
0.0688498
0.423718
0.0682999
0.0675563
0.430283
0.319615
0.00478316
0.320227
0.00926016
0.321122
0.0134786
0.322292
0.0174756
0.32373
0.0212786
0.325433
0.0249081
0.327401
0.0283788
0.329633
0.0317012
0.332131
0.0348812
0.334897
0.0379212
0.337934
0.0408206
0.341242
0.0435759
0.344824
0.0461819
0.348679
0.0486315
0.352806
0.0509165
0.357202
0.0530281
0.361861
0.054957
0.366774
0.0566943
0.37193
0.0582318
0.377316
0.0595621
0.382914
0.0606794
0.388703
0.0615798
0.394659
0.0622611
0.400758
0.0627239
0.406969
0.0629709
0.413264
0.0630074
0.419611
0.0628413
0.425978
0.0624826
0.432335
0.0619433
0.0612398
0.438651
0.327365
0.00444147
0.328027
0.00859767
0.328995
0.0125108
0.330257
0.0162139
0.331804
0.0197312
0.333632
0.0230807
0.335735
0.0262753
0.338113
0.0293239
0.340762
0.0322317
0.343683
0.0350006
0.346873
0.0376298
0.350333
0.0401165
0.354059
0.0424561
0.358047
0.0446427
0.362294
0.0466697
0.366792
0.0485299
0.371533
0.0502163
0.376505
0.0517224
0.381695
0.0530422
0.387086
0.054171
0.39266
0.0551055
0.398395
0.055844
0.40427
0.0563868
0.410258
0.056736
0.416333
0.056896
0.422467
0.0568729
0.428634
0.0566749
0.434804
0.0563119
0.440952
0.0557954
0.0551399
0.447052
0.3353
0.00407488
0.336011
0.00788732
0.337047
0.0114745
0.338396
0.0148654
0.340045
0.0180813
0.341988
0.0211377
0.344218
0.0240458
0.346729
0.0268131
0.349516
0.0294439
0.352577
0.0319399
0.355907
0.0343003
0.3595
0.0365229
0.363353
0.0386037
0.367457
0.0405381
0.371806
0.0423208
0.37639
0.0439463
0.381197
0.0454096
0.386213
0.0467059
0.391424
0.0478313
0.396812
0.0487832
0.402357
0.0495602
0.408039
0.0501624
0.413834
0.0505913
0.419719
0.0508506
0.42567
0.050945
0.431662
0.0508814
0.437669
0.0506678
0.443667
0.0503135
0.449634
0.0498291
0.0492274
0.455546
0.343426
0.00368464
0.344182
0.00713157
0.345283
0.0103734
0.346713
0.0134354
0.348458
0.0163357
0.350509
0.0190874
0.352855
0.0216999
0.355488
0.0241794
0.358403
0.0265297
0.361591
0.028752
0.365045
0.0308459
0.368759
0.0328093
0.372723
0.0346392
0.376929
0.0363321
0.381366
0.0378838
0.386022
0.0392904
0.390883
0.0405482
0.395935
0.0416542
0.40116
0.0426062
0.406541
0.0434029
0.412057
0.0440443
0.417687
0.0445317
0.423411
0.0448678
0.429205
0.0450566
0.435046
0.0451034
0.440913
0.0450149
0.446782
0.0447986
0.452632
0.0444632
0.458443
0.0440182
0.0434748
0.464196
0.351746
0.00327179
0.352546
0.00633252
0.353708
0.00921092
0.355215
0.0119286
0.35705
0.0145004
0.359201
0.016937
0.361654
0.019246
0.364401
0.0214325
0.367432
0.0234995
0.370735
0.0254482
0.374303
0.027278
0.378125
0.0289875
0.38219
0.0305744
0.386486
0.0320358
0.391001
0.0333689
0.39572
0.0345709
0.400629
0.0356394
0.405711
0.0365725
0.410948
0.0373693
0.416321
0.0380295
0.421811
0.0385542
0.427398
0.0389454
0.433059
0.0392061
0.438775
0.0393407
0.444524
0.0393545
0.450285
0.0392536
0.456039
0.0390451
0.461765
0.0387368
0.467447
0.0383369
0.037855
0.473066
0.360267
0.00283696
0.361108
0.00549159
0.362329
0.00798963
0.363909
0.010349
0.365828
0.0125809
0.368072
0.0146932
0.370626
0.0166917
0.373478
0.0185807
0.376615
0.0203624
0.380026
0.0220377
0.383698
0.0236062
0.387618
0.0250669
0.391775
0.0264179
0.396153
0.0276572
0.400739
0.0287829
0.405517
0.0297931
0.41047
0.0306864
0.415581
0.0314617
0.420831
0.032119
0.426202
0.0326589
0.431673
0.0330828
0.437225
0.0333931
0.442839
0.0335931
0.448492
0.0336869
0.454167
0.0336796
0.459844
0.0335766
0.465505
0.0333844
0.471132
0.0331097
0.476709
0.0327595
0.0323421
0.482222
0.368993
0.00238006
0.369876
0.00460902
0.371154
0.00671117
0.372803
0.00869993
0.374803
0.0105817
0.377134
0.0123613
0.379783
0.0140433
0.382733
0.0156308
0.38597
0.0171254
0.38948
0.0185278
0.393248
0.0198375
0.397261
0.0210538
0.401504
0.0221754
0.40596
0.0232009
0.410614
0.024129
0.415449
0.0249584
0.420447
0.0256885
0.42559
0.026319
0.430858
0.0268502
0.436234
0.0272831
0.441698
0.0276194
0.447229
0.0278616
0.452809
0.0280128
0.45842
0.0280768
0.464041
0.0280579
0.469657
0.0279612
0.475249
0.027792
0.480803
0.0275559
0.486303
0.0272588
0.0269076
0.491738
0.377932
0.00189951
0.378858
0.00368284
0.380193
0.00537617
0.381908
0.00698453
0.383983
0.00850724
0.386397
0.00994672
0.389134
0.0113065
0.392176
0.0125887
0.395507
0.0137944
0.399111
0.0149238
0.402972
0.0159767
0.407074
0.0169522
0.411399
0.0178497
0.415932
0.0186681
0.420655
0.0194065
0.425549
0.0200644
0.430596
0.0206413
0.435777
0.0211375
0.441074
0.0215535
0.446467
0.0218904
0.451936
0.02215
0.457463
0.0223344
0.46303
0.0224464
0.468617
0.0224893
0.474208
0.0224669
0.479786
0.0223831
0.485336
0.0222424
0.490843
0.0220493
0.496293
0.0218088
0.0215263
0.501674
0.387091
0.00139009
0.388068
0.00270585
0.389462
0.00398214
0.391243
0.00520304
0.393392
0.00635905
0.395886
0.00745199
0.398708
0.00848479
0.401838
0.00945859
0.405259
0.0103736
0.408953
0.0112297
0.412903
0.0120267
0.417091
0.0127641
0.421499
0.0134413
0.42611
0.0140577
0.430904
0.0146126
0.435862
0.0151059
0.440966
0.0155375
0.446196
0.0159075
0.451533
0.0162167
0.456957
0.0164661
0.46245
0.0166572
0.467993
0.0167917
0.473567
0.0168721
0.479156
0.0169007
0.484742
0.0168806
0.49031
0.0168149
0.495846
0.0167068
0.501335
0.0165599
0.506766
0.0163776
0.0161639
0.512129
0.396484
0.000838767
0.397517
0.00167246
0.398966
0.00253324
0.40081
0.00335928
0.403029
0.00414006
0.405601
0.00488005
0.408505
0.005581
0.411721
0.00624256
0.41523
0.00686428
0.419014
0.00744589
0.423054
0.00798712
0.42733
0.00848759
0.431825
0.00894687
0.436518
0.00936455
0.44139
0.00974032
0.446422
0.010074
0.451594
0.0103657
0.456886
0.0106155
0.462278
0.0108241
0.467752
0.0109923
0.473288
0.011121
0.478868
0.0112117
0.484474
0.011266
0.49009
0.0112856
0.495698
0.0112725
0.501284
0.011229
0.506833
0.0111573
0.512333
0.01106
0.517771
0.0109394
0.0107986
0.523137
0.406193
0.000155639
0.40729
0.000575566
0.40879
0.00103363
0.410692
0.00145661
0.412976
0.00185667
0.415617
0.00223926
0.418594
0.00260364
0.421888
0.00294849
0.425479
0.00327318
0.429348
0.00357743
0.433474
0.00386098
0.437838
0.00412353
0.44242
0.0043648
0.4472
0.00458452
0.452158
0.0047825
0.457273
0.00495866
0.462526
0.00511302
0.467896
0.00524571
0.473363
0.00535704
0.478907
0.00544744
0.484511
0.00551748
0.490155
0.00556788
0.495821
0.00559948
0.501494
0.00561325
0.507156
0.00561023
0.512793
0.00559156
0.518392
0.00555844
0.52394
0.00551211
0.529426
0.00545378
0.00538531
0.534839
0.415475
0.416051
0.417084
0.418541
0.420397
0.422637
0.42524
0.428189
0.431462
0.435039
0.4389
0.443024
0.447389
0.451973
0.456756
0.461714
0.466827
0.472073
0.47743
0.482878
0.488395
0.493963
0.499562
0.505176
0.510786
0.516378
0.521936
0.527448
0.532902
0.538287
0.128544
0.107663
0.0388822
0.0896616
0.0574019
-0.0185196
0.210799
0.116223
0.194632
0.105829
0.0898655
0.162168
0.252512
0.110493
0.25189
0.106451
0.0994981
0.242258
0.280105
0.103501
0.284014
0.102541
0.0998389
0.283674
0.299902
0.0960741
0.306096
0.0963474
0.0956192
0.310316
0.315748
0.0887194
0.322717
0.0893782
0.0894956
0.32884
0.329364
0.0818573
0.336187
0.0825549
0.0829534
0.342729
0.341483
0.0755889
0.34783
0.0762079
0.0766429
0.35414
0.352566
0.0698673
0.358384
0.0703891
0.0707825
0.364245
0.362918
0.0646213
0.368249
0.0650585
0.0653983
0.373633
0.372727
0.0597826
0.377634
0.0601522
0.0604445
0.382588
0.382116
0.0552901
0.386662
0.0556062
0.0558598
0.391247
0.391172
0.0510919
0.395413
0.0513653
0.0515874
0.399685
0.399961
0.0471452
0.403943
0.0473838
0.0475799
0.40795
0.408541
0.0434148
0.4123
0.0436244
0.0437986
0.416081
0.416961
0.0398717
0.420528
0.0400566
0.040212
0.424115
0.425271
0.0364915
0.428672
0.0366551
0.0367939
0.43209
0.433521
0.0332535
0.436778
0.0333984
0.0335223
0.440049
0.441765
0.0301397
0.444895
0.0302679
0.0303784
0.448039
0.450058
0.0271341
0.453078
0.0272473
0.0273454
0.456111
0.458458
0.0242221
0.461384
0.0243214
0.0244081
0.464321
0.467028
0.0213896
0.469873
0.0214761
0.021552
0.47273
0.475832
0.0186235
0.478611
0.018698
0.0187637
0.481399
0.484936
0.0159102
0.487661
0.0159732
0.016029
0.490395
0.494411
0.0132367
0.497096
0.0132889
0.0133353
0.49979
0.504322
0.0105881
0.506982
0.0106296
0.0106664
0.50965
0.514764
0.00795236
0.51741
0.0079835
0.00801147
0.520065
0.525779
0.00530965
0.528433
0.00533015
0.00534797
0.531096
0.537497
0.00265195
0.540166
0.0026611
0.00266968
0.542844
0.540939
0.5436
0.54627
-0.0367215
0.0660766
-0.045923
0.0470972
-0.0463644
0.024888
-0.0401715
0.0104395
-0.0410126
0.0146084
-0.0415175
0.011133
-0.0414562
0.00844236
-0.0420909
0.00796729
-0.0426957
0.00672921
-0.0426205
0.00492716
-0.0427264
0.00458103
-0.043393
0.00489407
-0.0440761
0.00443764
-0.0444578
0.00354803
-0.0446932
0.00304409
-0.0451445
0.00316393
-0.0457804
0.00318035
-0.046297
0.00256545
-0.046442
0.00149927
-0.0462809
0.000727943
-0.0461904
0.000867326
-0.0463918
0.00162139
-0.0468326
0.00237566
-0.0473693
0.00278714
-0.0478519
0.00274295
-0.0481634
0.00233341
-0.0482912
0.00187186
-0.0483667
0.00171066
-0.0485247
0.00184739
0.00196745
0.0978184
0.130426
0.0487064
0.0962091
0.00223396
0.0713604
-0.031831
0.0445045
-0.0461498
0.0289272
-0.0486112
0.0135944
-0.0444398
0.00427097
-0.0439381
0.0074656
-0.0447169
0.00750797
-0.0440485
0.00425876
-0.0439733
0.00450584
-0.0450596
0.00598037
-0.0460322
0.00541023
-0.0462068
0.00372266
-0.0459526
0.00278989
-0.0463309
0.00354226
-0.047188
0.00403737
-0.0479153
0.00329282
-0.0480266
0.00161051
-0.047549
0.000250357
-0.0472087
0.000527061
-0.0474021
0.00181476
-0.0479702
0.00294382
-0.0486599
0.00347683
-0.0492578
0.00334084
-0.0495968
0.00267243
-0.0496425
0.00191754
-0.0496053
0.00167343
-0.0497472
0.00198928
0.00221644
0.205112
0.167572
0.164498
0.136823
0.125471
0.110387
0.0840542
0.0859217
0.0464853
0.0664961
0.00774756
0.0523321
-0.0242772
0.0362957
-0.0422659
0.0254543
-0.0488053
0.0140474
-0.0481809
0.00363431
-0.0444388
0.000763791
-0.0452697
0.00681123
-0.0467189
0.00685942
-0.0465733
0.00357708
-0.0458131
0.00202967
-0.0464124
0.00414161
-0.0478226
0.00544755
-0.0490079
0.00447816
-0.049057
0.00165955
-0.0478714
-0.000935181
-0.0469341
-0.000410302
-0.0471809
0.00206163
-0.0479856
0.00374851
-0.0488994
0.00439058
-0.0496498
0.00409121
-0.0500187
0.00304136
-0.049925
0.00182381
-0.049676
0.00142445
-0.0497847
0.00209797
0.00263228
0.268821
0.182425
0.244786
0.160858
0.216043
0.139131
0.183567
0.118398
0.150397
0.099666
0.119245
0.0834842
0.0873829
0.0681577
0.0579606
0.0548766
0.0285079
0.0435001
-0.00305689
0.0351991
-0.0282213
0.0259282
-0.0413289
0.0199188
-0.0470327
0.0125632
-0.0478154
0.00435981
-0.0451796
-0.000606173
-0.0442643
0.00322638
-0.0462276
0.00741079
-0.0481865
0.00643709
-0.0476909
0.00116397
-0.0458168
-0.0028093
-0.0446032
-0.00162386
-0.0453373
0.00279565
-0.0466209
0.00503211
-0.0478867
0.00565641
-0.0488593
0.0050638
-0.0492881
0.00347016
-0.0489673
0.00150299
-0.0482523
0.000709472
-0.0482418
0.00208753
0.00340179
0.308759
0.183982
0.298337
0.17128
0.281427
0.156041
0.259869
0.139955
0.235511
0.124024
0.209992
0.109004
0.183249
0.0949006
0.156246
0.0818796
0.129504
0.0702419
0.104451
0.0602524
0.0793558
0.0510233
0.0566045
0.04267
0.034619
0.0345488
0.0103466
0.0286322
-0.012724
0.0224644
-0.028739
0.0192413
-0.0370468
0.0157186
-0.0412318
0.0106221
-0.0427811
0.00271334
-0.040665
-0.00492545
-0.0392918
-0.00299699
-0.0409363
0.00444006
-0.0430113
0.00710719
-0.0446767
0.00732177
-0.0457673
0.00615441
-0.0461464
0.00384921
-0.0451661
0.000522782
-0.0437191
-0.000737608
-0.043682
0.00205049
0.00514469
0.334959
0.177863
0.334199
0.17204
0.327368
0.162871
0.315594
0.15173
0.300027
0.139591
0.2818
0.12723
0.261664
0.115036
0.240279
0.103265
0.218306
0.0922151
0.1964
0.0821578
0.174499
0.0729246
0.152973
0.0641961
0.131499
0.0560228
0.11111
0.0490215
0.0906794
0.0428949
0.0720585
0.0378621
0.0552468
0.0325304
0.0392957
0.0265732
0.0205258
0.0214832
-0.00246961
0.01807
-0.0209331
0.0154665
-0.0300112
0.0135181
-0.0345992
0.0116952
-0.0371852
0.00990773
-0.0388025
0.00777176
-0.0394081
0.00445475
-0.0391079
0.000222546
-0.0370497
-0.00279577
-0.0368968
0.00189762
0.00827885
0.352688
0.167904
0.358075
0.166653
0.358671
0.162276
0.354816
0.155584
0.347104
0.147303
0.336268
0.138066
0.32297
0.128335
0.30777
0.118465
0.291209
0.108776
0.273835
0.0995317
0.256005
0.0907546
0.237854
0.0823475
0.219483
0.0743937
0.20133
0.0671739
0.183458
0.0607674
0.166383
0.0549364
0.149801
0.0491124
0.133131
0.0432439
0.116563
0.0380511
0.100483
0.0341499
0.0847979
0.0311514
0.0700897
0.0282264
0.0565531
0.0252319
0.0441116
0.0223492
0.0324956
0.0193877
0.0206222
0.0163281
0.00660307
0.0142417
-0.00855729
0.0123646
-0.018625
0.0119653
0.0156188
0.365477
0.156567
0.374208
0.157922
0.37965
0.156834
0.381621
0.153613
0.380247
0.148678
0.375856
0.142457
0.36885
0.135341
0.359643
0.127672
0.348667
0.119752
0.336372
0.111826
0.323108
0.104019
0.309074
0.0963812
0.294457
0.0890114
0.279548
0.0820829
0.264644
0.0756713
0.249933
0.0696475
0.235263
0.0637819
0.220439
0.0580677
0.205621
0.0528694
0.19118
0.0485907
0.177281
0.045051
0.16382
0.0416874
0.150695
0.0383563
0.137912
0.0351326
0.125303
0.0319966
0.112554
0.0290771
0.0999421
0.0268537
0.0868246
0.0254821
0.0734082
0.0253817
0.0273912
0.375627
0.145184
0.385758
0.147792
0.393918
0.148673
0.399689
0.147843
0.402893
0.145474
0.403549
0.1418
0.401808
0.137082
0.397902
0.131578
0.392116
0.125538
0.384765
0.119178
0.376126
0.112657
0.366419
0.106088
0.355847
0.0995831
0.344658
0.0932719
0.333099
0.0872307
0.321311
0.0814356
0.309283
0.0758102
0.296971
0.0703789
0.284492
0.065349
0.272138
0.0609444
0.260094
0.0570952
0.248264
0.0535169
0.236544
0.0500762
0.224886
0.0467908
0.213178
0.0437047
0.201302
0.0409528
0.189323
0.0388334
0.177204
0.0376007
0.165156
0.0374299
0.0382473
0.384475
0.134342
0.394852
0.137415
0.404207
0.139318
0.412098
0.139952
0.418227
0.139345
0.422436
0.137592
0.42469
0.134827
0.425053
0.131216
0.423657
0.126933
0.420684
0.122151
0.416325
0.117017
0.410757
0.111655
0.404161
0.10618
0.396731
0.100702
0.388656
0.0953058
0.380069
0.090022
0.371027
0.0848529
0.361561
0.0798447
0.351782
0.0751273
0.341894
0.0708328
0.332035
0.0669548
0.322188
0.0633639
0.312294
0.0599701
0.302304
0.0567801
0.292154
0.0538552
0.281787
0.0513192
0.271244
0.0493763
0.260641
0.0482044
0.250219
0.047852
0.0480242
0.392713
0.124217
0.402769
0.127359
0.412381
0.129705
0.421198
0.131135
0.428923
0.13162
0.435339
0.131176
0.440312
0.129854
0.44379
0.127738
0.445786
0.124937
0.446369
0.121568
0.445639
0.117748
0.44371
0.113584
0.440709
0.10918
0.436776
0.104635
0.432051
0.100031
0.426649
0.095424
0.420647
0.0908556
0.414108
0.0863836
0.407134
0.0821013
0.399866
0.0781009
0.392413
0.0744073
0.384803
0.0709746
0.377012
0.0677609
0.369012
0.0647799
0.360772
0.0620949
0.35228
0.0598119
0.343584
0.0580723
0.334802
0.0569867
0.32611
0.0565433
0.0564335
0.400666
0.114798
0.410188
0.117837
0.419578
0.120315
0.428589
0.122125
0.436985
0.123224
0.444563
0.123598
0.451164
0.123253
0.456679
0.122223
0.461051
0.120564
0.464271
0.118348
0.466362
0.115656
0.467376
0.11257
0.467383
0.109174
0.466469
0.105549
0.464727
0.101772
0.462245
0.0979063
0.459093
0.0940072
0.45534
0.0901369
0.45107
0.0863714
0.446386
0.0827845
0.441377
0.0794167
0.436083
0.0762686
0.430508
0.073336
0.424643
0.0706443
0.418484
0.0682544
0.41204
0.0662551
0.405365
0.0647481
0.398548
0.0638032
0.3917
0.063391
0.0632519
0.408474
0.106009
0.417429
0.108882
0.426404
0.11134
0.435233
0.113296
0.443746
0.11471
0.451784
0.11556
0.459202
0.115834
0.465886
0.11554
0.471748
0.114701
0.476738
0.113358
0.480832
0.111562
0.484033
0.10937
0.486362
0.106844
0.487862
0.10405
0.488584
0.10105
0.488583
0.0979067
0.487914
0.0946761
0.486632
0.0914187
0.484803
0.0882005
0.482502
0.0850856
0.479797
0.0821215
0.476732
0.0793345
0.473322
0.0767453
0.469577
0.07439
0.465504
0.0723268
0.461128
0.0706315
0.456493
0.0693828
0.451665
0.0686308
0.446703
0.0683538
0.0683592
0.416194
0.097765
0.424623
0.100453
0.433141
0.102822
0.441635
0.104802
0.449986
0.106359
0.458076
0.10747
0.465792
0.108118
0.473033
0.108299
0.479713
0.108021
0.485767
0.107304
0.49115
0.106179
0.495836
0.104684
0.499818
0.102863
0.503102
0.100765
0.50571
0.0984427
0.507669
0.0959474
0.509013
0.0933322
0.50978
0.0906522
0.510015
0.0879653
0.509772
0.0853289
0.5091
0.0827929
0.508039
0.0803962
0.506609
0.0781745
0.504828
0.076171
0.502713
0.0744425
0.500288
0.0730562
0.497592
0.0720785
0.494669
0.0715543
0.491541
0.0714817
0.0717357
0.423857
0.0899892
0.431821
0.0924894
0.439905
0.0947385
0.448027
0.0966793
0.456104
0.0982825
0.464047
0.0995265
0.471772
0.100394
0.479196
0.100875
0.486247
0.10097
0.492862
0.100689
0.498992
0.100049
0.5046
0.0990759
0.509662
0.0978006
0.514167
0.0962599
0.518115
0.0944945
0.521515
0.0925479
0.524381
0.0904659
0.526736
0.0882971
0.528609
0.0860926
0.530034
0.0839039
0.531047
0.0817801
0.531677
0.0797655
0.531949
0.0779031
0.531879
0.0762404
0.531489
0.0748331
0.530801
0.0737434
0.529848
0.0730323
0.528655
0.0727475
0.527227
0.0729097
0.0734557
0.431488
0.0826159
0.439047
0.0849307
0.44674
0.0870457
0.454506
0.088913
0.462282
0.0905068
0.470001
0.0918075
0.477597
0.0927977
0.485006
0.0934659
0.492168
0.0938082
0.499029
0.0938278
0.505544
0.093535
0.511673
0.0929464
0.517389
0.0920845
0.522673
0.0909768
0.527512
0.0896554
0.531904
0.088156
0.535852
0.0865177
0.539366
0.0847827
0.542463
0.0829956
0.545164
0.081203
0.547493
0.0794514
0.549472
0.0777862
0.551122
0.0762533
0.552461
0.0749017
0.553508
0.0737861
0.554285
0.0729659
0.554817
0.0725008
0.55512
0.0724439
0.555193
0.0728372
0.0736696
0.439115
0.0755909
0.446322
0.0777242
0.45367
0.0796977
0.461112
0.0814708
0.468598
0.0830209
0.476076
0.0843299
0.483492
0.0853812
0.490796
0.0861625
0.497936
0.0866672
0.504869
0.086895
0.511553
0.086851
0.517953
0.0865463
0.524041
0.0859967
0.529794
0.0852235
0.535198
0.0842519
0.540242
0.0831114
0.544925
0.0818352
0.549248
0.0804597
0.553219
0.0790241
0.556852
0.0775704
0.560162
0.0761417
0.563166
0.0747825
0.56588
0.0735385
0.568323
0.0724589
0.570512
0.0715969
0.572468
0.0710103
0.57421
0.0707589
0.575752
0.0709018
0.577092
0.0714972
0.0725747
0.446772
0.0688684
0.453672
0.0708242
0.460717
0.0726522
0.467871
0.0743174
0.475091
0.0758003
0.482337
0.0770846
0.489563
0.0781546
0.496728
0.0789977
0.503789
0.0796061
0.510708
0.0799767
0.517447
0.0801116
0.523976
0.0800173
0.530268
0.0797053
0.536299
0.0791915
0.542055
0.0784963
0.547523
0.0776439
0.552696
0.0766622
0.557573
0.0755828
0.562156
0.0744403
0.566454
0.0732723
0.570478
0.0721185
0.574239
0.0710211
0.577753
0.0700244
0.581036
0.0691763
0.584104
0.0685285
0.586977
0.0681372
0.589674
0.0680624
0.592208
0.0683675
0.594584
0.0691215
0.0703827
0.454499
0.062409
0.461132
0.0641912
0.467913
0.0658712
0.474811
0.067419
0.481793
0.0688178
0.488825
0.070053
0.495869
0.0711102
0.50289
0.0719773
0.50985
0.0726456
0.516716
0.0731106
0.523456
0.0733718
0.530041
0.0734329
0.536444
0.0733017
0.542646
0.0729901
0.548628
0.0725143
0.554377
0.0718942
0.559886
0.0711532
0.56515
0.0703186
0.57017
0.0694208
0.574949
0.0684932
0.579495
0.0675724
0.583819
0.0666975
0.587933
0.0659105
0.591852
0.0652573
0.595593
0.0647874
0.599175
0.0645553
0.602617
0.0646205
0.605936
0.0650482
0.609145
0.0659126
0.0672892
0.462342
0.0561779
0.468743
0.0577902
0.475294
0.0593207
0.481969
0.0607442
0.48874
0.062046
0.49558
0.0632135
0.502457
0.0642336
0.509339
0.0650949
0.516196
0.0657888
0.522996
0.06631
0.529712
0.0666562
0.536316
0.066829
0.542784
0.0668335
0.549096
0.0666784
0.555234
0.0663763
0.561184
0.0659435
0.566938
0.0653996
0.572489
0.0647678
0.577835
0.0640747
0.582978
0.0633501
0.587924
0.0626268
0.59268
0.0619408
0.597259
0.0613315
0.601675
0.0608416
0.605944
0.0605184
0.610085
0.0604138
0.61412
0.0605857
0.61807
0.0610986
0.621955
0.0620275
0.0634551
0.470356
0.0501437
0.476557
0.0515892
0.482908
0.0529695
0.489389
0.0542634
0.495976
0.0554583
0.502647
0.0565433
0.509373
0.057507
0.516129
0.0583388
0.522888
0.0590305
0.529621
0.0595765
0.536304
0.0599737
0.542911
0.0602221
0.549419
0.0603247
0.55581
0.0602878
0.562065
0.0601211
0.568171
0.0598377
0.574117
0.0594539
0.579895
0.0589894
0.585502
0.0584671
0.590939
0.0579132
0.596209
0.0573571
0.601319
0.0568312
0.606279
0.0563716
0.611102
0.0560181
0.615806
0.0558146
0.62041
0.0558101
0.624936
0.0560592
0.62941
0.0566241
0.633861
0.0575767
0.059
0.478596
0.0442767
0.484628
0.0455581
0.490809
0.046788
0.497124
0.0479482
0.503554
0.0490284
0.510078
0.0500193
0.516674
0.0509108
0.523319
0.0516937
0.52999
0.0523603
0.536661
0.0529052
0.54331
0.0533247
0.549914
0.053618
0.556452
0.0537867
0.562905
0.0538351
0.569255
0.0537706
0.575489
0.0536036
0.581596
0.0533475
0.587566
0.0530189
0.593396
0.0526373
0.599084
0.0522254
0.604632
0.0518091
0.610046
0.0514175
0.615334
0.0510829
0.620511
0.0508415
0.625592
0.0507337
0.630597
0.0508045
0.635552
0.0511047
0.640484
0.0516922
0.645427
0.0526333
0.0540071
0.487127
0.0385487
0.493017
0.0396683
0.499057
0.0407473
0.505235
0.0417708
0.511533
0.0427301
0.517935
0.0436173
0.524422
0.0444239
0.530974
0.0451419
0.53757
0.0457644
0.544189
0.0462864
0.550809
0.0467041
0.557411
0.0470162
0.563974
0.0472233
0.570481
0.0473283
0.576915
0.0473368
0.583262
0.047257
0.58951
0.0470997
0.59565
0.0468786
0.601677
0.0466104
0.607588
0.0463143
0.613384
0.0460128
0.61907
0.0457314
0.624654
0.0454987
0.630149
0.045347
0.63557
0.0453126
0.640938
0.045436
0.64628
0.0457634
0.651625
0.0463468
0.657012
0.0472465
0.0485349
0.496012
0.0329315
0.50179
0.033891
0.507718
0.034819
0.513786
0.0357031
0.519979
0.0365363
0.526285
0.037312
0.532685
0.0380233
0.539164
0.0386632
0.545703
0.0392259
0.552282
0.0397066
0.558884
0.0401022
0.56549
0.0404108
0.57208
0.0406326
0.578639
0.0407693
0.585151
0.0408252
0.591601
0.0408067
0.597979
0.0407223
0.604274
0.0405834
0.610481
0.0404036
0.616596
0.0401992
0.622619
0.0399893
0.628555
0.0397957
0.63441
0.0396433
0.640197
0.0395601
0.645932
0.039578
0.651635
0.0397326
0.657334
0.0400647
0.663061
0.0406201
0.668856
0.0414515
0.0426231
0.505324
0.0273971
0.511017
0.0281977
0.516862
0.0289741
0.522849
0.0297164
0.528966
0.0304191
0.535201
0.031077
0.54154
0.0316842
0.547968
0.032235
0.55447
0.0327246
0.561027
0.033149
0.567624
0.0335053
0.574243
0.0337916
0.580868
0.0340077
0.587483
0.0341549
0.594072
0.0342361
0.600622
0.0342562
0.607123
0.034222
0.613563
0.0341426
0.619938
0.0340289
0.626243
0.0338944
0.632477
0.0337548
0.638645
0.0336284
0.644752
0.033536
0.650811
0.0335015
0.656837
0.0335519
0.662852
0.0337177
0.668883
0.0340336
0.674964
0.0345392
0.681136
0.0352791
0.0363108
0.515131
0.0219161
0.520771
0.0225581
0.526563
0.0231823
0.532498
0.0237808
0.538568
0.0243493
0.544761
0.0248837
0.551066
0.0253795
0.557469
0.0258322
0.563956
0.0262378
0.570512
0.0265932
0.577121
0.0268957
0.583769
0.027144
0.590439
0.0273376
0.597117
0.0274771
0.603788
0.0275648
0.61044
0.0276042
0.617061
0.0276007
0.623643
0.027561
0.630178
0.0274939
0.636662
0.0274099
0.643096
0.0273217
0.64948
0.0272439
0.655823
0.0271933
0.662135
0.0271894
0.668432
0.0272541
0.674738
0.0274126
0.681078
0.0276935
0.687488
0.028129
0.694011
0.0287558
0.0296203
0.525523
0.0164585
0.531139
0.016942
0.536909
0.0174127
0.542824
0.017865
0.548878
0.0182957
0.55506
0.0187019
0.561359
0.0190801
0.567764
0.019427
0.574263
0.0197396
0.58084
0.0200155
0.587483
0.0202527
0.594177
0.0204501
0.600908
0.0206071
0.607661
0.0207242
0.614423
0.0208028
0.621181
0.0208456
0.627926
0.0208562
0.634647
0.0208398
0.641338
0.0208028
0.647995
0.0207531
0.654616
0.0207001
0.661205
0.0206549
0.667768
0.0206303
0.674317
0.0206411
0.680867
0.0207042
0.68744
0.020839
0.694066
0.0210677
0.700779
0.021416
0.707622
0.0219129
0.0225999
0.536564
0.0109911
0.542191
0.0113144
0.547973
0.0116309
0.553903
0.011935
0.559974
0.0122247
0.566178
0.0124983
0.572504
0.0127536
0.578943
0.0129884
0.585482
0.0132006
0.592109
0.0133887
0.59881
0.0135512
0.605573
0.0136874
0.612383
0.0137968
0.619228
0.0138798
0.626093
0.0139371
0.632968
0.0139706
0.639842
0.0139825
0.646705
0.0139764
0.653552
0.0139564
0.660377
0.0139279
0.66718
0.0138971
0.673963
0.0138716
0.680734
0.01386
0.687502
0.0138724
0.694286
0.0139204
0.701108
0.0140176
0.707996
0.0141795
0.714987
0.0144246
0.722126
0.0147739
0.0152565
0.548358
0.00547742
0.554028
0.00564415
0.559855
0.00580387
0.565834
0.00595615
0.571957
0.00610132
0.578217
0.00623859
0.584604
0.00636662
0.591108
0.0064842
0.597718
0.00659034
0.604423
0.0066842
0.611209
0.00676512
0.618064
0.00683266
0.624974
0.0068866
0.631926
0.00692707
0.638909
0.00695449
0.64591
0.00696971
0.652919
0.00697397
0.659926
0.00696895
0.666926
0.00695683
0.673913
0.00694029
0.680888
0.00692257
0.687852
0.0069075
0.694812
0.00689958
0.70178
0.00690401
0.708774
0.00692689
0.715816
0.0069754
0.722937
0.00705831
0.730175
0.00718722
0.737569
0.00737985
0.00768076
0.551747
0.557391
0.563195
0.569151
0.575253
0.581491
0.587858
0.594342
0.600933
0.607617
0.614382
0.621215
0.628101
0.635028
0.641983
0.648952
0.655926
0.662895
0.669852
0.676792
0.683715
0.690623
0.697522
0.704426
0.711353
0.718328
0.725387
0.732574
0.739954
)
;

boundaryField
{
    inlet
    {
        type            calculated;
        value           nonuniform List<scalar> 
45
(
-0.2
-0.2
-0.2
-0.2
-0.2
-0.2
-0.2
-0.2
-0.2
-0.2
-0.2
-0.2
-0.2
-0.2
-0.2
-0.20766
-0.212683
-0.217828
-0.223097
-0.228493
-0.23402
-0.239681
-0.245479
-0.251417
-0.257499
-0.263728
-0.270107
-0.276641
-0.283333
-0.290186
-0.297206
-0.304395
-0.311758
-0.3193
-0.327023
-0.334934
-0.343036
-0.351334
-0.359832
-0.368536
-0.377451
-0.386582
-0.395933
-0.40551
-0.415319
)
;
    }
    outlet
    {
        type            calculated;
        value           nonuniform List<scalar> 
45
(
0.0234565
0.0314574
0.0252852
0.013937
0.0016453
-0.0080429
-0.0160867
-0.0228316
-0.0284698
-0.0331795
-0.037083
-0.0402661
-0.0428063
-0.0447507
-0.0461264
-0.0487337
-0.0499962
-0.0502005
-0.0490113
-0.0454249
-0.040031
-0.0259649
0.0616357
0.1543
0.240442
0.317701
0.384882
0.441595
0.488164
0.525507
0.554979
0.578187
0.596776
0.612238
0.625789
0.638316
0.65042
0.662484
0.674767
0.687448
0.700702
0.714642
0.72947
0.745145
0.747635
)
;
    }
    flap
    {
        type            calculated;
        value           uniform 0;
    }
    upperWall
    {
        type            calculated;
        value           uniform 0;
    }
    lowerWall
    {
        type            calculated;
        value           uniform 0;
    }
    frontAndBack
    {
        type            empty;
        value           nonuniform 0();
    }
}


// ************************************************************************* //
