/*--------------------------------*- C++ -*----------------------------------*\
  =========                 |
  \\      /  F ield         | OpenFOAM: The Open Source CFD Toolbox
   \\    /   O peration     | Website:  https://openfoam.org
    \\  /    A nd           | Version:  7
     \\/     M anipulation  |
\*---------------------------------------------------------------------------*/
FoamFile
{
    version     2.0;
    format      ascii;
    class       volScalarField;
    location    "7.14";
    object      T;
}
// * * * * * * * * * * * * * * * * * * * * * * * * * * * * * * * * * * * * * //

dimensions      [0 0 0 1 0 0 0];

internalField   nonuniform List<scalar> 
12013
(
300.117
300.355
300.599
300.847
301.096
301.346
301.594
301.84
302.083
302.321
302.554
302.781
303.002
303.216
303.424
303.625
303.819
304.006
304.187
304.361
304.528
304.69
304.846
304.997
305.142
305.283
305.419
305.551
305.68
305.805
305.927
306.047
306.164
306.281
306.397
306.512
306.628
306.746
306.866
306.989
307.117
307.25
307.39
307.539
307.697
307.868
308.053
308.253
308.473
308.713
308.978
309.271
309.594
309.953
310.351
310.793
311.283
311.828
312.434
313.107
313.853
314.682
315.601
316.619
317.748
318.997
320.38
321.911
323.604
325.478
327.553
329.853
332.404
335.241
338.404
341.945
345.935
350.469
355.694
361.852
369.408
300.117
300.356
300.6
300.847
301.097
301.346
301.595
301.841
302.084
302.322
302.555
302.782
303.003
303.218
303.426
303.627
303.821
304.008
304.189
304.363
304.531
304.693
304.849
304.999
305.145
305.286
305.422
305.554
305.682
305.807
305.929
306.049
306.167
306.283
306.399
306.515
306.631
306.748
306.868
306.991
307.119
307.252
307.392
307.541
307.699
307.87
308.054
308.255
308.474
308.714
308.979
309.271
309.594
309.952
310.35
310.791
311.281
311.825
312.43
313.101
313.846
314.673
315.59
316.606
317.731
318.977
320.355
321.88
323.566
325.432
327.496
329.781
332.313
335.125
338.253
341.745
345.66
350.076
355.091
360.83
367.405
300.117
300.356
300.6
300.848
301.098
301.348
301.597
301.843
302.086
302.325
302.558
302.785
303.007
303.221
303.429
303.631
303.825
304.012
304.193
304.368
304.536
304.698
304.854
305.005
305.15
305.291
305.427
305.559
305.688
305.813
305.935
306.055
306.173
306.289
306.405
306.52
306.636
306.754
306.874
306.997
307.124
307.257
307.397
307.545
307.703
307.873
308.058
308.258
308.476
308.716
308.98
309.271
309.594
309.951
310.347
310.787
311.275
311.817
312.42
313.088
313.83
314.653
315.565
316.575
317.694
318.932
320.3
321.812
323.484
325.33
327.37
329.624
332.116
334.875
337.931
341.322
345.091
349.285
353.952
359.121
364.751
300.118
300.357
300.601
300.85
301.1
301.35
301.6
301.847
302.09
302.329
302.563
302.791
303.012
303.228
303.436
303.637
303.832
304.02
304.201
304.376
304.544
304.706
304.862
305.013
305.159
305.3
305.436
305.569
305.697
305.822
305.944
306.064
306.182
306.298
306.414
306.529
306.645
306.763
306.882
307.005
307.132
307.265
307.404
307.552
307.71
307.88
308.063
308.263
308.48
308.719
308.982
309.272
309.593
309.949
310.343
310.78
311.266
311.805
312.403
313.067
313.804
314.62
315.525
316.526
317.633
318.857
320.21
321.702
323.349
325.164
327.166
329.371
331.801
334.477
337.424
340.667
344.233
348.142
352.404
356.999
361.857
300.118
300.358
300.603
300.852
301.103
301.354
301.604
301.852
302.096
302.335
302.57
302.798
303.021
303.236
303.445
303.647
303.843
304.031
304.212
304.387
304.556
304.718
304.875
305.026
305.172
305.313
305.45
305.582
305.711
305.836
305.958
306.078
306.196
306.312
306.427
306.543
306.658
306.776
306.895
307.018
307.144
307.277
307.416
307.563
307.72
307.889
308.072
308.27
308.487
308.724
308.986
309.274
309.593
309.945
310.337
310.771
311.252
311.786
312.379
313.037
313.765
314.573
315.466
316.454
317.545
318.75
320.079
321.543
323.155
324.928
326.875
329.014
331.358
333.925
336.732
339.792
343.118
346.711
350.561
354.633
358.863
300.118
300.359
300.605
300.855
301.107
301.359
301.61
301.859
302.104
302.344
302.58
302.809
303.032
303.249
303.459
303.661
303.857
304.046
304.228
304.404
304.573
304.736
304.893
305.044
305.191
305.332
305.469
305.601
305.73
305.855
305.977
306.097
306.215
306.331
306.446
306.561
306.677
306.794
306.913
307.035
307.161
307.293
307.431
307.578
307.734
307.902
308.083
308.28
308.495
308.731
308.99
309.276
309.592
309.941
310.329
310.758
311.234
311.762
312.347
312.995
313.713
314.508
315.386
316.357
317.427
318.606
319.904
321.331
322.897
324.614
326.493
328.547
330.786
333.222
335.864
338.717
341.784
345.055
348.513
352.122
355.83
300.119
300.36
300.608
300.859
301.112
301.366
301.618
301.868
302.114
302.356
302.593
302.823
303.048
303.265
303.476
303.68
303.876
304.066
304.249
304.425
304.595
304.758
304.916
305.068
305.215
305.356
305.493
305.626
305.755
305.88
306.003
306.122
306.24
306.356
306.471
306.586
306.701
306.818
306.936
307.058
307.184
307.315
307.452
307.598
307.753
307.919
308.099
308.294
308.507
308.741
308.997
309.279
309.591
309.936
310.318
310.741
311.21
311.73
312.305
312.942
313.646
314.425
315.284
316.231
317.275
318.421
319.681
321.061
322.571
324.22
326.017
327.97
330.088
332.375
334.836
337.471
340.274
343.233
346.328
349.527
352.793
300.12
300.363
300.612
300.864
301.119
301.374
301.628
301.88
302.128
302.371
302.609
302.842
303.067
303.286
303.499
303.703
303.901
304.092
304.276
304.453
304.624
304.788
304.946
305.099
305.246
305.388
305.526
305.659
305.788
305.913
306.036
306.155
306.273
306.389
306.504
306.618
306.733
306.849
306.967
307.088
307.213
307.343
307.479
307.624
307.777
307.942
308.12
308.313
308.523
308.753
309.006
309.284
309.591
309.931
310.306
310.722
311.182
311.69
312.254
312.876
313.563
314.322
315.157
316.077
317.087
318.194
319.407
320.732
322.176
323.746
325.448
327.289
329.273
331.4
333.672
336.085
338.63
341.293
344.057
346.895
349.778
300.121
300.365
300.616
300.871
301.128
301.385
301.641
301.895
302.145
302.391
302.631
302.865
303.093
303.313
303.527
303.734
303.933
304.125
304.31
304.488
304.66
304.825
304.985
305.138
305.286
305.428
305.566
305.7
305.829
305.955
306.077
306.197
306.314
306.43
306.545
306.659
306.773
306.889
307.006
307.126
307.25
307.379
307.514
307.657
307.808
307.971
308.147
308.337
308.544
308.77
309.018
309.292
309.593
309.925
310.292
310.699
311.147
311.644
312.192
312.797
313.464
314.198
315.005
315.892
316.863
317.924
319.083
320.344
321.713
323.195
324.794
326.513
328.354
330.316
332.397
334.591
336.888
339.277
341.74
344.257
346.806
300.122
300.369
300.622
300.88
301.139
301.399
301.658
301.914
302.167
302.415
302.657
302.894
303.124
303.347
303.562
303.771
303.972
304.166
304.353
304.532
304.705
304.872
305.032
305.187
305.335
305.479
305.617
305.751
305.881
306.007
306.129
306.249
306.366
306.482
306.596
306.71
306.824
306.939
307.055
307.174
307.297
307.424
307.558
307.698
307.848
308.008
308.18
308.367
308.57
308.792
309.035
309.302
309.596
309.92
310.278
310.673
311.109
311.59
312.12
312.704
313.347
314.054
314.828
315.676
316.603
317.613
318.71
319.901
321.188
322.574
324.062
325.654
327.349
329.144
331.037
333.02
335.085
337.219
339.41
341.642
343.896
300.123
300.373
300.63
300.89
301.153
301.416
301.678
301.937
302.193
302.444
302.69
302.929
303.162
303.388
303.606
303.817
304.02
304.216
304.405
304.587
304.761
304.929
305.091
305.247
305.396
305.541
305.68
305.814
305.945
306.071
306.194
306.313
306.431
306.546
306.66
306.773
306.886
307
307.116
307.233
307.355
307.48
307.612
307.75
307.897
308.054
308.223
308.406
308.604
308.821
309.057
309.317
309.603
309.917
310.264
310.646
311.066
311.53
312.04
312.6
313.216
313.89
314.628
315.433
316.31
317.263
318.294
319.408
320.607
321.893
323.267
324.729
326.277
327.909
329.619
331.403
333.25
335.153
337.098
339.074
341.068
300.125
300.378
300.638
300.903
301.169
301.436
301.702
301.965
302.225
302.48
302.729
302.972
303.209
303.438
303.659
303.873
304.079
304.278
304.469
304.653
304.83
304.999
305.163
305.32
305.471
305.616
305.757
305.892
306.023
306.149
306.272
306.392
306.509
306.625
306.738
306.851
306.963
307.076
307.19
307.306
307.426
307.55
307.679
307.815
307.958
308.112
308.277
308.455
308.648
308.858
309.087
309.339
309.615
309.918
310.252
310.619
311.022
311.466
311.953
312.487
313.072
313.711
314.408
315.166
315.989
316.88
317.841
318.875
319.983
321.166
322.424
323.756
325.16
326.634
328.171
329.767
331.414
333.104
334.828
336.576
338.338
300.127
300.385
300.649
300.918
301.189
301.461
301.731
301.999
302.264
302.523
302.777
303.025
303.265
303.498
303.723
303.941
304.15
304.352
304.546
304.733
304.912
305.084
305.25
305.409
305.561
305.708
305.849
305.986
306.117
306.244
306.368
306.488
306.605
306.72
306.833
306.945
307.056
307.168
307.281
307.395
307.513
307.634
307.761
307.894
308.034
308.183
308.344
308.516
308.703
308.906
309.127
309.369
309.634
309.925
310.244
310.594
310.979
311.4
311.862
312.367
312.918
313.519
314.172
314.88
315.646
316.472
317.36
318.311
319.327
320.407
321.55
322.756
324.021
325.343
326.718
328.14
329.603
331.1
332.625
334.169
335.723
300.129
300.392
300.662
300.936
301.213
301.49
301.766
302.04
302.31
302.575
302.835
303.087
303.333
303.57
303.8
304.022
304.236
304.442
304.639
304.829
305.012
305.187
305.354
305.515
305.67
305.819
305.961
306.099
306.231
306.359
306.483
306.603
306.72
306.835
306.947
307.058
307.169
307.279
307.39
307.503
307.618
307.737
307.861
307.99
308.126
308.271
308.426
308.593
308.772
308.968
309.18
309.411
309.664
309.941
310.244
310.576
310.94
311.337
311.771
312.245
312.76
313.32
313.927
314.583
315.29
316.05
316.863
317.732
318.655
319.633
320.664
321.748
322.882
324.062
325.285
326.546
327.841
329.164
330.509
331.87
333.24
300.132
300.401
300.677
300.958
301.241
301.525
301.808
302.089
302.366
302.637
302.903
303.162
303.413
303.657
303.892
304.119
304.338
304.548
304.75
304.944
305.13
305.309
305.48
305.643
305.8
305.951
306.095
306.234
306.368
306.496
306.621
306.741
306.858
306.972
307.084
307.194
307.304
307.413
307.522
307.633
307.746
307.862
307.982
308.107
308.239
308.379
308.528
308.688
308.86
309.046
309.248
309.468
309.708
309.97
310.256
310.569
310.91
311.281
311.686
312.127
312.605
313.123
313.682
314.284
314.931
315.624
316.364
317.15
317.983
318.862
319.787
320.755
321.764
322.812
323.895
325.01
326.153
327.318
328.501
329.698
330.903
300.136
300.412
300.695
300.984
301.275
301.567
301.858
302.147
302.432
302.711
302.984
303.251
303.509
303.76
304.002
304.235
304.46
304.676
304.883
305.081
305.272
305.454
305.629
305.795
305.955
306.108
306.255
306.395
306.53
306.66
306.785
306.905
307.022
307.136
307.248
307.357
307.465
307.572
307.68
307.788
307.898
308.011
308.128
308.249
308.376
308.51
308.653
308.805
308.969
309.146
309.337
309.545
309.771
310.017
310.285
310.576
310.894
311.239
311.614
312.02
312.46
312.934
313.445
313.994
314.582
315.208
315.875
316.582
317.328
318.114
318.937
319.796
320.69
321.616
322.571
323.553
324.557
325.58
326.619
327.669
328.727
300.14
300.425
300.717
301.014
301.315
301.616
301.917
302.215
302.509
302.798
303.081
303.356
303.623
303.881
304.131
304.372
304.604
304.826
305.039
305.244
305.439
305.626
305.805
305.976
306.139
306.294
306.443
306.586
306.722
306.853
306.979
307.1
307.217
307.331
307.441
307.55
307.656
307.762
307.867
307.973
308.08
308.19
308.302
308.419
308.541
308.669
308.805
308.95
309.105
309.271
309.451
309.646
309.857
310.086
310.335
310.605
310.898
311.216
311.56
311.932
312.333
312.765
313.228
313.724
314.253
314.816
315.413
316.043
316.708
317.404
318.133
318.892
319.68
320.494
321.332
322.193
323.073
323.969
324.878
325.798
326.724
300.145
300.44
300.742
301.05
301.362
301.675
301.986
302.296
302.601
302.901
303.194
303.479
303.757
304.025
304.284
304.533
304.773
305.004
305.224
305.435
305.637
305.829
306.013
306.188
306.355
306.514
306.666
306.81
306.949
307.081
307.208
307.329
307.447
307.56
307.67
307.777
307.882
307.986
308.089
308.192
308.296
308.402
308.51
308.622
308.738
308.86
308.989
309.125
309.271
309.427
309.595
309.777
309.972
310.184
310.414
310.662
310.931
311.221
311.534
311.872
312.235
312.624
313.041
313.486
313.959
314.46
314.991
315.55
316.137
316.752
317.393
318.06
318.75
319.463
320.197
320.948
321.717
322.499
323.292
324.095
324.905
300.151
300.457
300.772
301.093
301.417
301.743
302.068
302.391
302.709
303.021
303.327
303.625
303.914
304.193
304.463
304.723
304.973
305.212
305.441
305.66
305.868
306.067
306.257
306.437
306.608
306.771
306.926
307.074
307.214
307.348
307.476
307.598
307.716
307.829
307.938
308.044
308.148
308.249
308.35
308.45
308.551
308.652
308.756
308.863
308.973
309.088
309.21
309.338
309.474
309.619
309.775
309.943
310.123
310.318
310.528
310.754
310.998
311.262
311.545
311.849
312.175
312.523
312.895
313.291
313.711
314.155
314.624
315.116
315.633
316.172
316.733
317.316
317.919
318.54
319.179
319.833
320.502
321.182
321.873
322.572
323.278
300.158
300.478
300.807
301.143
301.482
301.823
302.164
302.502
302.835
303.163
303.483
303.795
304.098
304.391
304.674
304.945
305.206
305.456
305.695
305.922
306.139
306.345
306.541
306.727
306.904
307.071
307.23
307.38
307.523
307.659
307.788
307.911
308.029
308.142
308.25
308.355
308.457
308.557
308.655
308.752
308.849
308.947
309.045
309.147
309.251
309.359
309.473
309.592
309.719
309.853
309.997
310.15
310.315
310.493
310.683
310.888
311.109
311.346
311.6
311.872
312.162
312.472
312.802
313.152
313.522
313.913
314.325
314.756
315.207
315.678
316.167
316.674
317.198
317.738
318.292
318.86
319.44
320.03
320.629
321.236
321.849
300.166
300.502
300.848
301.201
301.558
301.917
302.276
302.632
302.983
303.328
303.665
303.994
304.313
304.622
304.919
305.205
305.478
305.74
305.99
306.228
306.454
306.669
306.872
307.065
307.247
307.419
307.582
307.736
307.881
308.019
308.15
308.274
308.392
308.505
308.612
308.716
308.816
308.914
309.009
309.103
309.196
309.289
309.383
309.479
309.577
309.679
309.784
309.895
310.011
310.135
310.266
310.406
310.556
310.717
310.889
311.073
311.271
311.482
311.708
311.95
312.207
312.481
312.772
313.079
313.404
313.746
314.105
314.481
314.874
315.282
315.707
316.146
316.6
317.067
317.546
318.037
318.538
319.049
319.567
320.093
320.624
300.175
300.53
300.896
301.269
301.647
302.027
302.406
302.783
303.155
303.521
303.878
304.226
304.564
304.89
305.204
305.506
305.795
306.07
306.333
306.582
306.819
307.043
307.254
307.454
307.643
307.82
307.988
308.145
308.294
308.434
308.566
308.691
308.81
308.922
309.029
309.132
309.23
309.325
309.418
309.508
309.598
309.686
309.775
309.865
309.957
310.052
310.149
310.251
310.358
310.471
310.59
310.717
310.852
310.996
311.15
311.315
311.491
311.678
311.879
312.092
312.318
312.559
312.813
313.082
313.365
313.663
313.975
314.301
314.641
314.995
315.362
315.741
316.133
316.536
316.949
317.372
317.804
318.244
318.692
319.145
319.604
300.186
300.563
300.952
301.348
301.75
302.154
302.558
302.96
303.356
303.745
304.126
304.496
304.855
305.202
305.535
305.855
306.16
306.451
306.728
306.99
307.238
307.473
307.694
307.901
308.097
308.281
308.453
308.615
308.767
308.909
309.043
309.169
309.288
309.4
309.506
309.607
309.704
309.797
309.886
309.973
310.058
310.143
310.227
310.311
310.396
310.484
310.573
310.667
310.764
310.866
310.974
311.088
311.209
311.338
311.475
311.621
311.776
311.942
312.118
312.305
312.504
312.714
312.935
313.169
313.415
313.673
313.943
314.225
314.519
314.824
315.139
315.466
315.803
316.149
316.504
316.868
317.24
317.618
318.003
318.394
318.79
300.198
300.602
301.017
301.441
301.871
302.303
302.735
303.165
303.589
304.005
304.412
304.808
305.192
305.562
305.917
306.257
306.581
306.889
307.182
307.458
307.719
307.965
308.196
308.412
308.615
308.806
308.983
309.149
309.305
309.45
309.585
309.712
309.831
309.943
310.048
310.148
310.242
310.333
310.419
310.502
310.584
310.663
310.742
310.82
310.9
310.98
311.062
311.147
311.235
311.327
311.423
311.525
311.633
311.747
311.868
311.997
312.134
312.279
312.434
312.597
312.77
312.952
313.145
313.347
313.56
313.783
314.016
314.258
314.511
314.773
315.044
315.325
315.614
315.911
316.216
316.528
316.847
317.171
317.502
317.838
318.178
300.213
300.647
301.093
301.549
302.011
302.476
302.941
303.403
303.859
304.307
304.744
305.169
305.581
305.976
306.356
306.719
307.064
307.391
307.701
307.993
308.267
308.525
308.767
308.993
309.204
309.4
309.584
309.754
309.913
310.06
310.198
310.325
310.445
310.556
310.66
310.758
310.85
310.938
311.021
311.1
311.177
311.252
311.326
311.399
311.471
311.545
311.62
311.696
311.775
311.858
311.944
312.034
312.129
312.23
312.337
312.45
312.569
312.696
312.83
312.972
313.122
313.28
313.447
313.622
313.805
313.997
314.197
314.406
314.622
314.847
315.08
315.32
315.568
315.822
316.083
316.35
316.623
316.902
317.185
317.473
317.765
300.23
300.699
301.181
301.674
302.173
302.676
303.179
303.679
304.172
304.655
305.127
305.585
306.027
306.452
306.859
307.247
307.614
307.962
308.291
308.599
308.889
309.16
309.412
309.648
309.867
310.07
310.259
310.434
310.596
310.746
310.884
311.013
311.132
311.242
311.345
311.441
311.531
311.615
311.695
311.771
311.843
311.914
311.982
312.049
312.116
312.182
312.25
312.319
312.389
312.463
312.539
312.618
312.702
312.791
312.884
312.982
313.087
313.197
313.313
313.436
313.566
313.702
313.846
313.996
314.154
314.319
314.491
314.669
314.855
315.048
315.247
315.453
315.664
315.882
316.105
316.334
316.568
316.806
317.049
317.295
317.546
300.25
300.759
301.283
301.819
302.362
302.909
303.455
303.998
304.533
305.057
305.568
306.063
306.539
306.996
307.433
307.847
308.24
308.61
308.958
309.284
309.589
309.873
310.137
310.383
310.61
310.82
311.014
311.192
311.357
311.509
311.649
311.778
311.896
312.006
312.107
312.2
312.287
312.368
312.445
312.516
312.585
312.65
312.713
312.774
312.835
312.895
312.956
313.017
313.08
313.145
313.212
313.282
313.355
313.432
313.513
313.599
313.689
313.784
313.885
313.991
314.103
314.221
314.344
314.473
314.609
314.75
314.898
315.051
315.21
315.375
315.546
315.722
315.903
316.089
316.28
316.475
316.675
316.879
317.087
317.298
317.513
300.273
300.83
301.402
301.987
302.581
303.178
303.774
304.366
304.949
305.519
306.073
306.609
307.124
307.616
308.084
308.528
308.947
309.341
309.709
310.053
310.374
310.671
310.947
311.201
311.436
311.652
311.85
312.033
312.2
312.353
312.493
312.622
312.739
312.847
312.946
313.037
313.121
313.199
313.271
313.338
313.402
313.462
313.52
313.576
313.631
313.685
313.739
313.794
313.849
313.906
313.964
314.025
314.089
314.156
314.226
314.301
314.379
314.461
314.548
314.64
314.736
314.837
314.943
315.055
315.171
315.292
315.419
315.55
315.687
315.828
315.974
316.125
316.28
316.439
316.603
316.77
316.942
317.116
317.294
317.475
317.659
300.3
300.911
301.54
302.183
302.834
303.489
304.142
304.79
305.426
306.048
306.65
307.231
307.788
308.318
308.821
309.296
309.742
310.159
310.549
310.911
311.247
311.557
311.843
312.106
312.347
312.569
312.771
312.956
313.125
313.278
313.418
313.545
313.661
313.767
313.863
313.951
314.031
314.105
314.174
314.237
314.296
314.352
314.404
314.455
314.504
314.553
314.601
314.649
314.697
314.747
314.798
314.851
314.907
314.965
315.025
315.09
315.157
315.228
315.303
315.382
315.465
315.553
315.644
315.74
315.84
315.945
316.054
316.167
316.284
316.405
316.531
316.66
316.793
316.93
317.071
317.214
317.361
317.511
317.664
317.819
317.977
300.332
301.006
301.7
302.408
303.126
303.848
304.566
305.277
305.974
306.652
307.308
307.938
308.539
309.11
309.649
310.155
310.629
311.071
311.481
311.86
312.21
312.532
312.828
313.098
313.345
313.57
313.775
313.961
314.13
314.283
314.421
314.547
314.66
314.763
314.856
314.94
315.017
315.087
315.151
315.21
315.264
315.316
315.364
315.409
315.454
315.497
315.539
315.581
315.624
315.668
315.712
315.759
315.807
315.857
315.91
315.966
316.024
316.086
316.151
316.22
316.292
316.367
316.447
316.53
316.616
316.707
316.801
316.898
317
317.104
317.213
317.324
317.439
317.557
317.678
317.802
317.928
318.057
318.189
318.323
318.458
300.368
301.115
301.885
302.67
303.464
304.261
305.054
305.835
306.599
307.34
308.054
308.736
309.385
309.998
310.574
311.113
311.614
312.078
312.508
312.903
313.265
313.597
313.899
314.175
314.425
314.652
314.858
315.044
315.212
315.363
315.499
315.621
315.732
315.831
315.92
316.001
316.073
316.139
316.199
316.254
316.304
316.351
316.395
316.436
316.476
316.515
316.552
316.59
316.628
316.666
316.706
316.746
316.789
316.833
316.879
316.928
316.98
317.034
317.091
317.151
317.214
317.28
317.349
317.422
317.498
317.576
317.658
317.744
317.832
317.923
318.017
318.114
318.214
318.316
318.421
318.528
318.638
318.75
318.863
318.979
319.097
300.41
301.242
302.098
302.971
303.853
304.736
305.612
306.472
307.31
308.12
308.896
309.634
310.332
310.987
311.6
312.169
312.696
313.181
313.627
314.035
314.407
314.745
315.052
315.331
315.582
315.809
316.013
316.197
316.362
316.51
316.643
316.762
316.868
316.963
317.049
317.125
317.194
317.256
317.312
317.363
317.41
317.453
317.493
317.531
317.568
317.603
317.637
317.671
317.705
317.74
317.776
317.812
317.85
317.89
317.932
317.975
318.022
318.07
318.121
318.174
318.23
318.289
318.351
318.415
318.482
318.552
318.624
318.7
318.777
318.858
318.94
319.026
319.113
319.203
319.294
319.388
319.484
319.582
319.681
319.781
319.884
300.458
301.389
302.345
303.319
304.301
305.281
306.25
307.197
308.116
308.999
309.84
310.635
311.382
312.079
312.726
313.323
313.872
314.374
314.832
315.249
315.627
315.968
316.277
316.555
316.804
317.028
317.229
317.409
317.57
317.714
317.842
317.956
318.058
318.149
318.231
318.304
318.369
318.428
318.481
318.529
318.573
318.614
318.652
318.688
318.722
318.755
318.788
318.82
318.852
318.885
318.918
318.952
318.988
319.025
319.064
319.104
319.147
319.191
319.238
319.287
319.339
319.392
319.448
319.507
319.567
319.63
319.695
319.763
319.833
319.904
319.978
320.054
320.132
320.211
320.292
320.375
320.46
320.546
320.633
320.721
320.811
300.514
301.558
302.629
303.718
304.814
305.903
306.975
308.018
309.023
309.983
310.89
311.742
312.536
313.271
313.948
314.568
315.133
315.646
316.111
316.532
316.91
317.251
317.556
317.83
318.075
318.294
318.489
318.663
318.819
318.957
319.08
319.19
319.288
319.376
319.454
319.524
319.586
319.643
319.695
319.741
319.785
319.825
319.862
319.898
319.932
319.965
319.997
320.029
320.061
320.094
320.127
320.161
320.196
320.232
320.27
320.31
320.351
320.393
320.438
320.485
320.533
320.584
320.636
320.69
320.747
320.805
320.865
320.927
320.991
321.056
321.123
321.192
321.262
321.333
321.406
321.48
321.556
321.632
321.71
321.788
321.867
300.578
301.753
302.956
304.176
305.399
306.61
307.795
308.941
310.036
311.073
312.046
312.951
313.787
314.553
315.252
315.887
316.461
316.978
317.443
317.861
318.234
318.569
318.867
319.134
319.371
319.582
319.771
319.938
320.087
320.22
320.339
320.445
320.539
320.624
320.7
320.768
320.831
320.887
320.939
320.986
321.03
321.072
321.111
321.148
321.184
321.22
321.254
321.288
321.323
321.357
321.393
321.428
321.465
321.503
321.542
321.582
321.624
321.667
321.711
321.757
321.805
321.854
321.904
321.957
322.01
322.066
322.122
322.18
322.24
322.3
322.362
322.425
322.49
322.555
322.621
322.688
322.756
322.825
322.895
322.965
323.035
300.652
301.976
303.33
304.699
306.065
307.409
308.716
309.968
311.155
312.268
313.3
314.249
315.116
315.904
316.616
317.256
317.828
318.34
318.797
319.205
319.568
319.891
320.179
320.434
320.662
320.865
321.045
321.206
321.349
321.478
321.593
321.696
321.789
321.873
321.949
322.019
322.082
322.141
322.195
322.246
322.294
322.339
322.382
322.424
322.465
322.504
322.544
322.582
322.621
322.66
322.699
322.739
322.779
322.82
322.862
322.905
322.949
322.994
323.039
323.086
323.135
323.184
323.234
323.285
323.338
323.391
323.446
323.501
323.558
323.615
323.673
323.732
323.792
323.852
323.913
323.974
324.036
324.098
324.161
324.224
324.287
300.737
302.23
303.755
305.291
306.815
308.305
309.739
311.099
312.373
313.554
314.633
315.611
316.492
317.284
317.992
318.623
319.185
319.685
320.128
320.521
320.87
321.179
321.454
321.699
321.916
322.11
322.283
322.438
322.578
322.703
322.816
322.919
323.013
323.098
323.177
323.25
323.318
323.381
323.44
323.497
323.551
323.602
323.652
323.7
323.747
323.794
323.839
323.885
323.93
323.975
324.02
324.065
324.11
324.156
324.202
324.248
324.295
324.343
324.391
324.44
324.489
324.54
324.59
324.642
324.694
324.746
324.799
324.853
324.907
324.962
325.016
325.072
325.127
325.183
325.239
325.296
325.352
325.409
325.466
325.522
325.579
300.832
302.519
304.237
305.958
307.655
309.297
310.862
312.321
313.66
314.879
315.979
316.967
317.849
318.633
319.328
319.944
320.488
320.968
321.393
321.768
322.1
322.394
322.655
322.888
323.095
323.281
323.449
323.599
323.736
323.86
323.974
324.078
324.175
324.264
324.348
324.426
324.5
324.57
324.637
324.701
324.762
324.822
324.879
324.936
324.991
325.045
325.098
325.151
325.203
325.255
325.306
325.357
325.408
325.459
325.509
325.56
325.61
325.661
325.712
325.763
325.814
325.865
325.917
325.968
326.02
326.071
326.123
326.175
326.227
326.279
326.331
326.383
326.435
326.487
326.538
326.59
326.641
326.693
326.744
326.794
326.845
300.939
302.842
304.775
306.7
308.583
310.368
312.027
313.549
314.929
316.169
317.276
318.259
319.127
319.892
320.565
321.157
321.676
322.132
322.534
322.889
323.202
323.48
323.728
323.949
324.148
324.327
324.489
324.637
324.773
324.898
325.013
325.121
325.222
325.316
325.406
325.491
325.572
325.649
325.724
325.796
325.865
325.933
325.999
326.063
326.126
326.188
326.249
326.309
326.367
326.425
326.483
326.539
326.595
326.65
326.705
326.759
326.813
326.866
326.919
326.972
327.024
327.076
327.128
327.179
327.23
327.281
327.331
327.381
327.431
327.48
327.529
327.577
327.626
327.673
327.721
327.768
327.814
327.86
327.906
327.951
327.995
301.053
303.189
305.356
307.492
309.518
311.405
313.132
314.694
316.092
317.333
318.428
319.39
320.232
320.968
321.611
322.172
322.662
323.092
323.47
323.803
324.098
324.36
324.595
324.806
324.996
325.17
325.328
325.474
325.61
325.735
325.853
325.964
326.069
326.168
326.263
326.354
326.441
326.525
326.607
326.685
326.762
326.836
326.909
326.98
327.049
327.117
327.183
327.248
327.312
327.375
327.436
327.497
327.557
327.615
327.673
327.729
327.785
327.84
327.895
327.948
328.001
328.053
328.105
328.155
328.205
328.255
328.303
328.351
328.399
328.446
328.492
328.537
328.582
328.626
328.669
328.712
328.754
328.796
328.837
328.877
328.917
301.155
303.508
305.884
308.158
310.282
312.23
313.989
315.56
316.951
318.174
319.243
320.175
320.986
321.69
322.303
322.835
323.3
323.707
324.065
324.38
324.66
324.91
325.134
325.337
325.521
325.69
325.846
325.99
326.124
326.25
326.369
326.481
326.588
326.69
326.788
326.882
326.973
327.06
327.145
327.228
327.308
327.386
327.462
327.536
327.609
327.68
327.749
327.817
327.884
327.949
328.013
328.075
328.137
328.197
328.256
328.314
328.371
328.427
328.482
328.536
328.589
328.641
328.692
328.742
328.792
328.84
328.888
328.935
328.98
329.025
329.07
329.113
329.156
329.197
329.238
329.279
329.318
329.357
329.395
329.432
329.468
379.535
387.463
394.139
399.969
405.151
409.793
413.956
417.674
420.961
423.819
426.235
428.187
429.641
430.548
430.841
430.428
429.181
426.903
423.263
417.602
408.273
401.965
397.136
393.185
389.825
386.894
384.29
381.946
379.811
377.852
376.038
374.35
372.769
371.28
369.873
368.537
367.264
366.047
364.879
363.755
362.671
361.622
360.605
359.616
358.653
357.713
356.794
355.893
355.01
354.142
353.288
352.447
351.617
350.798
349.988
349.186
348.393
347.607
346.827
346.054
345.287
344.525
343.769
343.018
342.272
341.532
340.796
340.065
339.339
338.618
337.903
337.192
336.487
335.788
335.095
334.407
333.726
333.052
332.384
331.724
331.071
330.426
329.789
329.161
328.541
327.931
327.331
326.74
326.16
325.59
325.032
324.485
323.949
323.425
322.913
322.413
321.926
321.451
320.989
320.54
320.103
319.68
319.269
318.87
318.485
318.111
317.75
317.402
317.065
316.74
316.426
316.124
315.832
315.552
315.281
315.02
314.769
314.528
314.295
314.071
313.855
313.647
313.447
313.253
313.067
312.887
312.713
312.545
312.383
312.225
312.073
311.925
311.782
311.643
311.507
311.375
311.247
311.122
310.999
310.88
310.763
310.648
310.536
310.425
310.317
310.211
310.106
310.003
309.901
309.801
309.702
309.604
309.508
309.413
309.319
309.225
309.133
309.042
308.953
308.864
308.778
374.799
381.683
387.889
393.472
398.511
403.065
407.172
410.855
414.121
416.97
419.386
421.348
422.82
423.757
424.095
423.751
422.611
420.521
417.262
412.566
406.387
401.047
396.594
392.825
389.566
386.698
384.137
381.823
379.711
377.768
375.969
374.291
372.718
371.237
369.835
368.504
367.235
366.021
364.856
363.735
362.653
361.606
360.59
359.603
358.641
357.702
356.784
355.885
355.003
354.135
353.282
352.441
351.612
350.793
349.983
349.182
348.389
347.603
346.824
346.051
345.284
344.522
343.766
343.016
342.27
341.529
340.793
340.062
339.337
338.616
337.9
337.19
336.485
335.786
335.093
334.405
333.724
333.05
332.382
331.722
331.069
330.424
329.787
329.159
328.539
327.929
327.329
326.738
326.158
325.588
325.03
324.483
323.947
323.423
322.911
322.411
321.924
321.45
320.988
320.538
320.102
319.678
319.267
318.869
318.483
318.11
317.749
317.401
317.064
316.739
316.425
316.123
315.832
315.551
315.28
315.02
314.769
314.527
314.295
314.071
313.855
313.647
313.446
313.253
313.067
312.887
312.713
312.545
312.383
312.225
312.073
311.925
311.782
311.643
311.507
311.376
311.247
311.122
310.999
310.88
310.763
310.648
310.536
310.426
310.317
310.211
310.106
310.003
309.901
309.801
309.702
309.605
309.508
309.413
309.319
309.226
309.134
309.043
308.953
308.864
308.778
370.718
376.603
382.174
387.353
392.126
396.499
400.482
404.081
407.294
410.112
412.519
414.491
415.994
416.985
417.409
417.196
416.258
414.494
411.798
408.124
403.688
399.384
395.501
392.059
389.002
386.266
383.797
381.549
379.487
377.582
375.813
374.159
372.605
371.14
369.752
368.432
367.172
365.966
364.808
363.692
362.615
361.572
360.56
359.576
358.617
357.681
356.765
355.867
354.987
354.121
353.269
352.429
351.601
350.783
349.974
349.174
348.381
347.596
346.817
346.044
345.278
344.517
343.761
343.01
342.265
341.524
340.789
340.058
339.332
338.612
337.896
337.186
336.481
335.782
335.089
334.401
333.72
333.046
332.378
331.718
331.065
330.42
329.783
329.155
328.535
327.925
327.325
326.734
326.154
325.584
325.026
324.479
323.943
323.419
322.907
322.408
321.921
321.446
320.984
320.535
320.099
319.675
319.264
318.866
318.481
318.108
317.747
317.398
317.062
316.737
316.423
316.121
315.83
315.549
315.279
315.019
314.768
314.526
314.294
314.07
313.854
313.646
313.446
313.253
313.067
312.887
312.713
312.545
312.383
312.226
312.073
311.926
311.782
311.643
311.508
311.376
311.248
311.122
311
310.88
310.763
310.649
310.537
310.426
310.318
310.212
310.107
310.004
309.902
309.802
309.703
309.606
309.509
309.414
309.32
309.227
309.135
309.043
308.954
308.865
308.779
366.895
371.965
376.906
381.617
386.048
390.171
393.972
397.44
400.562
403.325
405.707
407.683
409.222
410.284
410.824
410.787
410.113
408.745
406.647
403.855
400.559
397.158
393.897
390.872
388.098
385.56
383.234
381.092
379.111
377.27
375.55
373.936
372.416
370.978
369.612
368.311
367.067
365.875
364.728
363.622
362.553
361.517
360.512
359.533
358.579
357.647
356.734
355.84
354.962
354.099
353.249
352.411
351.584
350.768
349.96
349.161
348.37
347.585
346.807
346.035
345.269
344.509
343.753
343.003
342.258
341.518
340.782
340.052
339.326
338.606
337.89
337.18
336.475
335.776
335.083
334.396
333.715
333.04
332.373
331.712
331.059
330.414
329.777
329.149
328.529
327.919
327.319
326.728
326.148
325.578
325.02
324.473
323.937
323.413
322.902
322.402
321.915
321.441
320.979
320.53
320.094
319.67
319.26
318.862
318.477
318.104
317.743
317.395
317.058
316.734
316.421
316.119
315.828
315.547
315.277
315.017
314.766
314.525
314.293
314.069
313.853
313.646
313.446
313.253
313.066
312.887
312.713
312.545
312.383
312.226
312.074
311.926
311.783
311.644
311.509
311.377
311.249
311.123
311.001
310.882
310.765
310.65
310.538
310.428
310.319
310.213
310.108
310.005
309.904
309.803
309.704
309.607
309.511
309.415
309.321
309.228
309.136
309.045
308.955
308.866
308.78
363.21
367.619
371.987
376.228
380.285
384.115
387.691
390.989
393.989
396.67
399.009
400.98
402.554
403.695
404.367
404.531
404.147
403.188
401.652
399.591
397.136
394.495
391.839
389.268
386.833
384.548
382.413
380.418
378.552
376.802
375.155
373.601
372.13
370.733
369.401
368.129
366.91
365.738
364.609
363.519
362.463
361.438
360.442
359.471
358.524
357.598
356.691
355.802
354.928
354.068
353.221
352.386
351.562
350.748
349.942
349.144
348.354
347.571
346.794
346.024
345.258
344.499
343.744
342.994
342.25
341.51
340.775
340.044
339.319
338.599
337.884
337.173
336.469
335.77
335.076
334.389
333.708
333.033
332.366
331.705
331.052
330.407
329.77
329.141
328.522
327.911
327.311
326.72
326.14
325.571
325.012
324.465
323.929
323.406
322.894
322.395
321.908
321.434
320.972
320.523
320.087
319.664
319.254
318.856
318.471
318.098
317.738
317.39
317.054
316.73
316.417
316.115
315.825
315.544
315.275
315.015
314.764
314.523
314.291
314.068
313.852
313.645
313.445
313.252
313.066
312.887
312.713
312.546
312.384
312.227
312.075
311.927
311.784
311.645
311.51
311.378
311.25
311.125
311.003
310.883
310.766
310.652
310.54
310.43
310.321
310.215
310.11
310.007
309.906
309.805
309.707
309.609
309.513
309.417
309.323
309.23
309.138
309.047
308.957
308.868
308.781
359.623
363.484
367.346
371.144
374.825
378.345
381.67
384.771
387.622
390.2
392.478
394.431
396.032
397.251
398.058
398.426
398.33
397.759
396.723
395.267
393.479
391.478
389.379
387.268
385.201
383.208
381.304
379.494
377.777
376.147
374.599
373.127
371.724
370.384
369.101
367.87
366.686
365.544
364.441
363.372
362.336
361.328
360.346
359.387
358.45
357.533
356.634
355.751
354.883
354.028
353.186
352.355
351.534
350.722
349.919
349.124
348.336
347.554
346.779
346.01
345.246
344.487
343.733
342.984
342.24
341.501
340.766
340.037
339.311
338.591
337.876
337.166
336.462
335.762
335.069
334.381
333.7
333.026
332.358
331.697
331.044
330.398
329.761
329.132
328.513
327.902
327.302
326.711
326.131
325.561
325.002
324.455
323.92
323.396
322.885
322.386
321.899
321.425
320.963
320.515
320.079
319.656
319.246
318.849
318.464
318.092
317.732
317.385
317.049
316.725
316.412
316.111
315.821
315.541
315.272
315.012
314.762
314.522
314.29
314.067
313.852
313.645
313.445
313.252
313.067
312.887
312.714
312.547
312.385
312.228
312.076
311.929
311.786
311.647
311.512
311.381
311.252
311.127
311.005
310.886
310.769
310.655
310.543
310.432
310.324
310.218
310.113
310.01
309.909
309.809
309.71
309.612
309.516
309.42
309.326
309.233
309.141
309.05
308.96
308.871
308.784
356.124
359.521
362.939
366.33
369.649
372.858
375.922
378.81
381.495
383.951
386.152
388.074
389.691
390.978
391.912
392.471
392.642
392.419
391.815
390.863
389.622
388.164
386.568
384.898
383.207
381.528
379.886
378.292
376.754
375.274
373.852
372.485
371.171
369.907
368.689
367.513
366.377
365.276
364.209
363.171
362.161
361.177
360.215
359.274
358.352
357.447
356.559
355.685
354.825
353.977
353.141
352.315
351.499
350.691
349.892
349.1
348.314
347.535
346.762
345.994
345.232
344.475
343.722
342.974
342.231
341.492
340.758
340.029
339.304
338.584
337.869
337.159
336.454
335.755
335.062
334.374
333.693
333.018
332.349
331.688
331.035
330.389
329.752
329.123
328.503
327.892
327.291
326.7
326.12
325.55
324.991
324.444
323.909
323.385
322.874
322.375
321.888
321.414
320.953
320.505
320.07
319.647
319.237
318.84
318.456
318.084
317.725
317.378
317.043
316.719
316.407
316.107
315.817
315.537
315.268
315.009
314.76
314.52
314.288
314.066
313.851
313.644
313.445
313.253
313.067
312.889
312.716
312.549
312.387
312.23
312.079
311.932
311.789
311.65
311.515
311.384
311.256
311.131
311.009
310.89
310.773
310.659
310.547
310.437
310.329
310.222
310.118
310.015
309.913
309.813
309.714
309.617
309.52
309.425
309.331
309.238
309.145
309.054
308.964
308.875
308.787
352.713
355.71
358.738
361.761
364.743
367.651
370.454
373.124
375.632
377.954
380.065
381.941
383.56
384.901
385.943
386.671
387.076
387.154
386.916
386.385
385.598
384.603
383.452
382.194
380.87
379.514
378.149
376.795
375.461
374.156
372.883
371.645
370.442
369.274
368.138
367.034
365.961
364.915
363.895
362.899
361.925
360.972
360.038
359.121
358.22
357.334
356.461
355.601
354.751
353.913
353.085
352.267
351.456
350.654
349.859
349.071
348.29
347.514
346.743
345.978
345.217
344.462
343.711
342.964
342.222
341.484
340.751
340.022
339.297
338.578
337.863
337.153
336.448
335.749
335.055
334.367
333.685
333.01
332.341
331.68
331.026
330.38
329.742
329.112
328.492
327.881
327.28
326.688
326.108
325.538
324.979
324.432
323.896
323.373
322.861
322.362
321.876
321.402
320.942
320.494
320.059
319.637
319.227
318.831
318.447
318.076
317.717
317.371
317.036
316.713
316.402
316.102
315.812
315.534
315.265
315.007
314.758
314.518
314.288
314.065
313.851
313.645
313.446
313.254
313.069
312.891
312.718
312.552
312.39
312.234
312.083
311.936
311.793
311.655
311.52
311.389
311.261
311.136
311.015
310.895
310.779
310.665
310.553
310.443
310.334
310.228
310.124
310.021
309.919
309.819
309.72
309.623
309.526
309.431
309.337
309.244
309.151
309.06
308.97
308.881
308.793
349.398
352.046
354.73
357.421
360.093
362.718
365.269
367.721
370.049
372.229
374.238
376.057
377.663
379.038
380.166
381.034
381.634
381.965
382.031
381.849
381.442
380.841
380.08
379.196
378.219
377.179
376.098
374.995
373.883
372.773
371.671
370.582
369.511
368.457
367.423
366.408
365.413
364.436
363.478
362.536
361.61
360.699
359.801
358.917
358.045
357.183
356.332
355.49
354.658
353.833
353.016
352.207
351.405
350.61
349.821
349.039
348.261
347.49
346.723
345.96
345.202
344.449
343.7
342.955
342.214
341.477
340.745
340.017
339.293
338.573
337.859
337.149
336.444
335.744
335.05
334.362
333.68
333.004
332.335
331.672
331.018
330.371
329.732
329.102
328.481
327.87
327.268
326.676
326.095
325.525
324.966
324.418
323.883
323.359
322.848
322.349
321.863
321.39
320.929
320.481
320.047
319.625
319.217
318.821
318.438
318.067
317.709
317.363
317.029
316.707
316.396
316.097
315.808
315.53
315.263
315.005
314.757
314.518
314.288
314.066
313.852
313.647
313.448
313.257
313.073
312.895
312.722
312.556
312.395
312.239
312.088
311.942
311.8
311.661
311.527
311.396
311.268
311.144
311.022
310.903
310.787
310.672
310.56
310.451
310.343
310.236
310.132
310.029
309.927
309.827
309.729
309.631
309.535
309.439
309.345
309.252
309.16
309.068
308.978
308.888
308.8
346.187
348.529
350.908
353.302
355.691
358.053
360.366
362.607
364.755
366.79
368.691
370.439
372.016
373.407
374.596
375.573
376.33
376.864
377.179
377.283
377.191
376.922
376.5
375.948
375.292
374.552
373.749
372.9
372.019
371.116
370.2
369.278
368.355
367.434
366.519
365.61
364.709
363.817
362.934
362.06
361.194
360.336
359.487
358.645
357.81
356.982
356.16
355.344
354.534
353.728
352.928
352.133
351.342
350.557
349.776
349.001
348.23
347.463
346.7
345.942
345.188
344.437
343.69
342.947
342.208
341.473
340.741
340.014
339.291
338.572
337.857
337.147
336.442
335.742
335.048
334.359
333.676
332.999
332.33
331.667
331.011
330.364
329.724
329.093
328.472
327.859
327.257
326.664
326.083
325.512
324.953
324.405
323.869
323.345
322.834
322.335
321.849
321.376
320.916
320.469
320.035
319.614
319.206
318.811
318.428
318.058
317.701
317.356
317.023
316.701
316.392
316.093
315.805
315.528
315.261
315.004
314.757
314.519
314.289
314.068
313.855
313.65
313.453
313.262
313.078
312.9
312.729
312.563
312.403
312.247
312.096
311.95
311.808
311.67
311.536
311.406
311.278
311.154
311.032
310.913
310.797
310.683
310.571
310.461
310.353
310.247
310.143
310.04
309.938
309.838
309.74
309.642
309.546
309.45
309.356
309.263
309.17
309.079
308.989
308.899
308.81
343.092
345.164
347.272
349.4
351.534
353.654
355.743
357.784
359.758
361.647
363.434
365.102
366.636
368.022
369.248
370.302
371.178
371.872
372.385
372.72
372.886
372.894
372.76
372.499
372.13
371.668
371.129
370.528
369.877
369.186
368.465
367.721
366.961
366.187
365.406
364.618
363.827
363.035
362.241
361.448
360.655
359.864
359.074
358.286
357.499
356.714
355.93
355.148
354.368
353.589
352.811
352.036
351.263
350.491
349.722
348.956
348.193
347.433
346.676
345.923
345.173
344.426
343.682
342.942
342.205
341.471
340.741
340.015
339.292
338.574
337.86
337.15
336.445
335.744
335.049
334.36
333.676
332.999
332.328
331.664
331.007
330.359
329.718
329.086
328.464
327.85
327.247
326.654
326.072
325.5
324.941
324.392
323.856
323.332
322.821
322.322
321.837
321.364
320.904
320.457
320.024
319.603
319.196
318.801
318.42
318.051
317.694
317.35
317.018
316.697
316.388
316.091
315.804
315.528
315.262
315.006
314.759
314.522
314.293
314.073
313.861
313.657
313.46
313.27
313.086
312.909
312.738
312.573
312.413
312.258
312.108
311.962
311.821
311.683
311.549
311.419
311.291
311.167
311.046
310.927
310.811
310.697
310.585
310.476
310.368
310.262
310.157
310.054
309.953
309.853
309.754
309.657
309.56
309.465
309.371
309.277
309.185
309.093
309.003
308.913
308.823
340.126
341.958
343.825
345.716
347.617
349.517
351.4
353.252
355.058
356.804
358.474
360.055
361.534
362.898
364.135
365.238
366.198
367.011
367.676
368.193
368.566
368.802
368.909
368.898
368.78
368.568
368.273
367.906
367.477
366.997
366.473
365.913
365.323
364.707
364.071
363.417
362.749
362.069
361.378
360.68
359.974
359.261
358.543
357.82
357.092
356.361
355.625
354.887
354.145
353.401
352.654
351.906
351.155
350.404
349.652
348.9
348.148
347.398
346.649
345.902
345.158
344.416
343.676
342.939
342.205
341.473
340.745
340.02
339.299
338.581
337.867
337.157
336.452
335.751
335.056
334.365
333.681
333.002
332.33
331.665
331.007
330.357
329.716
329.083
328.459
327.844
327.24
326.646
326.063
325.491
324.93
324.382
323.845
323.321
322.81
322.311
321.825
321.353
320.893
320.447
320.014
319.594
319.187
318.794
318.413
318.045
317.689
317.346
317.015
316.695
316.388
316.091
315.805
315.53
315.265
315.01
314.765
314.528
314.3
314.081
313.87
313.667
313.47
313.281
313.099
312.922
312.752
312.587
312.428
312.273
312.123
311.978
311.837
311.7
311.566
311.436
311.309
311.185
311.064
310.946
310.829
310.716
310.604
310.494
310.387
310.281
310.176
310.073
309.972
309.872
309.773
309.676
309.579
309.484
309.389
309.296
309.203
309.112
309.021
308.931
308.841
337.302
338.92
340.572
342.25
343.943
345.642
347.335
349.011
350.658
352.264
353.817
355.305
356.718
358.043
359.272
360.397
361.41
362.306
363.083
363.738
364.273
364.69
364.995
365.193
365.291
365.298
365.221
365.069
364.85
364.572
364.24
363.863
363.445
362.992
362.508
361.997
361.461
360.905
360.329
359.737
359.129
358.507
357.873
357.227
356.57
355.903
355.227
354.542
353.849
353.149
352.441
351.728
351.009
350.285
349.556
348.825
348.09
347.354
346.616
345.878
345.141
344.405
343.671
342.938
342.208
341.48
340.754
340.031
339.311
338.594
337.88
337.171
336.465
335.764
335.068
334.377
333.691
333.012
332.338
331.672
331.013
330.361
329.718
329.084
328.459
327.843
327.237
326.642
326.058
325.485
324.924
324.375
323.838
323.313
322.802
322.303
321.817
321.345
320.886
320.44
320.007
319.588
319.182
318.79
318.41
318.043
317.688
317.346
317.016
316.698
316.391
316.095
315.811
315.537
315.273
315.019
314.775
314.539
314.313
314.094
313.884
313.681
313.486
313.298
313.116
312.94
312.771
312.606
312.448
312.294
312.144
312
311.859
311.722
311.589
311.459
311.332
311.209
311.088
310.969
310.854
310.74
310.628
310.519
310.411
310.305
310.201
310.098
309.997
309.896
309.798
309.7
309.603
309.508
309.413
309.32
309.227
309.136
309.045
308.954
308.864
334.632
336.06
337.52
339.007
340.513
342.029
343.548
345.061
346.558
348.029
349.465
350.857
352.194
353.468
354.671
355.795
356.833
357.781
358.634
359.389
360.045
360.604
361.066
361.434
361.713
361.906
362.02
362.06
362.032
361.94
361.792
361.591
361.343
361.052
360.723
360.358
359.962
359.536
359.083
358.606
358.107
357.586
357.046
356.488
355.913
355.322
354.715
354.095
353.461
352.815
352.156
351.487
350.808
350.12
349.423
348.719
348.008
347.292
346.571
345.848
345.121
344.394
343.667
342.94
342.214
341.49
340.767
340.047
339.329
338.613
337.901
337.192
336.486
335.785
335.088
334.396
333.709
333.029
332.354
331.686
331.025
330.372
329.728
329.092
328.465
327.848
327.241
326.644
326.059
325.485
324.923
324.373
323.835
323.311
322.799
322.3
321.814
321.342
320.883
320.438
320.006
319.588
319.183
318.791
318.412
318.046
317.692
317.351
317.022
316.705
316.4
316.106
315.822
315.55
315.287
315.034
314.791
314.557
314.331
314.114
313.905
313.703
313.509
313.321
313.14
312.965
312.796
312.633
312.475
312.321
312.173
312.028
311.888
311.751
311.619
311.489
311.363
311.239
311.118
311
310.885
310.771
310.66
310.55
310.442
310.337
310.232
310.129
310.028
309.928
309.829
309.731
309.634
309.539
309.444
309.351
309.258
309.166
309.075
308.984
308.894
332.129
333.387
334.676
335.992
337.328
338.679
340.039
341.4
342.756
344.098
345.42
346.713
347.969
349.182
350.343
351.447
352.487
353.459
354.357
355.179
355.922
356.585
357.167
357.67
358.094
358.443
358.718
358.924
359.063
359.141
359.16
359.124
359.038
358.905
358.727
358.509
358.253
357.962
357.637
357.282
356.898
356.487
356.05
355.589
355.106
354.6
354.073
353.527
352.963
352.38
351.781
351.166
350.536
349.892
349.236
348.568
347.889
347.201
346.504
345.801
345.092
344.378
343.66
342.942
342.223
341.504
340.786
340.069
339.353
338.64
337.929
337.221
336.516
335.814
335.117
334.425
333.737
333.055
332.379
331.709
331.047
330.392
329.746
329.108
328.48
327.861
327.252
326.655
326.068
325.493
324.93
324.379
323.841
323.315
322.803
322.304
321.819
321.347
320.888
320.443
320.012
319.594
319.19
318.799
318.421
318.056
317.704
317.364
317.037
316.721
316.417
316.124
315.842
315.57
315.309
315.058
314.815
314.582
314.358
314.142
313.934
313.733
313.54
313.353
313.173
312.999
312.831
312.668
312.51
312.358
312.209
312.065
311.926
311.79
311.657
311.528
311.402
311.278
311.158
311.04
310.924
310.811
310.699
310.59
310.482
310.376
310.272
310.169
310.067
309.967
309.868
309.77
309.674
309.578
309.483
309.389
309.296
309.204
309.113
309.022
308.931
329.804
330.911
332.047
333.209
334.393
335.594
336.808
338.029
339.253
340.472
341.682
342.876
344.047
345.19
346.298
347.367
348.39
349.362
350.28
351.14
351.938
352.672
353.342
353.946
354.483
354.955
355.363
355.707
355.991
356.216
356.384
356.498
356.561
356.575
356.543
356.466
356.348
356.191
355.996
355.766
355.501
355.205
354.877
354.521
354.136
353.724
353.286
352.824
352.338
351.829
351.298
350.747
350.176
349.587
348.98
348.356
347.718
347.066
346.402
345.726
345.041
344.347
343.647
342.941
342.231
341.52
340.808
340.096
339.384
338.674
337.965
337.259
336.555
335.854
335.157
334.464
333.775
333.092
332.415
331.744
331.08
330.424
329.776
329.136
328.506
327.885
327.275
326.676
326.088
325.512
324.948
324.396
323.857
323.331
322.818
322.319
321.834
321.362
320.904
320.459
320.029
319.612
319.208
318.818
318.441
318.078
317.726
317.388
317.062
316.747
316.444
316.153
315.872
315.602
315.342
315.092
314.851
314.619
314.396
314.181
313.974
313.774
313.582
313.396
313.217
313.043
312.876
312.714
312.557
312.405
312.257
312.114
311.974
311.838
311.706
311.577
311.451
311.328
311.208
311.09
310.974
310.861
310.75
310.64
310.532
310.426
310.322
310.219
310.117
310.017
309.918
309.82
309.723
309.627
309.532
309.438
309.344
309.252
309.16
309.069
308.978
327.668
328.64
329.639
330.663
331.709
332.775
333.856
334.948
336.048
337.151
338.253
339.348
340.432
341.5
342.546
343.566
344.556
345.511
346.426
347.299
348.126
348.904
349.632
350.306
350.927
351.493
352.004
352.46
352.863
353.211
353.508
353.753
353.949
354.097
354.199
354.255
354.269
354.241
354.173
354.066
353.921
353.741
353.527
353.278
352.998
352.686
352.344
351.972
351.573
351.146
350.693
350.214
349.711
349.185
348.637
348.068
347.48
346.873
346.249
345.609
344.956
344.29
343.614
342.928
342.235
341.536
340.832
340.127
339.421
338.715
338.01
337.306
336.604
335.905
335.208
334.515
333.827
333.143
332.465
331.793
331.127
330.47
329.82
329.178
328.546
327.924
327.312
326.712
326.122
325.545
324.979
324.427
323.887
323.36
322.847
322.348
321.862
321.391
320.933
320.489
320.059
319.643
319.24
318.851
318.475
318.112
317.763
317.425
317.1
316.787
316.486
316.195
315.916
315.647
315.389
315.14
314.9
314.669
314.447
314.233
314.027
313.829
313.637
313.452
313.274
313.102
312.935
312.773
312.617
312.465
312.318
312.175
312.036
311.901
311.769
311.64
311.514
311.391
311.271
311.153
311.037
310.924
310.813
310.703
310.595
310.489
310.384
310.281
310.179
310.078
309.979
309.881
309.783
309.687
309.592
309.497
309.404
309.311
309.219
309.127
309.037
325.73
326.581
327.458
328.358
329.281
330.223
331.182
332.156
333.141
334.135
335.132
336.131
337.127
338.116
339.094
340.057
341.001
341.923
342.819
343.684
344.518
345.315
346.074
346.793
347.469
348.102
348.69
349.231
349.727
350.176
350.578
350.934
351.245
351.51
351.731
351.908
352.043
352.136
352.188
352.199
352.172
352.107
352.005
351.866
351.692
351.484
351.242
350.966
350.659
350.321
349.952
349.554
349.127
348.673
348.192
347.687
347.157
346.604
346.03
345.435
344.822
344.193
343.548
342.89
342.22
341.541
340.854
340.16
339.462
338.763
338.063
337.363
336.665
335.968
335.273
334.581
333.893
333.209
332.53
331.857
331.191
330.532
329.881
329.238
328.604
327.981
327.367
326.765
326.174
325.595
325.029
324.475
323.935
323.408
322.894
322.394
321.909
321.437
320.98
320.536
320.107
319.691
319.289
318.901
318.526
318.165
317.816
317.48
317.156
316.844
316.544
316.255
315.977
315.71
315.452
315.204
314.966
314.737
314.516
314.303
314.098
313.9
313.71
313.526
313.348
313.176
313.01
312.849
312.693
312.542
312.395
312.253
312.114
311.979
311.847
311.718
311.592
311.47
311.349
311.231
311.116
311.002
310.89
310.781
310.673
310.566
310.461
310.358
310.255
310.154
310.055
309.956
309.858
309.762
309.666
309.571
309.477
309.384
309.291
309.199
309.108
323.997
324.741
325.508
326.298
327.109
327.939
328.788
329.653
330.531
331.422
332.321
333.226
334.134
335.042
335.948
336.847
337.737
338.614
339.476
340.318
341.139
341.935
342.705
343.444
344.152
344.826
345.465
346.068
346.632
347.157
347.643
348.088
348.493
348.857
349.181
349.464
349.706
349.908
350.07
350.192
350.276
350.32
350.327
350.296
350.228
350.123
349.982
349.805
349.594
349.349
349.069
348.758
348.414
348.038
347.633
347.198
346.735
346.244
345.728
345.188
344.625
344.04
343.436
342.814
342.175
341.523
340.859
340.185
339.503
338.815
338.122
337.429
336.735
336.042
335.35
334.661
333.974
333.291
332.613
331.94
331.274
330.614
329.962
329.318
328.683
328.058
327.443
326.84
326.248
325.668
325.1
324.546
324.005
323.477
322.963
322.463
321.977
321.506
321.048
320.605
320.176
319.761
319.36
318.973
318.599
318.239
317.891
317.556
317.233
316.923
316.624
316.336
316.059
315.793
315.537
315.29
315.053
314.824
314.605
314.393
314.189
313.992
313.802
313.619
313.442
313.27
313.105
312.944
312.789
312.638
312.492
312.349
312.211
312.076
311.944
311.815
311.689
311.566
311.446
311.328
311.212
311.098
310.986
310.876
310.768
310.661
310.556
310.452
310.349
310.247
310.147
310.048
309.95
309.853
309.756
309.661
309.566
309.473
309.38
309.287
309.196
322.475
323.123
323.793
324.483
325.194
325.924
326.672
327.437
328.217
329.011
329.816
330.632
331.454
332.282
333.113
333.945
334.774
335.598
336.414
337.221
338.015
338.793
339.554
340.295
341.013
341.707
342.375
343.015
343.625
344.204
344.75
345.263
345.742
346.185
346.593
346.964
347.298
347.595
347.854
348.076
348.26
348.406
348.515
348.586
348.619
348.615
348.574
348.496
348.381
348.23
348.044
347.821
347.564
347.273
346.948
346.591
346.202
345.781
345.331
344.853
344.348
343.816
343.261
342.684
342.086
341.469
340.836
340.189
339.53
338.86
338.183
337.5
336.814
336.128
335.441
334.755
334.072
333.392
332.715
332.043
331.377
330.718
330.065
329.421
328.786
328.16
327.545
326.94
326.347
325.766
325.198
324.643
324.101
323.573
323.059
322.559
322.073
321.601
321.144
320.701
320.273
319.858
319.458
319.072
318.699
318.339
317.992
317.658
317.337
317.027
316.729
316.443
316.167
315.902
315.646
315.401
315.165
314.937
314.718
314.507
314.304
314.108
313.918
313.736
313.559
313.388
313.223
313.063
312.908
312.757
312.611
312.469
312.33
312.195
312.063
311.934
311.808
311.685
311.565
311.446
311.33
311.216
311.103
310.993
310.884
310.776
310.67
310.566
310.463
310.361
310.26
310.16
310.061
309.963
309.866
309.77
309.675
309.58
309.487
309.394
309.301
321.167
321.73
322.312
322.914
323.535
324.174
324.831
325.505
326.195
326.899
327.617
328.347
329.088
329.837
330.593
331.354
332.118
332.884
333.648
334.408
335.164
335.911
336.649
337.374
338.086
338.781
339.458
340.115
340.75
341.361
341.948
342.507
343.039
343.542
344.014
344.455
344.863
345.239
345.581
345.888
346.16
346.397
346.598
346.762
346.89
346.981
347.035
347.052
347.032
346.974
346.88
346.748
346.58
346.376
346.136
345.86
345.55
345.205
344.828
344.418
343.978
343.508
343.01
342.486
341.936
341.364
340.771
340.159
339.531
338.888
338.233
337.569
336.898
336.221
335.542
334.863
334.185
333.51
332.837
332.168
331.503
330.845
330.194
329.55
328.915
328.29
327.674
327.069
326.476
325.895
325.326
324.771
324.229
323.7
323.186
322.686
322.2
321.729
321.272
320.829
320.401
319.987
319.588
319.202
318.829
318.471
318.125
317.792
317.471
317.162
316.865
316.58
316.305
316.04
315.786
315.541
315.306
315.079
314.861
314.65
314.448
314.252
314.063
313.881
313.705
313.534
313.369
313.21
313.054
312.904
312.757
312.615
312.476
312.341
312.209
312.08
311.953
311.83
311.709
311.59
311.473
311.358
311.245
311.134
311.024
310.916
310.809
310.704
310.6
310.497
310.395
310.295
310.195
310.096
309.998
309.901
309.805
309.71
309.615
309.522
309.429
320.074
320.562
321.067
321.59
322.13
322.688
323.263
323.854
324.461
325.083
325.72
326.37
327.031
327.704
328.387
329.078
329.776
330.479
331.185
331.894
332.602
333.309
334.012
334.709
335.399
336.08
336.749
337.406
338.048
338.673
339.279
339.866
340.432
340.974
341.492
341.984
342.449
342.886
343.294
343.671
344.017
344.331
344.612
344.859
345.071
345.248
345.39
345.495
345.564
345.596
345.591
345.548
345.468
345.351
345.196
345.004
344.776
344.511
344.211
343.876
343.506
343.104
342.67
342.206
341.714
341.194
340.649
340.081
339.491
338.884
338.26
337.622
336.973
336.315
335.651
334.982
334.313
333.644
332.977
332.313
331.653
330.998
330.349
329.708
329.075
328.45
327.836
327.231
326.639
326.058
325.489
324.934
324.392
323.864
323.349
322.849
322.364
321.893
321.436
320.994
320.566
320.153
319.754
319.369
318.997
318.639
318.294
317.961
317.641
317.334
317.037
316.752
316.478
316.214
315.961
315.717
315.482
315.255
315.038
314.828
314.625
314.43
314.242
314.059
313.883
313.713
313.548
313.388
313.233
313.082
312.935
312.793
312.654
312.518
312.385
312.256
312.129
312.005
311.883
311.763
311.645
311.53
311.416
311.304
311.193
311.084
310.977
310.87
310.765
310.661
310.558
310.457
310.356
310.256
310.157
310.059
309.962
309.865
309.77
309.675
309.581
319.195
319.616
320.053
320.506
320.975
321.461
321.962
322.478
323.01
323.557
324.118
324.693
325.281
325.882
326.493
327.115
327.747
328.386
329.033
329.685
330.341
331
331.66
332.319
332.977
333.631
334.279
334.921
335.553
336.176
336.786
337.382
337.963
338.527
339.073
339.598
340.102
340.583
341.04
341.471
341.875
342.25
342.597
342.913
343.198
343.45
343.669
343.854
344.004
344.118
344.197
344.238
344.243
344.21
344.139
344.031
343.884
343.701
343.48
343.222
342.927
342.598
342.234
341.836
341.406
340.946
340.456
339.94
339.399
338.834
338.249
337.646
337.027
336.396
335.754
335.104
334.449
333.791
333.134
332.478
331.825
331.176
330.532
329.894
329.265
328.643
328.031
327.429
326.838
326.258
325.691
325.136
324.595
324.067
323.554
323.054
322.569
322.099
321.643
321.201
320.774
320.361
319.963
319.578
319.207
318.849
318.505
318.173
317.854
317.546
317.251
316.966
316.693
316.429
316.176
315.932
315.698
315.472
315.254
315.044
314.842
314.647
314.458
314.276
314.1
313.93
313.764
313.604
313.449
313.297
313.15
313.007
312.867
312.731
312.598
312.467
312.34
312.214
312.092
311.971
311.852
311.736
311.621
311.508
311.396
311.286
311.177
311.069
310.963
310.858
310.753
310.65
310.548
310.447
310.347
310.247
310.149
310.051
309.954
309.858
309.763
318.527
318.89
319.267
319.658
320.064
320.485
320.92
321.37
321.834
322.313
322.805
323.311
323.831
324.363
324.907
325.463
326.03
326.607
327.192
327.786
328.387
328.994
329.605
330.22
330.837
331.454
332.071
332.686
333.297
333.903
334.502
335.093
335.674
336.244
336.8
337.342
337.868
338.376
338.864
339.332
339.778
340.2
340.597
340.968
341.311
341.625
341.909
342.162
342.383
342.571
342.724
342.842
342.925
342.971
342.98
342.951
342.885
342.781
342.639
342.459
342.242
341.987
341.696
341.369
341.007
340.612
340.184
339.726
339.24
338.726
338.188
337.628
337.048
336.451
335.84
335.217
334.584
333.946
333.303
332.659
332.016
331.376
330.74
330.109
329.485
328.869
328.261
327.663
327.075
326.498
325.933
325.381
324.842
324.316
323.803
323.305
322.821
322.352
321.897
321.456
321.029
320.617
320.219
319.835
319.465
319.108
318.764
318.433
318.114
317.807
317.512
317.228
316.954
316.691
316.438
316.195
315.96
315.734
315.517
315.307
315.104
314.909
314.72
314.538
314.361
314.19
314.024
313.864
313.707
313.556
313.408
313.264
313.123
312.986
312.851
312.72
312.591
312.465
312.341
312.219
312.099
311.981
311.865
311.75
311.637
311.526
311.415
311.306
311.198
311.091
310.985
310.881
310.777
310.674
310.572
310.471
310.371
310.271
310.173
310.075
309.978
318.065
318.377
318.701
319.039
319.389
319.753
320.13
320.52
320.924
321.341
321.771
322.215
322.671
323.14
323.622
324.115
324.62
325.136
325.662
326.197
326.742
327.294
327.854
328.42
328.991
329.566
330.144
330.723
331.303
331.882
332.458
333.031
333.599
334.159
334.712
335.255
335.787
336.306
336.811
337.3
337.772
338.224
338.656
339.067
339.453
339.815
340.151
340.459
340.738
340.987
341.205
341.39
341.542
341.659
341.741
341.787
341.796
341.767
341.701
341.598
341.456
341.276
341.059
340.804
340.513
340.187
339.826
339.431
339.005
338.549
338.065
337.556
337.022
336.468
335.895
335.306
334.705
334.093
333.474
332.849
332.222
331.595
330.971
330.351
329.736
329.127
328.526
327.934
327.352
326.78
326.219
325.67
325.134
324.611
324.101
323.605
323.123
322.656
322.202
321.763
321.338
320.927
320.53
320.147
319.777
319.421
319.077
318.746
318.428
318.122
317.827
317.543
317.269
317.007
316.754
316.51
316.275
316.049
315.831
315.621
315.418
315.223
315.033
314.85
314.673
314.501
314.335
314.173
314.016
313.863
313.714
313.569
313.427
313.289
313.153
313.021
312.891
312.763
312.637
312.514
312.393
312.273
312.155
312.039
311.924
311.81
311.698
311.587
311.477
311.368
311.261
311.154
311.048
310.943
310.839
310.736
310.634
310.533
310.432
310.332
310.233
317.803
318.071
318.349
318.64
318.941
319.255
319.581
319.918
320.268
320.631
321.005
321.392
321.791
322.203
322.626
323.061
323.508
323.966
324.435
324.914
325.403
325.901
326.408
326.923
327.445
327.973
328.507
329.045
329.587
330.131
330.676
331.22
331.764
332.305
332.842
333.373
333.898
334.414
334.921
335.416
335.898
336.366
336.818
337.253
337.668
338.063
338.436
338.785
339.11
339.407
339.677
339.917
340.127
340.306
340.451
340.562
340.639
340.68
340.685
340.652
340.582
340.475
340.33
340.148
339.928
339.671
339.379
339.051
338.69
338.296
337.872
337.419
336.938
336.434
335.907
335.361
334.798
334.221
333.633
333.036
332.433
331.827
331.219
330.614
330.012
329.415
328.824
328.241
327.667
327.103
326.549
326.006
325.475
324.956
324.451
323.958
323.48
323.015
322.564
322.127
321.703
321.294
320.899
320.517
320.148
319.793
319.451
319.12
318.803
318.497
318.202
317.918
317.645
317.382
317.129
316.885
316.65
316.424
316.206
315.995
315.792
315.595
315.405
315.221
315.043
314.871
314.703
314.54
314.382
314.228
314.078
313.931
313.788
313.648
313.511
313.376
313.245
313.115
312.988
312.863
312.739
312.618
312.498
312.379
312.262
312.147
312.032
311.919
311.807
311.696
311.586
311.477
311.368
311.261
311.155
311.049
310.945
310.841
310.738
310.636
310.534
317.733
317.963
318.202
318.452
318.711
318.981
319.262
319.554
319.856
320.17
320.495
320.832
321.179
321.539
321.909
322.291
322.684
323.088
323.503
323.928
324.364
324.81
325.264
325.728
326.2
326.68
327.167
327.661
328.159
328.663
329.17
329.68
330.191
330.703
331.214
331.724
332.23
332.731
333.227
333.716
334.196
334.665
335.123
335.568
335.998
336.411
336.807
337.183
337.538
337.871
338.179
338.462
338.718
338.945
339.143
339.31
339.444
339.546
339.613
339.645
339.641
339.601
339.525
339.411
339.26
339.072
338.848
338.589
338.294
337.965
337.603
337.211
336.789
336.34
335.866
335.369
334.852
334.317
333.767
333.206
332.635
332.057
331.475
330.892
330.308
329.727
329.151
328.582
328.019
327.465
326.921
326.387
325.863
325.352
324.853
324.366
323.892
323.432
322.984
322.551
322.131
321.724
321.331
320.952
320.585
320.231
319.89
319.561
319.244
318.939
318.645
318.361
318.088
317.826
317.572
317.328
317.093
316.866
316.648
316.436
316.232
316.035
315.844
315.659
315.48
315.306
315.137
314.973
314.813
314.657
314.506
314.357
314.212
314.071
313.932
313.795
313.662
313.53
313.401
313.273
313.148
313.024
312.901
312.78
312.661
312.543
312.426
312.31
312.195
312.081
311.969
311.857
311.746
311.636
311.526
311.418
311.311
311.204
311.098
310.993
310.889
317.848
318.045
318.25
318.465
318.688
318.92
319.162
319.414
319.675
319.946
320.228
320.519
320.821
321.134
321.457
321.791
322.135
322.489
322.854
323.23
323.615
324.01
324.415
324.83
325.253
325.684
326.124
326.57
327.024
327.484
327.949
328.419
328.893
329.37
329.848
330.327
330.806
331.284
331.759
332.23
332.696
333.155
333.606
334.048
334.479
334.898
335.302
335.691
336.064
336.417
336.751
337.063
337.351
337.615
337.853
338.063
338.244
338.396
338.515
338.603
338.657
338.677
338.661
338.611
338.524
338.402
338.244
338.05
337.821
337.557
337.26
336.93
336.57
336.18
335.763
335.321
334.856
334.37
333.867
333.348
332.816
332.274
331.725
331.171
330.614
330.057
329.502
328.95
328.403
327.864
327.333
326.811
326.299
325.797
325.307
324.828
324.362
323.908
323.467
323.039
322.623
322.221
321.832
321.455
321.091
320.74
320.401
320.074
319.758
319.454
319.161
318.879
318.606
318.344
318.091
317.847
317.611
317.384
317.165
316.953
316.748
316.55
316.358
316.172
315.991
315.816
315.645
315.48
315.318
315.161
315.007
314.857
314.71
314.566
314.425
314.286
314.15
314.016
313.884
313.754
313.626
313.5
313.375
313.251
313.129
313.007
312.887
312.769
312.651
312.534
312.418
312.303
312.188
312.075
311.963
311.851
311.74
311.63
311.521
311.412
311.305
318.139
318.308
318.485
318.669
318.861
319.061
319.269
319.486
319.711
319.946
320.189
320.441
320.703
320.975
321.255
321.546
321.846
322.156
322.476
322.805
323.144
323.492
323.85
324.217
324.593
324.977
325.37
325.771
326.179
326.594
327.016
327.444
327.876
328.313
328.754
329.197
329.643
330.089
330.535
330.98
331.423
331.861
332.296
332.724
333.144
333.556
333.957
334.347
334.723
335.085
335.43
335.757
336.065
336.353
336.617
336.858
337.074
337.263
337.424
337.556
337.658
337.728
337.765
337.77
337.741
337.678
337.58
337.448
337.281
337.081
336.847
336.58
336.282
335.954
335.597
335.213
334.804
334.372
333.92
333.45
332.964
332.465
331.956
331.439
330.916
330.39
329.863
329.337
328.813
328.294
327.781
327.275
326.778
326.29
325.812
325.345
324.889
324.444
324.011
323.591
323.182
322.786
322.403
322.031
321.672
321.324
320.988
320.664
320.351
320.049
319.758
319.477
319.206
318.944
318.691
318.448
318.212
317.985
317.765
317.553
317.347
317.148
316.955
316.768
316.586
316.409
316.237
316.07
315.906
315.747
315.591
315.439
315.29
315.143
315
314.859
314.72
314.583
314.449
314.316
314.185
314.055
313.927
313.8
313.675
313.55
313.427
313.304
313.183
313.062
312.943
312.824
312.706
312.589
312.472
312.357
312.242
312.128
312.015
311.902
311.791
318.598
318.744
318.896
319.054
319.22
319.392
319.572
319.759
319.953
320.156
320.366
320.584
320.811
321.046
321.29
321.542
321.803
322.073
322.352
322.639
322.936
323.241
323.556
323.879
324.21
324.55
324.898
325.254
325.618
325.988
326.366
326.75
327.14
327.536
327.936
328.34
328.747
329.157
329.569
329.981
330.393
330.804
331.213
331.618
332.018
332.412
332.8
333.178
333.547
333.905
334.249
334.58
334.895
335.193
335.472
335.731
335.968
336.182
336.373
336.537
336.675
336.784
336.865
336.915
336.934
336.922
336.878
336.801
336.691
336.549
336.375
336.168
335.931
335.663
335.367
335.042
334.692
334.318
333.921
333.505
333.07
332.62
332.157
331.684
331.202
330.714
330.222
329.728
329.234
328.743
328.255
327.772
327.295
326.825
326.363
325.911
325.47
325.038
324.617
324.207
323.809
323.421
323.045
322.681
322.328
321.986
321.656
321.336
321.027
320.729
320.44
320.161
319.892
319.632
319.381
319.138
318.904
318.677
318.457
318.244
318.038
317.838
317.645
317.456
317.273
317.095
316.921
316.752
316.587
316.426
316.268
316.113
315.961
315.813
315.666
315.523
315.381
315.241
315.104
314.968
314.833
314.7
314.569
314.438
314.309
314.181
314.054
313.927
313.802
313.678
313.554
313.431
313.308
313.187
313.066
312.946
312.827
312.708
312.59
312.473
312.357
319.217
319.343
319.475
319.612
319.755
319.904
320.059
320.22
320.389
320.563
320.745
320.934
321.13
321.334
321.545
321.764
321.99
322.225
322.467
322.717
322.976
323.242
323.516
323.799
324.089
324.387
324.693
325.007
325.328
325.656
325.99
326.332
326.679
327.032
327.39
327.753
328.12
328.491
328.864
329.24
329.616
329.993
330.37
330.745
331.117
331.486
331.851
332.209
332.561
332.903
333.237
333.559
333.869
334.165
334.447
334.711
334.958
335.186
335.393
335.577
335.739
335.877
335.988
336.073
336.131
336.16
336.16
336.13
336.07
335.979
335.859
335.708
335.527
335.317
335.079
334.814
334.522
334.206
333.867
333.507
333.127
332.731
332.319
331.895
331.46
331.016
330.566
330.111
329.654
329.197
328.741
328.287
327.837
327.392
326.954
326.523
326.1
325.685
325.28
324.885
324.499
324.124
323.759
323.405
323.061
322.728
322.405
322.092
321.788
321.495
321.211
320.937
320.671
320.414
320.165
319.924
319.691
319.465
319.246
319.034
318.828
318.628
318.434
318.245
318.061
317.881
317.706
317.536
317.369
317.205
317.045
316.888
316.734
316.583
316.434
316.287
316.142
315.999
315.858
315.719
315.581
315.445
315.309
315.175
315.042
314.91
314.778
314.648
314.518
314.389
314.261
314.133
314.006
313.879
313.754
313.628
313.504
313.38
313.257
313.135
313.014
319.989
320.098
320.212
320.331
320.455
320.584
320.719
320.859
321.005
321.156
321.314
321.477
321.647
321.823
322.006
322.195
322.392
322.595
322.805
323.022
323.246
323.477
323.716
323.961
324.214
324.474
324.74
325.014
325.294
325.582
325.875
326.175
326.481
326.792
327.108
327.43
327.755
328.085
328.418
328.754
329.092
329.431
329.771
330.111
330.451
330.788
331.122
331.453
331.779
332.098
332.411
332.716
333.011
333.295
333.567
333.827
334.071
334.3
334.512
334.706
334.88
335.033
335.165
335.273
335.358
335.417
335.451
335.458
335.439
335.392
335.317
335.215
335.085
334.928
334.744
334.535
334.299
334.04
333.759
333.455
333.133
332.792
332.435
332.063
331.68
331.286
330.883
330.474
330.06
329.643
329.225
328.807
328.391
327.978
327.569
327.165
326.767
326.376
325.992
325.616
325.249
324.89
324.541
324.2
323.869
323.546
323.233
322.929
322.635
322.349
322.072
321.803
321.543
321.291
321.046
320.808
320.578
320.355
320.138
319.927
319.722
319.523
319.328
319.139
318.955
318.775
318.599
318.427
318.258
318.093
317.931
317.772
317.615
317.461
317.31
317.16
317.012
316.866
316.722
316.579
316.437
316.297
316.158
316.019
315.882
315.745
315.61
315.474
315.34
315.206
315.073
314.94
314.808
314.676
314.544
314.413
314.283
314.153
314.024
313.896
313.769
320.903
320.999
321.098
321.202
321.31
321.423
321.54
321.662
321.788
321.92
322.056
322.198
322.345
322.498
322.656
322.82
322.99
323.165
323.346
323.534
323.727
323.927
324.133
324.345
324.564
324.788
325.019
325.256
325.499
325.747
326.002
326.262
326.528
326.798
327.074
327.354
327.639
327.927
328.219
328.515
328.812
329.112
329.412
329.714
330.016
330.317
330.616
330.914
331.208
331.498
331.782
332.061
332.333
332.597
332.851
333.095
333.328
333.548
333.754
333.946
334.121
334.279
334.419
334.54
334.64
334.719
334.776
334.811
334.822
334.809
334.772
334.71
334.623
334.512
334.376
334.217
334.034
333.828
333.601
333.353
333.086
332.801
332.5
332.184
331.855
331.514
331.163
330.804
330.438
330.068
329.694
329.319
328.942
328.567
328.193
327.823
327.456
327.094
326.737
326.387
326.043
325.706
325.376
325.054
324.74
324.433
324.135
323.844
323.561
323.286
323.019
322.759
322.506
322.261
322.022
321.79
321.564
321.345
321.131
320.923
320.721
320.523
320.33
320.142
319.958
319.778
319.602
319.429
319.259
319.093
318.929
318.768
318.61
318.453
318.299
318.147
317.996
317.847
317.699
317.553
317.407
317.263
317.12
316.977
316.836
316.694
316.554
316.414
316.275
316.136
315.997
315.859
315.721
315.583
315.446
315.308
315.172
315.035
314.899
314.764
314.63
321.949
322.033
322.121
322.212
322.306
322.405
322.507
322.613
322.724
322.838
322.956
323.079
323.207
323.339
323.475
323.617
323.763
323.914
324.07
324.231
324.397
324.569
324.745
324.927
325.114
325.307
325.504
325.707
325.915
326.128
326.346
326.569
326.796
327.028
327.265
327.505
327.749
327.997
328.249
328.503
328.759
329.018
329.278
329.54
329.802
330.064
330.325
330.585
330.843
331.099
331.35
331.598
331.84
332.076
332.305
332.526
332.739
332.941
333.133
333.312
333.479
333.632
333.771
333.893
333.999
334.088
334.158
334.209
334.24
334.251
334.242
334.211
334.159
334.086
333.991
333.875
333.738
333.58
333.403
333.207
332.993
332.762
332.515
332.254
331.979
331.693
331.396
331.09
330.776
330.457
330.132
329.803
329.473
329.141
328.808
328.477
328.148
327.821
327.498
327.178
326.864
326.554
326.25
325.952
325.659
325.373
325.094
324.82
324.553
324.293
324.039
323.791
323.55
323.314
323.084
322.86
322.642
322.429
322.221
322.018
321.819
321.625
321.435
321.249
321.066
320.888
320.712
320.54
320.37
320.203
320.039
319.876
319.716
319.558
319.402
319.247
319.094
318.942
318.791
318.641
318.492
318.344
318.197
318.051
317.905
317.759
317.614
317.469
317.325
317.18
317.036
316.892
316.748
316.604
316.461
316.317
316.173
316.029
315.885
315.741
315.598
323.107
323.182
323.26
323.34
323.423
323.51
323.599
323.692
323.788
323.887
323.99
324.097
324.207
324.32
324.438
324.559
324.685
324.814
324.947
325.085
325.226
325.372
325.522
325.676
325.835
325.998
326.165
326.336
326.512
326.691
326.875
327.063
327.254
327.449
327.648
327.851
328.056
328.265
328.476
328.69
328.906
329.124
329.344
329.565
329.786
330.008
330.229
330.45
330.67
330.888
331.103
331.315
331.523
331.727
331.926
332.118
332.304
332.482
332.652
332.813
332.963
333.103
333.231
333.347
333.45
333.538
333.612
333.67
333.712
333.738
333.747
333.738
333.711
333.667
333.604
333.524
333.425
333.309
333.176
333.026
332.86
332.679
332.484
332.275
332.053
331.82
331.577
331.324
331.064
330.796
330.523
330.245
329.964
329.679
329.393
329.106
328.82
328.534
328.249
327.967
327.687
327.41
327.137
326.868
326.603
326.343
326.087
325.836
325.59
325.348
325.112
324.88
324.654
324.432
324.215
324.002
323.794
323.59
323.39
323.194
323.002
322.813
322.628
322.447
322.268
322.092
321.919
321.748
321.579
321.413
321.249
321.087
320.926
320.767
320.609
320.453
320.298
320.143
319.99
319.837
319.685
319.534
319.383
319.233
319.083
318.933
318.783
318.634
318.484
318.335
318.185
318.036
317.886
317.736
317.585
317.435
317.283
317.132
316.979
316.826
316.672
324.352
324.418
324.487
324.558
324.631
324.707
324.786
324.866
324.95
325.036
325.125
325.216
325.311
325.408
325.509
325.612
325.718
325.828
325.941
326.056
326.176
326.298
326.424
326.552
326.685
326.82
326.959
327.101
327.246
327.395
327.546
327.701
327.859
328.019
328.183
328.349
328.517
328.688
328.861
329.036
329.213
329.392
329.571
329.752
329.933
330.115
330.297
330.478
330.659
330.838
331.015
331.19
331.363
331.532
331.697
331.857
332.013
332.162
332.306
332.442
332.571
332.692
332.803
332.905
332.997
333.078
333.148
333.205
333.25
333.282
333.3
333.305
333.295
333.271
333.233
333.18
333.112
333.03
332.933
332.823
332.698
332.561
332.412
332.25
332.078
331.895
331.703
331.502
331.293
331.077
330.856
330.629
330.398
330.163
329.925
329.686
329.445
329.204
328.962
328.721
328.481
328.242
328.005
327.77
327.537
327.307
327.08
326.856
326.636
326.418
326.204
325.993
325.786
325.581
325.381
325.183
324.989
324.797
324.609
324.423
324.241
324.061
323.883
323.708
323.535
323.364
323.195
323.028
322.863
322.699
322.537
322.376
322.216
322.057
321.899
321.742
321.586
321.431
321.276
321.121
320.967
320.813
320.659
320.505
320.352
320.198
320.045
319.891
319.737
319.583
319.428
319.273
319.118
318.962
318.805
318.648
318.489
318.329
318.168
318.005
317.84
325.636
325.696
325.756
325.819
325.883
325.949
326.017
326.087
326.159
326.233
326.309
326.387
326.468
326.55
326.635
326.722
326.811
326.902
326.996
327.092
327.191
327.291
327.395
327.5
327.608
327.719
327.831
327.947
328.064
328.184
328.306
328.43
328.556
328.685
328.815
328.947
329.081
329.217
329.354
329.493
329.633
329.774
329.916
330.058
330.201
330.344
330.487
330.63
330.772
330.913
331.052
331.19
331.326
331.46
331.59
331.718
331.841
331.961
332.075
332.185
332.289
332.387
332.479
332.563
332.639
332.708
332.767
332.818
332.859
332.891
332.912
332.923
332.923
332.912
332.889
332.856
332.811
332.754
332.687
332.608
332.519
332.419
332.308
332.188
332.059
331.921
331.775
331.621
331.461
331.294
331.121
330.943
330.761
330.575
330.385
330.193
329.999
329.803
329.606
329.408
329.209
329.011
328.813
328.615
328.419
328.223
328.029
327.836
327.644
327.455
327.267
327.08
326.896
326.714
326.533
326.354
326.177
326.002
325.829
325.657
325.487
325.318
325.151
324.986
324.821
324.658
324.496
324.335
324.175
324.016
323.857
323.7
323.542
323.386
323.229
323.074
322.918
322.762
322.607
322.452
322.296
322.141
321.985
321.829
321.673
321.517
321.36
321.203
321.046
320.887
320.729
320.569
320.409
320.248
320.085
319.922
319.757
319.59
319.42
319.248
319.072
326.896
326.948
327.001
327.056
327.111
327.169
327.227
327.287
327.348
327.411
327.475
327.541
327.608
327.677
327.747
327.819
327.892
327.967
328.043
328.121
328.201
328.282
328.365
328.45
328.536
328.623
328.713
328.803
328.896
328.989
329.085
329.181
329.279
329.378
329.479
329.581
329.684
329.787
329.892
329.998
330.104
330.211
330.318
330.426
330.533
330.641
330.748
330.855
330.962
331.067
331.172
331.275
331.377
331.476
331.574
331.669
331.762
331.851
331.937
332.02
332.098
332.172
332.242
332.306
332.365
332.418
332.465
332.506
332.539
332.566
332.585
332.597
332.6
332.596
332.584
332.563
332.534
332.496
332.45
332.396
332.334
332.263
332.185
332.099
332.006
331.906
331.8
331.687
331.568
331.444
331.315
331.182
331.044
330.902
330.758
330.61
330.46
330.307
330.153
329.997
329.84
329.681
329.522
329.362
329.202
329.042
328.882
328.721
328.561
328.401
328.241
328.082
327.924
327.765
327.608
327.45
327.294
327.137
326.982
326.827
326.672
326.518
326.364
326.21
326.057
325.904
325.751
325.598
325.446
325.294
325.141
324.989
324.836
324.683
324.531
324.377
324.224
324.07
323.916
323.762
323.607
323.451
323.295
323.139
322.981
322.823
322.665
322.506
322.346
322.185
322.023
321.86
321.696
321.531
321.364
321.196
321.026
320.853
320.677
320.496
320.31
328.04
328.085
328.132
328.179
328.227
328.276
328.326
328.376
328.428
328.48
328.534
328.588
328.644
328.7
328.757
328.816
328.875
328.935
328.996
329.058
329.121
329.185
329.25
329.316
329.383
329.451
329.52
329.589
329.66
329.731
329.803
329.876
329.95
330.024
330.099
330.174
330.251
330.327
330.404
330.481
330.558
330.636
330.714
330.791
330.869
330.946
331.023
331.099
331.175
331.25
331.324
331.397
331.468
331.539
331.607
331.674
331.739
331.802
331.862
331.92
331.975
332.027
332.075
332.121
332.162
332.2
332.233
332.262
332.286
332.306
332.32
332.329
332.333
332.331
332.324
332.311
332.292
332.267
332.236
332.199
332.157
332.109
332.055
331.996
331.931
331.861
331.786
331.707
331.623
331.534
331.442
331.345
331.245
331.142
331.035
330.926
330.814
330.7
330.583
330.465
330.344
330.222
330.098
329.973
329.847
329.719
329.591
329.461
329.331
329.199
329.067
328.934
328.801
328.667
328.532
328.396
328.26
328.124
327.987
327.849
327.71
327.571
327.432
327.292
327.151
327.009
326.867
326.724
326.581
326.437
326.292
326.146
326
325.853
325.705
325.556
325.406
325.256
325.104
324.952
324.799
324.645
324.489
324.333
324.176
324.018
323.859
323.699
323.538
323.376
323.212
323.048
322.882
322.714
322.545
322.373
322.2
322.023
321.842
321.655
321.461
328.956
328.996
329.036
329.077
329.119
329.161
329.203
329.246
329.29
329.334
329.379
329.424
329.47
329.516
329.563
329.61
329.658
329.706
329.755
329.805
329.855
329.905
329.956
330.008
330.059
330.112
330.164
330.217
330.271
330.325
330.379
330.433
330.488
330.543
330.598
330.653
330.708
330.764
330.819
330.874
330.93
330.985
331.04
331.094
331.148
331.202
331.256
331.308
331.361
331.412
331.462
331.512
331.561
331.608
331.654
331.699
331.742
331.784
331.824
331.862
331.898
331.932
331.964
331.993
332.02
332.045
332.066
332.085
332.1
332.113
332.122
332.127
332.129
332.127
332.122
332.113
332.1
332.082
332.061
332.036
332.007
331.974
331.938
331.897
331.852
331.804
331.752
331.697
331.638
331.576
331.51
331.442
331.37
331.296
331.218
331.139
331.056
330.971
330.884
330.795
330.703
330.609
330.514
330.416
330.317
330.215
330.112
330.008
329.901
329.793
329.684
329.573
329.46
329.346
329.231
329.114
328.995
328.876
328.754
328.632
328.508
328.382
328.256
328.127
327.998
327.867
327.735
327.601
327.466
327.33
327.192
327.054
326.913
326.772
326.629
326.485
326.339
326.192
326.044
325.895
325.744
325.592
325.439
325.284
325.128
324.971
324.812
324.653
324.492
324.329
324.165
324
323.833
323.664
323.494
323.321
323.145
322.966
322.782
322.592
322.392
329.505
329.541
329.578
329.615
329.652
329.69
329.728
329.767
329.805
329.844
329.884
329.923
329.963
330.003
330.044
330.085
330.126
330.167
330.209
330.251
330.293
330.335
330.378
330.42
330.463
330.506
330.549
330.592
330.636
330.679
330.723
330.766
330.81
330.853
330.896
330.94
330.983
331.026
331.069
331.111
331.153
331.195
331.237
331.278
331.319
331.359
331.398
331.437
331.476
331.513
331.55
331.586
331.621
331.654
331.687
331.719
331.749
331.779
331.806
331.833
331.858
331.881
331.902
331.922
331.94
331.956
331.97
331.982
331.992
331.999
332.004
332.007
332.007
332.005
332
331.992
331.982
331.968
331.952
331.933
331.911
331.887
331.859
331.829
331.795
331.759
331.72
331.679
331.634
331.587
331.537
331.484
331.429
331.371
331.311
331.248
331.183
331.115
331.045
330.973
330.898
330.821
330.742
330.661
330.577
330.491
330.403
330.314
330.222
330.128
330.031
329.933
329.833
329.731
329.627
329.522
329.414
329.304
329.193
329.079
328.964
328.847
328.728
328.607
328.485
328.361
328.235
328.107
327.977
327.846
327.713
327.579
327.443
327.305
327.165
327.024
326.882
326.737
326.592
326.444
326.295
326.145
325.993
325.84
325.685
325.529
325.371
325.212
325.051
324.889
324.725
324.559
324.392
324.224
324.053
323.879
323.703
323.523
323.338
323.146
322.944
308.61
308.368
308.13
307.898
307.67
307.446
307.227
307.011
306.797
306.584
306.371
306.158
305.944
305.728
305.509
305.288
305.063
304.835
304.604
304.369
304.131
303.891
303.648
303.404
303.158
302.913
302.669
302.428
302.19
301.958
301.734
301.519
301.315
301.124
300.949
300.789
300.648
300.524
300.418
300.329
300.256
300.197
300.15
300.113
300.084
300.062
300.045
300.033
300.025
300.019
300.017
308.611
308.368
308.13
307.898
307.67
307.447
307.227
307.011
306.797
306.584
306.372
306.159
305.944
305.728
305.51
305.288
305.064
304.836
304.604
304.37
304.132
303.891
303.649
303.404
303.159
302.914
302.67
302.428
302.191
301.959
301.734
301.519
301.315
301.125
300.949
300.79
300.648
300.524
300.418
300.329
300.256
300.197
300.15
300.113
300.084
300.062
300.045
300.033
300.025
300.019
300.017
308.611
308.369
308.131
307.899
307.671
307.448
307.228
307.012
306.798
306.585
306.373
306.16
305.945
305.729
305.511
305.289
305.065
304.837
304.606
304.371
304.133
303.893
303.65
303.406
303.16
302.915
302.671
302.43
302.192
301.96
301.736
301.52
301.316
301.125
300.95
300.79
300.649
300.525
300.419
300.33
300.257
300.197
300.15
300.113
300.084
300.062
300.045
300.033
300.025
300.019
300.017
308.613
308.37
308.133
307.9
307.672
307.449
307.23
307.014
306.8
306.587
306.374
306.161
305.947
305.731
305.513
305.291
305.067
304.839
304.608
304.373
304.136
303.895
303.652
303.408
303.163
302.918
302.674
302.432
302.195
301.963
301.738
301.522
301.318
301.127
300.951
300.792
300.65
300.526
300.419
300.33
300.257
300.198
300.15
300.113
300.084
300.062
300.045
300.033
300.025
300.019
300.017
308.615
308.373
308.135
307.902
307.675
307.451
307.232
307.016
306.802
306.589
306.377
306.164
305.95
305.734
305.516
305.295
305.07
304.843
304.612
304.377
304.139
303.899
303.656
303.412
303.167
302.922
302.678
302.436
302.198
301.966
301.741
301.525
301.321
301.13
300.953
300.794
300.651
300.527
300.421
300.331
300.258
300.198
300.151
300.113
300.084
300.062
300.045
300.033
300.025
300.019
300.017
308.618
308.376
308.138
307.906
307.678
307.455
307.236
307.019
306.806
306.593
306.381
306.168
305.954
305.739
305.52
305.299
305.075
304.848
304.617
304.383
304.145
303.905
303.662
303.418
303.173
302.928
302.684
302.442
302.204
301.971
301.746
301.53
301.325
301.133
300.957
300.796
300.654
300.529
300.422
300.332
300.259
300.199
300.151
300.114
300.084
300.062
300.046
300.033
300.025
300.02
300.017
308.623
308.381
308.143
307.91
307.683
307.459
307.24
307.024
306.811
306.598
306.386
306.174
305.96
305.745
305.527
305.306
305.083
304.855
304.625
304.391
304.153
303.913
303.671
303.426
303.181
302.936
302.692
302.45
302.211
301.979
301.753
301.536
301.331
301.138
300.961
300.8
300.657
300.531
300.424
300.334
300.26
300.2
300.152
300.114
300.085
300.063
300.046
300.034
300.025
300.02
300.017
308.629
308.387
308.149
307.917
307.689
307.466
307.247
307.031
306.818
306.606
306.394
306.182
305.969
305.754
305.536
305.316
305.092
304.865
304.635
304.401
304.164
303.924
303.682
303.438
303.193
302.947
302.703
302.46
302.222
301.988
301.762
301.544
301.338
301.145
300.967
300.805
300.661
300.535
300.427
300.336
300.261
300.201
300.153
300.115
300.085
300.063
300.046
300.034
300.025
300.02
300.017
308.637
308.395
308.158
307.925
307.698
307.475
307.256
307.041
306.828
306.616
306.405
306.193
305.98
305.765
305.548
305.328
305.105
304.879
304.649
304.416
304.179
303.939
303.697
303.453
303.207
302.962
302.717
302.474
302.235
302.001
301.773
301.555
301.348
301.153
300.974
300.811
300.666
300.539
300.43
300.339
300.263
300.202
300.154
300.116
300.086
300.063
300.046
300.034
300.025
300.02
300.017
308.649
308.407
308.169
307.937
307.709
307.487
307.268
307.053
306.84
306.629
306.418
306.207
305.995
305.781
305.564
305.345
305.123
304.897
304.667
304.434
304.198
303.958
303.716
303.472
303.227
302.981
302.735
302.492
302.252
302.017
301.788
301.569
301.36
301.164
300.983
300.819
300.672
300.544
300.434
300.342
300.266
300.204
300.155
300.117
300.087
300.064
300.047
300.034
300.026
300.02
300.017
308.663
308.422
308.184
307.952
307.724
307.502
307.284
307.069
306.857
306.646
306.436
306.225
306.014
305.8
305.585
305.366
305.145
304.919
304.69
304.458
304.222
303.983
303.741
303.497
303.251
303.005
302.759
302.514
302.273
302.037
301.807
301.586
301.375
301.178
300.995
300.829
300.68
300.551
300.439
300.346
300.269
300.207
300.157
300.118
300.088
300.065
300.047
300.035
300.026
300.02
300.017
308.682
308.441
308.203
307.971
307.743
307.521
307.303
307.089
306.878
306.668
306.458
306.249
306.038
305.826
305.611
305.393
305.172
304.948
304.72
304.488
304.252
304.013
303.771
303.527
303.281
303.034
302.787
302.542
302.3
302.062
301.83
301.607
301.394
301.194
301.009
300.841
300.69
300.559
300.446
300.351
300.273
300.21
300.159
300.12
300.089
300.066
300.048
300.035
300.026
300.02
300.018
308.706
308.465
308.227
307.995
307.768
307.546
307.329
307.115
306.904
306.695
306.487
306.278
306.068
305.857
305.643
305.427
305.207
304.983
304.756
304.525
304.29
304.051
303.809
303.565
303.318
303.071
302.823
302.576
302.332
302.092
301.858
301.632
301.417
301.214
301.027
300.856
300.703
300.569
300.453
300.357
300.277
300.213
300.162
300.122
300.09
300.067
300.049
300.036
300.027
300.021
300.018
308.736
308.495
308.258
308.025
307.799
307.577
307.36
307.147
306.937
306.729
306.522
306.314
306.106
305.896
305.683
305.468
305.249
305.027
304.8
304.57
304.335
304.097
303.855
303.611
303.364
303.115
302.866
302.618
302.372
302.129
301.892
301.664
301.445
301.239
301.048
300.873
300.717
300.58
300.463
300.364
300.283
300.217
300.165
300.124
300.092
300.068
300.05
300.036
300.027
300.021
300.018
308.774
308.533
308.296
308.063
307.837
307.616
307.4
307.187
306.978
306.771
306.565
306.359
306.152
305.943
305.732
305.518
305.301
305.08
304.855
304.625
304.391
304.153
303.911
303.666
303.419
303.169
302.918
302.668
302.419
302.174
301.934
301.701
301.478
301.268
301.073
300.894
300.735
300.594
300.474
300.373
300.289
300.222
300.169
300.127
300.094
300.069
300.051
300.037
300.027
300.021
300.018
308.822
308.581
308.343
308.11
307.884
307.663
307.448
307.236
307.028
306.823
306.618
306.413
306.208
306.001
305.792
305.579
305.363
305.144
304.92
304.691
304.458
304.22
303.979
303.733
303.484
303.233
302.981
302.728
302.476
302.227
301.983
301.746
301.518
301.303
301.103
300.92
300.756
300.611
300.487
300.383
300.297
300.228
300.173
300.13
300.097
300.071
300.052
300.038
300.028
300.022
300.019
308.88
308.639
308.4
308.168
307.941
307.721
307.506
307.296
307.089
306.885
306.682
306.479
306.275
306.07
305.863
305.652
305.439
305.221
304.998
304.77
304.538
304.301
304.059
303.813
303.563
303.31
303.055
302.799
302.544
302.29
302.041
301.799
301.566
301.345
301.139
300.95
300.78
300.631
300.503
300.395
300.306
300.235
300.178
300.134
300.099
300.073
300.053
300.039
300.029
300.022
300.019
308.951
308.709
308.471
308.238
308.011
307.791
307.577
307.368
307.163
306.96
306.758
306.558
306.356
306.153
305.948
305.74
305.528
305.312
305.091
304.865
304.633
304.396
304.154
303.907
303.656
303.401
303.143
302.884
302.624
302.366
302.111
301.862
301.623
301.395
301.181
300.986
300.81
300.655
300.521
300.409
300.317
300.243
300.185
300.138
300.103
300.075
300.055
300.04
300.03
300.023
300.019
309.038
308.795
308.555
308.322
308.096
307.876
307.663
307.454
307.25
307.049
306.85
306.651
306.452
306.252
306.049
305.844
305.634
305.42
305.201
304.976
304.745
304.509
304.266
304.019
303.766
303.508
303.247
302.984
302.719
302.454
302.193
301.937
301.689
301.453
301.231
301.028
300.844
300.682
300.543
300.426
300.33
300.253
300.192
300.144
300.106
300.078
300.057
300.041
300.03
300.023
300.02
309.143
308.898
308.657
308.423
308.197
307.977
307.764
307.557
307.355
307.156
306.958
306.762
306.566
306.369
306.169
305.966
305.759
305.547
305.33
305.107
304.877
304.641
304.398
304.15
303.895
303.634
303.369
303.101
302.83
302.559
302.289
302.025
301.768
301.522
301.29
301.077
300.885
300.715
300.568
300.446
300.345
300.265
300.2
300.15
300.111
300.081
300.059
300.043
300.031
300.024
300.021
309.268
309.022
308.779
308.544
308.317
308.098
307.885
307.679
307.478
307.281
307.087
306.893
306.7
306.506
306.309
306.109
305.906
305.697
305.482
305.26
305.031
304.796
304.553
304.303
304.045
303.782
303.512
303.238
302.96
302.681
302.402
302.127
301.859
301.602
301.36
301.135
300.933
300.753
300.598
300.469
300.363
300.278
300.21
300.157
300.116
300.085
300.061
300.044
300.033
300.025
300.021
309.418
309.169
308.925
308.688
308.46
308.24
308.029
307.824
307.624
307.429
307.237
307.047
306.857
306.666
306.473
306.277
306.077
305.871
305.658
305.439
305.211
304.976
304.733
304.481
304.221
303.953
303.679
303.398
303.112
302.823
302.534
302.248
301.967
301.697
301.441
301.204
300.989
300.798
300.633
300.496
300.384
300.293
300.221
300.165
300.122
300.089
300.064
300.046
300.034
300.026
300.022
309.597
309.344
309.097
308.859
308.629
308.409
308.197
307.993
307.796
307.603
307.414
307.227
307.04
306.853
306.664
306.472
306.275
306.073
305.863
305.646
305.42
305.185
304.941
304.687
304.425
304.153
303.872
303.584
303.289
302.989
302.688
302.388
302.093
301.807
301.536
301.284
301.054
300.851
300.675
300.528
300.408
300.311
300.235
300.174
300.128
300.093
300.068
300.049
300.036
300.027
300.023
309.809
309.552
309.301
309.06
308.828
308.607
308.395
308.192
307.996
307.805
307.619
307.436
307.253
307.071
306.886
306.698
306.505
306.306
306.1
305.885
305.66
305.426
305.181
304.926
304.66
304.383
304.095
303.799
303.493
303.182
302.867
302.551
302.239
301.936
301.647
301.377
301.131
300.912
300.723
300.566
300.437
300.333
300.25
300.186
300.136
300.099
300.071
300.051
300.037
300.028
300.024
310.06
309.797
309.542
309.296
309.062
308.84
308.627
308.424
308.229
308.041
307.858
307.678
307.5
307.321
307.141
306.958
306.77
306.575
306.372
306.159
305.936
305.703
305.457
305.2
304.93
304.648
304.353
304.046
303.73
303.404
303.073
302.74
302.409
302.086
301.777
301.486
301.221
300.984
300.78
300.609
300.47
300.357
300.268
300.198
300.145
300.105
300.076
300.054
300.039
300.03
300.025
310.355
310.085
309.824
309.574
309.337
309.112
308.898
308.695
308.501
308.314
308.134
307.958
307.784
307.61
307.435
307.256
307.073
306.882
306.683
306.473
306.252
306.019
305.773
305.513
305.239
304.951
304.648
304.331
304.001
303.661
303.312
302.959
302.607
302.261
301.927
301.614
301.326
301.068
300.846
300.661
300.509
300.386
300.289
300.213
300.156
300.112
300.081
300.058
300.042
300.032
300.026
310.702
310.424
310.155
309.9
309.657
309.429
309.213
309.009
308.815
308.63
308.452
308.279
308.109
307.94
307.77
307.597
307.418
307.232
307.036
306.829
306.61
306.378
306.131
305.869
305.591
305.296
304.985
304.656
304.313
303.955
303.587
303.212
302.835
302.463
302.103
301.762
301.448
301.167
300.924
300.721
300.554
300.42
300.313
300.231
300.168
300.121
300.086
300.062
300.044
300.033
300.028
311.109
310.82
310.543
310.279
310.031
309.797
309.578
309.372
309.177
308.993
308.817
308.647
308.481
308.316
308.151
307.983
307.809
307.627
307.435
307.232
307.015
306.784
306.536
306.272
305.989
305.688
305.367
305.027
304.668
304.292
303.902
303.502
303.098
302.697
302.306
301.934
301.591
301.282
301.015
300.792
300.607
300.459
300.341
300.251
300.182
300.13
300.093
300.066
300.047
300.036
300.03
311.585
311.282
310.994
310.722
310.465
310.225
310.001
309.791
309.594
309.409
309.234
309.066
308.903
308.742
308.582
308.418
308.249
308.072
307.884
307.683
307.469
307.238
306.99
306.724
306.437
306.129
305.798
305.445
305.07
304.675
304.262
303.835
303.401
302.967
302.541
302.135
301.757
301.416
301.122
300.874
300.67
300.504
300.374
300.274
300.198
300.141
300.1
300.071
300.051
300.038
300.032
312.138
311.821
311.519
311.235
310.968
310.719
310.488
310.272
310.072
309.885
309.709
309.542
309.38
309.222
309.065
308.906
308.741
308.567
308.383
308.185
307.973
307.743
307.495
307.227
306.936
306.621
306.281
305.915
305.524
305.108
304.67
304.214
303.747
303.277
302.813
302.367
301.95
301.574
301.248
300.971
300.742
300.558
300.413
300.301
300.216
300.154
300.109
300.077
300.055
300.041
300.034
312.78
312.443
312.126
311.828
311.549
311.289
311.047
310.824
310.617
310.425
310.246
310.078
309.916
309.76
309.604
309.448
309.286
309.115
308.934
308.739
308.528
308.3
308.052
307.782
307.488
307.167
306.818
306.439
306.031
305.594
305.13
304.644
304.142
303.632
303.125
302.635
302.174
301.758
301.394
301.084
300.827
300.62
300.457
300.332
300.238
300.169
300.118
300.083
300.059
300.044
300.036
313.517
313.16
312.825
312.51
312.216
311.941
311.687
311.453
311.236
311.037
310.852
310.679
310.515
310.357
310.201
310.045
309.884
309.716
309.536
309.343
309.134
308.907
308.659
308.388
308.09
307.764
307.408
307.018
306.594
306.136
305.646
305.128
304.588
304.036
303.483
302.943
302.435
301.972
301.564
301.215
300.925
300.692
300.508
300.368
300.262
300.185
300.129
300.09
300.064
300.047
300.039
314.357
313.979
313.623
313.289
312.976
312.684
312.414
312.165
311.935
311.724
311.529
311.348
311.178
311.015
310.857
310.698
310.536
310.367
310.187
309.994
309.786
309.56
309.312
309.04
308.741
308.411
308.048
307.648
307.21
306.733
306.217
305.668
305.089
304.493
303.89
303.299
302.736
302.22
301.761
301.367
301.039
300.775
300.567
300.409
300.29
300.204
300.142
300.099
300.069
300.051
300.042
315.302
314.903
314.525
314.169
313.835
313.522
313.232
312.964
312.717
312.49
312.281
312.087
311.906
311.735
311.568
311.404
311.237
311.064
310.882
310.688
310.479
310.252
310.004
309.732
309.432
309.099
308.731
308.324
307.874
307.38
306.842
306.263
305.647
305.006
304.352
303.704
303.082
302.505
301.989
301.543
301.171
300.87
300.635
300.456
300.322
300.225
300.156
300.108
300.075
300.055
300.045
316.352
315.93
315.529
315.149
314.791
314.455
314.141
313.85
313.581
313.334
313.105
312.894
312.697
312.511
312.332
312.156
311.98
311.8
311.612
311.414
311.202
310.974
310.725
310.453
310.152
309.819
309.448
309.036
308.578
308.071
307.514
306.908
306.258
305.573
304.867
304.159
303.472
302.829
302.248
301.744
301.321
300.979
300.712
300.508
300.357
300.248
300.171
300.117
300.082
300.059
300.048
317.494
317.05
316.624
316.219
315.834
315.471
315.131
314.814
314.519
314.246
313.993
313.758
313.54
313.334
313.137
312.946
312.756
312.564
312.366
312.161
311.944
311.712
311.461
311.187
310.887
310.553
310.182
309.768
309.306
308.791
308.219
307.592
306.911
306.186
305.429
304.662
303.907
303.192
302.54
301.97
301.49
301.101
300.797
300.566
300.396
300.274
300.187
300.128
300.088
300.064
300.052
318.699
318.232
317.781
317.35
316.938
316.547
316.178
315.832
315.508
315.205
314.924
314.662
314.416
314.186
313.966
313.753
313.544
313.336
313.125
312.908
312.683
312.444
312.19
311.915
311.614
311.282
310.912
310.499
310.036
309.517
308.938
308.295
307.591
306.831
306.028
305.202
304.38
303.59
302.862
302.22
301.676
301.235
300.89
300.629
300.438
300.301
300.205
300.139
300.095
300.068
300.055
319.912
319.423
318.949
318.493
318.055
317.636
317.238
316.862
316.507
316.173
315.86
315.567
315.292
315.032
314.785
314.548
314.316
314.087
313.859
313.628
313.391
313.144
312.884
312.606
312.304
311.974
311.607
311.198
310.738
310.221
309.639
308.988
308.268
307.481
306.639
305.762
304.875
304.011
303.205
302.486
301.875
301.377
300.988
300.695
300.481
300.328
300.222
300.15
300.102
300.073
300.059
321.04
320.533
320.04
319.562
319.101
318.658
318.234
317.829
317.445
317.082
316.738
316.414
316.108
315.819
315.544
315.28
315.023
314.773
314.526
314.278
314.028
313.771
313.504
313.222
312.919
312.59
312.227
311.823
311.369
310.858
310.279
309.628
308.9
308.097
307.226
306.306
305.363
304.431
303.55
302.756
302.075
301.52
301.085
300.759
300.522
300.355
300.239
300.16
300.109
300.077
300.062
321.955
321.435
320.927
320.434
319.956
319.494
319.049
318.623
318.216
317.827
317.459
317.109
316.777
316.461
316.161
315.873
315.596
315.325
315.061
314.798
314.536
314.269
313.995
313.708
313.404
313.076
312.717
312.32
311.874
311.37
310.799
310.153
309.426
308.616
307.729
306.78
305.794
304.807
303.862
303.001
302.257
301.647
301.171
300.815
300.558
300.377
300.252
300.168
300.114
300.081
300.064
322.497
321.97
321.455
320.954
320.466
319.993
319.537
319.098
318.677
318.275
317.891
317.525
317.177
316.846
316.53
316.227
315.936
315.653
315.377
315.106
314.835
314.563
314.284
313.995
313.69
313.363
313.007
312.614
312.175
311.678
311.115
310.476
309.754
308.945
308.053
307.091
306.082
305.062
304.076
303.169
302.381
301.733
301.228
300.851
300.58
300.39
300.26
300.173
300.117
300.083
300.066
)
;

boundaryField
{
    inlet
    {
        type            fixedValue;
        value           uniform 300;
    }
    outlet
    {
        type            zeroGradient;
    }
    top
    {
        type            zeroGradient;
    }
    slip-bottom
    {
        type            zeroGradient;
    }
    bottom
    {
        type            zeroGradient;
    }
    interface
    {
        type            fixedGradient;
        gradient        nonuniform List<scalar> 
161
(
2999.99
2999.99
2999.99
2999.99
2999.99
2999.99
2999.99
2999.99
2999.99
2999.99
2999.99
2999.99
2999.99
2999.99
2999.99
2999.99
2999.99
2999.99
2999.99
2999.99
1.42109e-13
1.42109e-13
1.42109e-13
1.42109e-13
1.42109e-13
1.42109e-13
1.42109e-13
1.42109e-13
1.42109e-13
1.42109e-13
1.42109e-13
1.42109e-13
1.42109e-13
1.42109e-13
1.42109e-13
1.42109e-13
1.42109e-13
1.42109e-13
1.42109e-13
1.42109e-13
-3.12639e-13
-3.12639e-13
-3.12639e-13
-3.12639e-13
-3.12639e-13
-3.12639e-13
-3.12639e-13
-3.12639e-13
-3.12639e-13
-3.12639e-13
-3.12639e-13
-3.12639e-13
-3.12639e-13
-3.12639e-13
-3.12639e-13
-3.12639e-13
4.26326e-14
4.26326e-14
4.26326e-14
4.26326e-14
4.26326e-14
4.26326e-14
4.26326e-14
4.26326e-14
4.26326e-14
4.26326e-14
4.26326e-14
4.26326e-14
4.26326e-14
4.26326e-14
4.26326e-14
3.97904e-13
3.97904e-13
3.97904e-13
3.97904e-13
3.97904e-13
3.97904e-13
3.97904e-13
3.97904e-13
3.97904e-13
3.97904e-13
3.97904e-13
3.97904e-13
8.52651e-14
8.52651e-14
8.52651e-14
8.52651e-14
8.52651e-14
8.52651e-14
8.52651e-14
8.52651e-14
8.52651e-14
8.52651e-14
8.52651e-14
-2.84217e-13
-2.84217e-13
-2.84217e-13
-2.84217e-13
-2.84217e-13
-2.84217e-13
-2.84217e-13
-2.84217e-13
-2.84217e-13
-2.84217e-13
6.25278e-13
6.25278e-13
6.25278e-13
6.25278e-13
6.25278e-13
6.25278e-13
6.25278e-13
6.25278e-13
6.25278e-13
-6.53699e-13
-6.53699e-13
-6.53699e-13
-6.53699e-13
-6.53699e-13
-6.53699e-13
-6.53699e-13
-6.53699e-13
-3.12639e-13
-3.12639e-13
-3.12639e-13
-3.12639e-13
-3.12639e-13
-3.12639e-13
-3.12639e-13
-3.12639e-13
7.95808e-13
7.95808e-13
7.95808e-13
7.95808e-13
7.95808e-13
7.95808e-13
7.95808e-13
5.68434e-14
5.68434e-14
5.68434e-14
5.68434e-14
5.68434e-14
5.68434e-14
5.68434e-14
1.7053e-12
1.7053e-12
1.7053e-12
1.7053e-12
1.7053e-12
1.7053e-12
9.37916e-13
9.37916e-13
9.37916e-13
9.37916e-13
9.37916e-13
9.37916e-13
4.40536e-13
4.40536e-13
4.40536e-13
4.40536e-13
4.40536e-13
4.40536e-13
)
;
    }
    defaultFaces
    {
        type            empty;
    }
}


// ************************************************************************* //
