/*--------------------------------*- C++ -*----------------------------------*\
  =========                 |
  \\      /  F ield         | OpenFOAM: The Open Source CFD Toolbox
   \\    /   O peration     | Website:  https://openfoam.org
    \\  /    A nd           | Version:  7
     \\/     M anipulation  |
\*---------------------------------------------------------------------------*/
FoamFile
{
    version     2.0;
    format      ascii;
    class       volScalarField;
    location    "1.28";
    object      T;
}
// * * * * * * * * * * * * * * * * * * * * * * * * * * * * * * * * * * * * * //

dimensions      [0 0 0 1 0 0 0];

internalField   nonuniform List<scalar> 
12013
(
300.016
300.05
300.086
300.124
300.165
300.209
300.257
300.309
300.366
300.428
300.495
300.569
300.649
300.736
300.83
300.932
301.043
301.162
301.29
301.428
301.576
301.735
301.904
302.085
302.278
302.484
302.702
302.934
303.18
303.441
303.716
304.008
304.317
304.642
304.986
305.349
305.732
306.136
306.561
307.009
307.482
307.98
308.505
309.058
309.641
310.256
310.904
311.588
312.31
313.071
313.876
314.726
315.624
316.573
317.578
318.641
319.767
320.961
322.226
323.569
324.995
326.509
328.12
329.834
331.66
333.606
335.684
337.904
340.28
342.826
345.561
348.504
351.681
355.119
358.858
362.946
367.445
372.45
378.099
384.629
392.492
300.016
300.05
300.086
300.124
300.165
300.209
300.257
300.309
300.366
300.428
300.495
300.569
300.649
300.736
300.83
300.932
301.043
301.162
301.29
301.428
301.576
301.735
301.904
302.085
302.278
302.484
302.702
302.934
303.18
303.44
303.716
304.008
304.317
304.642
304.986
305.349
305.732
306.136
306.561
307.009
307.482
307.98
308.505
309.058
309.641
310.256
310.904
311.588
312.309
313.071
313.875
314.724
315.622
316.571
317.575
318.638
319.764
320.956
322.221
323.562
324.986
326.499
328.107
329.819
331.641
333.584
335.656
337.871
340.239
342.776
345.499
348.427
351.584
354.996
358.699
362.735
367.158
372.041
377.477
383.582
390.46
300.016
300.05
300.086
300.124
300.165
300.209
300.257
300.309
300.366
300.428
300.495
300.569
300.649
300.736
300.83
300.932
301.043
301.162
301.29
301.428
301.576
301.734
301.904
302.085
302.278
302.483
302.702
302.934
303.18
303.44
303.716
304.008
304.316
304.642
304.986
305.349
305.732
306.135
306.561
307.009
307.482
307.98
308.505
309.058
309.64
310.255
310.903
311.587
312.308
313.069
313.872
314.721
315.618
316.567
317.57
318.631
319.755
320.946
322.208
323.547
324.967
326.476
328.08
329.785
331.6
333.534
335.596
337.797
340.149
342.666
345.364
348.259
351.373
354.729
358.357
362.287
366.56
371.217
376.299
381.827
387.755
300.016
300.05
300.086
300.124
300.164
300.209
300.257
300.309
300.365
300.427
300.495
300.568
300.648
300.735
300.83
300.932
301.042
301.161
301.29
301.428
301.576
301.734
301.904
302.085
302.278
302.483
302.701
302.933
303.179
303.44
303.716
304.008
304.316
304.642
304.986
305.349
305.732
306.135
306.561
307.009
307.481
307.979
308.504
309.057
309.64
310.254
310.902
311.585
312.305
313.066
313.868
314.716
315.612
316.559
317.56
318.619
319.741
320.928
322.186
323.521
324.936
326.438
328.033
329.729
331.533
333.452
335.497
337.676
340.002
342.486
345.143
347.986
351.033
354.304
357.817
361.595
365.658
370.022
374.691
379.64
384.79
300.016
300.05
300.086
300.124
300.164
300.208
300.256
300.308
300.365
300.427
300.495
300.568
300.648
300.735
300.829
300.931
301.042
301.161
301.289
301.427
301.575
301.734
301.903
302.084
302.277
302.483
302.701
302.933
303.179
303.439
303.715
304.007
304.316
304.642
304.985
305.348
305.731
306.135
306.56
307.008
307.481
307.979
308.503
309.056
309.638
310.252
310.899
311.582
312.301
313.061
313.862
314.709
315.603
316.547
317.546
318.602
319.719
320.902
322.155
323.482
324.889
326.381
327.965
329.647
331.433
333.332
335.351
337.501
339.789
342.227
344.826
347.598
350.555
353.711
357.077
360.665
364.48
368.52
372.77
377.189
381.708
300.016
300.05
300.085
300.123
300.164
300.208
300.256
300.308
300.365
300.427
300.494
300.568
300.648
300.735
300.829
300.931
301.041
301.16
301.289
301.427
301.575
301.733
301.903
302.083
302.276
302.482
302.7
302.932
303.178
303.439
303.715
304.007
304.315
304.641
304.985
305.348
305.731
306.134
306.559
307.008
307.48
307.977
308.502
309.054
309.636
310.249
310.896
311.577
312.296
313.054
313.853
314.698
315.589
316.53
317.525
318.577
319.689
320.865
322.11
323.428
324.824
326.303
327.871
329.533
331.296
333.168
335.154
337.263
339.502
341.88
344.406
347.088
349.934
352.951
356.145
359.517
363.065
366.775
370.625
374.575
378.57
300.016
300.05
300.085
300.123
300.164
300.208
300.256
300.308
300.365
300.427
300.494
300.567
300.647
300.734
300.828
300.93
301.041
301.16
301.288
301.426
301.574
301.732
301.902
302.083
302.275
302.481
302.699
302.931
303.177
303.438
303.714
304.006
304.314
304.64
304.984
305.347
305.729
306.133
306.558
307.006
307.478
307.975
308.499
309.051
309.632
310.245
310.89
311.57
312.287
313.044
313.841
314.682
315.57
316.507
317.497
318.543
319.647
320.815
322.05
323.356
324.737
326.199
327.746
329.384
331.118
332.954
334.898
336.956
339.135
341.44
343.878
346.453
349.169
352.03
355.034
358.179
361.454
364.843
368.323
371.859
375.41
300.016
300.05
300.085
300.123
300.164
300.208
300.256
300.308
300.364
300.426
300.493
300.567
300.647
300.733
300.827
300.929
301.04
301.159
301.287
301.425
301.573
301.731
301.9
302.081
302.274
302.48
302.698
302.93
303.176
303.436
303.712
304.004
304.313
304.639
304.982
305.345
305.728
306.131
306.556
307.004
307.476
307.973
308.496
309.047
309.627
310.239
310.883
311.561
312.276
313.03
313.824
314.662
315.545
316.477
317.46
318.498
319.593
320.75
321.972
323.262
324.625
326.065
327.587
329.194
330.892
332.685
334.578
336.576
338.683
340.903
343.239
345.694
348.267
350.959
353.765
356.678
359.686
362.772
365.914
369.084
372.252
300.016
300.05
300.085
300.123
300.164
300.208
300.255
300.307
300.364
300.425
300.493
300.566
300.646
300.732
300.826
300.928
301.039
301.157
301.286
301.423
301.571
301.729
301.899
302.08
302.272
302.478
302.696
302.928
303.174
303.435
303.71
304.002
304.311
304.637
304.98
305.343
305.726
306.129
306.554
307.001
307.472
307.969
308.491
309.041
309.62
310.23
310.872
311.549
312.261
313.011
313.801
314.634
315.512
316.437
317.412
318.44
319.524
320.667
321.873
323.144
324.485
325.898
327.389
328.959
330.614
332.357
334.191
336.119
338.144
340.268
342.492
344.816
347.238
349.755
352.36
355.044
357.796
360.599
363.435
366.281
369.114
300.016
300.05
300.085
300.123
300.163
300.207
300.255
300.307
300.363
300.425
300.492
300.565
300.645
300.731
300.825
300.927
301.037
301.156
301.284
301.421
301.569
301.727
301.897
302.077
302.27
302.476
302.694
302.926
303.171
303.432
303.708
304
304.308
304.634
304.978
305.34
305.722
306.125
306.55
306.997
307.467
307.963
308.484
309.033
309.611
310.219
310.858
311.532
312.24
312.986
313.772
314.599
315.469
316.385
317.35
318.367
319.437
320.563
321.749
322.998
324.312
325.694
327.148
328.676
330.281
331.966
333.733
335.583
337.518
339.538
341.642
343.829
346.094
348.434
350.841
353.305
355.816
358.358
360.917
363.475
366.012
300.016
300.05
300.085
300.122
300.163
300.207
300.254
300.306
300.362
300.424
300.491
300.564
300.643
300.73
300.824
300.925
301.035
301.154
301.282
301.419
301.567
301.725
301.894
302.075
302.267
302.473
302.691
302.922
303.168
303.429
303.705
303.996
304.304
304.63
304.974
305.336
305.718
306.12
306.544
306.99
307.46
307.954
308.475
309.022
309.597
310.203
310.84
311.509
312.214
312.955
313.734
314.553
315.415
316.321
317.274
318.275
319.329
320.435
321.599
322.82
324.103
325.45
326.862
328.341
329.891
331.511
333.204
334.969
336.807
338.717
340.696
342.742
344.851
347.016
349.231
351.486
353.771
356.075
358.384
360.684
362.961
300.016
300.049
300.084
300.122
300.162
300.206
300.253
300.305
300.361
300.423
300.489
300.562
300.642
300.728
300.822
300.923
301.033
301.151
301.279
301.416
301.564
301.722
301.891
302.071
302.264
302.469
302.687
302.918
303.164
303.424
303.7
303.992
304.3
304.625
304.968
305.33
305.711
306.113
306.536
306.982
307.45
307.943
308.462
309.007
309.58
310.182
310.815
311.48
312.179
312.914
313.685
314.496
315.347
316.24
317.179
318.164
319.197
320.281
321.418
322.609
323.856
325.162
326.527
327.953
329.441
330.991
332.604
334.28
336.016
337.812
339.665
341.57
343.524
345.52
347.551
349.61
351.687
353.773
355.856
357.926
359.971
300.016
300.049
300.084
300.122
300.162
300.205
300.252
300.304
300.36
300.421
300.488
300.56
300.64
300.726
300.819
300.92
301.03
301.148
301.276
301.413
301.56
301.718
301.887
302.067
302.259
302.464
302.682
302.913
303.159
303.419
303.694
303.985
304.293
304.618
304.961
305.322
305.703
306.104
306.526
306.97
307.437
307.928
308.444
308.987
309.556
310.155
310.783
311.443
312.135
312.862
313.624
314.424
315.263
316.142
317.063
318.029
319.04
320.097
321.204
322.36
323.568
324.829
326.142
327.51
328.932
330.408
331.937
333.519
335.152
336.832
338.558
340.325
342.129
343.963
345.822
347.698
349.583
351.47
353.35
355.214
357.053
300.016
300.049
300.084
300.121
300.161
300.204
300.251
300.303
300.358
300.419
300.486
300.558
300.637
300.723
300.816
300.917
301.026
301.144
301.272
301.408
301.555
301.713
301.881
302.061
302.253
302.458
302.676
302.907
303.152
303.412
303.686
303.977
304.284
304.609
304.951
305.311
305.691
306.091
306.512
306.954
307.419
307.908
308.421
308.96
309.526
310.12
310.742
311.395
312.08
312.797
313.549
314.336
315.161
316.023
316.925
317.868
318.853
319.882
320.955
322.073
323.238
324.449
325.707
327.013
328.365
329.763
331.206
332.693
334.221
335.787
337.389
339.022
340.681
342.362
344.06
345.767
347.477
349.184
350.881
352.56
354.216
300.016
300.049
300.083
300.12
300.16
300.203
300.25
300.301
300.357
300.417
300.483
300.556
300.634
300.72
300.813
300.913
301.022
301.14
301.267
301.403
301.55
301.707
301.875
302.055
302.246
302.45
302.668
302.898
303.143
303.402
303.677
303.967
304.273
304.597
304.938
305.297
305.676
306.074
306.493
306.933
307.396
307.882
308.391
308.926
309.487
310.075
310.691
311.336
312.011
312.718
313.457
314.23
315.038
315.881
316.761
317.679
318.636
319.632
320.668
321.745
322.863
324.022
325.222
326.462
327.742
329.061
330.417
331.808
333.233
334.687
336.168
337.672
339.196
340.733
342.281
343.832
345.383
346.927
348.459
349.973
351.465
300.016
300.048
300.083
300.12
300.159
300.202
300.248
300.299
300.354
300.415
300.481
300.552
300.631
300.716
300.808
300.909
301.017
301.134
301.261
301.397
301.543
301.699
301.867
302.046
302.237
302.441
302.658
302.888
303.132
303.39
303.664
303.953
304.259
304.581
304.921
305.279
305.656
306.052
306.469
306.906
307.366
307.848
308.353
308.883
309.438
310.019
310.627
311.262
311.927
312.621
313.346
314.103
314.891
315.713
316.569
317.459
318.385
319.345
320.342
321.375
322.444
323.548
324.687
325.861
327.068
328.306
329.575
330.872
332.195
333.541
334.907
336.29
337.685
339.089
340.498
341.908
343.313
344.71
346.094
347.46
348.806
300.016
300.048
300.082
300.119
300.158
300.2
300.247
300.297
300.352
300.412
300.477
300.549
300.626
300.711
300.803
300.903
301.011
301.128
301.253
301.389
301.534
301.69
301.857
302.036
302.226
302.429
302.645
302.874
303.117
303.375
303.648
303.936
304.24
304.561
304.899
305.255
305.63
306.024
306.438
306.872
307.327
307.805
308.305
308.828
309.376
309.949
310.547
311.172
311.825
312.505
313.213
313.951
314.719
315.517
316.346
317.207
318.098
319.022
319.976
320.963
321.98
323.028
324.105
325.211
326.345
327.504
328.687
329.892
331.118
332.36
333.616
334.884
336.16
337.441
338.723
340.003
341.276
342.541
343.791
345.026
346.24
300.016
300.048
300.081
300.118
300.156
300.199
300.244
300.294
300.349
300.408
300.473
300.544
300.621
300.705
300.797
300.896
301.003
301.119
301.245
301.379
301.524
301.679
301.846
302.023
302.213
302.415
302.629
302.858
303.1
303.356
303.627
303.914
304.216
304.535
304.871
305.225
305.597
305.988
306.398
306.828
307.278
307.75
308.244
308.761
309.3
309.863
310.451
311.063
311.701
312.365
313.056
313.773
314.518
315.291
316.091
316.919
317.775
318.659
319.57
320.508
321.473
322.463
323.478
324.516
325.577
326.658
327.758
328.875
330.007
331.151
332.305
333.466
334.631
335.799
336.964
338.126
339.28
340.424
341.556
342.671
343.769
300.015
300.047
300.08
300.116
300.155
300.196
300.242
300.291
300.345
300.404
300.468
300.539
300.615
300.699
300.79
300.888
300.995
301.11
301.234
301.368
301.512
301.666
301.831
302.008
302.196
302.397
302.61
302.837
303.077
303.332
303.601
303.886
304.186
304.503
304.836
305.187
305.555
305.942
306.348
306.772
307.217
307.683
308.169
308.677
309.207
309.759
310.334
310.932
311.555
312.201
312.871
313.567
314.287
315.031
315.801
316.595
317.413
318.256
319.122
320.011
320.922
321.855
322.808
323.78
324.769
325.775
326.795
327.827
328.87
329.922
330.979
332.041
333.105
334.168
335.228
336.282
337.328
338.365
339.388
340.397
341.39
300.015
300.046
300.079
300.115
300.153
300.194
300.239
300.288
300.341
300.399
300.463
300.532
300.608
300.691
300.781
300.878
300.984
301.098
301.221
301.354
301.497
301.65
301.813
301.989
302.176
302.375
302.586
302.811
303.05
303.302
303.569
303.852
304.149
304.463
304.792
305.139
305.503
305.885
306.285
306.704
307.142
307.599
308.077
308.575
309.093
309.633
310.194
310.777
311.382
312.008
312.657
313.328
314.021
314.736
315.473
316.232
317.012
317.812
318.632
319.472
320.33
321.205
322.097
323.004
323.924
324.857
325.8
326.753
327.712
328.677
329.646
330.616
331.586
332.553
333.517
334.474
335.422
336.361
337.288
338.201
339.099
300.015
300.046
300.078
300.113
300.15
300.191
300.235
300.283
300.336
300.393
300.456
300.525
300.6
300.682
300.77
300.867
300.971
301.084
301.206
301.337
301.479
301.63
301.792
301.966
302.151
302.348
302.557
302.78
303.016
303.266
303.53
303.809
304.103
304.412
304.738
305.08
305.439
305.815
306.208
306.619
307.049
307.498
307.965
308.451
308.957
309.483
310.028
310.594
311.179
311.784
312.41
313.055
313.72
314.404
315.107
315.829
316.569
317.326
318.101
318.891
319.696
320.515
321.347
322.19
323.045
323.908
324.778
325.655
326.537
327.421
328.307
329.193
330.077
330.957
331.832
332.701
333.561
334.412
335.251
336.078
336.891
300.015
300.045
300.077
300.111
300.148
300.188
300.231
300.278
300.33
300.387
300.449
300.516
300.59
300.671
300.758
300.853
300.956
301.068
301.188
301.318
301.457
301.607
301.767
301.938
302.121
302.315
302.522
302.742
302.975
303.221
303.482
303.756
304.046
304.351
304.671
305.007
305.359
305.728
306.114
306.517
306.937
307.375
307.83
308.304
308.795
309.305
309.833
310.379
310.944
311.526
312.126
312.744
313.379
314.031
314.7
315.384
316.084
316.798
317.526
318.267
319.02
319.784
320.558
321.341
322.132
322.929
323.731
324.537
325.345
326.155
326.964
327.772
328.577
329.378
330.173
330.961
331.741
332.512
333.272
334.021
334.757
300.014
300.044
300.075
300.109
300.145
300.184
300.226
300.273
300.323
300.379
300.44
300.506
300.579
300.658
300.744
300.837
300.939
301.048
301.167
301.294
301.431
301.578
301.736
301.905
302.084
302.276
302.48
302.696
302.925
303.167
303.423
303.693
303.977
304.276
304.59
304.919
305.263
305.624
306
306.393
306.802
307.228
307.67
308.129
308.604
309.096
309.605
310.131
310.672
311.23
311.804
312.393
312.997
313.616
314.249
314.895
315.554
316.225
316.907
317.599
318.302
319.012
319.73
320.455
321.185
321.92
322.657
323.397
324.137
324.877
325.616
326.352
327.085
327.813
328.534
329.249
329.956
330.655
331.343
332.021
332.688
300.014
300.043
300.073
300.106
300.141
300.179
300.221
300.266
300.316
300.37
300.429
300.494
300.565
300.643
300.727
300.819
300.918
301.025
301.141
301.266
301.401
301.545
301.7
301.865
302.041
302.229
302.429
302.64
302.864
303.102
303.352
303.616
303.894
304.185
304.492
304.812
305.148
305.498
305.864
306.245
306.641
307.053
307.48
307.923
308.381
308.854
309.342
309.845
310.362
310.894
311.439
311.998
312.57
313.155
313.751
314.359
314.977
315.605
316.242
316.887
317.539
318.198
318.862
319.531
320.204
320.879
321.556
322.233
322.91
323.586
324.259
324.929
325.595
326.255
326.91
327.558
328.199
328.831
329.454
330.067
330.67
300.014
300.042
300.071
300.103
300.137
300.174
300.214
300.259
300.307
300.36
300.418
300.481
300.55
300.625
300.708
300.797
300.894
300.999
301.112
301.234
301.365
301.506
301.657
301.818
301.99
302.173
302.368
302.574
302.793
303.024
303.267
303.524
303.794
304.077
304.374
304.685
305.01
305.349
305.703
306.07
306.452
306.848
307.258
307.683
308.121
308.573
309.039
309.517
310.009
310.513
311.029
311.557
312.096
312.645
313.205
313.773
314.35
314.935
315.528
316.126
316.73
317.339
317.951
318.567
319.185
319.804
320.423
321.042
321.659
322.275
322.887
323.496
324.1
324.699
325.292
325.879
326.458
327.029
327.592
328.146
328.691
300.013
300.04
300.069
300.099
300.132
300.168
300.207
300.25
300.297
300.348
300.404
300.465
300.532
300.606
300.685
300.772
300.866
300.968
301.078
301.196
301.324
301.46
301.607
301.763
301.93
302.108
302.296
302.496
302.708
302.932
303.167
303.415
303.676
303.95
304.236
304.536
304.849
305.174
305.513
305.866
306.231
306.61
307.001
307.406
307.822
308.252
308.693
309.146
309.61
310.085
310.57
311.066
311.57
312.084
312.606
313.135
313.671
314.214
314.762
315.314
315.871
316.431
316.994
317.558
318.123
318.689
319.254
319.817
320.379
320.938
321.493
322.045
322.592
323.133
323.669
324.198
324.721
325.236
325.744
326.243
326.734
300.013
300.038
300.066
300.095
300.127
300.161
300.199
300.24
300.285
300.334
300.388
300.448
300.512
300.583
300.66
300.743
300.834
300.932
301.038
301.152
301.275
301.407
301.548
301.699
301.86
302.031
302.213
302.405
302.609
302.824
303.05
303.288
303.539
303.801
304.075
304.361
304.66
304.971
305.294
305.629
305.976
306.335
306.706
307.088
307.482
307.886
308.301
308.727
309.162
309.606
310.06
310.521
310.991
311.468
311.952
312.441
312.937
313.437
313.941
314.448
314.959
315.471
315.985
316.5
317.015
317.529
318.042
318.553
319.062
319.567
320.069
320.567
321.06
321.548
322.03
322.506
322.976
323.439
323.894
324.343
324.783
300.012
300.037
300.063
300.091
300.121
300.154
300.19
300.229
300.272
300.319
300.371
300.428
300.489
300.557
300.631
300.711
300.797
300.891
300.993
301.102
301.22
301.346
301.481
301.626
301.779
301.943
302.116
302.3
302.494
302.699
302.915
303.142
303.379
303.628
303.889
304.16
304.443
304.737
305.042
305.358
305.685
306.022
306.371
306.729
307.097
307.475
307.862
308.258
308.663
309.075
309.495
309.922
310.356
310.795
311.24
311.69
312.143
312.601
313.061
313.524
313.989
314.455
314.922
315.388
315.854
316.319
316.782
317.243
317.701
318.155
318.606
319.053
319.495
319.932
320.364
320.79
321.209
321.623
322.03
322.43
322.824
300.011
300.035
300.059
300.086
300.115
300.146
300.18
300.217
300.258
300.302
300.351
300.405
300.464
300.528
300.598
300.674
300.756
300.845
300.942
301.046
301.157
301.277
301.405
301.542
301.687
301.842
302.006
302.18
302.364
302.557
302.76
302.974
303.198
303.432
303.676
303.931
304.196
304.471
304.756
305.051
305.356
305.67
305.994
306.326
306.667
307.017
307.374
307.739
308.112
308.49
308.876
309.267
309.663
310.064
310.469
310.878
311.291
311.706
312.123
312.541
312.961
313.381
313.8
314.22
314.638
315.055
315.469
315.881
316.29
316.696
317.098
317.496
317.89
318.278
318.662
319.04
319.412
319.779
320.14
320.495
320.844
300.011
300.033
300.056
300.081
300.107
300.137
300.169
300.204
300.242
300.284
300.33
300.38
300.435
300.496
300.561
300.633
300.71
300.794
300.885
300.982
301.087
301.199
301.319
301.447
301.584
301.729
301.882
302.045
302.216
302.397
302.586
302.785
302.994
303.211
303.438
303.674
303.92
304.174
304.437
304.709
304.99
305.279
305.576
305.88
306.193
306.512
306.838
307.171
307.509
307.853
308.202
308.556
308.914
309.276
309.641
310.009
310.379
310.751
311.125
311.499
311.874
312.248
312.622
312.995
313.366
313.736
314.103
314.468
314.83
315.188
315.543
315.894
316.24
316.582
316.92
317.252
317.58
317.902
318.219
318.531
318.837
300.01
300.03
300.052
300.075
300.1
300.127
300.156
300.189
300.224
300.263
300.306
300.353
300.404
300.46
300.521
300.588
300.66
300.738
300.822
300.912
301.009
301.113
301.225
301.343
301.469
301.603
301.745
301.895
302.053
302.219
302.394
302.576
302.768
302.967
303.175
303.391
303.614
303.846
304.086
304.333
304.588
304.85
305.119
305.394
305.676
305.964
306.257
306.556
306.859
307.167
307.479
307.795
308.114
308.436
308.76
309.087
309.415
309.744
310.073
310.403
310.733
311.063
311.391
311.718
312.044
312.368
312.689
313.007
313.323
313.636
313.945
314.25
314.551
314.849
315.142
315.431
315.716
315.996
316.271
316.541
316.806
300.009
300.028
300.047
300.069
300.091
300.116
300.143
300.173
300.206
300.242
300.281
300.324
300.371
300.422
300.478
300.539
300.605
300.676
300.753
300.836
300.925
301.02
301.121
301.23
301.345
301.466
301.595
301.732
301.875
302.026
302.184
302.349
302.522
302.702
302.889
303.083
303.284
303.492
303.707
303.928
304.155
304.389
304.628
304.873
305.123
305.378
305.637
305.901
306.168
306.44
306.714
306.991
307.271
307.552
307.836
308.12
308.406
308.692
308.979
309.265
309.551
309.836
310.12
310.402
310.683
310.962
311.238
311.512
311.783
312.051
312.316
312.578
312.836
313.091
313.342
313.589
313.832
314.072
314.306
314.537
314.763
300.008
300.025
300.043
300.062
300.083
300.105
300.13
300.157
300.186
300.218
300.254
300.293
300.335
300.382
300.432
300.487
300.547
300.611
300.68
300.755
300.835
300.92
301.011
301.108
301.211
301.32
301.436
301.557
301.685
301.819
301.96
302.107
302.26
302.419
302.585
302.756
302.933
303.117
303.305
303.499
303.698
303.903
304.111
304.325
304.542
304.764
304.989
305.217
305.449
305.683
305.919
306.158
306.398
306.639
306.882
307.126
307.37
307.614
307.858
308.101
308.344
308.586
308.827
309.066
309.303
309.538
309.772
310.003
310.231
310.457
310.68
310.901
311.118
311.332
311.543
311.75
311.954
312.155
312.351
312.544
312.734
300.007
300.022
300.038
300.055
300.074
300.094
300.115
300.139
300.166
300.195
300.226
300.261
300.298
300.34
300.385
300.433
300.486
300.543
300.604
300.67
300.74
300.816
300.896
300.982
301.072
301.168
301.269
301.375
301.487
301.604
301.727
301.855
301.988
302.126
302.269
302.417
302.57
302.728
302.89
303.057
303.227
303.402
303.581
303.762
303.948
304.136
304.327
304.52
304.715
304.913
305.112
305.313
305.515
305.717
305.92
306.124
306.328
306.531
306.734
306.937
307.139
307.339
307.539
307.736
307.933
308.127
308.32
308.51
308.699
308.885
309.069
309.25
309.429
309.605
309.778
309.948
310.115
310.279
310.44
310.598
310.753
300.006
300.019
300.033
300.048
300.064
300.082
300.101
300.122
300.145
300.17
300.198
300.228
300.261
300.297
300.336
300.378
300.424
300.474
300.527
300.584
300.645
300.71
300.779
300.853
300.931
301.013
301.1
301.191
301.286
301.386
301.491
301.599
301.712
301.829
301.95
302.075
302.204
302.337
302.473
302.613
302.755
302.901
303.05
303.201
303.355
303.511
303.669
303.828
303.989
304.152
304.315
304.48
304.645
304.811
304.977
305.143
305.308
305.474
305.639
305.803
305.966
306.128
306.289
306.449
306.607
306.764
306.919
307.072
307.224
307.373
307.521
307.666
307.809
307.95
308.088
308.224
308.357
308.488
308.617
308.742
308.865
300.005
300.017
300.029
300.042
300.055
300.071
300.087
300.105
300.125
300.146
300.17
300.196
300.224
300.255
300.288
300.324
300.363
300.405
300.45
300.499
300.55
300.605
300.664
300.726
300.791
300.86
300.933
301.009
301.089
301.172
301.259
301.349
301.442
301.539
301.639
301.742
301.848
301.957
302.068
302.182
302.298
302.417
302.537
302.66
302.784
302.909
303.036
303.165
303.294
303.424
303.555
303.686
303.817
303.949
304.08
304.212
304.343
304.474
304.604
304.733
304.862
304.989
305.115
305.241
305.365
305.488
305.609
305.729
305.847
305.964
306.079
306.192
306.303
306.412
306.52
306.625
306.728
306.829
306.929
307.026
307.121
300.005
300.014
300.024
300.035
300.047
300.06
300.074
300.089
300.106
300.124
300.144
300.165
300.189
300.215
300.243
300.273
300.305
300.34
300.378
300.418
300.461
300.506
300.555
300.606
300.659
300.716
300.776
300.838
300.903
300.97
301.041
301.114
301.189
301.267
301.347
301.43
301.514
301.601
301.69
301.78
301.873
301.966
302.061
302.158
302.255
302.354
302.453
302.553
302.654
302.755
302.857
302.958
303.06
303.162
303.263
303.364
303.465
303.565
303.665
303.764
303.862
303.96
304.056
304.152
304.246
304.339
304.431
304.522
304.612
304.7
304.786
304.872
304.955
305.038
305.118
305.197
305.275
305.351
305.425
305.497
305.568
300.004
300.012
300.02
300.029
300.039
300.05
300.062
300.074
300.088
300.103
300.12
300.138
300.157
300.179
300.202
300.226
300.253
300.282
300.313
300.345
300.38
300.417
300.456
300.497
300.541
300.586
300.634
300.684
300.736
300.79
300.845
300.903
300.963
301.024
301.087
301.152
301.218
301.286
301.355
301.425
301.497
301.569
301.642
301.716
301.791
301.866
301.942
302.019
302.095
302.172
302.249
302.325
302.402
302.478
302.555
302.631
302.706
302.781
302.855
302.929
303.002
303.074
303.146
303.217
303.287
303.355
303.423
303.49
303.556
303.62
303.684
303.746
303.808
303.868
303.926
303.984
304.04
304.095
304.149
304.202
304.253
300.003
300.01
300.017
300.025
300.033
300.042
300.051
300.062
300.073
300.086
300.1
300.115
300.131
300.148
300.167
300.187
300.209
300.233
300.258
300.284
300.312
300.342
300.374
300.407
300.442
300.478
300.516
300.556
300.597
300.639
300.683
300.729
300.775
300.823
300.872
300.923
300.974
301.026
301.079
301.133
301.188
301.243
301.299
301.355
301.412
301.469
301.526
301.583
301.641
301.698
301.756
301.813
301.87
301.927
301.983
302.039
302.095
302.15
302.204
302.259
302.312
302.365
302.417
302.469
302.519
302.569
302.618
302.666
302.714
302.76
302.806
302.851
302.895
302.938
302.98
303.021
303.061
303.1
303.138
303.175
303.212
300.003
300.008
300.015
300.021
300.028
300.036
300.044
300.053
300.063
300.073
300.085
300.097
300.111
300.126
300.141
300.158
300.177
300.196
300.217
300.239
300.262
300.287
300.313
300.34
300.368
300.398
300.429
300.461
300.494
300.528
300.564
300.6
300.638
300.676
300.715
300.755
300.795
300.837
300.878
300.921
300.963
301.006
301.05
301.094
301.137
301.181
301.225
301.269
301.313
301.357
301.401
301.444
301.488
301.53
301.573
301.615
301.657
301.698
301.739
301.78
301.82
301.859
301.897
301.936
301.973
302.01
302.046
302.081
302.116
302.15
302.183
302.216
302.248
302.279
302.309
302.339
302.368
302.396
302.424
302.451
302.477
300.003
300.008
300.013
300.019
300.025
300.032
300.04
300.048
300.056
300.066
300.076
300.088
300.1
300.113
300.127
300.142
300.158
300.176
300.194
300.214
300.234
300.256
300.279
300.303
300.328
300.354
300.381
300.409
300.438
300.467
300.498
300.53
300.562
300.595
300.628
300.663
300.697
300.733
300.768
300.804
300.841
300.877
300.914
300.951
300.988
301.025
301.062
301.099
301.135
301.172
301.209
301.245
301.281
301.316
301.351
301.386
301.421
301.455
301.488
301.521
301.554
301.586
301.617
301.648
301.679
301.708
301.738
301.766
301.794
301.822
301.848
301.874
301.9
301.925
301.949
301.973
301.996
302.019
302.041
302.062
302.083
402.853
410.916
417.653
423.477
428.588
433.097
437.064
440.52
443.481
445.943
447.896
449.316
450.167
450.403
449.959
448.748
446.645
443.463
438.88
432.25
421.941
414.658
408.855
403.93
399.592
395.678
392.089
388.755
385.627
382.671
379.86
377.171
374.588
372.099
369.692
367.36
365.094
362.892
360.747
358.658
356.623
354.639
352.706
350.824
348.992
347.209
345.476
343.794
342.161
340.578
339.044
337.56
336.125
334.739
333.4
332.108
330.863
329.662
328.506
327.392
326.319
325.287
324.293
323.337
322.417
321.531
320.678
319.856
319.066
318.304
317.57
316.862
316.18
315.522
314.888
314.276
313.685
313.115
312.564
312.032
311.518
311.022
310.543
310.08
309.632
309.2
308.782
308.379
307.989
307.613
307.25
306.899
306.561
306.235
305.921
305.617
305.326
305.045
304.774
304.514
304.264
304.024
303.794
303.573
303.362
303.159
302.966
302.781
302.604
302.436
302.275
302.123
301.978
301.84
301.71
301.586
301.469
301.359
301.255
301.157
301.065
300.979
300.898
300.822
300.751
300.685
300.623
300.566
300.513
300.464
300.419
300.378
300.339
300.304
300.272
300.243
300.216
300.192
300.17
300.15
300.132
300.116
300.101
300.088
300.077
300.067
300.058
300.05
300.043
300.036
300.031
300.026
300.022
300.019
300.016
300.013
300.011
300.009
300.007
300.006
300.005
398.085
405.117
411.396
416.984
421.962
426.389
430.305
433.73
436.673
439.128
441.083
442.512
443.382
443.647
443.247
442.101
440.103
437.105
432.898
427.228
420.065
413.748
408.32
403.574
399.336
395.486
391.938
388.633
385.528
382.589
379.79
377.111
374.536
372.053
369.652
367.323
365.062
362.862
360.719
358.632
356.598
354.616
352.684
350.803
348.971
347.19
345.458
343.776
342.144
340.561
339.028
337.545
336.111
334.725
333.387
332.096
330.851
329.651
328.495
327.382
326.31
325.279
324.286
323.33
322.41
321.525
320.672
319.851
319.061
318.299
317.566
316.859
316.177
315.519
314.885
314.273
313.683
313.113
312.562
312.03
311.517
311.021
310.542
310.079
309.631
309.199
308.782
308.378
307.989
307.613
307.249
306.899
306.561
306.235
305.92
305.617
305.325
305.044
304.774
304.514
304.264
304.024
303.794
303.573
303.362
303.159
302.966
302.781
302.604
302.436
302.275
302.123
301.978
301.84
301.71
301.586
301.469
301.359
301.255
301.157
301.065
300.979
300.898
300.822
300.751
300.685
300.624
300.566
300.514
300.465
300.419
300.378
300.339
300.304
300.272
300.243
300.216
300.192
300.17
300.15
300.132
300.116
300.101
300.088
300.077
300.067
300.058
300.05
300.043
300.036
300.031
300.026
300.022
300.019
300.016
300.013
300.011
300.009
300.007
300.006
300.005
393.951
399.995
405.654
410.852
415.577
419.837
423.641
426.992
429.89
432.322
434.273
435.718
436.622
436.944
436.63
435.614
433.816
431.14
427.492
422.839
417.414
412.125
407.26
402.836
398.796
395.073
391.614
388.372
385.314
382.409
379.638
376.981
374.424
371.955
369.565
367.245
364.991
362.797
360.66
358.578
356.547
354.568
352.639
350.76
348.931
347.151
345.421
343.741
342.11
340.529
338.998
337.517
336.084
334.7
333.363
332.074
330.83
329.632
328.478
327.366
326.295
325.265
324.273
323.318
322.399
321.515
320.663
319.843
319.054
318.293
317.56
316.853
316.172
315.515
314.881
314.27
313.68
313.11
312.56
312.028
311.515
311.019
310.54
310.077
309.63
309.198
308.781
308.378
307.988
307.612
307.249
306.899
306.561
306.235
305.92
305.617
305.326
305.045
304.774
304.514
304.264
304.025
303.794
303.574
303.362
303.16
302.966
302.781
302.604
302.436
302.276
302.123
301.978
301.841
301.71
301.587
301.47
301.359
301.255
301.157
301.065
300.979
300.898
300.822
300.751
300.685
300.624
300.567
300.514
300.465
300.42
300.378
300.34
300.304
300.272
300.243
300.216
300.192
300.17
300.15
300.132
300.116
300.101
300.088
300.077
300.067
300.058
300.05
300.043
300.036
300.031
300.026
300.022
300.019
300.016
300.013
300.011
300.009
300.007
300.006
300.005
390.059
395.296
400.338
405.084
409.484
413.509
417.146
420.382
423.203
425.593
427.53
428.99
429.94
430.341
430.15
429.315
427.783
425.504
422.454
418.68
414.39
409.994
405.741
401.723
397.956
394.423
391.097
387.954
384.968
382.121
379.393
376.771
374.242
371.795
369.424
367.12
364.878
362.695
360.566
358.491
356.467
354.493
352.569
350.695
348.869
347.093
345.366
343.689
342.062
340.484
338.956
337.477
336.047
334.665
333.331
332.044
330.803
329.607
328.455
327.345
326.276
325.248
324.257
323.304
322.387
321.504
320.653
319.835
319.046
318.286
317.554
316.848
316.168
315.511
314.878
314.267
313.677
313.108
312.558
312.027
311.514
311.019
310.54
310.077
309.63
309.198
308.781
308.378
307.989
307.613
307.25
306.899
306.561
306.235
305.921
305.618
305.326
305.045
304.775
304.515
304.265
304.025
303.795
303.574
303.363
303.16
302.967
302.782
302.605
302.437
302.276
302.124
301.979
301.841
301.711
301.587
301.47
301.36
301.256
301.158
301.066
300.979
300.898
300.823
300.752
300.686
300.624
300.567
300.514
300.465
300.42
300.378
300.34
300.305
300.272
300.243
300.216
300.192
300.17
300.15
300.132
300.116
300.101
300.088
300.077
300.067
300.058
300.05
300.043
300.036
300.031
300.026
300.022
300.019
300.016
300.013
300.011
300.009
300.007
300.006
300.005
386.287
390.871
395.352
399.644
403.686
407.437
410.867
413.952
416.668
418.995
420.908
422.38
423.38
423.876
423.831
423.21
421.979
420.118
417.636
414.596
411.145
407.5
403.837
400.26
396.816
393.521
390.373
387.363
384.479
381.709
379.043
376.471
373.981
371.568
369.223
366.941
364.718
362.55
360.435
358.371
356.357
354.392
352.475
350.607
348.788
347.018
345.296
343.624
342.001
340.428
338.904
337.429
336.003
334.625
333.295
332.011
330.773
329.58
328.43
327.323
326.257
325.231
324.243
323.291
322.376
321.494
320.645
319.828
319.04
318.282
317.55
316.845
316.166
315.51
314.877
314.267
313.677
313.108
312.559
312.028
311.515
311.02
310.541
310.079
309.632
309.2
308.783
308.38
307.99
307.614
307.251
306.901
306.563
306.237
305.923
305.62
305.328
305.047
304.776
304.516
304.267
304.027
303.796
303.576
303.364
303.162
302.968
302.783
302.606
302.438
302.277
302.125
301.98
301.842
301.712
301.588
301.471
301.361
301.257
301.159
301.067
300.98
300.899
300.823
300.752
300.686
300.625
300.567
300.514
300.465
300.42
300.378
300.34
300.305
300.273
300.243
300.216
300.192
300.17
300.15
300.132
300.116
300.102
300.089
300.077
300.067
300.058
300.05
300.043
300.037
300.031
300.026
300.022
300.019
300.016
300.013
300.011
300.009
300.007
300.006
300.005
382.597
386.64
390.626
394.489
398.172
401.632
404.831
407.74
410.33
412.576
414.451
415.928
416.979
417.575
417.688
417.293
416.37
414.915
412.947
410.522
407.74
404.73
401.614
398.48
395.386
392.364
389.428
386.584
383.83
381.163
378.578
376.07
373.634
371.264
368.955
366.704
364.506
362.36
360.264
358.216
356.216
354.263
352.358
350.499
348.689
346.927
345.213
343.548
341.932
340.365
338.846
337.377
335.956
334.583
333.257
331.978
330.744
329.554
328.408
327.304
326.241
325.217
324.231
323.282
322.369
321.489
320.641
319.825
319.039
318.281
317.551
316.847
316.168
315.513
314.88
314.27
313.681
313.112
312.563
312.032
311.519
311.024
310.545
310.083
309.636
309.204
308.786
308.383
307.994
307.618
307.255
306.904
306.566
306.24
305.926
305.622
305.33
305.049
304.779
304.519
304.269
304.029
303.798
303.578
303.366
303.163
302.97
302.784
302.608
302.439
302.279
302.126
301.981
301.843
301.713
301.589
301.472
301.362
301.258
301.16
301.067
300.981
300.9
300.824
300.753
300.687
300.625
300.568
300.515
300.466
300.421
300.379
300.34
300.305
300.273
300.244
300.217
300.192
300.17
300.15
300.132
300.116
300.102
300.089
300.077
300.067
300.058
300.05
300.043
300.037
300.031
300.027
300.022
300.019
300.016
300.013
300.011
300.009
300.008
300.006
300.005
378.977
382.561
386.114
389.584
392.923
396.091
399.051
401.769
404.218
406.368
408.194
409.667
410.764
411.459
411.728
411.554
410.927
409.846
408.334
406.431
404.206
401.741
399.121
396.417
393.683
390.955
388.259
385.608
383.01
380.469
377.987
375.561
373.191
370.877
368.615
366.403
364.24
362.123
360.051
358.025
356.044
354.108
352.217
350.373
348.574
346.823
345.119
343.464
341.856
340.297
338.786
337.324
335.909
334.542
333.222
331.948
330.719
329.533
328.391
327.291
326.231
325.21
324.227
323.28
322.368
321.49
320.644
319.83
319.044
318.288
317.558
316.854
316.176
315.521
314.889
314.279
313.69
313.121
312.571
312.041
311.528
311.032
310.553
310.09
309.643
309.211
308.793
308.39
308
307.624
307.26
306.91
306.571
306.245
305.93
305.627
305.335
305.053
304.783
304.522
304.272
304.032
303.801
303.58
303.369
303.166
302.972
302.787
302.61
302.441
302.281
302.128
301.983
301.845
301.714
301.591
301.474
301.363
301.259
301.161
301.069
300.982
300.901
300.825
300.754
300.688
300.626
300.569
300.516
300.467
300.421
300.379
300.341
300.306
300.273
300.244
300.217
300.193
300.171
300.151
300.133
300.116
300.102
300.089
300.077
300.067
300.058
300.05
300.043
300.037
300.031
300.027
300.022
300.019
300.016
300.013
300.011
300.009
300.008
300.006
300.005
375.426
378.616
381.788
384.903
387.922
390.808
393.529
396.054
398.352
400.397
402.163
403.624
404.757
405.54
405.955
405.987
405.629
404.884
403.769
402.313
400.561
398.571
396.399
394.101
391.723
389.301
386.862
384.427
382.008
379.616
377.256
374.932
372.646
370.401
368.197
366.035
363.914
361.834
359.795
357.797
355.841
353.927
352.055
350.228
348.446
346.709
345.018
343.374
341.778
340.229
338.727
337.273
335.867
334.507
333.193
331.924
330.701
329.52
328.382
327.286
326.229
325.212
324.231
323.287
322.377
321.501
320.656
319.843
319.058
318.302
317.573
316.87
316.191
315.537
314.905
314.294
313.705
313.136
312.586
312.055
311.541
311.045
310.565
310.102
309.654
309.222
308.803
308.399
308.009
307.632
307.269
306.917
306.578
306.252
305.936
305.633
305.34
305.059
304.788
304.527
304.277
304.036
303.805
303.584
303.372
303.169
302.975
302.789
302.612
302.444
302.283
302.13
301.985
301.847
301.716
301.592
301.475
301.365
301.26
301.162
301.07
300.983
300.902
300.826
300.755
300.689
300.627
300.57
300.516
300.467
300.422
300.38
300.342
300.306
300.274
300.244
300.217
300.193
300.171
300.151
300.133
300.117
300.102
300.089
300.078
300.067
300.058
300.05
300.043
300.037
300.031
300.027
300.023
300.019
300.016
300.013
300.011
300.009
300.008
300.006
300.005
371.947
374.794
377.631
380.428
383.152
385.775
388.267
390.599
392.745
394.679
396.377
397.815
398.973
399.831
400.372
400.586
400.467
400.015
399.242
398.169
396.825
395.249
393.48
391.561
389.527
387.412
385.242
383.038
380.818
378.594
376.376
374.172
371.988
369.828
367.695
365.594
363.526
361.492
359.493
357.531
355.605
353.719
351.872
350.067
348.305
346.586
344.911
343.282
341.699
340.162
338.672
337.228
335.83
334.479
333.172
331.911
330.693
329.518
328.385
327.292
326.239
325.225
324.247
323.305
322.397
321.522
320.679
319.866
319.083
318.327
317.598
316.895
316.216
315.561
314.928
314.317
313.727
313.158
312.607
312.075
311.56
311.063
310.583
310.119
309.67
309.237
308.818
308.413
308.022
307.644
307.28
306.928
306.588
306.261
305.945
305.641
305.348
305.065
304.794
304.533
304.282
304.041
303.81
303.588
303.376
303.173
302.978
302.793
302.616
302.447
302.286
302.133
301.987
301.849
301.718
301.594
301.477
301.367
301.262
301.164
301.071
300.985
300.903
300.827
300.756
300.69
300.628
300.571
300.517
300.468
300.423
300.381
300.342
300.307
300.274
300.245
300.218
300.193
300.171
300.151
300.133
300.117
300.102
300.089
300.078
300.067
300.058
300.05
300.043
300.037
300.031
300.027
300.023
300.019
300.016
300.013
300.011
300.009
300.008
300.006
300.005
368.546
371.093
373.634
376.146
378.604
380.983
383.259
385.406
387.402
389.222
390.846
392.252
393.422
394.337
394.985
395.354
395.438
395.237
394.757
394.011
393.018
391.804
390.396
388.824
387.118
385.303
383.405
381.442
379.435
377.396
375.338
373.273
371.207
369.149
367.102
365.074
363.07
361.092
359.143
357.223
355.336
353.484
351.668
349.89
348.152
346.455
344.8
343.189
341.622
340.099
338.622
337.19
335.803
334.46
333.162
331.908
330.697
329.528
328.4
327.312
326.262
325.251
324.276
323.336
322.43
321.556
320.714
319.902
319.118
318.363
317.634
316.93
316.251
315.595
314.961
314.349
313.758
313.187
312.635
312.102
311.587
311.088
310.607
310.141
309.691
309.256
308.836
308.43
308.038
307.66
307.294
306.941
306.601
306.272
305.956
305.651
305.357
305.074
304.802
304.54
304.289
304.047
303.816
303.594
303.381
303.177
302.983
302.797
302.619
302.45
302.289
302.136
301.99
301.852
301.721
301.597
301.479
301.368
301.264
301.166
301.073
300.986
300.905
300.828
300.757
300.691
300.629
300.571
300.518
300.469
300.423
300.381
300.343
300.307
300.275
300.245
300.218
300.194
300.172
300.152
300.133
300.117
300.103
300.089
300.078
300.068
300.058
300.05
300.043
300.037
300.032
300.027
300.023
300.019
300.016
300.013
300.011
300.009
300.008
300.006
300.005
365.231
367.513
369.793
372.051
374.268
376.425
378.5
380.472
382.323
384.03
385.576
386.942
388.11
389.066
389.796
390.292
390.545
390.554
390.32
389.852
389.161
388.262
387.175
385.92
384.519
382.993
381.363
379.646
377.859
376.019
374.136
372.225
370.294
368.354
366.41
364.47
362.541
360.63
358.739
356.872
355.031
353.22
351.441
349.696
347.987
346.316
344.685
343.094
341.546
340.04
338.578
337.159
335.784
334.453
333.164
331.918
330.714
329.551
328.429
327.345
326.3
325.292
324.319
323.381
322.477
321.604
320.763
319.951
319.167
318.411
317.681
316.977
316.296
315.639
315.004
314.391
313.798
313.226
312.672
312.137
311.62
311.12
310.636
310.169
309.718
309.281
308.86
308.452
308.059
307.679
307.312
306.957
306.616
306.286
305.969
305.663
305.368
305.084
304.811
304.549
304.297
304.055
303.822
303.6
303.386
303.182
302.987
302.801
302.623
302.454
302.292
302.139
301.993
301.854
301.723
301.599
301.481
301.37
301.266
301.167
301.075
300.988
300.906
300.83
300.758
300.692
300.63
300.572
300.519
300.47
300.424
300.382
300.343
300.308
300.275
300.246
300.219
300.194
300.172
300.152
300.134
300.117
300.103
300.09
300.078
300.068
300.059
300.05
300.043
300.037
300.032
300.027
300.023
300.019
300.016
300.013
300.011
300.009
300.008
300.006
300.005
362.009
364.056
366.103
368.135
370.137
372.091
373.982
375.792
377.505
379.102
380.567
381.885
383.04
384.02
384.811
385.405
385.795
385.976
385.947
385.713
385.278
384.652
383.847
382.877
381.758
380.504
379.133
377.659
376.097
374.462
372.767
371.023
369.242
367.434
365.608
363.772
361.933
360.099
358.277
356.471
354.685
352.923
351.187
349.481
347.806
346.167
344.563
342.997
341.471
339.985
338.54
337.137
335.776
334.456
333.178
331.942
330.746
329.59
328.473
327.394
326.353
325.348
324.378
323.442
322.539
321.667
320.826
320.014
319.23
318.473
317.742
317.036
316.354
315.695
315.058
314.443
313.848
313.273
312.718
312.18
311.661
311.159
310.673
310.204
309.75
309.312
308.888
308.479
308.083
307.701
307.333
306.977
306.634
306.303
305.984
305.677
305.381
305.096
304.822
304.559
304.306
304.063
303.83
303.606
303.393
303.188
302.992
302.806
302.627
302.458
302.296
302.142
301.996
301.857
301.726
301.601
301.484
301.372
301.268
301.169
301.076
300.989
300.907
300.831
300.759
300.693
300.631
300.573
300.52
300.47
300.425
300.383
300.344
300.308
300.276
300.246
300.219
300.195
300.172
300.152
300.134
300.118
300.103
300.09
300.078
300.068
300.059
300.051
300.043
300.037
300.032
300.027
300.023
300.019
300.016
300.013
300.011
300.009
300.008
300.006
300.005
358.884
360.724
362.565
364.396
366.204
367.976
369.699
371.359
372.941
374.431
375.815
377.08
378.212
379.199
380.031
380.699
381.195
381.513
381.653
381.611
381.392
381
380.441
379.725
378.86
377.859
376.734
375.496
374.158
372.732
371.23
369.663
368.044
366.382
364.687
362.968
361.234
359.492
357.75
356.015
354.293
352.587
350.902
349.241
347.607
346.004
344.432
342.896
341.395
339.932
338.507
337.122
335.776
334.47
333.204
331.978
330.791
329.642
328.532
327.459
326.422
325.42
324.453
323.519
322.617
321.746
320.904
320.092
319.307
318.549
317.816
317.108
316.424
315.763
315.124
314.506
313.909
313.331
312.772
312.232
311.71
311.205
310.717
310.245
309.788
309.347
308.921
308.51
308.112
307.728
307.358
307
306.655
306.322
306.002
305.693
305.396
305.109
304.834
304.57
304.316
304.072
303.838
303.614
303.399
303.194
302.998
302.811
302.632
302.462
302.3
302.145
301.999
301.86
301.728
301.604
301.486
301.374
301.269
301.17
301.078
300.99
300.908
300.832
300.76
300.694
300.632
300.574
300.52
300.471
300.425
300.383
300.344
300.309
300.276
300.247
300.219
300.195
300.173
300.152
300.134
300.118
300.103
300.09
300.078
300.068
300.059
300.051
300.044
300.037
300.032
300.027
300.023
300.019
300.016
300.014
300.011
300.009
300.008
300.006
300.005
355.863
357.518
359.176
360.828
362.463
364.071
365.641
367.162
368.623
370.01
371.314
372.521
373.621
374.603
375.458
376.177
376.752
377.178
377.451
377.567
377.528
377.333
376.986
376.491
375.855
375.084
374.188
373.174
372.053
370.835
369.529
368.146
366.697
365.191
363.639
362.05
360.434
358.797
357.149
355.495
353.846
352.206
350.579
348.971
347.384
345.822
344.288
342.785
341.314
339.877
338.475
337.11
335.782
334.492
333.24
332.026
330.849
329.709
328.606
327.538
326.506
325.508
324.544
323.611
322.71
321.84
320.998
320.185
319.399
318.639
317.904
317.194
316.507
315.843
315.201
314.58
313.979
313.398
312.837
312.293
311.767
311.259
310.768
310.292
309.833
309.389
308.96
308.546
308.145
307.759
307.386
307.026
306.679
306.344
306.022
305.711
305.412
305.124
304.848
304.582
304.327
304.082
303.847
303.622
303.406
303.2
303.004
302.816
302.637
302.466
302.303
302.149
302.002
301.863
301.731
301.606
301.488
301.376
301.271
301.172
301.079
300.991
300.909
300.833
300.761
300.694
300.632
300.575
300.521
300.471
300.426
300.384
300.345
300.309
300.277
300.247
300.22
300.195
300.173
300.153
300.134
300.118
300.103
300.09
300.078
300.068
300.059
300.051
300.044
300.037
300.032
300.027
300.023
300.019
300.016
300.014
300.011
300.009
300.008
300.006
300.005
352.949
354.44
355.935
357.427
358.907
360.367
361.799
363.193
364.54
365.83
367.054
368.201
369.262
370.228
371.09
371.841
372.472
372.979
373.356
373.598
373.705
373.675
373.507
373.204
372.769
372.206
371.519
370.715
369.801
368.784
367.672
366.474
365.2
363.858
362.458
361.01
359.521
358.002
356.46
354.902
353.336
351.77
350.21
348.662
347.129
345.616
344.125
342.659
341.222
339.816
338.441
337.099
335.792
334.52
333.284
332.083
330.917
329.787
328.692
327.632
326.605
325.611
324.65
323.719
322.82
321.949
321.107
320.293
319.505
318.743
318.006
317.293
316.603
315.936
315.29
314.665
314.061
313.476
312.91
312.363
311.833
311.321
310.826
310.347
309.884
309.436
309.004
308.586
308.183
307.793
307.417
307.055
306.705
306.368
306.044
305.731
305.43
305.141
304.862
304.595
304.338
304.092
303.856
303.63
303.414
303.207
303.009
302.821
302.641
302.47
302.307
302.152
302.005
301.865
301.733
301.607
301.489
301.377
301.272
301.173
301.08
300.992
300.91
300.833
300.762
300.695
300.633
300.575
300.521
300.472
300.426
300.384
300.345
300.309
300.277
300.247
300.22
300.195
300.173
300.153
300.134
300.118
300.103
300.09
300.079
300.068
300.059
300.051
300.044
300.037
300.032
300.027
300.023
300.019
300.016
300.014
300.011
300.009
300.008
300.006
300.005
350.143
351.489
352.839
354.188
355.529
356.856
358.162
359.44
360.682
361.88
363.025
364.111
365.128
366.068
366.925
367.691
368.359
368.923
369.378
369.719
369.943
370.047
370.029
369.89
369.629
369.248
368.75
368.138
367.417
366.592
365.668
364.653
363.555
362.381
361.139
359.838
358.487
357.095
355.669
354.218
352.75
351.27
349.786
348.305
346.834
345.375
343.933
342.512
341.114
339.742
338.398
337.084
335.801
334.549
333.331
332.146
330.994
329.875
328.789
327.737
326.716
325.727
324.769
323.841
322.943
322.073
321.23
320.415
319.625
318.861
318.121
317.405
316.711
316.04
315.39
314.761
314.152
313.563
312.992
312.44
311.906
311.39
310.89
310.407
309.94
309.488
309.052
308.631
308.224
307.831
307.452
307.086
306.734
306.394
306.067
305.752
305.449
305.158
304.878
304.608
304.35
304.103
303.865
303.638
303.421
303.213
303.015
302.826
302.645
302.473
302.31
302.154
302.007
301.867
301.734
301.609
301.49
301.378
301.273
301.173
301.08
300.992
300.91
300.833
300.762
300.695
300.633
300.575
300.521
300.472
300.426
300.384
300.345
300.309
300.277
300.247
300.22
300.195
300.173
300.153
300.134
300.118
300.103
300.09
300.079
300.068
300.059
300.051
300.044
300.037
300.032
300.027
300.023
300.019
300.016
300.014
300.011
300.009
300.008
300.006
300.005
347.448
348.663
349.883
351.104
352.321
353.528
354.72
355.891
357.035
358.146
359.216
360.239
361.208
362.117
362.958
363.725
364.413
365.015
365.526
365.941
366.256
366.467
366.573
366.57
366.458
366.236
365.905
365.466
364.921
364.275
363.53
362.692
361.766
360.759
359.678
358.531
357.324
356.067
354.767
353.432
352.07
350.687
349.292
347.89
346.487
345.091
343.705
342.334
340.981
339.649
338.34
337.057
335.801
334.574
333.376
332.209
331.073
329.968
328.893
327.849
326.836
325.853
324.899
323.974
323.077
322.208
321.365
320.549
319.757
318.99
318.247
317.527
316.83
316.154
315.5
314.866
314.252
313.658
313.082
312.525
311.986
311.465
310.96
310.473
310.001
309.545
309.104
308.679
308.268
307.872
307.489
307.12
306.764
306.422
306.092
305.774
305.469
305.175
304.893
304.622
304.362
304.113
303.875
303.646
303.428
303.219
303.02
302.83
302.649
302.476
302.312
302.156
302.008
301.868
301.735
301.609
301.49
301.378
301.273
301.173
301.08
300.992
300.91
300.833
300.761
300.694
300.632
300.574
300.521
300.471
300.425
300.383
300.345
300.309
300.276
300.247
300.22
300.195
300.173
300.152
300.134
300.118
300.103
300.09
300.079
300.068
300.059
300.051
300.044
300.037
300.032
300.027
300.023
300.019
300.016
300.014
300.011
300.009
300.008
300.006
300.005
344.86
345.959
347.063
348.169
349.274
350.373
351.461
352.534
353.587
354.615
355.612
356.573
357.492
358.363
359.18
359.939
360.632
361.256
361.804
362.272
362.656
362.951
363.155
363.264
363.276
363.189
363.003
362.717
362.332
361.849
361.27
360.599
359.84
358.997
358.076
357.083
356.024
354.908
353.74
352.529
351.282
350.007
348.709
347.397
346.075
344.75
343.427
342.113
340.811
339.525
338.257
337.01
335.786
334.586
333.413
332.267
331.149
330.059
328.998
327.965
326.961
325.984
325.036
324.114
323.22
322.351
321.509
320.691
319.898
319.128
318.382
317.658
316.957
316.276
315.617
314.978
314.359
313.759
313.178
312.616
312.071
311.545
311.035
310.542
310.065
309.604
309.159
308.729
308.314
307.914
307.527
307.155
306.796
306.45
306.117
305.797
305.488
305.192
304.908
304.635
304.374
304.123
303.883
303.654
303.434
303.224
303.024
302.833
302.651
302.478
302.314
302.157
302.009
301.868
301.735
301.609
301.49
301.377
301.272
301.172
301.079
300.991
300.909
300.832
300.76
300.693
300.631
300.573
300.52
300.47
300.425
300.383
300.344
300.308
300.276
300.246
300.219
300.195
300.172
300.152
300.134
300.118
300.103
300.09
300.078
300.068
300.059
300.051
300.044
300.037
300.032
300.027
300.023
300.019
300.016
300.014
300.011
300.009
300.008
300.006
300.005
342.377
343.371
344.371
345.375
346.378
347.378
348.372
349.355
350.324
351.274
352.201
353.1
353.967
354.797
355.584
356.324
357.012
357.644
358.213
358.717
359.15
359.508
359.788
359.986
360.1
360.126
360.063
359.909
359.665
359.328
358.902
358.386
357.783
357.097
356.332
355.491
354.581
353.608
352.578
351.497
350.373
349.212
348.021
346.806
345.575
344.332
343.085
341.836
340.592
339.358
338.136
336.931
335.743
334.577
333.432
332.31
331.214
330.142
329.096
328.076
327.082
326.114
325.172
324.255
323.364
322.497
321.655
320.837
320.042
319.27
318.521
317.793
317.087
316.402
315.738
315.094
314.469
313.864
313.277
312.709
312.159
311.626
311.111
310.613
310.131
309.665
309.215
308.78
308.36
307.956
307.565
307.189
306.826
306.477
306.141
305.818
305.507
305.209
304.922
304.648
304.384
304.132
303.89
303.659
303.439
303.228
303.027
302.835
302.652
302.479
302.313
302.157
302.008
301.867
301.733
301.607
301.488
301.375
301.269
301.17
301.076
300.989
300.907
300.83
300.758
300.691
300.629
300.572
300.518
300.469
300.423
300.381
300.343
300.307
300.275
300.245
300.218
300.194
300.172
300.152
300.134
300.117
300.103
300.09
300.078
300.068
300.059
300.051
300.043
300.037
300.032
300.027
300.023
300.019
300.016
300.013
300.011
300.009
300.008
300.006
300.005
339.992
340.893
341.799
342.71
343.622
344.533
345.44
346.34
347.23
348.107
348.967
349.805
350.62
351.405
352.157
352.872
353.546
354.174
354.752
355.276
355.741
356.144
356.481
356.749
356.943
357.061
357.101
357.059
356.936
356.728
356.437
356.062
355.604
355.065
354.448
353.755
352.991
352.161
351.269
350.322
349.325
348.284
347.207
346.099
344.966
343.814
342.65
341.478
340.303
339.13
337.963
336.805
335.66
334.53
333.419
332.326
331.254
330.204
329.176
328.172
327.19
326.233
325.299
324.388
323.502
322.638
321.797
320.979
320.183
319.409
318.657
317.926
317.216
316.527
315.857
315.208
314.578
313.967
313.375
312.801
312.245
311.707
311.186
310.682
310.194
309.723
309.268
308.829
308.405
307.995
307.601
307.221
306.854
306.502
306.163
305.837
305.523
305.223
304.934
304.657
304.392
304.138
303.895
303.663
303.441
303.229
303.027
302.835
302.651
302.477
302.311
302.154
302.005
301.864
301.73
301.604
301.484
301.372
301.266
301.166
301.073
300.985
300.903
300.827
300.755
300.689
300.627
300.569
300.516
300.467
300.421
300.38
300.341
300.306
300.274
300.244
300.217
300.193
300.171
300.151
300.133
300.117
300.102
300.089
300.078
300.067
300.058
300.05
300.043
300.037
300.032
300.027
300.023
300.019
300.016
300.013
300.011
300.009
300.008
300.006
300.005
337.7
338.516
339.338
340.164
340.993
341.822
342.65
343.474
344.29
345.098
345.893
346.673
347.434
348.174
348.887
349.572
350.224
350.84
351.415
351.947
352.43
352.862
353.239
353.557
353.814
354.004
354.127
354.178
354.157
354.06
353.887
353.637
353.31
352.906
352.426
351.873
351.249
350.558
349.803
348.99
348.122
347.206
346.248
345.252
344.225
343.172
342.099
341.011
339.914
338.811
337.707
336.607
335.512
334.428
333.355
332.297
331.254
330.229
329.223
328.237
327.272
326.327
325.404
324.501
323.621
322.761
321.923
321.107
320.311
319.536
318.782
318.049
317.335
316.642
315.968
315.314
314.679
314.063
313.465
312.886
312.324
311.78
311.254
310.745
310.252
309.776
309.316
308.872
308.444
308.03
307.632
307.248
306.878
306.522
306.18
305.852
305.536
305.233
304.942
304.663
304.396
304.141
303.897
303.663
303.44
303.227
303.024
302.831
302.647
302.472
302.306
302.149
301.999
301.858
301.724
301.598
301.479
301.366
301.261
301.161
301.068
300.981
300.899
300.823
300.751
300.685
300.623
300.566
300.513
300.464
300.419
300.377
300.339
300.304
300.272
300.242
300.216
300.192
300.17
300.15
300.132
300.116
300.101
300.089
300.077
300.067
300.058
300.05
300.043
300.037
300.031
300.027
300.023
300.019
300.016
300.013
300.011
300.009
300.008
300.006
300.005
335.49
336.229
336.974
337.724
338.477
339.232
339.986
340.739
341.487
342.23
342.963
343.686
344.394
345.087
345.759
346.41
347.034
347.63
348.194
348.723
349.213
349.66
350.062
350.416
350.717
350.962
351.15
351.276
351.338
351.334
351.262
351.12
350.907
350.624
350.27
349.845
349.353
348.793
348.171
347.488
346.75
345.959
345.122
344.242
343.326
342.378
341.404
340.408
339.395
338.37
337.338
336.303
335.267
334.235
333.209
332.192
331.186
330.193
329.215
328.252
327.307
326.378
325.469
324.577
323.705
322.853
322.019
321.206
320.412
319.638
318.884
318.149
317.433
316.737
316.06
315.402
314.763
314.142
313.54
312.956
312.39
311.841
311.31
310.796
310.299
309.818
309.354
308.906
308.473
308.056
307.654
307.267
306.894
306.536
306.191
305.86
305.542
305.236
304.944
304.663
304.395
304.138
303.893
303.658
303.434
303.221
303.017
302.824
302.639
302.464
302.298
302.14
301.991
301.85
301.716
301.59
301.471
301.359
301.253
301.154
301.061
300.974
300.893
300.817
300.746
300.68
300.618
300.562
300.509
300.46
300.415
300.374
300.336
300.301
300.269
300.24
300.214
300.19
300.168
300.148
300.131
300.115
300.1
300.088
300.076
300.066
300.057
300.049
300.042
300.036
300.031
300.026
300.022
300.019
300.016
300.013
300.011
300.009
300.007
300.006
300.005
333.351
334.021
334.696
335.376
336.06
336.746
337.433
338.119
338.804
339.484
340.159
340.826
341.482
342.127
342.757
343.369
343.962
344.533
345.078
345.595
346.081
346.533
346.948
347.322
347.653
347.938
348.173
348.356
348.485
348.555
348.567
348.516
348.402
348.224
347.98
347.672
347.299
346.862
346.364
345.807
345.192
344.525
343.808
343.046
342.243
341.403
340.532
339.633
338.712
337.773
336.82
335.857
334.888
333.916
332.945
331.977
331.015
330.061
329.116
328.183
327.263
326.357
325.466
324.59
323.731
322.889
322.064
321.257
320.469
319.698
318.945
318.212
317.496
316.799
316.121
315.461
314.819
314.196
313.59
313.003
312.433
311.881
311.346
310.829
310.328
309.844
309.376
308.925
308.489
308.069
307.664
307.274
306.899
306.538
306.191
305.858
305.538
305.231
304.937
304.655
304.386
304.128
303.882
303.646
303.422
303.208
303.004
302.811
302.626
302.451
302.285
302.128
301.978
301.837
301.704
301.578
301.46
301.348
301.243
301.144
301.052
300.966
300.885
300.809
300.739
300.673
300.612
300.556
300.504
300.455
300.411
300.37
300.332
300.298
300.266
300.237
300.211
300.188
300.166
300.147
300.129
300.113
300.099
300.087
300.075
300.065
300.057
300.049
300.042
300.036
300.031
300.026
300.022
300.019
300.016
300.013
300.011
300.009
300.007
300.006
300.005
331.27
331.876
332.487
333.103
333.723
334.346
334.97
335.595
336.219
336.841
337.46
338.072
338.678
339.275
339.861
340.434
340.992
341.532
342.053
342.551
343.025
343.472
343.888
344.272
344.62
344.929
345.198
345.422
345.6
345.729
345.807
345.83
345.798
345.709
345.561
345.353
345.087
344.76
344.376
343.934
343.437
342.887
342.286
341.639
340.949
340.218
339.452
338.655
337.83
336.981
336.114
335.23
334.335
333.431
332.522
331.611
330.7
329.792
328.889
327.993
327.105
326.228
325.362
324.508
323.668
322.842
322.031
321.235
320.455
319.692
318.945
318.216
317.504
316.81
316.133
315.474
314.832
314.208
313.602
313.014
312.442
311.889
311.352
310.832
310.33
309.844
309.374
308.92
308.483
308.061
307.654
307.263
306.886
306.524
306.175
305.841
305.52
305.213
304.918
304.636
304.366
304.108
303.861
303.626
303.402
303.188
302.984
302.791
302.607
302.432
302.266
302.109
301.961
301.82
301.688
301.563
301.445
301.334
301.23
301.132
301.04
300.954
300.874
300.799
300.729
300.665
300.604
300.548
300.497
300.449
300.405
300.365
300.328
300.293
300.262
300.234
300.208
300.185
300.164
300.144
300.127
300.112
300.098
300.085
300.074
300.064
300.056
300.048
300.041
300.035
300.03
300.026
300.022
300.018
300.015
300.013
300.011
300.009
300.007
300.006
300.005
329.233
329.78
330.333
330.89
331.45
332.014
332.58
333.147
333.715
334.281
334.845
335.406
335.961
336.511
337.052
337.584
338.104
338.611
339.103
339.577
340.032
340.465
340.874
341.256
341.61
341.932
342.22
342.472
342.685
342.856
342.984
343.065
343.098
343.081
343.012
342.89
342.715
342.485
342.201
341.864
341.473
341.032
340.541
340.003
339.421
338.798
338.136
337.44
336.713
335.958
335.18
334.381
333.565
332.736
331.896
331.049
330.197
329.343
328.489
327.638
326.791
325.95
325.117
324.292
323.478
322.675
321.884
321.106
320.342
319.592
318.857
318.137
317.433
316.746
316.075
315.421
314.783
314.163
313.559
312.972
312.403
311.85
311.315
310.796
310.293
309.808
309.338
308.885
308.447
308.025
307.618
307.227
306.85
306.488
306.139
305.805
305.485
305.177
304.883
304.601
304.332
304.074
303.828
303.594
303.37
303.157
302.955
302.762
302.579
302.405
302.241
302.085
301.937
301.798
301.666
301.542
301.425
301.316
301.212
301.116
301.025
300.94
300.861
300.787
300.718
300.654
300.594
300.539
300.488
300.441
300.398
300.358
300.322
300.288
300.258
300.23
300.204
300.181
300.161
300.142
300.125
300.11
300.096
300.084
300.073
300.063
300.055
300.047
300.04
300.035
300.03
300.025
300.021
300.018
300.015
300.013
300.01
300.009
300.007
300.006
300.005
327.222
327.715
328.213
328.715
329.221
329.73
330.241
330.754
331.267
331.78
332.293
332.803
333.31
333.812
334.309
334.798
335.279
335.75
336.209
336.654
337.085
337.498
337.892
338.265
338.614
338.939
339.235
339.501
339.735
339.935
340.097
340.221
340.303
340.342
340.336
340.284
340.184
340.036
339.838
339.591
339.295
338.951
338.559
338.123
337.642
337.12
336.559
335.962
335.332
334.671
333.984
333.272
332.54
331.789
331.024
330.248
329.462
328.669
327.873
327.074
326.276
325.48
324.688
323.901
323.121
322.35
321.587
320.835
320.094
319.365
318.648
317.945
317.256
316.582
315.922
315.278
314.65
314.038
313.441
312.861
312.298
311.75
311.219
310.704
310.206
309.723
309.257
308.806
308.371
307.952
307.547
307.158
306.783
306.423
306.077
305.744
305.426
305.12
304.828
304.548
304.28
304.024
303.78
303.547
303.326
303.114
302.913
302.722
302.541
302.369
302.206
302.052
301.906
301.768
301.638
301.516
301.401
301.292
301.19
301.095
301.006
300.922
300.844
300.771
300.704
300.641
300.582
300.528
300.478
300.432
300.39
300.351
300.315
300.282
300.252
300.225
300.2
300.177
300.157
300.138
300.122
300.107
300.094
300.082
300.071
300.062
300.053
300.046
300.039
300.034
300.029
300.024
300.021
300.017
300.015
300.012
300.01
300.008
300.007
300.006
300.005
325.221
325.664
326.111
326.562
327.016
327.473
327.932
328.394
328.856
329.319
329.781
330.243
330.702
331.158
331.61
332.057
332.497
332.93
333.353
333.767
334.168
334.556
334.929
335.285
335.622
335.939
336.234
336.504
336.747
336.962
337.146
337.298
337.414
337.494
337.536
337.537
337.497
337.414
337.287
337.116
336.901
336.641
336.337
335.991
335.602
335.174
334.707
334.203
333.666
333.097
332.499
331.875
331.228
330.559
329.873
329.172
328.457
327.733
327
326.262
325.521
324.778
324.036
323.295
322.558
321.827
321.102
320.384
319.675
318.976
318.286
317.608
316.942
316.288
315.648
315.021
314.409
313.811
313.228
312.66
312.108
311.571
311.049
310.543
310.053
309.578
309.118
308.674
308.245
307.831
307.432
307.048
306.678
306.322
305.98
305.652
305.337
305.036
304.747
304.47
304.206
303.954
303.713
303.483
303.264
303.056
302.858
302.67
302.491
302.322
302.161
302.01
301.866
301.731
301.603
301.483
301.369
301.263
301.163
301.07
300.982
300.9
300.824
300.752
300.686
300.625
300.568
300.515
300.466
300.421
300.379
300.341
300.306
300.274
300.245
300.218
300.194
300.172
300.152
300.135
300.118
300.104
300.091
300.079
300.069
300.06
300.052
300.045
300.038
300.033
300.028
300.024
300.02
300.017
300.014
300.012
300.01
300.008
300.007
300.005
300.004
323.215
323.61
324.009
324.411
324.816
325.225
325.635
326.048
326.461
326.876
327.29
327.704
328.117
328.527
328.935
329.339
329.738
330.131
330.517
330.896
331.265
331.624
331.97
332.304
332.622
332.924
333.208
333.473
333.715
333.934
334.128
334.295
334.433
334.539
334.614
334.654
334.658
334.625
334.555
334.445
334.295
334.106
333.877
333.609
333.301
332.956
332.574
332.157
331.706
331.225
330.713
330.175
329.612
329.026
328.42
327.796
327.158
326.506
325.843
325.172
324.495
323.813
323.128
322.442
321.758
321.075
320.396
319.722
319.054
318.393
317.74
317.097
316.462
315.838
315.225
314.624
314.036
313.46
312.897
312.349
311.814
311.293
310.787
310.296
309.819
309.356
308.909
308.475
308.057
307.653
307.263
306.887
306.526
306.177
305.843
305.522
305.214
304.918
304.635
304.365
304.106
303.859
303.623
303.398
303.183
302.98
302.786
302.602
302.427
302.261
302.104
301.956
301.816
301.684
301.559
301.441
301.331
301.227
301.13
301.038
300.953
300.873
300.799
300.73
300.665
300.605
300.55
300.499
300.451
300.407
300.367
300.33
300.296
300.265
300.237
300.211
300.188
300.167
300.147
300.13
300.114
300.1
300.088
300.077
300.067
300.058
300.05
300.043
300.037
300.032
300.027
300.023
300.019
300.016
300.014
300.011
300.009
300.008
300.006
300.005
300.004
321.19
321.54
321.893
322.25
322.609
322.971
323.335
323.7
324.067
324.435
324.803
325.171
325.539
325.904
326.268
326.629
326.986
327.339
327.687
328.029
328.363
328.689
329.006
329.312
329.606
329.887
330.154
330.404
330.637
330.851
331.044
331.215
331.362
331.484
331.578
331.643
331.678
331.682
331.653
331.59
331.492
331.36
331.192
330.989
330.75
330.477
330.171
329.831
329.46
329.058
328.628
328.171
327.69
327.185
326.659
326.115
325.554
324.978
324.389
323.79
323.182
322.567
321.947
321.324
320.699
320.073
319.449
318.827
318.209
317.595
316.988
316.387
315.794
315.209
314.632
314.066
313.51
312.964
312.43
311.909
311.399
310.902
310.418
309.947
309.49
309.046
308.616
308.199
307.796
307.406
307.03
306.667
306.318
305.981
305.658
305.347
305.048
304.762
304.488
304.225
303.975
303.735
303.506
303.288
303.08
302.882
302.694
302.516
302.346
302.186
302.034
301.89
301.754
301.626
301.505
301.391
301.284
301.184
301.089
301.001
300.919
300.842
300.77
300.703
300.641
300.583
300.529
300.48
300.434
300.392
300.353
300.317
300.285
300.255
300.228
300.203
300.18
300.16
300.141
300.125
300.11
300.096
300.084
300.073
300.064
300.055
300.048
300.041
300.035
300.03
300.026
300.022
300.019
300.016
300.013
300.011
300.009
300.007
300.006
300.005
300.004
319.141
319.448
319.758
320.07
320.386
320.703
321.022
321.343
321.665
321.988
322.311
322.634
322.957
323.279
323.6
323.918
324.234
324.546
324.854
325.157
325.455
325.746
326.03
326.305
326.571
326.826
327.07
327.3
327.517
327.718
327.902
328.068
328.215
328.34
328.443
328.522
328.575
328.603
328.602
328.573
328.515
328.426
328.307
328.157
327.976
327.764
327.522
327.25
326.949
326.621
326.266
325.885
325.481
325.054
324.606
324.14
323.656
323.157
322.645
322.12
321.586
321.043
320.493
319.937
319.378
318.817
318.254
317.692
317.131
316.573
316.019
315.469
314.925
314.387
313.856
313.332
312.817
312.311
311.814
311.326
310.85
310.384
309.93
309.487
309.056
308.637
308.23
307.835
307.453
307.083
306.725
306.38
306.047
305.727
305.418
305.121
304.836
304.562
304.3
304.049
303.808
303.579
303.36
303.15
302.951
302.761
302.581
302.41
302.247
302.093
301.947
301.809
301.679
301.556
301.44
301.331
301.228
301.132
301.042
300.957
300.878
300.804
300.735
300.671
300.612
300.556
300.505
300.458
300.414
300.374
300.337
300.303
300.271
300.243
300.217
300.193
300.172
300.152
300.135
300.119
300.104
300.092
300.08
300.07
300.061
300.053
300.046
300.039
300.034
300.029
300.025
300.021
300.018
300.015
300.012
300.01
300.009
300.007
300.006
300.005
300.004
317.069
317.335
317.604
317.874
318.147
318.422
318.698
318.976
319.255
319.534
319.814
320.094
320.374
320.653
320.931
321.207
321.481
321.753
322.021
322.285
322.545
322.8
323.048
323.29
323.525
323.751
323.967
324.173
324.368
324.551
324.719
324.873
325.011
325.132
325.234
325.317
325.38
325.42
325.438
325.431
325.401
325.345
325.263
325.154
325.02
324.859
324.671
324.458
324.219
323.955
323.667
323.356
323.023
322.67
322.297
321.906
321.498
321.075
320.639
320.19
319.73
319.261
318.784
318.301
317.812
317.319
316.824
316.327
315.83
315.334
314.839
314.347
313.858
313.374
312.895
312.422
311.955
311.495
311.043
310.598
310.162
309.734
309.316
308.908
308.51
308.122
307.745
307.378
307.023
306.678
306.344
306.022
305.71
305.409
305.12
304.841
304.573
304.315
304.068
303.832
303.605
303.388
303.181
302.983
302.795
302.615
302.445
302.283
302.129
301.983
301.844
301.714
301.59
301.473
301.363
301.26
301.163
301.071
300.986
300.906
300.831
300.761
300.695
300.635
300.578
300.526
300.477
300.433
300.391
300.353
300.318
300.286
300.256
300.229
300.205
300.182
300.162
300.144
300.127
300.112
300.098
300.086
300.076
300.066
300.057
300.05
300.043
300.037
300.032
300.027
300.023
300.02
300.017
300.014
300.012
300.01
300.008
300.007
300.005
300.004
300.004
314.988
315.215
315.444
315.674
315.907
316.14
316.376
316.612
316.849
317.087
317.325
317.564
317.802
318.039
318.276
318.511
318.744
318.976
319.204
319.43
319.652
319.869
320.082
320.29
320.491
320.685
320.872
321.051
321.221
321.38
321.529
321.665
321.789
321.899
321.995
322.074
322.137
322.183
322.21
322.217
322.205
322.171
322.117
322.041
321.943
321.823
321.68
321.516
321.33
321.123
320.895
320.646
320.379
320.093
319.789
319.469
319.134
318.784
318.422
318.047
317.662
317.267
316.864
316.453
316.037
315.615
315.19
314.762
314.332
313.902
313.471
313.041
312.614
312.188
311.767
311.349
310.936
310.528
310.126
309.73
309.34
308.957
308.582
308.214
307.855
307.504
307.162
306.829
306.505
306.191
305.886
305.591
305.305
305.029
304.762
304.506
304.258
304.021
303.792
303.573
303.363
303.162
302.97
302.786
302.611
302.444
302.285
302.133
301.99
301.854
301.725
301.602
301.487
301.378
301.275
301.179
301.088
301.002
300.922
300.847
300.777
300.711
300.65
300.593
300.541
300.492
300.446
300.404
300.365
300.33
300.297
300.267
300.239
300.214
300.191
300.17
300.151
300.134
300.118
300.104
300.092
300.081
300.07
300.061
300.053
300.046
300.04
300.034
300.029
300.025
300.021
300.018
300.015
300.013
300.011
300.009
300.007
300.006
300.005
300.004
300.003
312.922
313.111
313.303
313.495
313.689
313.884
314.081
314.278
314.475
314.674
314.872
315.071
315.269
315.467
315.663
315.859
316.053
316.246
316.436
316.624
316.809
316.99
317.167
317.34
317.508
317.671
317.827
317.977
318.12
318.254
318.38
318.497
318.603
318.698
318.782
318.854
318.912
318.956
318.986
319
318.999
318.981
318.946
318.894
318.824
318.736
318.631
318.507
318.366
318.207
318.031
317.837
317.628
317.402
317.162
316.907
316.639
316.358
316.065
315.761
315.447
315.123
314.792
314.453
314.108
313.758
313.403
313.044
312.683
312.32
311.955
311.591
311.226
310.863
310.501
310.142
309.786
309.434
309.085
308.742
308.403
308.069
307.74
307.418
307.102
306.793
306.491
306.196
305.908
305.629
305.357
305.093
304.837
304.589
304.35
304.119
303.896
303.681
303.474
303.275
303.085
302.902
302.727
302.559
302.4
302.247
302.102
301.963
301.832
301.707
301.589
301.477
301.37
301.27
301.176
301.087
301.003
300.924
300.851
300.781
300.717
300.656
300.6
300.548
300.499
300.454
300.412
300.373
300.337
300.304
300.274
300.246
300.221
300.197
300.176
300.157
300.139
300.124
300.109
300.096
300.085
300.074
300.065
300.057
300.049
300.043
300.037
300.032
300.027
300.023
300.02
300.017
300.014
300.012
300.01
300.008
300.007
300.006
300.005
300.004
300.003
310.907
311.061
311.217
311.375
311.533
311.692
311.852
312.012
312.173
312.334
312.495
312.656
312.817
312.978
313.137
313.296
313.454
313.61
313.764
313.916
314.065
314.212
314.355
314.495
314.631
314.763
314.89
315.011
315.127
315.237
315.339
315.435
315.522
315.601
315.671
315.731
315.782
315.821
315.85
315.866
315.87
315.862
315.84
315.806
315.757
315.695
315.618
315.528
315.423
315.304
315.172
315.026
314.866
314.694
314.509
314.312
314.104
313.884
313.655
313.416
313.168
312.911
312.647
312.376
312.099
311.817
311.53
311.239
310.944
310.647
310.348
310.047
309.746
309.445
309.144
308.845
308.547
308.251
307.958
307.667
307.381
307.098
306.819
306.544
306.274
306.01
305.75
305.496
305.248
305.006
304.77
304.54
304.317
304.101
303.891
303.688
303.492
303.302
303.12
302.944
302.775
302.613
302.457
302.308
302.165
302.029
301.899
301.775
301.657
301.545
301.439
301.338
301.242
301.152
301.067
300.986
300.91
300.839
300.772
300.71
300.651
300.596
300.545
300.498
300.453
300.412
300.374
300.339
300.307
300.277
300.249
300.224
300.201
300.18
300.16
300.143
300.127
300.112
300.099
300.087
300.077
300.067
300.059
300.051
300.045
300.039
300.033
300.029
300.025
300.021
300.018
300.015
300.013
300.011
300.009
300.007
300.006
300.005
300.004
300.003
300.003
308.988
309.111
309.234
309.359
309.485
309.611
309.737
309.864
309.991
310.119
310.246
310.373
310.5
310.626
310.752
310.877
311.001
311.123
311.244
311.364
311.481
311.596
311.709
311.818
311.925
312.028
312.127
312.223
312.313
312.399
312.48
312.555
312.624
312.687
312.742
312.791
312.832
312.865
312.89
312.905
312.912
312.909
312.897
312.874
312.841
312.798
312.744
312.679
312.604
312.518
312.422
312.315
312.197
312.069
311.932
311.785
311.628
311.463
311.289
311.107
310.918
310.721
310.518
310.309
310.094
309.874
309.649
309.42
309.188
308.953
308.716
308.477
308.236
307.994
307.752
307.51
307.269
307.028
306.789
306.552
306.317
306.084
305.855
305.628
305.404
305.184
304.968
304.756
304.548
304.345
304.146
303.952
303.763
303.579
303.401
303.227
303.06
302.897
302.74
302.589
302.443
302.303
302.168
302.038
301.914
301.795
301.682
301.573
301.47
301.372
301.278
301.189
301.105
301.025
300.95
300.879
300.812
300.749
300.689
300.634
300.582
300.533
300.487
300.445
300.406
300.369
300.335
300.303
300.274
300.248
300.223
300.2
300.18
300.161
300.144
300.128
300.114
300.101
300.089
300.078
300.069
300.06
300.053
300.046
300.04
300.035
300.03
300.026
300.022
300.019
300.016
300.014
300.011
300.01
300.008
300.007
300.005
300.004
300.004
300.003
300.002
307.215
307.31
307.405
307.501
307.597
307.694
307.791
307.889
307.986
308.083
308.181
308.278
308.375
308.471
308.567
308.662
308.756
308.85
308.942
309.032
309.121
309.208
309.294
309.377
309.457
309.535
309.61
309.683
309.751
309.816
309.877
309.934
309.987
310.034
310.077
310.115
310.147
310.173
310.193
310.206
310.214
310.214
310.207
310.193
310.171
310.142
310.106
310.061
310.009
309.949
309.881
309.805
309.721
309.63
309.531
309.425
309.312
309.191
309.064
308.931
308.791
308.646
308.495
308.339
308.178
308.013
307.844
307.671
307.494
307.315
307.133
306.95
306.764
306.577
306.389
306.2
306.011
305.822
305.634
305.447
305.26
305.075
304.892
304.71
304.531
304.354
304.18
304.008
303.84
303.674
303.512
303.353
303.198
303.047
302.9
302.756
302.617
302.482
302.351
302.224
302.102
301.984
301.87
301.761
301.655
301.554
301.458
301.365
301.277
301.193
301.113
301.036
300.964
300.895
300.83
300.768
300.71
300.655
300.604
300.556
300.51
300.468
300.428
300.391
300.356
300.324
300.295
300.267
300.242
300.218
300.197
300.177
300.158
300.142
300.127
300.113
300.1
300.089
300.078
300.069
300.061
300.053
300.047
300.041
300.035
300.03
300.026
300.023
300.019
300.017
300.014
300.012
300.01
300.008
300.007
300.006
300.005
300.004
300.003
300.002
300.002
305.639
305.709
305.78
305.852
305.923
305.995
306.067
306.139
306.212
306.284
306.356
306.427
306.499
306.57
306.641
306.711
306.78
306.848
306.916
306.982
307.047
307.111
307.174
307.234
307.293
307.35
307.405
307.458
307.508
307.555
307.6
307.642
307.68
307.715
307.747
307.775
307.799
307.819
307.834
307.845
307.852
307.854
307.85
307.842
307.829
307.81
307.786
307.757
307.722
307.681
307.635
307.583
307.526
307.463
307.394
307.321
307.242
307.157
307.068
306.974
306.875
306.772
306.664
306.552
306.436
306.317
306.194
306.068
305.939
305.807
305.673
305.537
305.399
305.259
305.118
304.977
304.834
304.691
304.548
304.405
304.262
304.12
303.979
303.838
303.699
303.562
303.426
303.292
303.159
303.029
302.901
302.775
302.652
302.531
302.413
302.298
302.186
302.076
301.97
301.867
301.767
301.671
301.578
301.488
301.401
301.317
301.237
301.16
301.087
301.017
300.949
300.885
300.824
300.766
300.711
300.659
300.61
300.564
300.52
300.479
300.44
300.404
300.37
300.338
300.308
300.281
300.255
300.231
300.209
300.189
300.17
300.153
300.138
300.123
300.11
300.098
300.087
300.077
300.068
300.06
300.053
300.046
300.04
300.035
300.031
300.027
300.023
300.02
300.017
300.014
300.012
300.01
300.009
300.007
300.006
300.005
300.004
300.003
300.003
300.002
300.002
304.304
304.355
304.406
304.458
304.509
304.561
304.613
304.664
304.716
304.768
304.819
304.871
304.922
304.972
305.023
305.072
305.122
305.17
305.218
305.265
305.312
305.357
305.401
305.444
305.486
305.526
305.565
305.602
305.638
305.671
305.703
305.732
305.76
305.785
305.808
305.828
305.845
305.86
305.872
305.88
305.886
305.888
305.887
305.883
305.875
305.864
305.849
305.83
305.808
305.781
305.751
305.717
305.679
305.638
305.592
305.543
305.49
305.433
305.373
305.308
305.241
305.17
305.096
305.018
304.938
304.855
304.769
304.68
304.589
304.496
304.4
304.303
304.204
304.104
304.002
303.899
303.795
303.691
303.585
303.48
303.374
303.268
303.163
303.058
302.953
302.849
302.746
302.644
302.543
302.444
302.345
302.248
302.153
302.059
301.967
301.877
301.789
301.703
301.62
301.538
301.459
301.382
301.307
301.235
301.165
301.097
301.032
300.97
300.91
300.852
300.797
300.745
300.694
300.646
300.601
300.558
300.517
300.478
300.441
300.407
300.374
300.344
300.315
300.288
300.263
300.24
300.218
300.198
300.179
300.162
300.146
300.132
300.118
300.106
300.095
300.084
300.075
300.066
300.059
300.052
300.046
300.04
300.035
300.03
300.026
300.023
300.02
300.017
300.014
300.012
300.01
300.009
300.007
300.006
300.005
300.004
300.003
300.003
300.002
300.002
300.001
303.248
303.284
303.32
303.356
303.393
303.429
303.466
303.502
303.538
303.574
303.611
303.646
303.682
303.717
303.753
303.787
303.822
303.855
303.889
303.921
303.954
303.985
304.016
304.045
304.074
304.102
304.129
304.155
304.18
304.203
304.225
304.246
304.265
304.283
304.299
304.313
304.326
304.336
304.345
304.352
304.357
304.359
304.36
304.358
304.354
304.347
304.338
304.327
304.313
304.297
304.278
304.256
304.232
304.205
304.176
304.144
304.109
304.072
304.032
303.989
303.945
303.897
303.847
303.795
303.741
303.685
303.626
303.565
303.503
303.438
303.372
303.304
303.235
303.165
303.093
303.02
302.946
302.871
302.795
302.719
302.643
302.566
302.489
302.411
302.334
302.257
302.181
302.104
302.029
301.954
301.879
301.806
301.733
301.662
301.591
301.522
301.454
301.387
301.322
301.258
301.196
301.135
301.076
301.018
300.963
300.909
300.857
300.806
300.758
300.711
300.666
300.623
300.582
300.543
300.506
300.47
300.436
300.404
300.373
300.345
300.317
300.292
300.268
300.245
300.224
300.205
300.186
300.169
300.153
300.139
300.125
300.113
300.101
300.091
300.081
300.072
300.064
300.057
300.05
300.045
300.039
300.034
300.03
300.026
300.023
300.02
300.017
300.015
300.012
300.011
300.009
300.008
300.006
300.005
300.004
300.004
300.003
300.002
300.002
300.001
300.001
302.503
302.529
302.555
302.58
302.606
302.632
302.658
302.684
302.71
302.736
302.761
302.787
302.812
302.837
302.862
302.887
302.911
302.935
302.958
302.981
303.004
303.026
303.048
303.069
303.089
303.109
303.128
303.146
303.163
303.18
303.196
303.211
303.224
303.237
303.249
303.259
303.268
303.276
303.283
303.288
303.292
303.295
303.296
303.296
303.294
303.29
303.285
303.278
303.27
303.26
303.248
303.234
303.219
303.201
303.182
303.161
303.139
303.114
303.088
303.059
303.029
302.997
302.964
302.928
302.891
302.852
302.812
302.77
302.727
302.682
302.635
302.588
302.539
302.488
302.437
302.385
302.332
302.277
302.222
302.167
302.111
302.054
301.997
301.939
301.881
301.824
301.766
301.708
301.65
301.593
301.536
301.479
301.423
301.367
301.312
301.257
301.204
301.151
301.099
301.048
300.999
300.95
300.902
300.856
300.811
300.767
300.724
300.683
300.643
300.604
300.567
300.532
300.497
300.465
300.433
300.403
300.375
300.348
300.322
300.297
300.274
300.253
300.232
300.213
300.195
300.178
300.162
300.147
300.134
300.121
300.109
300.099
300.089
300.079
300.071
300.063
300.056
300.05
300.044
300.039
300.034
300.03
300.026
300.023
300.02
300.017
300.015
300.013
300.011
300.009
300.008
300.007
300.006
300.005
300.004
300.003
300.002
300.002
300.002
300.001
300.001
302.103
302.124
302.144
302.165
302.185
302.206
302.226
302.247
302.267
302.287
302.307
302.327
302.347
302.367
302.386
302.406
302.425
302.443
302.462
302.48
302.498
302.515
302.532
302.548
302.564
302.58
302.595
302.609
302.623
302.636
302.648
302.66
302.671
302.681
302.69
302.699
302.706
302.713
302.719
302.723
302.727
302.73
302.731
302.731
302.731
302.729
302.725
302.721
302.715
302.708
302.699
302.69
302.679
302.666
302.652
302.637
302.62
302.602
302.582
302.561
302.538
302.514
302.489
302.462
302.434
302.404
302.373
302.341
302.307
302.273
302.237
302.199
302.161
302.121
302.081
302.039
301.997
301.954
301.91
301.865
301.82
301.774
301.727
301.68
301.633
301.585
301.538
301.49
301.442
301.394
301.346
301.298
301.251
301.204
301.157
301.111
301.065
301.02
300.976
300.932
300.889
300.847
300.805
300.765
300.726
300.687
300.65
300.614
300.579
300.545
300.512
300.48
300.45
300.421
300.393
300.366
300.34
300.316
300.293
300.271
300.25
300.23
300.212
300.194
300.178
300.163
300.148
300.135
300.123
300.111
300.1
300.09
300.081
300.073
300.065
300.058
300.052
300.046
300.041
300.036
300.032
300.028
300.024
300.021
300.018
300.016
300.014
300.012
300.01
300.009
300.007
300.006
300.005
300.004
300.003
300.003
300.002
300.002
300.001
300.001
300.001
300.003
300.001
300.001
300
300
300
300
300
300
300
300
300
300
300
300
300
300
300
300
300
300
300
300
300
300
300
300
300
300
300
300
300
300
300
300
300
300
300
300
300
300
300
300
300
300
300
300
300
300
300
300
300.003
300.001
300.001
300
300
300
300
300
300
300
300
300
300
300
300
300
300
300
300
300
300
300
300
300
300
300
300
300
300
300
300
300
300
300
300
300
300
300
300
300
300
300
300
300
300
300
300
300
300
300
300
300.003
300.001
300.001
300
300
300
300
300
300
300
300
300
300
300
300
300
300
300
300
300
300
300
300
300
300
300
300
300
300
300
300
300
300
300
300
300
300
300
300
300
300
300
300
300
300
300
300
300
300
300
300
300.003
300.001
300.001
300
300
300
300
300
300
300
300
300
300
300
300
300
300
300
300
300
300
300
300
300
300
300
300
300
300
300
300
300
300
300
300
300
300
300
300
300
300
300
300
300
300
300
300
300
300
300
300
300.003
300.001
300.001
300
300
300
300
300
300
300
300
300
300
300
300
300
300
300
300
300
300
300
300
300
300
300
300
300
300
300
300
300
300
300
300
300
300
300
300
300
300
300
300
300
300
300
300
300
300
300
300
300.003
300.001
300.001
300
300
300
300
300
300
300
300
300
300
300
300
300
300
300
300
300
300
300
300
300
300
300
300
300
300
300
300
300
300
300
300
300
300
300
300
300
300
300
300
300
300
300
300
300
300
300
300
300.003
300.001
300.001
300
300
300
300
300
300
300
300
300
300
300
300
300
300
300
300
300
300
300
300
300
300
300
300
300
300
300
300
300
300
300
300
300
300
300
300
300
300
300
300
300
300
300
300
300
300
300
300
300.003
300.001
300.001
300
300
300
300
300
300
300
300
300
300
300
300
300
300
300
300
300
300
300
300
300
300
300
300
300
300
300
300
300
300
300
300
300
300
300
300
300
300
300
300
300
300
300
300
300
300
300
300
300.003
300.002
300.001
300
300
300
300
300
300
300
300
300
300
300
300
300
300
300
300
300
300
300
300
300
300
300
300
300
300
300
300
300
300
300
300
300
300
300
300
300
300
300
300
300
300
300
300
300
300
300
300
300.003
300.002
300.001
300
300
300
300
300
300
300
300
300
300
300
300
300
300
300
300
300
300
300
300
300
300
300
300
300
300
300
300
300
300
300
300
300
300
300
300
300
300
300
300
300
300
300
300
300
300
300
300
300.003
300.002
300.001
300
300
300
300
300
300
300
300
300
300
300
300
300
300
300
300
300
300
300
300
300
300
300
300
300
300
300
300
300
300
300
300
300
300
300
300
300
300
300
300
300
300
300
300
300
300
300
300
300.003
300.002
300.001
300
300
300
300
300
300
300
300
300
300
300
300
300
300
300
300
300
300
300
300
300
300
300
300
300
300
300
300
300
300
300
300
300
300
300
300
300
300
300
300
300
300
300
300
300
300
300
300
300.003
300.002
300.001
300
300
300
300
300
300
300
300
300
300
300
300
300
300
300
300
300
300
300
300
300
300
300
300
300
300
300
300
300
300
300
300
300
300
300
300
300
300
300
300
300
300
300
300
300
300
300
300
300.003
300.002
300.001
300
300
300
300
300
300
300
300
300
300
300
300
300
300
300
300
300
300
300
300
300
300
300
300
300
300
300
300
300
300
300
300
300
300
300
300
300
300
300
300
300
300
300
300
300
300
300
300
300.003
300.002
300.001
300
300
300
300
300
300
300
300
300
300
300
300
300
300
300
300
300
300
300
300
300
300
300
300
300
300
300
300
300
300
300
300
300
300
300
300
300
300
300
300
300
300
300
300
300
300
300
300
300.003
300.002
300.001
300
300
300
300
300
300
300
300
300
300
300
300
300
300
300
300
300
300
300
300
300
300
300
300
300
300
300
300
300
300
300
300
300
300
300
300
300
300
300
300
300
300
300
300
300
300
300
300
300.003
300.002
300.001
300
300
300
300
300
300
300
300
300
300
300
300
300
300
300
300
300
300
300
300
300
300
300
300
300
300
300
300
300
300
300
300
300
300
300
300
300
300
300
300
300
300
300
300
300
300
300
300
300.003
300.002
300.001
300
300
300
300
300
300
300
300
300
300
300
300
300
300
300
300
300
300
300
300
300
300
300
300
300
300
300
300
300
300
300
300
300
300
300
300
300
300
300
300
300
300
300
300
300
300
300
300
300.003
300.002
300.001
300
300
300
300
300
300
300
300
300
300
300
300
300
300
300
300
300
300
300
300
300
300
300
300
300
300
300
300
300
300
300
300
300
300
300
300
300
300
300
300
300
300
300
300
300
300
300
300
300.003
300.002
300.001
300
300
300
300
300
300
300
300
300
300
300
300
300
300
300
300
300
300
300
300
300
300
300
300
300
300
300
300
300
300
300
300
300
300
300
300
300
300
300
300
300
300
300
300
300
300
300
300
300.003
300.002
300.001
300
300
300
300
300
300
300
300
300
300
300
300
300
300
300
300
300
300
300
300
300
300
300
300
300
300
300
300
300
300
300
300
300
300
300
300
300
300
300
300
300
300
300
300
300
300
300
300
300.003
300.001
300.001
300
300
300
300
300
300
300
300
300
300
300
300
300
300
300
300
300
300
300
300
300
300
300
300
300
300
300
300
300
300
300
300
300
300
300
300
300
300
300
300
300
300
300
300
300
300
300
300
300.003
300.001
300.001
300
300
300
300
300
300
300
300
300
300
300
300
300
300
300
300
300
300
300
300
300
300
300
300
300
300
300
300
300
300
300
300
300
300
300
300
300
300
300
300
300
300
300
300
300
300
300
300
300.003
300.001
300.001
300
300
300
300
300
300
300
300
300
300
300
300
300
300
300
300
300
300
300
300
300
300
300
300
300
300
300
300
300
300
300
300
300
300
300
300
300
300
300
300
300
300
300
300
300
300
300
300
300.003
300.001
300.001
300
300
300
300
300
300
300
300
300
300
300
300
300
300
300
300
300
300
300
300
300
300
300
300
300
300
300
300
300
300
300
300
300
300
300
300
300
300
300
300
300
300
300
300
300
300
300
300
300.003
300.001
300.001
300
300
300
300
300
300
300
300
300
300
300
300
300
300
300
300
300
300
300
300
300
300
300
300
300
300
300
300
300
300
300
300
300
300
300
300
300
300
300
300
300
300
300
300
300
300
300
300
300.003
300.001
300
300
300
300
300
300
300
300
300
300
300
300
300
300
300
300
300
300
300
300
300
300
300
300
300
300
300
300
300
300
300
300
300
300
300
300
300
300
300
300
300
300
300
300
300
300
300
300
300
300.003
300.001
300
300
300
300
300
300
300
300
300
300
300
300
300
300
300
300
300
300
300
300
300
300
300
300
300
300
300
300
300
300
300
300
300
300
300
300
300
300
300
300
300
300
300
300
300
300
300
300
300
300.002
300.001
300
300
300
300
300
300
300
300
300
300
300
300
300
300
300
300
300
300
300
300
300
300
300
300
300
300
300
300
300
300
300
300
300
300
300
300
300
300
300
300
300
300
300
300
300
300
300
300
300
300.002
300.001
300
300
300
300
300
300
300
300
300
300
300
300
300
300
300
300
300
300
300
300
300
300
300
300
300
300
300
300
300
300
300
300
300
300
300
300
300
300
300
300
300
300
300
300
300
300
300
300
300
300.002
300.001
300
300
300
300
300
300
300
300
300
300
300
300
300
300
300
300
300
300
300
300
300
300
300
300
300
300
300
300
300
300
300
300
300
300
300
300
300
300
300
300
300
300
300
300
300
300
300
300
300
300.002
300.001
300
300
300
300
300
300
300
300
300
300
300
300
300
300
300
300
300
300
300
300
300
300
300
300
300
300
300
300
300
300
300
300
300
300
300
300
300
300
300
300
300
300
300
300
300
300
300
300
300
300.002
300.001
300
300
300
300
300
300
300
300
299.999
299.999
299.999
299.999
299.999
299.999
299.999
299.999
299.999
299.999
299.999
299.999
299.999
299.999
299.999
299.999
299.999
299.999
299.999
299.999
299.999
299.999
299.999
299.999
299.999
299.999
299.999
299.999
299.999
299.999
299.999
299.999
299.999
299.999
299.999
299.999
299.999
299.999
299.999
299.999
299.999
300.001
300.001
300
300
300
300
300
299.999
299.999
299.999
299.999
299.999
299.999
299.999
299.999
299.999
299.999
299.999
299.999
299.999
299.999
299.999
299.999
299.999
299.999
299.999
299.999
299.999
299.999
299.999
299.999
299.999
299.999
299.999
299.999
299.999
299.999
299.999
299.999
299.999
299.999
299.999
299.999
299.999
299.999
299.999
299.999
299.999
299.999
299.999
299.999
300.001
300
300
300
300
300
299.999
299.999
299.999
299.999
299.999
299.999
299.999
299.999
299.999
299.999
299.999
299.999
299.999
299.999
299.999
299.999
299.999
299.999
299.999
299.999
299.999
299.999
299.999
299.999
299.999
299.999
299.999
299.999
299.999
299.999
299.999
299.999
299.999
299.999
299.999
299.999
299.999
299.999
299.999
299.999
299.999
299.999
299.999
299.999
299.999
300.001
300
300
300
300
300
299.999
299.999
299.999
299.999
299.999
299.999
299.999
299.999
299.999
299.999
299.999
299.999
299.999
299.999
299.999
299.999
299.999
299.999
299.999
299.999
299.999
299.999
299.999
299.999
299.999
299.999
299.999
299.999
299.999
299.999
299.999
299.999
299.999
299.999
299.999
299.999
299.999
299.999
299.999
299.999
299.999
299.999
299.999
299.999
299.999
300.001
300
300
300
300
299.999
299.999
299.999
299.999
299.999
299.999
299.999
299.999
299.999
299.999
299.999
299.999
299.999
299.999
299.999
299.999
299.999
299.999
299.999
299.999
299.999
299.999
299.999
299.999
299.999
299.999
299.999
299.999
299.999
299.999
299.999
299.999
299.999
299.999
299.999
299.999
299.999
299.999
299.999
299.999
299.999
299.999
299.999
299.999
299.999
299.999
300.001
300
300
300
299.999
299.999
299.999
299.999
299.999
299.999
299.999
299.999
299.999
299.999
299.999
299.999
299.999
299.999
299.999
299.999
299.999
299.999
299.999
299.999
299.999
299.999
299.999
299.999
299.999
299.999
299.999
299.999
299.999
299.999
299.999
299.999
299.999
299.999
299.999
299.999
299.999
299.999
299.999
299.999
299.999
299.999
299.999
299.999
299.999
299.999
299.999
300
300
300
300
299.999
299.999
299.999
299.999
299.999
299.999
299.999
299.999
299.999
299.999
299.999
299.999
299.999
299.999
299.999
299.999
299.999
299.999
299.999
299.999
299.999
299.999
299.999
299.999
299.999
299.999
299.999
299.999
299.999
299.999
299.999
299.999
299.999
299.999
299.999
299.999
299.999
299.999
299.999
299.999
299.999
299.999
299.999
299.999
299.999
299.999
299.999
300
300
300
300
299.999
299.999
299.999
299.999
299.999
299.999
299.999
299.999
299.999
299.999
299.999
299.999
299.999
299.999
299.999
299.999
299.999
299.999
299.999
299.999
299.999
299.999
299.999
299.999
299.999
299.999
299.999
299.999
299.999
299.999
299.999
299.999
299.999
299.999
299.999
299.999
299.999
299.999
299.999
299.999
299.999
299.999
299.999
299.999
299.999
299.999
299.999
300
300
300
300
299.999
299.999
299.999
299.999
299.999
299.999
299.999
299.999
299.999
299.999
299.999
299.999
299.999
299.999
299.999
299.999
299.999
299.999
299.999
299.999
299.999
299.999
299.999
299.999
299.999
299.999
299.999
299.999
299.999
299.999
299.999
299.999
299.999
299.999
299.999
299.999
299.999
299.999
299.999
299.999
299.999
299.999
299.999
299.999
299.999
299.999
299.999
)
;

boundaryField
{
    inlet
    {
        type            fixedValue;
        value           uniform 300;
    }
    outlet
    {
        type            zeroGradient;
    }
    top
    {
        type            zeroGradient;
    }
    slip-bottom
    {
        type            zeroGradient;
    }
    bottom
    {
        type            zeroGradient;
    }
    interface
    {
        type            fixedGradient;
        gradient        nonuniform List<scalar> 
161
(
2999.99
2999.99
2999.99
2999.99
2999.99
2999.99
2999.99
2999.99
2999.99
2999.99
2999.99
2999.99
2999.99
2999.99
2999.99
2999.99
2999.99
2999.99
2999.99
2999.99
7.10543e-13
7.10543e-13
7.10543e-13
7.10543e-13
7.10543e-13
7.10543e-13
7.10543e-13
7.10543e-13
7.10543e-13
7.10543e-13
7.10543e-13
7.10543e-13
7.10543e-13
7.10543e-13
7.10543e-13
7.10543e-13
7.10543e-13
7.10543e-13
7.10543e-13
7.10543e-13
8.52651e-14
8.52651e-14
8.52651e-14
8.52651e-14
8.52651e-14
8.52651e-14
8.52651e-14
8.52651e-14
8.52651e-14
8.52651e-14
8.52651e-14
8.52651e-14
8.52651e-14
8.52651e-14
8.52651e-14
8.52651e-14
-2.84217e-14
-2.84217e-14
-2.84217e-14
-2.84217e-14
-2.84217e-14
-2.84217e-14
-2.84217e-14
-2.84217e-14
-2.84217e-14
-2.84217e-14
-2.84217e-14
-2.84217e-14
-2.84217e-14
-2.84217e-14
-2.84217e-14
5.68434e-14
5.68434e-14
5.68434e-14
5.68434e-14
5.68434e-14
5.68434e-14
5.68434e-14
5.68434e-14
5.68434e-14
5.68434e-14
5.68434e-14
5.68434e-14
8.52651e-14
8.52651e-14
8.52651e-14
8.52651e-14
8.52651e-14
8.52651e-14
8.52651e-14
8.52651e-14
8.52651e-14
8.52651e-14
8.52651e-14
-2.84217e-13
-2.84217e-13
-2.84217e-13
-2.84217e-13
-2.84217e-13
-2.84217e-13
-2.84217e-13
-2.84217e-13
-2.84217e-13
-2.84217e-13
1.13687e-12
1.13687e-12
1.13687e-12
1.13687e-12
1.13687e-12
1.13687e-12
1.13687e-12
1.13687e-12
1.13687e-12
4.26326e-13
4.26326e-13
4.26326e-13
4.26326e-13
4.26326e-13
4.26326e-13
4.26326e-13
4.26326e-13
1.16529e-12
1.16529e-12
1.16529e-12
1.16529e-12
1.16529e-12
1.16529e-12
1.16529e-12
1.16529e-12
1.47793e-12
1.47793e-12
1.47793e-12
1.47793e-12
1.47793e-12
1.47793e-12
1.47793e-12
5.68434e-14
5.68434e-14
5.68434e-14
5.68434e-14
5.68434e-14
5.68434e-14
5.68434e-14
-6.6791e-13
-6.6791e-13
-6.6791e-13
-6.6791e-13
-6.6791e-13
-6.6791e-13
-4.83169e-13
-4.83169e-13
-4.83169e-13
-4.83169e-13
-4.83169e-13
-4.83169e-13
1.5774e-12
1.5774e-12
1.5774e-12
1.5774e-12
1.5774e-12
1.5774e-12
)
;
    }
    defaultFaces
    {
        type            empty;
    }
}


// ************************************************************************* //
