/*--------------------------------*- C++ -*----------------------------------*\
  =========                 |
  \\      /  F ield         | OpenFOAM: The Open Source CFD Toolbox
   \\    /   O peration     | Website:  https://openfoam.org
    \\  /    A nd           | Version:  7
     \\/     M anipulation  |
\*---------------------------------------------------------------------------*/
FoamFile
{
    version     2.0;
    format      ascii;
    class       volScalarField;
    location    "5.99";
    object      T;
}
// * * * * * * * * * * * * * * * * * * * * * * * * * * * * * * * * * * * * * //

dimensions      [0 0 0 1 0 0 0];

internalField   nonuniform List<scalar> 
12013
(
300.097
300.294
300.496
300.702
300.909
301.116
301.323
301.528
301.73
301.929
302.123
302.313
302.498
302.678
302.853
303.021
303.185
303.342
303.495
303.642
303.784
303.921
304.054
304.183
304.307
304.429
304.546
304.662
304.774
304.885
304.995
305.103
305.212
305.32
305.43
305.542
305.657
305.775
305.898
306.027
306.163
306.307
306.462
306.628
306.808
307.004
307.217
307.45
307.707
307.989
308.299
308.642
309.021
309.439
309.901
310.412
310.976
311.6
312.288
313.048
313.886
314.81
315.827
316.948
318.181
319.537
321.029
322.67
324.475
326.46
328.646
331.055
333.714
336.656
339.92
343.559
347.64
352.259
357.562
363.789
371.403
300.097
300.295
300.497
300.702
300.909
301.117
301.324
301.529
301.731
301.93
302.124
302.315
302.5
302.68
302.854
303.023
303.186
303.344
303.497
303.644
303.786
303.923
304.056
304.185
304.309
304.431
304.549
304.664
304.776
304.887
304.997
305.105
305.214
305.322
305.432
305.544
305.658
305.777
305.899
306.028
306.164
306.309
306.463
306.629
306.809
307.005
307.218
307.451
307.707
307.989
308.299
308.641
309.02
309.437
309.899
310.409
310.973
311.595
312.283
313.041
313.878
314.799
315.815
316.933
318.162
319.515
321.002
322.638
324.435
326.412
328.586
330.981
333.621
336.537
339.767
343.355
347.362
351.861
356.953
362.76
369.392
300.097
300.295
300.497
300.703
300.91
301.118
301.325
301.53
301.733
301.932
302.127
302.317
302.503
302.683
302.857
303.026
303.19
303.348
303.5
303.648
303.79
303.928
304.061
304.189
304.314
304.435
304.553
304.668
304.781
304.892
305.001
305.11
305.218
305.327
305.437
305.548
305.663
305.781
305.903
306.032
306.168
306.312
306.466
306.632
306.812
307.007
307.22
307.452
307.708
307.989
308.299
308.64
309.017
309.434
309.894
310.403
310.965
311.585
312.27
313.026
313.859
314.777
315.787
316.899
318.122
319.467
320.944
322.566
324.348
326.306
328.456
330.819
333.418
336.281
339.437
342.924
346.783
351.061
355.804
361.038
366.724
300.097
300.295
300.498
300.704
300.912
301.12
301.328
301.533
301.736
301.936
302.131
302.322
302.507
302.688
302.863
303.032
303.196
303.354
303.507
303.655
303.797
303.935
304.068
304.197
304.321
304.443
304.561
304.676
304.789
304.9
305.009
305.117
305.226
305.334
305.444
305.555
305.67
305.788
305.91
306.038
306.174
306.318
306.472
306.637
306.816
307.011
307.223
307.455
307.709
307.989
308.298
308.638
309.014
309.429
309.887
310.393
310.952
311.569
312.25
313.001
313.828
314.739
315.742
316.845
318.056
319.387
320.847
322.45
324.207
326.133
328.244
330.557
333.093
335.872
338.919
342.257
345.911
349.902
354.238
358.898
363.81
300.098
300.296
300.5
300.706
300.915
301.123
301.331
301.538
301.741
301.941
302.137
302.328
302.514
302.695
302.871
303.041
303.205
303.363
303.517
303.664
303.807
303.945
304.078
304.207
304.332
304.454
304.572
304.687
304.8
304.911
305.02
305.129
305.237
305.345
305.455
305.566
305.68
305.798
305.92
306.048
306.183
306.326
306.48
306.644
306.823
307.016
307.227
307.458
307.712
307.99
308.297
308.635
309.008
309.421
309.876
310.378
310.933
311.545
312.22
312.964
313.783
314.685
315.676
316.765
317.96
319.271
320.708
322.281
324.002
325.885
327.941
330.187
332.636
335.306
338.21
341.363
344.776
348.449
352.371
356.507
360.79
300.098
300.297
300.501
300.709
300.918
301.128
301.337
301.544
301.748
301.949
302.145
302.337
302.524
302.706
302.882
303.052
303.217
303.376
303.53
303.678
303.821
303.96
304.093
304.222
304.348
304.469
304.587
304.703
304.816
304.926
305.036
305.144
305.252
305.36
305.47
305.581
305.694
305.812
305.933
306.061
306.195
306.338
306.491
306.655
306.832
307.024
307.234
307.463
307.715
307.991
308.296
308.631
309.001
309.41
309.86
310.358
310.907
311.512
312.179
312.914
313.722
314.611
315.586
316.657
317.83
319.115
320.52
322.055
323.73
325.555
327.542
329.702
332.045
334.581
337.319
340.264
343.416
346.766
350.293
353.964
357.725
300.099
300.299
300.504
300.712
300.923
301.133
301.343
301.551
301.757
301.959
302.156
302.349
302.537
302.72
302.897
303.068
303.233
303.393
303.548
303.696
303.84
303.979
304.113
304.242
304.368
304.49
304.608
304.723
304.836
304.947
305.056
305.165
305.273
305.381
305.49
305.6
305.714
305.83
305.951
306.078
306.212
306.354
306.505
306.668
306.844
307.035
307.243
307.47
307.719
307.993
308.294
308.626
308.992
309.396
309.841
310.332
310.873
311.47
312.126
312.849
313.643
314.515
315.47
316.517
317.663
318.914
320.279
321.767
323.384
325.14
327.044
329.102
331.321
333.707
336.263
338.987
341.873
344.908
348.072
351.332
354.65
300.099
300.301
300.507
300.717
300.929
301.141
301.352
301.562
301.768
301.972
302.171
302.365
302.554
302.738
302.916
303.088
303.255
303.415
303.57
303.72
303.864
304.004
304.138
304.268
304.394
304.516
304.635
304.75
304.863
304.974
305.083
305.191
305.299
305.407
305.516
305.626
305.738
305.854
305.975
306.101
306.234
306.374
306.524
306.686
306.86
307.049
307.254
307.479
307.725
307.996
308.293
308.62
308.981
309.378
309.816
310.299
310.831
311.416
312.06
312.767
313.544
314.394
315.326
316.344
317.455
318.666
319.983
321.414
322.963
324.639
326.446
328.39
330.473
332.697
335.062
337.561
340.187
342.926
345.756
348.654
351.589
300.1
300.303
300.511
300.723
300.936
301.15
301.363
301.574
301.783
301.988
302.189
302.385
302.575
302.761
302.94
303.114
303.281
303.443
303.599
303.75
303.895
304.035
304.17
304.301
304.427
304.55
304.668
304.784
304.897
305.008
305.117
305.225
305.333
305.44
305.548
305.658
305.77
305.885
306.005
306.13
306.261
306.4
306.549
306.708
306.88
307.067
307.27
307.491
307.734
308
308.292
308.614
308.968
309.358
309.787
310.26
310.78
311.352
311.979
312.668
313.423
314.249
315.15
316.134
317.205
318.368
319.63
320.995
322.468
324.054
325.755
327.575
329.513
331.57
333.741
336.02
338.397
340.858
343.387
345.963
348.564
300.101
300.306
300.516
300.73
300.945
301.161
301.377
301.59
301.801
302.008
302.211
302.409
302.602
302.789
302.97
303.145
303.315
303.478
303.635
303.787
303.933
304.074
304.21
304.342
304.469
304.591
304.711
304.827
304.94
305.051
305.16
305.268
305.375
305.482
305.589
305.698
305.81
305.924
306.042
306.166
306.296
306.433
306.58
306.737
306.906
307.09
307.289
307.507
307.745
308.006
308.292
308.607
308.953
309.334
309.753
310.213
310.719
311.275
311.884
312.551
313.28
314.076
314.944
315.888
316.912
318.022
319.221
320.513
321.902
323.39
324.978
326.668
328.458
330.346
332.326
334.392
336.534
338.74
340.996
343.286
345.592
300.102
300.31
300.522
300.739
300.957
301.176
301.394
301.61
301.824
302.034
302.239
302.44
302.635
302.824
303.007
303.185
303.356
303.521
303.68
303.833
303.981
304.123
304.26
304.392
304.52
304.643
304.763
304.879
304.993
305.104
305.213
305.32
305.427
305.533
305.64
305.748
305.859
305.972
306.089
306.211
306.339
306.474
306.619
306.773
306.939
307.119
307.314
307.527
307.76
308.015
308.294
308.601
308.938
309.308
309.714
310.161
310.65
311.187
311.774
312.416
313.116
313.878
314.707
315.606
316.579
317.629
318.759
319.973
321.271
322.656
324.128
325.685
327.326
329.047
330.843
332.707
334.63
336.602
338.612
340.646
342.691
300.104
300.314
300.53
300.749
300.971
301.193
301.415
301.634
301.851
302.064
302.273
302.476
302.674
302.867
303.053
303.232
303.406
303.573
303.734
303.889
304.038
304.182
304.32
304.453
304.582
304.706
304.826
304.943
305.057
305.168
305.277
305.384
305.49
305.596
305.703
305.81
305.919
306.031
306.146
306.266
306.392
306.525
306.667
306.818
306.98
307.156
307.346
307.554
307.78
308.028
308.299
308.596
308.922
309.28
309.672
310.102
310.573
311.088
311.65
312.263
312.931
313.656
314.442
315.291
316.208
317.194
318.251
319.381
320.586
321.865
323.217
324.642
326.136
327.696
329.317
330.991
332.712
334.471
336.258
338.064
339.877
300.105
300.319
300.539
300.762
300.988
301.214
301.44
301.663
301.884
302.101
302.314
302.521
302.723
302.918
303.107
303.29
303.466
303.636
303.799
303.957
304.108
304.253
304.393
304.528
304.657
304.783
304.904
305.021
305.135
305.246
305.355
305.462
305.568
305.673
305.778
305.885
305.992
306.103
306.216
306.334
306.458
306.588
306.726
306.873
307.032
307.202
307.387
307.588
307.808
308.047
308.309
308.595
308.909
309.252
309.629
310.04
310.49
310.981
311.515
312.097
312.729
313.413
314.152
314.948
315.805
316.723
317.704
318.749
319.857
321.029
322.264
323.559
324.912
326.318
327.773
329.271
330.807
332.371
333.958
335.559
337.165
300.107
300.326
300.55
300.778
301.008
301.239
301.47
301.698
301.924
302.146
302.363
302.574
302.78
302.98
303.173
303.359
303.539
303.712
303.878
304.038
304.192
304.339
304.481
304.617
304.748
304.875
304.997
305.115
305.229
305.34
305.449
305.556
305.661
305.766
305.87
305.975
306.081
306.19
306.301
306.417
306.537
306.664
306.799
306.942
307.095
307.261
307.439
307.633
307.844
308.074
308.325
308.6
308.9
309.228
309.586
309.977
310.403
310.868
311.372
311.92
312.513
313.153
313.843
314.584
315.378
316.226
317.129
318.087
319.1
320.167
321.286
322.456
323.673
324.935
326.236
327.571
328.937
330.326
331.732
333.149
334.571
300.11
300.334
300.563
300.796
301.032
301.269
301.505
301.74
301.971
302.199
302.421
302.638
302.849
303.054
303.251
303.442
303.626
303.803
303.972
304.135
304.292
304.442
304.586
304.724
304.857
304.985
305.108
305.227
305.342
305.453
305.562
305.669
305.774
305.877
305.98
306.084
306.189
306.295
306.404
306.517
306.634
306.758
306.888
307.026
307.174
307.333
307.505
307.691
307.893
308.113
308.352
308.613
308.898
309.209
309.548
309.916
310.318
310.754
311.226
311.738
312.29
312.884
313.523
314.207
314.937
315.714
316.539
317.411
318.33
319.294
320.303
321.353
322.443
323.569
324.728
325.914
327.125
328.355
329.599
330.852
332.109
300.113
300.343
300.579
300.819
301.061
301.305
301.548
301.789
302.028
302.262
302.491
302.714
302.931
303.141
303.345
303.541
303.729
303.91
304.084
304.251
304.411
304.564
304.711
304.852
304.987
305.116
305.241
305.36
305.476
305.588
305.697
305.803
305.908
306.01
306.113
306.215
306.317
306.421
306.528
306.638
306.751
306.871
306.996
307.129
307.272
307.424
307.588
307.765
307.957
308.166
308.392
308.639
308.908
309.2
309.518
309.863
310.238
310.644
311.083
311.557
312.067
312.614
313.2
313.826
314.493
315.2
315.948
316.736
317.564
318.43
319.333
320.271
321.242
322.243
323.271
324.321
325.392
326.478
327.577
328.683
329.792
300.117
300.354
300.597
300.845
301.096
301.347
301.599
301.848
302.094
302.336
302.573
302.804
303.028
303.245
303.455
303.657
303.852
304.038
304.217
304.389
304.553
304.71
304.86
305.003
305.14
305.272
305.398
305.519
305.636
305.748
305.857
305.963
306.067
306.169
306.27
306.37
306.471
306.572
306.676
306.782
306.892
307.007
307.128
307.255
307.391
307.536
307.692
307.86
308.041
308.237
308.451
308.682
308.933
309.206
309.502
309.823
310.17
310.545
310.95
311.385
311.853
312.353
312.887
313.455
314.059
314.697
315.37
316.078
316.819
317.592
318.397
319.231
320.092
320.977
321.885
322.813
323.757
324.714
325.682
326.656
327.634
300.121
300.366
300.619
300.876
301.136
301.397
301.658
301.917
302.173
302.424
302.67
302.91
303.143
303.368
303.585
303.795
303.996
304.189
304.374
304.551
304.72
304.881
305.035
305.182
305.322
305.456
305.584
305.706
305.824
305.937
306.047
306.153
306.256
306.357
306.456
306.555
306.653
306.752
306.853
306.955
307.061
307.171
307.287
307.408
307.537
307.674
307.821
307.979
308.149
308.333
308.532
308.747
308.981
309.233
309.507
309.803
310.122
310.466
310.835
311.232
311.657
312.11
312.593
313.106
313.648
314.22
314.822
315.454
316.113
316.8
317.513
318.25
319.01
319.791
320.59
321.406
322.236
323.078
323.928
324.785
325.646
300.126
300.382
300.644
300.912
301.183
301.456
301.728
301.998
302.265
302.528
302.784
303.034
303.277
303.512
303.738
303.956
304.166
304.366
304.558
304.741
304.916
305.082
305.241
305.391
305.535
305.672
305.802
305.927
306.046
306.16
306.269
306.375
306.478
306.578
306.676
306.773
306.869
306.965
307.062
307.161
307.263
307.368
307.477
307.592
307.714
307.843
307.98
308.128
308.287
308.457
308.642
308.841
309.056
309.288
309.539
309.809
310.1
310.413
310.749
311.108
311.491
311.899
312.332
312.791
313.275
313.785
314.32
314.88
315.463
316.07
316.698
317.347
318.015
318.701
319.403
320.118
320.846
321.584
322.33
323.081
323.837
300.132
300.399
300.675
300.955
301.239
301.525
301.81
302.094
302.374
302.649
302.918
303.18
303.435
303.681
303.918
304.146
304.365
304.574
304.774
304.964
305.145
305.318
305.481
305.637
305.784
305.924
306.058
306.184
306.305
306.42
306.53
306.636
306.738
306.837
306.934
307.029
307.122
307.216
307.309
307.404
307.501
307.601
307.705
307.813
307.927
308.048
308.176
308.313
308.459
308.617
308.787
308.969
309.166
309.378
309.606
309.851
310.115
310.397
310.699
311.021
311.365
311.729
312.115
312.523
312.953
313.405
313.877
314.371
314.885
315.418
315.969
316.538
317.124
317.724
318.338
318.963
319.6
320.245
320.897
321.555
322.217
300.139
300.42
300.71
301.005
301.305
301.606
301.907
302.206
302.501
302.791
303.075
303.351
303.619
303.878
304.128
304.368
304.597
304.816
305.025
305.224
305.413
305.592
305.762
305.923
306.075
306.219
306.355
306.484
306.606
306.723
306.834
306.94
307.041
307.139
307.235
307.327
307.419
307.509
307.599
307.69
307.782
307.877
307.974
308.076
308.182
308.294
308.413
308.539
308.674
308.818
308.973
309.139
309.318
309.51
309.716
309.937
310.174
310.427
310.697
310.984
311.29
311.614
311.956
312.316
312.696
313.093
313.509
313.942
314.392
314.859
315.341
315.838
316.349
316.872
317.407
317.953
318.508
319.071
319.64
320.215
320.794
300.147
300.445
300.751
301.064
301.381
301.7
302.019
302.336
302.649
302.957
303.258
303.551
303.835
304.109
304.373
304.626
304.868
305.098
305.318
305.527
305.724
305.911
306.088
306.254
306.411
306.56
306.699
306.831
306.956
307.073
307.185
307.291
307.393
307.49
307.584
307.675
307.763
307.851
307.937
308.024
308.111
308.2
308.292
308.386
308.485
308.588
308.697
308.813
308.936
309.067
309.208
309.358
309.52
309.692
309.877
310.075
310.286
310.512
310.752
311.006
311.277
311.562
311.864
312.181
312.514
312.862
313.226
313.604
313.997
314.404
314.824
315.257
315.701
316.157
316.622
317.097
317.579
318.069
318.565
319.066
319.571
300.156
300.473
300.799
301.133
301.47
301.81
302.151
302.488
302.822
303.15
303.471
303.783
304.085
304.376
304.657
304.925
305.181
305.425
305.657
305.876
306.083
306.279
306.463
306.636
306.799
306.952
307.096
307.231
307.358
307.477
307.59
307.697
307.798
307.894
307.986
308.075
308.162
308.246
308.329
308.411
308.494
308.577
308.663
308.75
308.841
308.936
309.036
309.141
309.253
309.372
309.498
309.633
309.778
309.932
310.097
310.273
310.461
310.66
310.872
311.097
311.335
311.586
311.85
312.128
312.419
312.723
313.04
313.37
313.711
314.065
314.43
314.806
315.191
315.587
315.99
316.402
316.821
317.246
317.677
318.113
318.553
300.167
300.506
300.856
301.212
301.574
301.939
302.303
302.666
303.024
303.375
303.718
304.052
304.375
304.687
304.985
305.271
305.543
305.802
306.047
306.279
306.497
306.702
306.895
307.075
307.244
307.402
307.551
307.689
307.818
307.94
308.054
308.161
308.261
308.357
308.448
308.535
308.618
308.699
308.779
308.857
308.935
309.013
309.092
309.173
309.257
309.343
309.434
309.53
309.63
309.737
309.85
309.971
310.1
310.237
310.384
310.539
310.705
310.881
311.067
311.265
311.473
311.693
311.924
312.166
312.42
312.684
312.96
313.246
313.543
313.849
314.166
314.491
314.825
315.168
315.517
315.874
316.237
316.606
316.98
317.358
317.74
300.18
300.545
300.921
301.306
301.696
302.088
302.481
302.872
303.257
303.636
304.005
304.364
304.711
305.045
305.365
305.67
305.96
306.235
306.495
306.74
306.97
307.185
307.387
307.576
307.752
307.916
308.068
308.21
308.343
308.466
308.581
308.688
308.789
308.884
308.973
309.058
309.139
309.217
309.293
309.367
309.44
309.513
309.586
309.661
309.737
309.816
309.898
309.984
310.074
310.17
310.271
310.379
310.493
310.614
310.743
310.881
311.027
311.181
311.345
311.517
311.699
311.891
312.092
312.303
312.524
312.754
312.993
313.241
313.498
313.763
314.037
314.319
314.608
314.904
315.207
315.515
315.83
316.149
316.473
316.801
317.132
300.195
300.59
300.998
301.414
301.837
302.262
302.688
303.111
303.528
303.938
304.337
304.724
305.098
305.457
305.8
306.127
306.437
306.73
307.006
307.266
307.509
307.735
307.947
308.144
308.327
308.497
308.654
308.8
308.935
309.06
309.176
309.284
309.385
309.479
309.566
309.649
309.728
309.803
309.875
309.945
310.013
310.081
310.149
310.217
310.287
310.359
310.433
310.51
310.591
310.676
310.766
310.861
310.962
311.069
311.183
311.304
311.432
311.567
311.71
311.861
312.02
312.187
312.362
312.545
312.737
312.936
313.144
313.359
313.581
313.811
314.048
314.292
314.542
314.798
315.06
315.327
315.599
315.875
316.156
316.44
316.727
300.212
300.643
301.086
301.54
302.001
302.464
302.928
303.388
303.842
304.286
304.719
305.139
305.543
305.93
306.299
306.65
306.982
307.294
307.588
307.862
308.119
308.358
308.579
308.785
308.975
309.151
309.313
309.463
309.601
309.728
309.845
309.953
310.053
310.146
310.232
310.313
310.389
310.461
310.53
310.596
310.66
310.723
310.785
310.848
310.911
310.976
311.043
311.112
311.184
311.26
311.339
311.424
311.513
311.607
311.707
311.813
311.926
312.044
312.169
312.301
312.44
312.586
312.738
312.898
313.064
313.237
313.417
313.604
313.797
313.996
314.201
314.412
314.629
314.851
315.077
315.308
315.544
315.783
316.026
316.273
316.522
300.232
300.704
301.19
301.687
302.191
302.698
303.205
303.708
304.204
304.688
305.159
305.615
306.052
306.47
306.868
307.244
307.599
307.933
308.245
308.536
308.806
309.057
309.289
309.504
309.701
309.883
310.049
310.202
310.343
310.471
310.589
310.698
310.797
310.889
310.974
311.052
311.126
311.195
311.26
311.322
311.382
311.441
311.498
311.556
311.613
311.672
311.732
311.794
311.858
311.926
311.996
312.071
312.15
312.233
312.322
312.415
312.513
312.617
312.727
312.843
312.964
313.091
313.224
313.364
313.509
313.66
313.816
313.978
314.146
314.319
314.497
314.681
314.869
315.061
315.258
315.458
315.663
315.87
316.081
316.295
316.512
300.255
300.775
301.31
301.857
302.411
302.969
303.526
304.078
304.621
305.15
305.664
306.159
306.633
307.085
307.514
307.918
308.297
308.652
308.983
309.291
309.576
309.839
310.081
310.303
310.508
310.694
310.865
311.021
311.164
311.294
311.412
311.52
311.619
311.709
311.792
311.869
311.94
312.006
312.068
312.127
312.183
312.238
312.291
312.344
312.396
312.449
312.503
312.559
312.617
312.677
312.74
312.807
312.877
312.951
313.029
313.112
313.199
313.29
313.387
313.489
313.596
313.707
313.824
313.946
314.073
314.205
314.342
314.484
314.631
314.782
314.937
315.097
315.261
315.428
315.6
315.774
315.952
316.133
316.317
316.503
316.691
300.283
300.857
301.449
302.054
302.667
303.283
303.897
304.504
305.1
305.68
306.241
306.78
307.294
307.782
308.243
308.676
309.081
309.458
309.808
310.132
310.431
310.705
310.957
311.187
311.397
311.588
311.763
311.921
312.065
312.195
312.314
312.421
312.519
312.608
312.689
312.764
312.832
312.896
312.955
313.011
313.064
313.115
313.164
313.213
313.261
313.31
313.36
313.41
313.463
313.517
313.574
313.634
313.697
313.763
313.833
313.907
313.985
314.066
314.152
314.243
314.337
314.437
314.54
314.648
314.76
314.877
314.997
315.122
315.251
315.384
315.52
315.661
315.804
315.951
316.101
316.254
316.41
316.568
316.728
316.891
317.055
300.314
300.953
301.611
302.283
302.963
303.646
304.325
304.994
305.65
306.286
306.898
307.484
308.041
308.568
309.062
309.525
309.956
310.355
310.723
311.062
311.373
311.658
311.918
312.154
312.369
312.564
312.74
312.9
313.044
313.175
313.293
313.399
313.496
313.583
313.663
313.735
313.802
313.863
313.92
313.973
314.024
314.072
314.119
314.165
314.21
314.255
314.302
314.349
314.397
314.447
314.5
314.554
314.612
314.672
314.736
314.803
314.873
314.948
315.025
315.107
315.192
315.281
315.374
315.47
315.57
315.674
315.782
315.893
316.008
316.125
316.246
316.37
316.497
316.627
316.759
316.894
317.031
317.17
317.311
317.454
317.598
300.351
301.065
301.799
302.548
303.305
304.064
304.816
305.556
306.277
306.975
307.643
308.28
308.882
309.448
309.976
310.468
310.923
311.343
311.728
312.081
312.402
312.695
312.961
313.202
313.42
313.617
313.795
313.955
314.099
314.228
314.345
314.451
314.546
314.631
314.709
314.78
314.845
314.905
314.96
315.012
315.061
315.108
315.153
315.198
315.241
315.285
315.329
315.374
315.42
315.468
315.517
315.569
315.623
315.68
315.739
315.802
315.867
315.935
316.007
316.082
316.16
316.241
316.326
316.414
316.505
316.599
316.696
316.796
316.899
317.004
317.113
317.224
317.337
317.452
317.57
317.69
317.811
317.935
318.059
318.186
318.313
300.394
301.194
302.016
302.854
303.699
304.544
305.38
306.198
306.992
307.755
308.483
309.172
309.82
310.425
310.987
311.506
311.984
312.421
312.82
313.183
313.513
313.812
314.081
314.324
314.544
314.741
314.918
315.077
315.22
315.349
315.464
315.568
315.662
315.747
315.824
315.894
315.958
316.017
316.072
316.124
316.173
316.22
316.265
316.309
316.353
316.397
316.441
316.486
316.531
316.579
316.627
316.678
316.73
316.785
316.843
316.902
316.965
317.03
317.097
317.168
317.241
317.317
317.396
317.477
317.561
317.647
317.737
317.828
317.922
318.018
318.116
318.216
318.319
318.423
318.528
318.636
318.744
318.854
318.965
319.078
319.191
300.443
301.343
302.267
303.207
304.153
305.095
306.023
306.927
307.8
308.633
309.423
310.165
310.858
311.5
312.092
312.635
313.131
313.582
313.991
314.361
314.695
314.995
315.266
315.509
315.727
315.923
316.099
316.256
316.398
316.525
316.639
316.742
316.835
316.92
316.997
317.067
317.132
317.193
317.249
317.302
317.353
317.402
317.449
317.495
317.541
317.587
317.633
317.68
317.727
317.776
317.826
317.877
317.93
317.986
318.043
318.102
318.163
318.227
318.293
318.361
318.431
318.503
318.578
318.655
318.734
318.815
318.898
318.983
319.07
319.158
319.248
319.34
319.433
319.528
319.623
319.72
319.818
319.917
320.017
320.117
320.218
300.5
301.515
302.556
303.613
304.673
305.724
306.754
307.751
308.707
309.613
310.464
311.258
311.992
312.666
313.283
313.844
314.352
314.811
315.224
315.596
315.93
316.23
316.498
316.739
316.955
317.148
317.321
317.476
317.616
317.742
317.855
317.958
318.052
318.138
318.217
318.29
318.357
318.421
318.48
318.537
318.592
318.645
318.696
318.747
318.797
318.847
318.897
318.948
318.999
319.051
319.105
319.159
319.215
319.272
319.331
319.391
319.454
319.517
319.583
319.65
319.719
319.789
319.862
319.936
320.011
320.088
320.167
320.246
320.327
320.41
320.493
320.578
320.664
320.75
320.837
320.925
321.014
321.103
321.193
321.283
321.373
300.565
301.713
302.888
304.077
305.266
306.438
307.578
308.674
309.715
310.693
311.602
312.441
313.209
313.908
314.541
315.113
315.626
316.085
316.497
316.865
317.194
317.489
317.752
317.988
318.199
318.389
318.56
318.713
318.852
318.979
319.093
319.198
319.295
319.384
319.467
319.544
319.617
319.685
319.751
319.814
319.875
319.934
319.992
320.049
320.106
320.162
320.219
320.275
320.332
320.39
320.448
320.507
320.566
320.627
320.689
320.752
320.816
320.881
320.947
321.015
321.083
321.153
321.224
321.296
321.369
321.443
321.517
321.593
321.67
321.747
321.825
321.903
321.982
322.061
322.141
322.221
322.302
322.383
322.463
322.544
322.625
300.64
301.939
303.267
304.606
305.937
307.24
308.498
309.695
310.819
311.863
312.824
313.696
314.484
315.193
315.829
316.399
316.908
317.362
317.766
318.127
318.449
318.737
318.995
319.226
319.433
319.62
319.79
319.943
320.083
320.211
320.329
320.438
320.539
320.634
320.723
320.807
320.887
320.963
321.037
321.108
321.177
321.244
321.31
321.376
321.44
321.504
321.568
321.632
321.695
321.759
321.823
321.887
321.952
322.017
322.082
322.148
322.214
322.281
322.349
322.417
322.486
322.555
322.625
322.695
322.766
322.837
322.909
322.98
323.053
323.125
323.198
323.27
323.343
323.416
323.489
323.562
323.635
323.707
323.78
323.852
323.924
300.725
302.196
303.696
305.202
306.689
308.133
309.512
310.807
311.999
313.087
314.072
314.96
315.754
316.464
317.096
317.657
318.156
318.6
318.994
319.345
319.658
319.938
320.189
320.415
320.62
320.805
320.974
321.129
321.271
321.403
321.526
321.64
321.748
321.85
321.947
322.039
322.128
322.213
322.296
322.376
322.454
322.531
322.606
322.68
322.753
322.825
322.897
322.967
323.038
323.108
323.177
323.247
323.316
323.385
323.453
323.522
323.591
323.659
323.728
323.797
323.865
323.934
324.003
324.071
324.14
324.208
324.276
324.344
324.412
324.48
324.547
324.615
324.682
324.748
324.814
324.88
324.945
325.01
325.075
325.139
325.202
300.82
302.484
304.177
305.867
307.523
309.105
310.58
311.938
313.173
314.287
315.286
316.175
316.965
317.664
318.283
318.83
319.313
319.742
320.122
320.461
320.763
321.035
321.279
321.501
321.702
321.887
322.056
322.213
322.359
322.495
322.624
322.745
322.86
322.969
323.074
323.175
323.273
323.367
323.459
323.548
323.635
323.721
323.804
323.886
323.967
324.046
324.125
324.202
324.278
324.353
324.428
324.501
324.574
324.646
324.717
324.788
324.858
324.928
324.997
325.066
325.134
325.201
325.268
325.334
325.4
325.466
325.53
325.594
325.658
325.721
325.783
325.845
325.906
325.966
326.026
326.085
326.144
326.201
326.258
326.315
326.37
300.921
302.792
304.693
306.58
308.376
310.055
311.598
312.998
314.256
315.378
316.372
317.25
318.022
318.702
319.299
319.825
320.288
320.699
321.063
321.388
321.679
321.941
322.178
322.395
322.593
322.777
322.947
323.105
323.254
323.394
323.528
323.654
323.775
323.892
324.004
324.112
324.216
324.318
324.417
324.513
324.607
324.699
324.789
324.877
324.964
325.049
325.132
325.214
325.294
325.373
325.451
325.527
325.602
325.676
325.749
325.821
325.892
325.962
326.031
326.098
326.165
326.231
326.296
326.361
326.424
326.486
326.547
326.608
326.667
326.726
326.784
326.841
326.897
326.952
327.006
327.059
327.111
327.163
327.214
327.263
327.312
301.01
303.071
305.167
307.182
309.072
310.812
312.389
313.803
315.06
316.169
317.145
318
318.749
319.404
319.978
320.482
320.926
321.319
321.668
321.98
322.261
322.515
322.746
322.958
323.153
323.334
323.504
323.662
323.812
323.954
324.09
324.22
324.344
324.464
324.579
324.691
324.8
324.905
325.008
325.108
325.206
325.301
325.395
325.486
325.575
325.663
325.749
325.833
325.915
325.996
326.075
326.153
326.23
326.305
326.378
326.451
326.522
326.591
326.66
326.727
326.793
326.858
326.922
326.984
327.046
327.106
327.165
327.223
327.28
327.336
327.391
327.445
327.497
327.549
327.6
327.649
327.698
327.745
327.792
327.838
327.883
381.576
389.532
396.226
402.063
407.245
411.88
416.03
419.729
422.992
425.821
428.206
430.123
431.538
432.405
432.656
432.202
430.914
428.596
424.917
419.22
409.857
403.517
398.657
394.678
391.29
388.333
385.703
383.334
381.176
379.193
377.357
375.645
374.041
372.53
371.1
369.741
368.444
367.202
366.009
364.86
363.749
362.672
361.627
360.608
359.615
358.643
357.69
356.756
355.837
354.932
354.039
353.158
352.287
351.425
350.571
349.724
348.883
348.049
347.22
346.396
345.577
344.763
343.952
343.146
342.344
341.546
340.753
339.963
339.178
338.397
337.621
336.85
336.084
335.324
334.569
333.82
333.078
332.342
331.614
330.894
330.181
329.478
328.783
328.098
327.423
326.758
326.105
325.462
324.832
324.213
323.608
323.015
322.435
321.869
321.317
320.779
320.255
319.746
319.251
318.77
318.304
317.853
317.416
316.994
316.586
316.192
315.812
315.445
315.093
314.753
314.427
314.113
313.811
313.522
313.244
312.977
312.722
312.477
312.242
312.017
311.801
311.594
311.396
311.206
311.024
310.85
310.682
310.521
310.367
310.219
310.076
309.939
309.807
309.679
309.556
309.437
309.322
309.211
309.103
308.998
308.897
308.797
308.701
308.606
308.514
308.423
308.334
308.247
308.161
308.076
307.993
307.91
307.828
307.747
307.666
307.586
307.506
307.427
307.347
307.269
307.191
376.831
383.746
389.971
395.564
400.604
405.152
409.246
412.91
416.153
418.973
421.357
423.283
424.717
425.613
425.909
425.523
424.343
422.212
418.914
414.181
407.969
402.597
398.114
394.315
391.029
388.135
385.549
383.21
381.075
379.109
377.286
375.585
373.99
372.486
371.061
369.707
368.414
367.176
365.986
364.84
363.731
362.656
361.612
360.596
359.603
358.632
357.681
356.747
355.829
354.925
354.033
353.152
352.282
351.42
350.566
349.72
348.88
348.046
347.217
346.393
345.574
344.76
343.95
343.144
342.342
341.544
340.75
339.961
339.176
338.395
337.619
336.848
336.082
335.321
334.566
333.818
333.076
332.34
331.612
330.891
330.179
329.475
328.781
328.096
327.421
326.756
326.102
325.46
324.829
324.211
323.605
323.013
322.433
321.867
321.315
320.777
320.253
319.744
319.249
318.769
318.303
317.851
317.415
316.992
316.584
316.19
315.81
315.444
315.091
314.752
314.426
314.112
313.81
313.521
313.243
312.977
312.721
312.476
312.241
312.016
311.801
311.594
311.396
311.206
311.024
310.85
310.682
310.521
310.367
310.219
310.076
309.939
309.807
309.679
309.556
309.438
309.323
309.211
309.103
308.999
308.897
308.798
308.701
308.606
308.514
308.423
308.335
308.247
308.161
308.077
307.993
307.91
307.828
307.747
307.666
307.586
307.506
307.427
307.348
307.269
307.192
372.735
378.653
384.246
389.436
394.212
398.581
402.553
406.134
409.324
412.114
414.489
416.425
417.889
418.84
419.221
418.965
417.986
416.18
413.445
409.734
405.264
400.928
397.015
393.544
390.46
387.699
385.204
382.932
380.847
378.919
377.127
375.45
373.875
372.387
370.976
369.633
368.35
367.12
365.937
364.796
363.692
362.622
361.582
360.568
359.579
358.611
357.662
356.73
355.813
354.911
354.02
353.141
352.271
351.41
350.557
349.711
348.872
348.038
347.21
346.387
345.568
344.754
343.944
343.139
342.337
341.539
340.746
339.956
339.171
338.391
337.615
336.843
336.078
335.317
334.562
333.813
333.071
332.336
331.608
330.887
330.175
329.471
328.776
328.091
327.416
326.751
326.098
325.455
324.825
324.207
323.601
323.008
322.429
321.863
321.311
320.773
320.249
319.74
319.245
318.765
318.299
317.848
317.411
316.989
316.581
316.187
315.808
315.442
315.089
314.75
314.424
314.11
313.809
313.519
313.242
312.976
312.72
312.475
312.241
312.016
311.8
311.594
311.396
311.206
311.024
310.849
310.682
310.521
310.367
310.219
310.076
309.939
309.807
309.68
309.557
309.438
309.323
309.212
309.104
308.999
308.897
308.798
308.702
308.607
308.515
308.424
308.335
308.248
308.162
308.077
307.994
307.911
307.829
307.748
307.667
307.587
307.507
307.428
307.349
307.27
307.192
368.892
373.996
378.96
383.686
388.122
392.242
396.034
399.486
402.586
405.322
407.672
409.613
411.113
412.134
412.632
412.551
411.835
410.425
408.287
405.457
402.126
398.693
395.403
392.348
389.548
386.985
384.634
382.469
380.465
378.601
376.858
375.223
373.68
372.22
370.832
369.509
368.242
367.026
365.855
364.724
363.629
362.566
361.533
360.525
359.54
358.576
357.631
356.702
355.789
354.888
354
353.123
352.255
351.395
350.544
349.699
348.861
348.028
347.201
346.378
345.56
344.746
343.937
343.132
342.33
341.533
340.739
339.95
339.165
338.385
337.609
336.838
336.072
335.311
334.556
333.808
333.065
332.33
331.601
330.881
330.168
329.465
328.77
328.085
327.409
326.745
326.091
325.449
324.818
324.2
323.594
323.002
322.422
321.857
321.305
320.767
320.243
319.734
319.239
318.759
318.294
317.843
317.406
316.984
316.577
316.183
315.804
315.438
315.086
314.747
314.421
314.107
313.806
313.517
313.24
312.974
312.719
312.474
312.239
312.015
311.799
311.593
311.395
311.205
311.024
310.849
310.682
310.522
310.367
310.219
310.077
309.94
309.808
309.68
309.558
309.439
309.324
309.213
309.105
309
308.899
308.799
308.703
308.608
308.516
308.425
308.337
308.249
308.163
308.079
307.995
307.912
307.831
307.749
307.669
307.589
307.509
307.429
307.35
307.271
307.193
365.181
369.625
374.018
378.276
382.34
386.171
389.739
393.023
396.003
398.658
400.966
402.903
404.438
405.538
406.168
406.288
405.861
404.86
403.283
401.183
398.693
396.02
393.333
390.734
388.272
385.962
383.802
381.784
379.896
378.123
376.455
374.88
373.387
371.968
370.615
369.321
368.079
366.885
365.732
364.617
363.536
362.485
361.461
360.462
359.485
358.527
357.588
356.664
355.755
354.858
353.973
353.098
352.233
351.376
350.526
349.683
348.846
348.015
347.189
346.367
345.55
344.737
343.928
343.123
342.322
341.525
340.732
339.943
339.158
338.378
337.602
336.831
336.065
335.304
334.549
333.8
333.058
332.322
331.594
330.873
330.161
329.457
328.762
328.076
327.401
326.736
326.082
325.44
324.809
324.191
323.586
322.993
322.414
321.848
321.296
320.759
320.235
319.726
319.232
318.752
318.287
317.836
317.4
316.978
316.571
316.178
315.798
315.433
315.081
314.742
314.417
314.104
313.803
313.514
313.237
312.971
312.716
312.472
312.238
312.013
311.798
311.592
311.394
311.205
311.024
310.849
310.682
310.522
310.368
310.22
310.078
309.941
309.809
309.682
309.559
309.44
309.326
309.215
309.107
309.002
308.9
308.801
308.705
308.61
308.518
308.427
308.339
308.251
308.166
308.081
307.997
307.915
307.833
307.752
307.671
307.591
307.511
307.432
307.352
307.274
307.195
361.562
365.459
369.348
373.165
376.855
380.378
383.698
386.787
389.62
392.173
394.422
396.342
397.906
399.085
399.85
400.174
400.035
399.421
398.344
396.849
395.024
392.99
390.86
388.72
386.625
384.607
382.679
380.846
379.107
377.455
375.887
374.394
372.97
371.609
370.305
369.053
367.847
366.683
365.557
364.465
363.404
362.37
361.361
360.375
359.409
358.461
357.529
356.613
355.709
354.818
353.938
353.067
352.205
351.351
350.504
349.664
348.829
347.999
347.174
346.354
345.538
344.726
343.918
343.114
342.314
341.517
340.724
339.936
339.151
338.371
337.595
336.824
336.058
335.297
334.542
333.793
333.05
332.314
331.585
330.864
330.152
329.447
328.752
328.067
327.391
326.726
326.072
325.429
324.799
324.181
323.575
322.982
322.403
321.838
321.286
320.748
320.225
319.716
319.222
318.743
318.278
317.827
317.392
316.97
316.563
316.171
315.792
315.427
315.075
314.737
314.412
314.099
313.799
313.511
313.234
312.969
312.714
312.47
312.236
312.012
311.797
311.591
311.394
311.205
311.024
310.85
310.683
310.523
310.369
310.221
310.079
309.942
309.811
309.684
309.561
309.443
309.328
309.217
309.109
309.005
308.903
308.804
308.708
308.613
308.521
308.431
308.342
308.255
308.169
308.084
308.001
307.918
307.836
307.755
307.675
307.594
307.515
307.435
307.356
307.277
307.198
358.025
361.458
364.905
368.317
371.649
374.862
377.923
380.802
383.471
385.905
388.08
389.97
391.551
392.8
393.692
394.209
394.337
394.071
393.426
392.435
391.156
389.663
388.034
386.335
384.616
382.911
381.244
379.627
378.067
376.566
375.123
373.736
372.402
371.117
369.879
368.683
367.526
366.404
365.315
364.255
363.222
362.212
361.225
360.257
359.306
358.372
357.452
356.546
355.651
354.767
353.893
353.028
352.171
351.321
350.478
349.641
348.808
347.981
347.159
346.34
345.526
344.715
343.908
343.105
342.305
341.509
340.717
339.929
339.144
338.364
337.588
336.817
336.051
335.29
334.535
333.785
333.042
332.306
331.577
330.855
330.142
329.437
328.742
328.056
327.38
326.715
326.06
325.418
324.787
324.168
323.563
322.97
322.391
321.825
321.274
320.736
320.213
319.705
319.211
318.732
318.267
317.817
317.382
316.961
316.555
316.162
315.784
315.42
315.069
314.731
314.406
314.094
313.794
313.507
313.23
312.966
312.712
312.468
312.235
312.011
311.796
311.591
311.394
311.205
311.024
310.851
310.684
310.525
310.371
310.224
310.082
309.945
309.814
309.687
309.564
309.446
309.331
309.221
309.113
309.009
308.907
308.808
308.712
308.617
308.525
308.435
308.346
308.259
308.173
308.089
308.005
307.923
307.841
307.76
307.679
307.599
307.52
307.44
307.361
307.282
307.203
354.569
357.604
360.661
363.707
366.704
369.619
372.423
375.085
377.581
379.883
381.97
383.817
385.403
386.706
387.709
388.396
388.758
388.795
388.515
387.944
387.119
386.089
384.904
383.615
382.262
380.879
379.489
378.111
376.755
375.428
374.135
372.877
371.654
370.466
369.311
368.188
367.094
366.028
364.987
363.97
362.974
361.998
361.039
360.096
359.168
358.254
357.351
356.459
355.576
354.703
353.838
352.98
352.13
351.285
350.447
349.614
348.785
347.961
347.142
346.326
345.513
344.704
343.899
343.097
342.298
341.503
340.711
339.923
339.139
338.359
337.583
336.812
336.046
335.285
334.529
333.779
333.035
332.299
331.569
330.847
330.133
329.428
328.731
328.045
327.369
326.703
326.048
325.405
324.774
324.155
323.549
322.956
322.377
321.812
321.26
320.723
320.2
319.692
319.199
318.72
318.256
317.806
317.371
316.951
316.545
316.153
315.776
315.412
315.062
314.724
314.4
314.089
313.79
313.503
313.227
312.963
312.709
312.466
312.233
312.01
311.796
311.591
311.395
311.207
311.026
310.853
310.687
310.527
310.374
310.227
310.085
309.949
309.818
309.691
309.569
309.451
309.336
309.226
309.118
309.014
308.913
308.814
308.718
308.623
308.531
308.441
308.352
308.265
308.18
308.095
308.012
307.929
307.848
307.767
307.686
307.606
307.527
307.447
307.368
307.289
307.21
351.2
353.887
356.602
359.318
362.007
364.643
367.197
369.645
371.963
374.127
376.115
377.907
379.482
380.823
381.914
382.743
383.303
383.592
383.617
383.395
382.95
382.312
381.517
380.6
379.594
378.525
377.418
376.29
375.155
374.023
372.9
371.791
370.7
369.628
368.574
367.541
366.527
365.531
364.552
363.59
362.643
361.71
360.789
359.881
358.983
358.094
357.214
356.343
355.478
354.62
353.767
352.92
352.079
351.242
350.41
349.583
348.76
347.94
347.124
346.311
345.501
344.694
343.891
343.09
342.293
341.499
340.708
339.921
339.137
338.357
337.581
336.81
336.043
335.281
334.525
333.775
333.03
332.293
331.562
330.839
330.125
329.419
328.722
328.034
327.357
326.691
326.036
325.392
324.76
324.141
323.535
322.942
322.363
321.797
321.246
320.709
320.187
319.679
319.185
318.707
318.243
317.794
317.36
316.94
316.535
316.144
315.767
315.404
315.054
314.718
314.395
314.084
313.786
313.499
313.224
312.961
312.708
312.466
312.233
312.011
311.797
311.593
311.397
311.209
311.029
310.857
310.691
310.532
310.379
310.232
310.091
309.955
309.824
309.698
309.576
309.458
309.344
309.233
309.126
309.022
308.92
308.822
308.726
308.632
308.54
308.449
308.361
308.274
308.188
308.104
308.021
307.938
307.857
307.776
307.696
307.616
307.536
307.457
307.378
307.298
307.219
347.928
350.309
352.721
355.142
357.551
359.926
362.244
364.485
366.627
368.65
370.533
372.258
373.808
375.167
376.321
377.261
377.98
378.475
378.75
378.815
378.684
378.378
377.921
377.336
376.648
375.879
375.049
374.174
373.268
372.342
371.405
370.462
369.519
368.58
367.646
366.719
365.799
364.889
363.987
363.093
362.207
361.329
360.458
359.593
358.734
357.881
357.032
356.187
355.346
354.509
353.675
352.844
352.015
351.189
350.367
349.547
348.73
347.916
347.104
346.296
345.489
344.686
343.885
343.086
342.291
341.498
340.708
339.921
339.138
338.358
337.582
336.811
336.044
335.282
334.525
333.773
333.028
332.29
331.558
330.834
330.119
329.412
328.714
328.026
327.348
326.68
326.024
325.38
324.748
324.128
323.522
322.928
322.349
321.783
321.232
320.695
320.173
319.665
319.172
318.694
318.231
317.783
317.349
316.93
316.526
316.135
315.759
315.397
315.048
314.712
314.39
314.08
313.782
313.497
313.223
312.96
312.708
312.466
312.235
312.013
311.8
311.597
311.401
311.214
311.035
310.862
310.697
310.539
310.386
310.24
310.099
309.963
309.833
309.706
309.585
309.467
309.353
309.243
309.136
309.032
308.931
308.832
308.736
308.642
308.551
308.461
308.372
308.285
308.2
308.116
308.033
307.95
307.869
307.788
307.708
307.628
307.549
307.469
307.39
307.311
307.231
344.761
346.873
349.015
351.172
353.328
355.464
357.563
359.607
361.578
363.459
365.232
366.882
368.392
369.751
370.945
371.965
372.805
373.462
373.937
374.233
374.362
374.333
374.163
373.869
373.467
372.975
372.407
371.779
371.102
370.388
369.645
368.88
368.098
367.306
366.505
365.699
364.89
364.08
363.268
362.456
361.645
360.834
360.024
359.214
358.405
357.596
356.787
355.978
355.169
354.36
353.551
352.741
351.932
351.122
350.312
349.503
348.695
347.888
347.083
346.28
345.478
344.679
343.881
343.085
342.292
341.501
340.712
339.926
339.144
338.364
337.589
336.817
336.049
335.287
334.529
333.777
333.03
332.291
331.558
330.833
330.116
329.408
328.709
328.019
327.34
326.672
326.015
325.37
324.737
324.117
323.51
322.916
322.336
321.77
321.219
320.682
320.16
319.652
319.16
318.682
318.22
317.772
317.339
316.921
316.517
316.128
315.752
315.391
315.043
314.708
314.387
314.078
313.781
313.497
313.223
312.961
312.71
312.47
312.239
312.018
311.806
311.603
311.408
311.222
311.043
310.871
310.707
310.549
310.397
310.251
310.11
309.975
309.845
309.719
309.597
309.48
309.366
309.256
309.15
309.046
308.945
308.847
308.751
308.657
308.565
308.475
308.387
308.301
308.215
308.131
308.048
307.966
307.885
307.804
307.724
307.644
307.565
307.486
307.407
307.328
307.248
341.711
343.584
345.487
347.409
349.336
351.254
353.151
355.01
356.818
358.559
360.22
361.787
363.246
364.586
365.797
366.869
367.797
368.576
369.205
369.685
370.022
370.222
370.293
370.248
370.098
369.854
369.529
369.134
368.679
368.174
367.627
367.044
366.433
365.797
365.141
364.468
363.782
363.084
362.376
361.66
360.935
360.204
359.467
358.724
357.976
357.222
356.463
355.7
354.932
354.159
353.382
352.602
351.817
351.03
350.239
349.446
348.652
347.855
347.059
346.263
345.468
344.673
343.88
343.087
342.297
341.508
340.721
339.937
339.155
338.376
337.601
336.829
336.061
335.298
334.539
333.786
333.038
332.298
331.564
330.837
330.119
329.409
328.708
328.017
327.337
326.667
326.009
325.363
324.729
324.108
323.5
322.906
322.326
321.76
321.208
320.672
320.15
319.642
319.15
318.673
318.211
317.764
317.332
316.914
316.511
316.123
315.749
315.388
315.041
314.708
314.387
314.079
313.783
313.5
313.228
312.967
312.716
312.477
312.247
312.027
311.816
311.613
311.419
311.234
311.055
310.884
310.72
310.563
310.411
310.266
310.126
309.991
309.861
309.736
309.615
309.497
309.384
309.274
309.168
309.064
308.964
308.865
308.77
308.676
308.585
308.495
308.407
308.32
308.235
308.151
308.068
307.986
307.905
307.825
307.745
307.665
307.586
307.507
307.428
307.349
307.27
338.79
340.451
342.141
343.852
345.573
347.294
349.004
350.691
352.344
353.951
355.499
356.978
358.376
359.682
360.889
361.988
362.973
363.838
364.582
365.203
365.704
366.087
366.358
366.522
366.588
366.563
366.455
366.274
366.028
365.723
365.367
364.967
364.527
364.052
363.548
363.018
362.464
361.889
361.295
360.685
360.06
359.42
358.768
358.103
357.426
356.739
356.041
355.333
354.616
353.889
353.154
352.41
351.66
350.901
350.137
349.367
348.591
347.812
347.029
346.243
345.456
344.668
343.88
343.093
342.306
341.521
340.736
339.954
339.173
338.395
337.62
336.849
336.08
335.316
334.557
333.803
333.054
332.312
331.576
330.848
330.128
329.416
328.714
328.022
327.34
326.669
326.009
325.362
324.727
324.105
323.496
322.902
322.321
321.754
321.203
320.666
320.144
319.637
319.145
318.668
318.207
317.76
317.329
316.912
316.51
316.123
315.749
315.39
315.044
314.711
314.392
314.085
313.791
313.508
313.237
312.977
312.728
312.489
312.26
312.041
311.83
311.629
311.436
311.251
311.073
310.903
310.74
310.583
310.432
310.287
310.147
310.013
309.883
309.758
309.637
309.52
309.407
309.298
309.191
309.088
308.988
308.89
308.794
308.701
308.609
308.52
308.432
308.345
308.26
308.177
308.094
308.012
307.931
307.851
307.771
307.692
307.613
307.534
307.455
307.377
307.297
336.01
337.482
338.982
340.504
342.04
343.582
345.122
346.65
348.157
349.634
351.071
352.458
353.786
355.047
356.233
357.336
358.35
359.272
360.096
360.821
361.446
361.972
362.402
362.738
362.985
363.147
363.23
363.241
363.184
363.066
362.891
362.666
362.395
362.082
361.732
361.347
360.931
360.487
360.016
359.521
359.004
358.466
357.909
357.332
356.739
356.128
355.501
354.859
354.203
353.532
352.848
352.152
351.443
350.723
349.992
349.252
348.503
347.747
346.983
346.214
345.44
344.661
343.882
343.101
342.319
341.538
340.757
339.978
339.199
338.423
337.648
336.877
336.109
335.344
334.584
333.829
333.079
332.335
331.598
330.868
330.146
329.433
328.729
328.035
327.351
326.678
326.017
325.369
324.732
324.109
323.5
322.904
322.323
321.756
321.204
320.667
320.145
319.638
319.147
318.67
318.209
317.764
317.333
316.917
316.516
316.129
315.757
315.398
315.054
314.722
314.404
314.098
313.805
313.523
313.253
312.994
312.746
312.508
312.28
312.062
311.852
311.652
311.46
311.275
311.098
310.929
310.766
310.609
310.459
310.315
310.175
310.041
309.912
309.787
309.667
309.55
309.438
309.328
309.222
309.119
309.019
308.921
308.825
308.732
308.641
308.552
308.464
308.378
308.293
308.209
308.126
308.045
307.964
307.884
307.804
307.725
307.647
307.568
307.49
307.411
307.332
333.382
334.685
336.016
337.368
338.738
340.118
341.502
342.883
344.254
345.607
346.934
348.228
349.481
350.687
351.837
352.926
353.947
354.898
355.772
356.568
357.283
357.917
358.47
358.943
359.337
359.655
359.901
360.078
360.189
360.239
360.232
360.171
360.061
359.904
359.705
359.465
359.189
358.879
358.536
358.162
357.761
357.332
356.878
356.399
355.897
355.373
354.827
354.261
353.676
353.071
352.448
351.807
351.15
350.478
349.79
349.088
348.374
347.648
346.911
346.164
345.41
344.648
343.881
343.109
342.335
341.56
340.784
340.008
339.233
338.459
337.686
336.915
336.148
335.383
334.622
333.866
333.115
332.37
331.631
330.9
330.176
329.461
328.755
328.059
327.374
326.699
326.036
325.386
324.748
324.124
323.513
322.917
322.335
321.767
321.215
320.678
320.156
319.649
319.158
318.682
318.221
317.776
317.346
316.931
316.531
316.145
315.774
315.416
315.072
314.742
314.425
314.12
313.828
313.547
313.278
313.021
312.773
312.537
312.31
312.092
311.884
311.684
311.492
311.309
311.133
310.963
310.801
310.645
310.495
310.351
310.213
310.079
309.95
309.826
309.705
309.589
309.476
309.367
309.261
309.158
309.058
308.96
308.865
308.772
308.681
308.591
308.504
308.418
308.333
308.25
308.167
308.086
308.005
307.925
307.846
307.767
307.689
307.611
307.532
307.454
307.376
330.917
332.07
333.249
334.45
335.67
336.903
338.145
339.391
340.634
341.869
343.09
344.29
345.464
346.606
347.709
348.768
349.779
350.736
351.635
352.474
353.25
353.96
354.603
355.18
355.69
356.134
356.514
356.831
357.087
357.284
357.426
357.515
357.553
357.543
357.488
357.39
357.251
357.074
356.859
356.61
356.327
356.013
355.668
355.293
354.891
354.461
354.005
353.524
353.018
352.488
351.936
351.361
350.765
350.149
349.513
348.859
348.188
347.501
346.799
346.083
345.355
344.617
343.869
343.113
342.351
341.585
340.816
340.045
339.275
338.504
337.734
336.965
336.198
335.434
334.674
333.917
333.165
332.419
331.679
330.946
330.221
329.504
328.796
328.098
327.41
326.734
326.07
325.418
324.779
324.153
323.541
322.944
322.361
321.793
321.24
320.702
320.18
319.673
319.182
318.706
318.246
317.802
317.372
316.958
316.558
316.173
315.803
315.446
315.104
314.774
314.458
314.155
313.863
313.584
313.316
313.059
312.813
312.577
312.351
312.134
311.926
311.727
311.536
311.353
311.178
311.009
310.848
310.692
310.543
310.399
310.26
310.127
309.998
309.874
309.754
309.638
309.526
309.417
309.311
309.208
309.108
309.01
308.915
308.822
308.731
308.641
308.554
308.468
308.383
308.3
308.217
308.136
308.056
307.976
307.897
307.819
307.74
307.663
307.585
307.507
307.429
328.626
329.645
330.688
331.753
332.838
333.938
335.05
336.171
337.295
338.419
339.537
340.645
341.737
342.81
343.857
344.875
345.859
346.804
347.708
348.566
349.375
350.134
350.84
351.492
352.089
352.63
353.116
353.547
353.923
354.246
354.517
354.737
354.909
355.033
355.111
355.145
355.137
355.088
355
354.873
354.71
354.512
354.279
354.013
353.715
353.385
353.025
352.635
352.217
351.77
351.297
350.796
350.27
349.72
349.146
348.548
347.93
347.291
346.632
345.956
345.263
344.555
343.834
343.101
342.358
341.607
340.85
340.087
339.323
338.557
337.791
337.026
336.262
335.499
334.739
333.983
333.231
332.484
331.743
331.009
330.282
329.564
328.854
328.154
327.465
326.787
326.121
325.467
324.827
324.2
323.587
322.988
322.404
321.835
321.282
320.744
320.221
319.714
319.223
318.748
318.288
317.844
317.415
317.001
316.602
316.218
315.848
315.493
315.151
314.822
314.507
314.204
313.914
313.635
313.368
313.112
312.867
312.632
312.406
312.19
311.983
311.785
311.595
311.412
311.237
311.069
310.908
310.752
310.603
310.46
310.322
310.188
310.06
309.936
309.816
309.7
309.587
309.478
309.372
309.269
309.169
309.072
308.976
308.883
308.792
308.703
308.615
308.529
308.445
308.361
308.279
308.198
308.118
308.039
307.96
307.882
307.804
307.726
307.649
307.572
307.494
326.52
327.418
328.339
329.282
330.245
331.225
332.219
333.224
334.238
335.256
336.276
337.293
338.303
339.303
340.288
341.255
342.2
343.12
344.01
344.867
345.689
346.473
347.216
347.918
348.575
349.187
349.753
350.272
350.744
351.17
351.548
351.881
352.168
352.41
352.608
352.763
352.875
352.947
352.978
352.97
352.923
352.839
352.718
352.562
352.37
352.144
351.883
351.59
351.265
350.908
350.519
350.101
349.653
349.176
348.671
348.14
347.582
347
346.394
345.766
345.117
344.448
343.762
343.06
342.344
341.616
340.877
340.13
339.376
338.619
337.859
337.098
336.338
335.578
334.821
334.066
333.315
332.568
331.827
331.092
330.364
329.645
328.934
328.232
327.542
326.862
326.194
325.539
324.897
324.269
323.654
323.054
322.469
321.9
321.346
320.807
320.284
319.777
319.286
318.81
318.351
317.906
317.478
317.064
316.666
316.283
315.913
315.559
315.217
314.89
314.575
314.273
313.983
313.706
313.439
313.184
312.939
312.705
312.48
312.264
312.058
311.86
311.67
311.488
311.313
311.145
310.984
310.829
310.68
310.536
310.398
310.265
310.137
310.012
309.892
309.776
309.664
309.554
309.448
309.345
309.245
309.147
309.052
308.959
308.867
308.778
308.691
308.605
308.52
308.437
308.355
308.274
308.194
308.114
308.036
307.958
307.88
307.803
307.726
307.65
307.573
324.605
325.396
326.208
327.042
327.895
328.765
329.651
330.551
331.462
332.381
333.307
334.235
335.163
336.089
337.008
337.918
338.815
339.696
340.559
341.4
342.216
343.005
343.765
344.493
345.187
345.846
346.468
347.052
347.596
348.102
348.566
348.99
349.374
349.716
350.018
350.279
350.499
350.68
350.822
350.924
350.988
351.013
351.001
350.951
350.864
350.742
350.583
350.388
350.159
349.895
349.597
349.266
348.902
348.506
348.078
347.619
347.131
346.614
346.069
345.498
344.901
344.281
343.639
342.977
342.296
341.598
340.886
340.161
339.426
338.683
337.933
337.18
336.426
335.672
334.918
334.167
333.418
332.673
331.932
331.198
330.47
329.749
329.038
328.336
327.644
326.963
326.294
325.637
324.994
324.364
323.749
323.148
322.562
321.991
321.436
320.897
320.373
319.866
319.374
318.899
318.439
317.995
317.566
317.153
316.755
316.372
316.003
315.648
315.308
314.981
314.666
314.365
314.076
313.798
313.532
313.277
313.033
312.799
312.574
312.359
312.153
311.955
311.766
311.583
311.409
311.241
311.08
310.925
310.776
310.632
310.494
310.36
310.232
310.107
309.987
309.87
309.758
309.648
309.542
309.438
309.338
309.24
309.144
309.051
308.959
308.87
308.782
308.696
308.611
308.528
308.446
308.365
308.285
308.206
308.127
308.05
307.972
307.896
307.819
307.743
307.667
322.891
323.586
324.301
325.036
325.789
326.56
327.348
328.151
328.966
329.793
330.629
331.472
332.32
333.171
334.021
334.869
335.712
336.547
337.371
338.183
338.979
339.757
340.515
341.25
341.961
342.646
343.302
343.929
344.524
345.087
345.616
346.111
346.571
346.995
347.383
347.734
348.048
348.325
348.564
348.766
348.93
349.057
349.147
349.199
349.214
349.192
349.133
349.037
348.904
348.735
348.53
348.289
348.013
347.702
347.356
346.977
346.564
346.12
345.644
345.137
344.602
344.038
343.449
342.835
342.198
341.539
340.862
340.168
339.46
338.739
338.008
337.269
336.524
335.778
335.031
334.285
333.54
332.798
332.06
331.327
330.6
329.881
329.169
328.467
327.775
327.093
326.423
325.766
325.121
324.491
323.874
323.272
322.685
322.114
321.558
321.018
320.494
319.986
319.494
319.018
318.558
318.113
317.685
317.271
316.873
316.49
316.122
315.767
315.427
315.099
314.785
314.484
314.195
313.918
313.652
313.397
313.153
312.919
312.694
312.479
312.273
312.075
311.885
311.703
311.528
311.36
311.199
311.043
310.894
310.75
310.611
310.477
310.348
310.223
310.102
309.986
309.872
309.762
309.655
309.552
309.45
309.352
309.256
309.162
309.07
308.98
308.892
308.806
308.721
308.637
308.555
308.474
308.394
308.315
308.237
308.159
308.083
308.006
307.93
307.855
307.78
321.383
321.992
322.62
323.266
323.931
324.612
325.31
326.024
326.751
327.492
328.243
329.005
329.775
330.552
331.333
332.116
332.9
333.682
334.46
335.233
335.997
336.751
337.492
338.219
338.93
339.622
340.293
340.943
341.569
342.169
342.743
343.29
343.806
344.293
344.749
345.172
345.563
345.92
346.243
346.532
346.785
347.003
347.186
347.332
347.441
347.514
347.55
347.549
347.511
347.435
347.323
347.173
346.987
346.763
346.503
346.207
345.875
345.508
345.107
344.672
344.205
343.706
343.177
342.619
342.035
341.425
340.792
340.137
339.463
338.773
338.068
337.352
336.626
335.893
335.156
334.418
333.68
332.944
332.211
331.482
330.758
330.041
329.331
328.63
327.938
327.257
326.587
325.929
325.284
324.653
324.035
323.433
322.845
322.273
321.716
321.175
320.65
320.142
319.649
319.173
318.712
318.267
317.838
317.425
317.026
316.643
316.274
315.919
315.579
315.251
314.937
314.636
314.346
314.069
313.803
313.548
313.303
313.069
312.844
312.629
312.422
312.224
312.033
311.851
311.675
311.507
311.345
311.189
311.039
310.894
310.754
310.62
310.49
310.364
310.243
310.125
310.011
309.9
309.793
309.688
309.586
309.487
309.39
309.296
309.203
309.113
309.024
308.938
308.852
308.768
308.686
308.605
308.525
308.446
308.368
308.29
308.214
308.138
308.062
307.988
307.913
320.086
320.618
321.168
321.735
322.319
322.92
323.536
324.168
324.815
325.475
326.149
326.833
327.528
328.233
328.944
329.662
330.385
331.111
331.837
332.564
333.287
334.007
334.72
335.426
336.122
336.806
337.476
338.132
338.77
339.39
339.99
340.568
341.124
341.655
342.16
342.638
343.089
343.51
343.902
344.262
344.591
344.888
345.151
345.38
345.575
345.734
345.858
345.946
345.997
346.011
345.988
345.928
345.83
345.694
345.521
345.31
345.061
344.776
344.453
344.095
343.701
343.273
342.812
342.318
341.794
341.24
340.659
340.052
339.423
338.772
338.102
337.416
336.717
336.007
335.288
334.564
333.837
333.11
332.384
331.661
330.943
330.23
329.523
328.825
328.135
327.455
326.787
326.129
325.485
324.854
324.236
323.633
323.045
322.473
321.915
321.374
320.849
320.339
319.846
319.369
318.907
318.462
318.032
317.618
317.219
316.835
316.466
316.111
315.769
315.441
315.127
314.825
314.535
314.257
313.99
313.735
313.489
313.254
313.029
312.812
312.605
312.406
312.215
312.031
311.855
311.685
311.522
311.365
311.214
311.068
310.928
310.792
310.661
310.535
310.412
310.293
310.178
310.066
309.958
309.852
309.749
309.649
309.551
309.456
309.363
309.271
309.182
309.095
309.009
308.925
308.842
308.76
308.68
308.601
308.523
308.445
308.369
308.294
308.219
308.144
308.07
319.001
319.466
319.946
320.443
320.955
321.483
322.026
322.584
323.156
323.743
324.343
324.955
325.579
326.214
326.858
327.512
328.172
328.839
329.511
330.186
330.863
331.541
332.218
332.891
333.561
334.225
334.881
335.527
336.163
336.786
337.396
337.989
338.566
339.123
339.661
340.177
340.67
341.139
341.583
342
342.39
342.75
343.081
343.381
343.649
343.885
344.087
344.255
344.387
344.485
344.546
344.57
344.557
344.506
344.418
344.291
344.126
343.923
343.682
343.403
343.087
342.734
342.345
341.921
341.463
340.973
340.451
339.901
339.323
338.72
338.094
337.448
336.784
336.105
335.413
334.711
334.003
333.29
332.576
331.863
331.153
330.447
329.747
329.053
328.368
327.691
327.025
326.37
325.727
325.097
324.481
323.878
323.29
322.718
322.16
321.619
321.093
320.583
320.089
319.611
319.149
318.703
318.273
317.858
317.458
317.073
316.703
316.346
316.004
315.675
315.36
315.057
314.766
314.487
314.219
313.963
313.716
313.48
313.253
313.036
312.827
312.627
312.435
312.25
312.072
311.901
311.737
311.578
311.426
311.279
311.137
311
310.867
310.739
310.615
310.495
310.378
310.265
310.155
310.048
309.944
309.842
309.743
309.647
309.552
309.46
309.37
309.281
309.195
309.11
309.026
308.944
308.864
308.784
308.706
308.629
308.552
308.477
308.402
308.329
308.255
318.13
318.534
318.953
319.387
319.835
320.297
320.774
321.266
321.771
322.29
322.822
323.367
323.924
324.493
325.073
325.663
326.263
326.871
327.486
328.108
328.734
329.365
329.998
330.633
331.268
331.901
332.532
333.158
333.778
334.391
334.996
335.59
336.172
336.74
337.294
337.831
338.351
338.851
339.331
339.789
340.224
340.633
341.017
341.374
341.703
342.002
342.271
342.508
342.713
342.884
343.021
343.122
343.188
343.217
343.209
343.164
343.08
342.958
342.797
342.598
342.361
342.085
341.772
341.422
341.035
340.614
340.159
339.671
339.152
338.605
338.031
337.433
336.812
336.173
335.516
334.846
334.165
333.476
332.781
332.083
331.385
330.69
329.999
329.313
328.635
327.964
327.303
326.652
326.013
325.385
324.771
324.17
323.583
323.012
322.455
321.913
321.387
320.877
320.383
319.905
319.442
318.995
318.564
318.148
317.747
317.361
316.99
316.633
316.289
315.959
315.642
315.338
315.046
314.766
314.496
314.238
313.99
313.753
313.524
313.305
313.095
312.893
312.699
312.512
312.333
312.16
311.994
311.834
311.679
311.53
311.386
311.247
311.113
310.983
310.857
310.735
310.616
310.501
310.39
310.281
310.175
310.072
309.971
309.873
309.777
309.684
309.592
309.503
309.415
309.329
309.244
309.162
309.08
309
308.922
308.844
308.768
308.693
308.618
308.545
308.472
317.471
317.823
318.187
318.565
318.956
319.361
319.779
320.21
320.654
321.112
321.582
322.065
322.56
323.068
323.586
324.116
324.656
325.206
325.765
326.332
326.906
327.487
328.074
328.664
329.258
329.854
330.451
331.047
331.642
332.234
332.821
333.402
333.977
334.542
335.098
335.642
336.173
336.689
337.19
337.673
338.137
338.581
339.003
339.403
339.778
340.127
340.449
340.743
341.008
341.242
341.445
341.614
341.75
341.852
341.918
341.947
341.94
341.895
341.812
341.69
341.53
341.332
341.095
340.82
340.508
340.159
339.774
339.354
338.9
338.415
337.9
337.357
336.789
336.197
335.584
334.954
334.308
333.651
332.984
332.31
331.633
330.953
330.276
329.602
328.934
328.273
327.619
326.975
326.341
325.719
325.108
324.511
323.927
323.357
322.802
322.262
321.737
321.227
320.733
320.255
319.792
319.345
318.913
318.496
318.094
317.707
317.335
316.976
316.631
316.3
315.981
315.675
315.381
315.099
314.828
314.568
314.319
314.079
313.849
313.628
313.415
313.211
313.015
312.826
312.644
312.469
312.301
312.138
311.981
311.83
311.684
311.542
311.406
311.273
311.145
311.02
310.9
310.782
310.668
310.557
310.449
310.344
310.241
310.141
310.044
309.948
309.855
309.764
309.674
309.587
309.501
309.417
309.335
309.254
309.175
309.097
309.02
308.945
308.871
308.797
308.725
317.022
317.327
317.644
317.973
318.314
318.667
319.032
319.409
319.799
320.201
320.616
321.042
321.481
321.931
322.392
322.865
323.349
323.843
324.347
324.86
325.382
325.912
326.449
326.992
327.541
328.095
328.652
329.212
329.773
330.335
330.896
331.455
332.011
332.561
333.106
333.644
334.173
334.691
335.198
335.692
336.171
336.635
337.081
337.508
337.915
338.3
338.663
339
339.312
339.597
339.853
340.08
340.275
340.439
340.57
340.666
340.728
340.753
340.742
340.694
340.608
340.484
340.322
340.122
339.884
339.608
339.295
338.946
338.562
338.143
337.693
337.211
336.701
336.165
335.604
335.021
334.42
333.802
333.171
332.53
331.881
331.227
330.571
329.915
329.261
328.613
327.971
327.337
326.711
326.097
325.493
324.901
324.322
323.756
323.204
322.666
322.144
321.636
321.143
320.665
320.203
319.756
319.323
318.906
318.504
318.116
317.742
317.382
317.036
316.703
316.383
316.075
315.78
315.496
315.223
314.96
314.708
314.466
314.234
314.01
313.795
313.589
313.39
313.198
313.014
312.836
312.665
312.499
312.34
312.185
312.036
311.892
311.752
311.617
311.486
311.358
311.235
311.115
310.998
310.884
310.773
310.665
310.56
310.458
310.358
310.26
310.164
310.071
309.98
309.891
309.803
309.718
309.634
309.552
309.472
309.393
309.316
309.24
309.165
309.092
309.02
316.777
317.043
317.318
317.604
317.901
318.209
318.528
318.858
319.199
319.552
319.915
320.291
320.678
321.075
321.484
321.904
322.335
322.776
323.228
323.689
324.159
324.638
325.126
325.621
326.123
326.632
327.146
327.665
328.188
328.713
329.241
329.769
330.297
330.824
331.348
331.868
332.383
332.891
333.392
333.884
334.365
334.835
335.291
335.732
336.157
336.564
336.952
337.319
337.665
337.987
338.284
338.555
338.798
339.013
339.198
339.351
339.472
339.56
339.613
339.631
339.613
339.558
339.467
339.338
339.172
338.968
338.727
338.449
338.135
337.786
337.403
336.988
336.541
336.065
335.563
335.035
334.485
333.916
333.329
332.728
332.116
331.496
330.869
330.239
329.608
328.979
328.353
327.733
327.12
326.517
325.923
325.339
324.768
324.208
323.662
323.129
322.61
322.105
321.615
321.14
320.679
320.233
319.801
319.384
318.982
318.594
318.219
317.859
317.511
317.177
316.855
316.546
316.248
315.962
315.687
315.422
315.168
314.923
314.688
314.462
314.244
314.034
313.832
313.637
313.45
313.269
313.094
312.926
312.763
312.605
312.453
312.305
312.162
312.023
311.888
311.757
311.63
311.507
311.387
311.269
311.155
311.044
310.936
310.83
310.727
310.627
310.528
310.432
310.339
310.247
310.157
310.07
309.984
309.9
309.819
309.738
309.66
309.583
309.508
309.434
309.362
316.733
316.964
317.204
317.452
317.711
317.979
318.257
318.546
318.844
319.153
319.472
319.801
320.142
320.492
320.853
321.225
321.606
321.998
322.4
322.812
323.233
323.663
324.102
324.55
325.005
325.467
325.936
326.412
326.892
327.378
327.867
328.359
328.853
329.348
329.843
330.337
330.829
331.318
331.802
332.281
332.752
333.215
333.668
334.111
334.54
334.956
335.357
335.74
336.106
336.452
336.776
337.079
337.357
337.61
337.837
338.035
338.205
338.344
338.452
338.527
338.568
338.576
338.548
338.485
338.385
338.25
338.078
337.869
337.625
337.345
337.031
336.683
336.303
335.892
335.452
334.985
334.493
333.979
333.444
332.891
332.324
331.744
331.155
330.56
329.96
329.358
328.756
328.157
327.563
326.974
326.394
325.823
325.263
324.713
324.175
323.65
323.137
322.638
322.153
321.681
321.223
320.78
320.35
319.935
319.533
319.146
318.772
318.411
318.063
317.727
317.404
317.094
316.794
316.506
316.229
315.962
315.705
315.458
315.22
314.99
314.769
314.557
314.351
314.153
313.962
313.778
313.599
313.427
313.26
313.098
312.942
312.79
312.643
312.5
312.362
312.227
312.096
311.968
311.844
311.723
311.605
311.49
311.378
311.268
311.161
311.057
310.955
310.856
310.759
310.664
310.572
310.481
310.393
310.307
310.223
310.141
310.061
309.982
309.906
309.831
309.758
316.884
317.085
317.294
317.511
317.736
317.97
318.213
318.465
318.725
318.995
319.275
319.564
319.862
320.171
320.488
320.816
321.153
321.5
321.856
322.221
322.596
322.98
323.372
323.773
324.182
324.599
325.023
325.453
325.891
326.333
326.781
327.233
327.689
328.148
328.608
329.07
329.531
329.992
330.451
330.907
331.359
331.805
332.245
332.676
333.099
333.511
333.912
334.299
334.672
335.028
335.368
335.688
335.988
336.267
336.523
336.754
336.96
337.139
337.29
337.412
337.503
337.562
337.59
337.584
337.545
337.471
337.362
337.219
337.041
336.828
336.582
336.301
335.988
335.644
335.269
334.866
334.436
333.981
333.504
333.006
332.49
331.96
331.416
330.862
330.301
329.734
329.165
328.595
328.026
327.461
326.901
326.348
325.802
325.266
324.741
324.226
323.724
323.233
322.755
322.29
321.838
321.399
320.974
320.561
320.163
319.777
319.404
319.044
318.696
318.361
318.038
317.726
317.426
317.136
316.857
316.588
316.329
316.079
315.838
315.606
315.382
315.166
314.957
314.755
314.56
314.372
314.189
314.013
313.842
313.676
313.515
313.359
313.207
313.06
312.916
312.777
312.641
312.509
312.38
312.254
312.132
312.012
311.895
311.781
311.67
311.561
311.455
311.352
311.251
311.152
311.056
310.962
310.87
310.781
310.694
310.609
310.526
310.445
310.367
310.29
310.216
317.224
317.399
317.582
317.771
317.968
318.172
318.385
318.605
318.833
319.069
319.314
319.567
319.829
320.099
320.378
320.666
320.963
321.268
321.583
321.906
322.237
322.577
322.926
323.283
323.647
324.02
324.399
324.786
325.179
325.579
325.984
326.394
326.809
327.228
327.65
328.074
328.5
328.927
329.354
329.78
330.204
330.626
331.043
331.454
331.86
332.258
332.647
333.027
333.395
333.75
334.091
334.418
334.727
335.019
335.291
335.543
335.773
335.979
336.161
336.317
336.447
336.548
336.62
336.662
336.674
336.653
336.601
336.516
336.398
336.248
336.064
335.849
335.601
335.322
335.013
334.674
334.308
333.917
333.501
333.062
332.604
332.128
331.637
331.132
330.617
330.093
329.564
329.03
328.495
327.961
327.429
326.901
326.378
325.862
325.354
324.855
324.366
323.887
323.42
322.965
322.522
322.091
321.672
321.265
320.871
320.49
320.12
319.763
319.417
319.084
318.761
318.45
318.149
317.859
317.579
317.309
317.048
316.796
316.552
316.318
316.091
315.871
315.659
315.453
315.255
315.062
314.876
314.695
314.519
314.348
314.183
314.022
313.865
313.712
313.564
313.419
313.278
313.14
313.006
312.875
312.747
312.622
312.5
312.381
312.264
312.15
312.039
311.93
311.824
311.721
311.62
311.521
311.425
311.332
311.24
311.152
311.065
310.981
310.9
310.82
310.743
317.746
317.9
318.06
318.226
318.398
318.577
318.763
318.956
319.156
319.363
319.577
319.799
320.028
320.265
320.51
320.762
321.023
321.291
321.567
321.851
322.143
322.443
322.751
323.066
323.389
323.719
324.056
324.4
324.75
325.107
325.469
325.837
326.21
326.587
326.968
327.353
327.74
328.129
328.519
328.91
329.301
329.69
330.078
330.462
330.842
331.217
331.586
331.947
332.3
332.644
332.976
333.297
333.604
333.896
334.173
334.433
334.674
334.896
335.097
335.275
335.431
335.562
335.668
335.747
335.799
335.822
335.817
335.782
335.716
335.621
335.495
335.338
335.151
334.934
334.688
334.413
334.111
333.783
333.43
333.054
332.657
332.24
331.806
331.356
330.893
330.419
329.937
329.448
328.954
328.458
327.961
327.466
326.973
326.484
326.001
325.524
325.055
324.595
324.144
323.703
323.272
322.852
322.444
322.046
321.66
321.285
320.922
320.57
320.228
319.898
319.578
319.269
318.969
318.68
318.4
318.129
317.868
317.615
317.37
317.133
316.903
316.681
316.466
316.257
316.055
315.858
315.667
315.482
315.302
315.126
314.956
314.79
314.627
314.469
314.315
314.165
314.018
313.874
313.734
313.597
313.463
313.332
313.203
313.078
312.955
312.835
312.718
312.603
312.491
312.382
312.275
312.171
312.069
311.97
311.873
311.78
311.688
311.6
311.514
311.43
311.35
318.444
318.579
318.72
318.866
319.017
319.175
319.338
319.507
319.682
319.863
320.051
320.245
320.446
320.654
320.868
321.089
321.317
321.552
321.794
322.043
322.299
322.561
322.831
323.108
323.391
323.681
323.978
324.281
324.59
324.905
325.225
325.551
325.882
326.217
326.556
326.9
327.246
327.595
327.945
328.298
328.651
329.004
329.356
329.707
330.055
330.4
330.741
331.076
331.406
331.728
332.042
332.347
332.642
332.924
333.195
333.451
333.692
333.918
334.126
334.315
334.485
334.634
334.762
334.866
334.947
335.004
335.035
335.039
335.017
334.968
334.891
334.786
334.654
334.493
334.306
334.091
333.85
333.583
333.293
332.979
332.643
332.288
331.914
331.523
331.117
330.699
330.27
329.831
329.386
328.935
328.481
328.026
327.57
327.116
326.665
326.218
325.776
325.34
324.912
324.492
324.079
323.676
323.283
322.899
322.525
322.16
321.806
321.462
321.128
320.804
320.489
320.184
319.888
319.601
319.324
319.055
318.794
318.541
318.296
318.058
317.827
317.603
317.385
317.174
316.968
316.768
316.574
316.384
316.199
316.019
315.844
315.672
315.505
315.341
315.181
315.025
314.872
314.722
314.575
314.431
314.29
314.152
314.017
313.885
313.755
313.628
313.504
313.382
313.263
313.146
313.033
312.921
312.813
312.707
312.604
312.503
312.406
312.311
312.219
312.13
312.044
319.307
319.427
319.551
319.68
319.813
319.952
320.095
320.244
320.398
320.557
320.721
320.891
321.067
321.248
321.435
321.628
321.827
322.032
322.243
322.46
322.683
322.912
323.147
323.388
323.634
323.887
324.146
324.41
324.679
324.954
325.234
325.519
325.808
326.102
326.4
326.701
327.006
327.313
327.623
327.934
328.247
328.561
328.874
329.187
329.499
329.809
330.116
330.42
330.719
331.013
331.302
331.583
331.856
332.12
332.374
332.617
332.849
333.067
333.271
333.46
333.634
333.79
333.928
334.047
334.146
334.224
334.28
334.314
334.325
334.312
334.275
334.213
334.127
334.015
333.879
333.718
333.533
333.324
333.093
332.839
332.564
332.269
331.956
331.626
331.28
330.92
330.548
330.165
329.773
329.374
328.97
328.561
328.15
327.738
327.326
326.916
326.508
326.105
325.706
325.313
324.926
324.546
324.173
323.808
323.451
323.103
322.763
322.431
322.109
321.794
321.489
321.191
320.902
320.621
320.348
320.083
319.825
319.574
319.331
319.093
318.863
318.638
318.42
318.207
317.999
317.797
317.599
317.406
317.218
317.033
316.853
316.677
316.504
316.335
316.169
316.007
315.847
315.691
315.537
315.387
315.239
315.094
314.951
314.811
314.674
314.539
314.407
314.277
314.15
314.025
313.903
313.784
313.667
313.553
313.442
313.333
313.228
313.125
313.025
312.928
312.835
320.321
320.427
320.538
320.652
320.77
320.892
321.018
321.149
321.284
321.423
321.567
321.715
321.869
322.027
322.189
322.357
322.53
322.707
322.89
323.077
323.27
323.468
323.671
323.879
324.092
324.31
324.533
324.76
324.992
325.229
325.47
325.716
325.965
326.219
326.475
326.736
326.999
327.264
327.533
327.802
328.074
328.346
328.619
328.893
329.165
329.437
329.706
329.974
330.238
330.499
330.755
331.006
331.251
331.489
331.72
331.942
332.155
332.358
332.549
332.729
332.896
333.048
333.187
333.309
333.416
333.505
333.576
333.629
333.662
333.675
333.668
333.639
333.589
333.518
333.425
333.311
333.175
333.017
332.839
332.641
332.423
332.186
331.932
331.661
331.374
331.074
330.761
330.436
330.101
329.758
329.408
329.051
328.691
328.327
327.961
327.595
327.229
326.865
326.502
326.144
325.789
325.439
325.094
324.754
324.421
324.094
323.774
323.461
323.154
322.855
322.563
322.277
321.999
321.728
321.463
321.205
320.953
320.707
320.468
320.234
320.006
319.783
319.565
319.353
319.145
318.941
318.742
318.547
318.356
318.169
317.985
317.804
317.627
317.453
317.282
317.114
316.948
316.786
316.625
316.468
316.313
316.16
316.01
315.862
315.717
315.573
315.433
315.294
315.158
315.025
314.894
314.765
314.639
314.516
314.395
314.277
314.161
314.049
313.939
313.832
313.727
321.465
321.56
321.658
321.759
321.863
321.971
322.082
322.196
322.314
322.436
322.561
322.69
322.823
322.959
323.1
323.245
323.393
323.546
323.703
323.864
324.028
324.198
324.371
324.548
324.729
324.915
325.104
325.298
325.495
325.696
325.9
326.108
326.319
326.534
326.751
326.971
327.194
327.419
327.646
327.874
328.104
328.335
328.567
328.799
329.031
329.263
329.493
329.722
329.948
330.172
330.393
330.61
330.823
331.03
331.231
331.427
331.615
331.795
331.966
332.129
332.281
332.422
332.552
332.669
332.774
332.864
332.941
333.002
333.047
333.077
333.089
333.084
333.062
333.021
332.962
332.885
332.79
332.676
332.544
332.394
332.227
332.044
331.844
331.629
331.4
331.157
330.902
330.635
330.358
330.072
329.778
329.477
329.17
328.859
328.545
328.228
327.909
327.59
327.271
326.953
326.638
326.324
326.014
325.707
325.404
325.105
324.811
324.522
324.238
323.96
323.686
323.418
323.156
322.898
322.646
322.4
322.158
321.921
321.69
321.462
321.24
321.022
320.808
320.598
320.392
320.19
319.991
319.796
319.604
319.415
319.229
319.046
318.866
318.688
318.513
318.34
318.169
318.001
317.835
317.671
317.509
317.349
317.191
317.036
316.882
316.731
316.581
316.434
316.289
316.146
316.005
315.866
315.73
315.596
315.465
315.336
315.209
315.085
314.963
314.843
314.726
322.707
322.791
322.878
322.967
323.058
323.153
323.25
323.35
323.452
323.558
323.666
323.777
323.892
324.009
324.129
324.253
324.379
324.509
324.642
324.778
324.917
325.059
325.205
325.353
325.505
325.66
325.818
325.979
326.143
326.31
326.479
326.652
326.826
327.004
327.183
327.365
327.549
327.735
327.922
328.11
328.3
328.491
328.682
328.873
329.065
329.256
329.447
329.636
329.824
330.01
330.194
330.375
330.552
330.726
330.895
331.059
331.219
331.372
331.518
331.658
331.789
331.913
332.028
332.133
332.228
332.312
332.386
332.447
332.496
332.533
332.556
332.565
332.56
332.541
332.507
332.459
332.395
332.316
332.222
332.114
331.99
331.853
331.701
331.537
331.359
331.169
330.969
330.757
330.536
330.305
330.067
329.822
329.57
329.314
329.052
328.788
328.52
328.25
327.979
327.707
327.436
327.165
326.895
326.626
326.36
326.096
325.834
325.576
325.32
325.068
324.82
324.575
324.333
324.096
323.862
323.632
323.405
323.182
322.962
322.746
322.533
322.324
322.117
321.914
321.713
321.516
321.32
321.128
320.937
320.749
320.564
320.38
320.198
320.019
319.841
319.665
319.49
319.318
319.147
318.978
318.81
318.644
318.479
318.317
318.155
317.996
317.838
317.682
317.528
317.375
317.225
317.076
316.929
316.785
316.642
316.501
316.362
316.225
316.09
315.956
315.823
323.996
324.071
324.147
324.225
324.305
324.387
324.471
324.558
324.646
324.736
324.829
324.924
325.021
325.12
325.221
325.325
325.431
325.54
325.65
325.763
325.879
325.996
326.116
326.239
326.363
326.49
326.619
326.75
326.883
327.019
327.156
327.295
327.436
327.579
327.724
327.869
328.017
328.165
328.315
328.466
328.617
328.769
328.922
329.074
329.227
329.379
329.53
329.681
329.831
329.979
330.125
330.27
330.412
330.551
330.687
330.819
330.947
331.071
331.191
331.305
331.413
331.515
331.61
331.698
331.779
331.851
331.915
331.971
332.017
332.053
332.079
332.095
332.1
332.094
332.076
332.047
332.006
331.954
331.89
331.813
331.725
331.626
331.515
331.393
331.261
331.118
330.966
330.804
330.634
330.455
330.27
330.077
329.878
329.674
329.466
329.253
329.036
328.817
328.595
328.372
328.147
327.921
327.695
327.469
327.243
327.018
326.793
326.57
326.348
326.128
325.91
325.693
325.478
325.265
325.055
324.846
324.639
324.435
324.232
324.032
323.833
323.637
323.442
323.249
323.057
322.868
322.679
322.493
322.308
322.124
321.941
321.76
321.58
321.401
321.223
321.046
320.87
320.696
320.522
320.349
320.177
320.007
319.837
319.669
319.501
319.335
319.17
319.006
318.844
318.682
318.523
318.364
318.207
318.052
317.898
317.745
317.594
317.444
317.295
317.146
316.997
325.266
325.331
325.397
325.465
325.534
325.605
325.677
325.75
325.825
325.902
325.98
326.059
326.14
326.223
326.307
326.393
326.48
326.569
326.66
326.752
326.846
326.941
327.038
327.136
327.236
327.337
327.44
327.544
327.649
327.756
327.864
327.973
328.084
328.196
328.308
328.422
328.536
328.651
328.766
328.883
328.999
329.116
329.233
329.35
329.466
329.582
329.698
329.813
329.927
330.04
330.151
330.261
330.369
330.475
330.578
330.679
330.777
330.872
330.963
331.05
331.133
331.212
331.286
331.355
331.418
331.476
331.528
331.573
331.611
331.642
331.666
331.682
331.69
331.691
331.682
331.665
331.64
331.606
331.562
331.51
331.449
331.379
331.301
331.214
331.118
331.015
330.903
330.784
330.658
330.525
330.386
330.241
330.09
329.934
329.774
329.61
329.441
329.27
329.096
328.919
328.74
328.559
328.377
328.193
328.009
327.824
327.639
327.453
327.267
327.081
326.896
326.71
326.525
326.341
326.157
325.974
325.791
325.608
325.427
325.246
325.065
324.885
324.706
324.527
324.349
324.171
323.993
323.816
323.639
323.463
323.287
323.111
322.936
322.761
322.586
322.411
322.237
322.063
321.889
321.716
321.542
321.37
321.197
321.025
320.854
320.683
320.512
320.343
320.174
320.005
319.838
319.672
319.506
319.341
319.177
319.014
318.852
318.69
318.527
318.364
318.198
326.426
326.482
326.539
326.598
326.657
326.717
326.778
326.84
326.903
326.967
327.032
327.098
327.164
327.232
327.301
327.371
327.442
327.514
327.586
327.66
327.735
327.81
327.887
327.964
328.042
328.122
328.202
328.282
328.364
328.446
328.529
328.612
328.697
328.781
328.866
328.952
329.038
329.124
329.21
329.297
329.383
329.47
329.556
329.642
329.728
329.813
329.897
329.981
330.064
330.146
330.227
330.306
330.384
330.46
330.535
330.608
330.678
330.746
330.811
330.874
330.934
330.991
331.044
331.093
331.139
331.181
331.218
331.252
331.28
331.303
331.321
331.334
331.342
331.343
331.339
331.328
331.312
331.289
331.26
331.225
331.183
331.134
331.08
331.019
330.952
330.878
330.799
330.714
330.624
330.528
330.427
330.321
330.211
330.096
329.978
329.855
329.729
329.6
329.467
329.332
329.194
329.054
328.912
328.768
328.622
328.475
328.326
328.176
328.024
327.872
327.718
327.564
327.409
327.253
327.096
326.938
326.78
326.621
326.461
326.301
326.14
325.979
325.817
325.654
325.491
325.327
325.163
324.997
324.832
324.665
324.498
324.331
324.163
323.994
323.825
323.655
323.484
323.314
323.142
322.971
322.799
322.626
322.454
322.281
322.108
321.935
321.762
321.589
321.416
321.243
321.07
320.898
320.726
320.555
320.383
320.212
320.04
319.868
319.695
319.519
319.339
327.361
327.41
327.46
327.51
327.561
327.612
327.664
327.717
327.77
327.824
327.878
327.933
327.989
328.045
328.101
328.158
328.216
328.274
328.333
328.392
328.451
328.511
328.572
328.633
328.694
328.756
328.818
328.881
328.943
329.006
329.07
329.133
329.197
329.261
329.324
329.388
329.452
329.516
329.58
329.643
329.706
329.769
329.832
329.894
329.956
330.017
330.077
330.137
330.196
330.254
330.31
330.366
330.421
330.474
330.525
330.576
330.624
330.671
330.716
330.758
330.799
330.837
330.873
330.907
330.937
330.965
330.99
331.012
331.03
331.045
331.057
331.065
331.069
331.07
331.066
331.058
331.046
331.029
331.009
330.983
330.954
330.92
330.881
330.838
330.791
330.739
330.683
330.622
330.558
330.489
330.417
330.34
330.26
330.177
330.089
329.999
329.905
329.809
329.709
329.606
329.501
329.394
329.283
329.171
329.056
328.939
328.82
328.699
328.576
328.451
328.324
328.195
328.065
327.933
327.799
327.664
327.527
327.388
327.248
327.106
326.963
326.818
326.672
326.524
326.375
326.224
326.072
325.918
325.763
325.607
325.449
325.29
325.13
324.968
324.805
324.641
324.476
324.31
324.143
323.974
323.805
323.635
323.464
323.292
323.12
322.947
322.773
322.599
322.425
322.25
322.075
321.9
321.724
321.548
321.372
321.196
321.019
320.84
320.659
320.474
320.283
327.927
327.972
328.017
328.062
328.108
328.154
328.201
328.248
328.295
328.342
328.39
328.438
328.487
328.536
328.585
328.634
328.684
328.734
328.784
328.834
328.885
328.936
328.987
329.038
329.089
329.141
329.192
329.244
329.295
329.347
329.399
329.45
329.502
329.553
329.605
329.656
329.707
329.757
329.807
329.857
329.907
329.956
330.005
330.053
330.1
330.147
330.193
330.238
330.283
330.326
330.369
330.41
330.451
330.49
330.528
330.565
330.6
330.634
330.666
330.696
330.725
330.752
330.777
330.801
330.822
330.841
330.857
330.871
330.883
330.893
330.9
330.904
330.905
330.903
330.899
330.891
330.881
330.867
330.85
330.83
330.806
330.779
330.749
330.716
330.679
330.639
330.596
330.549
330.499
330.446
330.39
330.33
330.267
330.202
330.133
330.061
329.986
329.909
329.829
329.745
329.659
329.571
329.48
329.386
329.29
329.191
329.089
328.986
328.88
328.771
328.661
328.548
328.432
328.315
328.195
328.073
327.949
327.823
327.695
327.565
327.432
327.298
327.161
327.023
326.883
326.74
326.596
326.45
326.302
326.152
326.001
325.848
325.693
325.536
325.378
325.218
325.057
324.894
324.73
324.564
324.398
324.23
324.06
323.89
323.719
323.547
323.374
323.2
323.025
322.85
322.674
322.498
322.321
322.144
321.966
321.787
321.607
321.425
321.24
321.05
320.853
307.042
306.815
306.583
306.347
306.105
305.858
305.606
305.348
305.085
304.817
304.544
304.267
303.986
303.702
303.417
303.133
302.85
302.572
302.299
302.035
301.782
301.541
301.316
301.109
300.921
300.754
300.608
300.483
300.379
300.293
300.224
300.17
300.127
300.094
300.069
300.05
300.035
300.025
300.018
300.012
300.008
300.006
300.004
300.002
300.001
300.001
300
300
300
300
300
307.042
306.816
306.584
306.347
306.105
305.858
305.606
305.349
305.086
304.818
304.545
304.268
303.986
303.703
303.418
303.134
302.851
302.572
302.3
302.036
301.782
301.542
301.317
301.109
300.922
300.754
300.608
300.484
300.379
300.294
300.224
300.17
300.127
300.094
300.069
300.05
300.036
300.025
300.018
300.012
300.008
300.006
300.004
300.002
300.001
300.001
300
300
300
300
300
307.043
306.817
306.585
306.348
306.106
305.859
305.607
305.35
305.087
304.82
304.547
304.269
303.988
303.705
303.42
303.135
302.853
302.574
302.301
302.037
301.784
301.543
301.318
301.11
300.922
300.755
300.609
300.484
300.38
300.294
300.225
300.17
300.127
300.094
300.069
300.05
300.036
300.025
300.018
300.012
300.008
300.006
300.004
300.002
300.001
300.001
300
300
300
300
300
307.045
306.818
306.587
306.35
306.108
305.862
305.61
305.353
305.09
304.822
304.549
304.272
303.991
303.708
303.423
303.138
302.856
302.577
302.304
302.04
301.786
301.545
301.32
301.112
300.924
300.756
300.61
300.485
300.38
300.294
300.225
300.17
300.127
300.094
300.069
300.05
300.036
300.025
300.018
300.012
300.008
300.006
300.004
300.002
300.001
300.001
300
300
300
300
300
307.048
306.821
306.59
306.353
306.112
305.865
305.614
305.357
305.094
304.826
304.554
304.277
303.996
303.712
303.428
303.143
302.86
302.582
302.309
302.044
301.79
301.549
301.323
301.115
300.926
300.758
300.612
300.486
300.381
300.295
300.226
300.171
300.128
300.094
300.069
300.05
300.036
300.025
300.018
300.012
300.008
300.006
300.004
300.002
300.001
300.001
300
300
300
300
300
307.052
306.826
306.594
306.358
306.117
305.87
305.619
305.362
305.1
304.833
304.56
304.283
304.003
303.719
303.435
303.15
302.867
302.588
302.315
302.05
301.795
301.554
301.328
301.119
300.93
300.761
300.614
300.488
300.383
300.296
300.227
300.171
300.128
300.095
300.069
300.05
300.036
300.025
300.018
300.012
300.008
300.006
300.004
300.002
300.002
300.001
300
300
300
300
300
307.057
306.832
306.601
306.365
306.124
305.878
305.627
305.371
305.109
304.842
304.57
304.293
304.012
303.729
303.444
303.16
302.877
302.597
302.324
302.058
301.803
301.561
301.334
301.124
300.934
300.765
300.617
300.491
300.385
300.298
300.228
300.172
300.129
300.095
300.07
300.05
300.036
300.026
300.018
300.012
300.008
300.006
300.004
300.002
300.002
300.001
300
300
300
300
300
307.065
306.84
306.609
306.374
306.133
305.888
305.638
305.382
305.121
304.854
304.582
304.306
304.026
303.743
303.458
303.173
302.89
302.61
302.336
302.069
301.813
301.57
301.342
301.131
300.94
300.77
300.621
300.494
300.387
300.3
300.229
300.173
300.13
300.096
300.07
300.051
300.036
300.026
300.018
300.012
300.009
300.006
300.004
300.002
300.002
300.001
300
300
300
300
300
307.076
306.851
306.621
306.386
306.146
305.902
305.652
305.397
305.137
304.871
304.599
304.323
304.043
303.76
303.475
303.19
302.906
302.626
302.351
302.084
301.826
301.582
301.352
301.141
300.948
300.777
300.627
300.498
300.391
300.302
300.231
300.175
300.131
300.096
300.071
300.051
300.037
300.026
300.018
300.013
300.009
300.006
300.004
300.002
300.002
300.001
300
300
300
300
300
307.089
306.866
306.637
306.402
306.163
305.92
305.671
305.417
305.157
304.892
304.621
304.346
304.066
303.783
303.498
303.212
302.928
302.647
302.37
302.102
301.843
301.597
301.366
301.152
300.958
300.785
300.633
300.503
300.395
300.305
300.233
300.176
300.132
300.097
300.071
300.052
300.037
300.026
300.018
300.013
300.009
300.006
300.004
300.002
300.002
300.001
300
300
300
300
300
307.107
306.885
306.656
306.423
306.185
305.943
305.695
305.442
305.183
304.919
304.649
304.374
304.095
303.812
303.526
303.24
302.955
302.673
302.395
302.125
301.864
301.616
301.383
301.167
300.97
300.795
300.641
300.51
300.4
300.309
300.236
300.179
300.133
300.099
300.072
300.052
300.037
300.026
300.018
300.013
300.009
300.006
300.004
300.003
300.002
300.001
300
300
300
300
300
307.13
306.909
306.682
306.45
306.213
305.972
305.725
305.474
305.216
304.953
304.684
304.41
304.13
303.847
303.562
303.275
302.989
302.705
302.426
302.153
301.89
301.639
301.403
301.184
300.985
300.807
300.651
300.518
300.406
300.314
300.24
300.181
300.135
300.1
300.073
300.053
300.038
300.027
300.019
300.013
300.009
300.006
300.004
300.003
300.002
300.001
300
300
300
300
300
307.159
306.939
306.713
306.483
306.248
306.008
305.763
305.513
305.257
304.995
304.727
304.453
304.175
303.892
303.605
303.318
303.03
302.745
302.463
302.188
301.922
301.668
301.428
301.206
301.004
300.822
300.664
300.527
300.413
300.319
300.244
300.184
300.138
300.102
300.074
300.054
300.038
300.027
300.019
300.013
300.009
300.006
300.004
300.003
300.002
300.001
300
300
300
300
300
307.195
306.977
306.753
306.524
306.291
306.053
305.81
305.562
305.307
305.047
304.78
304.507
304.229
303.945
303.659
303.37
303.081
302.793
302.508
302.23
301.96
301.702
301.459
301.232
301.026
300.841
300.678
300.539
300.422
300.326
300.249
300.188
300.141
300.104
300.076
300.055
300.039
300.028
300.019
300.013
300.009
300.006
300.004
300.003
300.002
300.001
300.001
300
300
300
300
307.24
307.023
306.801
306.574
306.343
306.108
305.867
305.621
305.368
305.11
304.844
304.572
304.294
304.01
303.723
303.433
303.141
302.851
302.563
302.281
302.007
301.744
301.495
301.264
301.052
300.862
300.696
300.553
300.433
300.334
300.255
300.193
300.144
300.106
300.077
300.056
300.04
300.028
300.02
300.014
300.009
300.006
300.004
300.003
300.002
300.001
300.001
300
300
300
300
307.295
307.08
306.86
306.635
306.407
306.174
305.936
305.692
305.442
305.185
304.921
304.65
304.372
304.089
303.8
303.508
303.214
302.92
302.628
302.342
302.062
301.794
301.539
301.302
301.084
300.889
300.717
300.569
300.445
300.344
300.262
300.198
300.148
300.109
300.079
300.057
300.041
300.029
300.02
300.014
300.01
300.006
300.004
300.003
300.002
300.001
300.001
300
300
300
300
307.361
307.148
306.931
306.709
306.484
306.254
306.019
305.778
305.53
305.276
305.013
304.743
304.466
304.182
303.892
303.598
303.301
303.003
302.706
302.414
302.128
301.853
301.591
301.346
301.122
300.92
300.742
300.589
300.46
300.355
300.271
300.204
300.152
300.112
300.082
300.059
300.042
300.03
300.021
300.014
300.01
300.007
300.004
300.003
300.002
300.001
300.001
300
300
300
300
307.441
307.23
307.016
306.797
306.575
306.349
306.117
305.879
305.635
305.383
305.123
304.854
304.577
304.292
304.001
303.704
303.404
303.101
302.799
302.5
302.207
301.923
301.653
301.399
301.166
300.956
300.771
300.612
300.478
300.368
300.281
300.212
300.158
300.116
300.084
300.061
300.043
300.031
300.021
300.015
300.01
300.007
300.004
300.003
300.002
300.001
300.001
300
300
300
300
307.536
307.329
307.117
306.902
306.684
306.461
306.234
306
305.759
305.51
305.252
304.985
304.708
304.423
304.13
303.83
303.525
303.217
302.908
302.601
302.299
302.006
301.726
301.462
301.219
301
300.806
300.639
300.499
300.384
300.293
300.221
300.164
300.121
300.088
300.063
300.045
300.032
300.022
300.015
300.01
300.007
300.005
300.003
300.002
300.001
300.001
300
300
300
300
307.65
307.445
307.237
307.026
306.812
306.594
306.371
306.142
305.905
305.659
305.404
305.138
304.862
304.576
304.281
303.977
303.667
303.353
303.036
302.72
302.408
302.103
301.811
301.536
301.281
301.051
300.847
300.671
300.523
300.403
300.307
300.231
300.171
300.126
300.091
300.066
300.047
300.033
300.023
300.016
300.011
300.007
300.005
300.003
300.002
300.001
300.001
300
300
300
300
307.784
307.582
307.378
307.171
306.963
306.75
306.532
306.308
306.076
305.834
305.581
305.317
305.042
304.755
304.457
304.15
303.834
303.512
303.186
302.859
302.535
302.218
301.912
301.623
301.354
301.111
300.895
300.709
300.552
300.425
300.323
300.243
300.18
300.132
300.096
300.068
300.049
300.034
300.024
300.016
300.011
300.007
300.005
300.003
300.002
300.001
300.001
300
300
300
300
307.943
307.744
307.544
307.342
307.139
306.932
306.72
306.501
306.275
306.037
305.788
305.526
305.251
304.963
304.662
304.35
304.028
303.698
303.361
303.022
302.684
302.352
302.03
301.725
301.44
301.181
300.952
300.753
300.586
300.451
300.342
300.257
300.19
300.139
300.1
300.072
300.051
300.036
300.025
300.017
300.012
300.008
300.005
300.003
300.002
300.001
300.001
300
300
300
300
308.129
307.933
307.737
307.541
307.344
307.144
306.939
306.726
306.505
306.273
306.028
305.768
305.494
305.204
304.901
304.583
304.253
303.913
303.565
303.212
302.858
302.509
302.169
301.844
301.541
301.264
301.018
300.805
300.626
300.481
300.365
300.273
300.202
300.147
300.106
300.076
300.053
300.037
300.026
300.018
300.012
300.008
300.005
300.003
300.002
300.001
300.001
300
300
300
300
308.346
308.153
307.962
307.772
307.582
307.389
307.191
306.986
306.771
306.545
306.304
306.047
305.773
305.483
305.176
304.852
304.514
304.163
303.801
303.432
303.061
302.691
302.33
301.984
301.659
301.361
301.096
300.866
300.673
300.517
300.391
300.292
300.215
300.157
300.113
300.08
300.056
300.039
300.027
300.019
300.013
300.008
300.006
300.004
300.002
300.001
300.001
300
300
300
300
308.599
308.409
308.223
308.039
307.856
307.671
307.481
307.284
307.077
306.857
306.62
306.367
306.094
305.802
305.492
305.162
304.815
304.451
304.074
303.688
303.296
302.904
302.518
302.147
301.797
301.475
301.187
300.937
300.728
300.558
300.422
300.314
300.231
300.168
300.12
300.085
300.06
300.042
300.029
300.02
300.013
300.009
300.006
300.004
300.002
300.001
300.001
300
300
300
300
308.893
308.706
308.524
308.347
308.171
307.995
307.814
307.625
307.426
307.213
306.982
306.732
306.46
306.168
305.853
305.516
305.159
304.782
304.389
303.982
303.567
303.15
302.737
302.336
301.957
301.608
301.294
301.021
300.793
300.607
300.458
300.34
300.249
300.18
300.129
300.091
300.064
300.044
300.03
300.021
300.014
300.009
300.006
300.004
300.002
300.002
300.001
300
300
300
300
309.234
309.048
308.87
308.699
308.531
308.364
308.192
308.013
307.822
307.617
307.392
307.146
306.876
306.583
306.264
305.92
305.552
305.161
304.75
304.321
303.88
303.434
302.99
302.557
302.145
301.763
301.419
301.12
300.87
300.665
300.5
300.371
300.271
300.195
300.139
300.098
300.068
300.047
300.032
300.022
300.015
300.01
300.006
300.004
300.003
300.002
300.001
300
300
300
300
309.628
309.442
309.267
309.102
308.942
308.783
308.62
308.451
308.27
308.072
307.854
307.613
307.345
307.051
306.729
306.378
305.999
305.592
305.161
304.709
304.24
303.762
303.283
302.813
302.364
301.945
301.566
301.236
300.959
300.732
300.55
300.406
300.296
300.213
300.151
300.106
300.073
300.051
300.034
300.023
300.016
300.01
300.007
300.004
300.003
300.002
300.001
300
300
300
300
310.081
309.893
309.72
309.559
309.406
309.255
309.103
308.943
308.771
308.582
308.371
308.135
307.87
307.576
307.25
306.892
306.502
306.08
305.629
305.151
304.652
304.139
303.621
303.11
302.618
302.156
301.737
301.372
301.065
300.811
300.608
300.448
300.325
300.233
300.164
300.115
300.079
300.054
300.037
300.025
300.017
300.011
300.007
300.005
300.003
300.002
300.001
300.001
300
300
300
310.601
310.408
310.235
310.077
309.929
309.786
309.642
309.492
309.329
309.149
308.945
308.714
308.453
308.16
307.832
307.467
307.066
306.629
306.156
305.651
305.12
304.57
304.01
303.453
302.912
302.402
301.938
301.532
301.188
300.904
300.676
300.496
300.359
300.256
300.18
300.125
300.086
300.059
300.04
300.027
300.018
300.012
300.008
300.005
300.003
300.002
300.001
300.001
300
300
300
311.198
310.996
310.819
310.661
310.516
310.378
310.241
310.099
309.945
309.772
309.576
309.351
309.094
308.802
308.473
308.103
307.692
307.24
306.746
306.215
305.65
305.06
304.454
303.846
303.252
302.688
302.173
301.72
301.333
301.013
300.755
300.553
300.398
300.283
300.198
300.137
300.094
300.064
300.043
300.029
300.019
300.013
300.008
300.005
300.003
300.002
300.001
300.001
300
300
300
311.878
311.663
311.478
311.315
311.17
311.034
310.902
310.765
310.617
310.452
310.262
310.043
309.79
309.501
309.171
308.798
308.38
307.914
307.401
306.844
306.245
305.613
304.959
304.297
303.643
303.02
302.447
301.939
301.503
301.14
300.848
300.619
300.444
300.314
300.219
300.151
300.103
300.069
300.046
300.031
300.02
300.013
300.009
300.006
300.004
300.002
300.001
300.001
300
300
300
312.65
312.417
312.219
312.047
311.895
311.757
311.624
311.489
311.345
311.183
310.998
310.784
310.537
310.251
309.923
309.549
309.125
308.649
308.12
307.538
306.906
306.233
305.529
304.809
304.093
303.405
302.766
302.194
301.7
301.288
300.956
300.695
300.497
300.349
300.242
300.166
300.113
300.076
300.05
300.033
300.022
300.014
300.009
300.006
300.004
300.002
300.001
300.001
300
300
300
313.519
313.265
313.046
312.858
312.694
312.546
312.407
312.268
312.122
311.961
311.778
311.568
311.324
311.043
310.718
310.345
309.919
309.436
308.894
308.292
307.632
306.92
306.167
305.388
304.606
303.846
303.133
302.489
301.929
301.46
301.08
300.783
300.557
300.39
300.269
300.183
300.124
300.083
300.055
300.036
300.024
300.015
300.01
300.006
300.004
300.002
300.001
300.001
300
300
300
314.489
314.206
313.962
313.75
313.564
313.399
313.246
313.097
312.943
312.777
312.592
312.382
312.141
311.864
311.543
311.173
310.749
310.264
309.715
309.098
308.415
307.668
306.869
306.033
305.183
304.346
303.551
302.827
302.191
301.656
301.223
300.883
300.625
300.435
300.299
300.202
300.136
300.09
300.06
300.039
300.025
300.016
300.011
300.007
300.004
300.003
300.002
300.001
300
300
300
315.553
315.236
314.958
314.714
314.5
314.309
314.133
313.965
313.795
313.618
313.426
313.213
312.972
312.696
312.38
312.016
311.596
311.114
310.563
309.939
309.238
308.465
307.625
306.735
305.817
304.901
304.021
303.208
302.489
301.879
301.384
300.996
300.702
300.486
300.331
300.223
300.149
300.098
300.065
300.042
300.027
300.018
300.011
300.007
300.004
300.003
300.002
300.001
300
300
300
316.689
316.333
316.015
315.733
315.482
315.256
315.049
314.854
314.661
314.466
314.26
314.038
313.793
313.518
313.205
312.847
312.435
311.959
311.413
310.788
310.079
309.287
308.416
307.479
306.498
305.505
304.535
303.628
302.818
302.127
301.562
301.119
300.785
300.541
300.367
300.245
300.163
300.107
300.07
300.045
300.029
300.019
300.012
300.008
300.005
300.003
300.002
300.001
300
300
300
317.851
317.453
317.092
316.767
316.473
316.206
315.961
315.732
315.51
315.289
315.064
314.828
314.575
314.297
313.986
313.634
313.23
312.765
312.228
311.609
310.902
310.101
309.209
308.235
307.2
306.135
305.079
304.078
303.172
302.392
301.752
301.251
300.873
300.597
300.403
300.268
300.176
300.115
300.075
300.048
300.031
300.02
300.013
300.008
300.005
300.003
300.002
300.001
300
300
300
318.954
318.517
318.114
317.746
317.408
317.099
316.813
316.546
316.291
316.041
315.793
315.54
315.275
314.991
314.679
314.331
313.937
313.483
312.959
312.354
311.655
310.856
309.955
308.958
307.881
306.756
305.622
304.531
303.531
302.662
301.945
301.383
300.959
300.653
300.437
300.289
300.189
300.123
300.079
300.051
300.033
300.021
300.013
300.008
300.005
300.003
300.002
300.001
300.001
300
300
319.869
319.4
318.963
318.558
318.183
317.836
317.514
317.212
316.926
316.65
316.379
316.108
315.831
315.54
315.227
314.882
314.495
314.053
313.543
312.953
312.268
311.479
310.579
309.573
308.471
307.303
306.108
304.941
303.858
302.907
302.119
301.5
301.036
300.701
300.467
300.307
300.2
300.129
300.083
300.053
300.034
300.022
300.014
300.009
300.005
300.003
300.002
300.001
300.001
300
300
320.422
319.935
319.478
319.05
318.652
318.282
317.937
317.613
317.307
317.014
316.728
316.446
316.16
315.864
315.55
315.207
314.825
314.391
313.893
313.314
312.642
311.864
310.973
309.967
308.857
307.668
306.439
305.224
304.085
303.077
302.238
301.579
301.085
300.731
300.485
300.318
300.206
300.133
300.085
300.055
300.035
300.022
300.014
300.009
300.005
300.003
300.002
300.001
300.001
300
300
)
;

boundaryField
{
    inlet
    {
        type            fixedValue;
        value           uniform 300;
    }
    outlet
    {
        type            zeroGradient;
    }
    top
    {
        type            zeroGradient;
    }
    slip-bottom
    {
        type            zeroGradient;
    }
    bottom
    {
        type            zeroGradient;
    }
    interface
    {
        type            fixedGradient;
        gradient        nonuniform List<scalar> 
161
(
2999.99
2999.99
2999.99
2999.99
2999.99
2999.99
2999.99
2999.99
2999.99
2999.99
2999.99
2999.99
2999.99
2999.99
2999.99
2999.99
2999.99
2999.99
2999.99
2999.99
-1.9611e-12
-1.9611e-12
-1.9611e-12
-1.9611e-12
-1.9611e-12
-1.9611e-12
-1.9611e-12
-1.9611e-12
-1.9611e-12
-1.9611e-12
-1.9611e-12
-1.9611e-12
-1.9611e-12
-1.9611e-12
-1.9611e-12
-1.9611e-12
-1.9611e-12
-1.9611e-12
-1.9611e-12
-1.9611e-12
-1.27898e-12
-1.27898e-12
-1.27898e-12
-1.27898e-12
-1.27898e-12
-1.27898e-12
-1.27898e-12
-1.27898e-12
-1.27898e-12
-1.27898e-12
-1.27898e-12
-1.27898e-12
-1.27898e-12
-1.27898e-12
-1.27898e-12
-1.27898e-12
-2.55795e-13
-2.55795e-13
-2.55795e-13
-2.55795e-13
-2.55795e-13
-2.55795e-13
-2.55795e-13
-2.55795e-13
-2.55795e-13
-2.55795e-13
-2.55795e-13
-2.55795e-13
-2.55795e-13
-2.55795e-13
-2.55795e-13
5.68434e-14
5.68434e-14
5.68434e-14
5.68434e-14
5.68434e-14
5.68434e-14
5.68434e-14
5.68434e-14
5.68434e-14
5.68434e-14
5.68434e-14
5.68434e-14
8.52651e-14
8.52651e-14
8.52651e-14
8.52651e-14
8.52651e-14
8.52651e-14
8.52651e-14
8.52651e-14
8.52651e-14
8.52651e-14
8.52651e-14
-2.84217e-13
-2.84217e-13
-2.84217e-13
-2.84217e-13
-2.84217e-13
-2.84217e-13
-2.84217e-13
-2.84217e-13
-2.84217e-13
-2.84217e-13
1.13687e-12
1.13687e-12
1.13687e-12
1.13687e-12
1.13687e-12
1.13687e-12
1.13687e-12
1.13687e-12
1.13687e-12
4.26326e-13
4.26326e-13
4.26326e-13
4.26326e-13
4.26326e-13
4.26326e-13
4.26326e-13
4.26326e-13
1.44951e-12
1.44951e-12
1.44951e-12
1.44951e-12
1.44951e-12
1.44951e-12
1.44951e-12
1.44951e-12
1.64846e-12
1.64846e-12
1.64846e-12
1.64846e-12
1.64846e-12
1.64846e-12
1.64846e-12
5.68434e-14
5.68434e-14
5.68434e-14
5.68434e-14
5.68434e-14
5.68434e-14
5.68434e-14
1.98952e-12
1.98952e-12
1.98952e-12
1.98952e-12
1.98952e-12
1.98952e-12
1.10845e-12
1.10845e-12
1.10845e-12
1.10845e-12
1.10845e-12
1.10845e-12
-2.84217e-14
-2.84217e-14
-2.84217e-14
-2.84217e-14
-2.84217e-14
-2.84217e-14
)
;
    }
    defaultFaces
    {
        type            empty;
    }
}


// ************************************************************************* //
