/*--------------------------------*- C++ -*----------------------------------*\
  =========                 |
  \\      /  F ield         | OpenFOAM: The Open Source CFD Toolbox
   \\    /   O peration     | Website:  https://openfoam.org
    \\  /    A nd           | Version:  7
     \\/     M anipulation  |
\*---------------------------------------------------------------------------*/
FoamFile
{
    version     2.0;
    format      ascii;
    class       volScalarField;
    location    "6.25";
    object      T;
}
// * * * * * * * * * * * * * * * * * * * * * * * * * * * * * * * * * * * * * //

dimensions      [0 0 0 1 0 0 0];

internalField   nonuniform List<scalar> 
12013
(
300.103
300.311
300.525
300.741
300.96
301.179
301.397
301.614
301.827
302.036
302.242
302.442
302.637
302.826
303.01
303.188
303.359
303.525
303.685
303.84
303.989
304.133
304.272
304.407
304.537
304.663
304.786
304.905
305.021
305.136
305.248
305.359
305.469
305.579
305.689
305.8
305.914
306.03
306.15
306.275
306.406
306.545
306.693
306.851
307.022
307.207
307.408
307.628
307.869
308.135
308.427
308.75
309.108
309.503
309.941
310.425
310.962
311.557
312.214
312.942
313.746
314.635
315.617
316.701
317.896
319.215
320.668
322.27
324.035
325.982
328.129
330.5
333.122
336.027
339.257
342.863
346.913
351.503
356.78
362.985
370.58
300.103
300.311
300.525
300.742
300.961
301.18
301.398
301.614
301.828
302.037
302.243
302.443
302.638
302.828
303.011
303.189
303.361
303.527
303.687
303.842
303.991
304.135
304.274
304.409
304.539
304.665
304.788
304.907
305.024
305.138
305.25
305.361
305.471
305.581
305.691
305.802
305.916
306.032
306.152
306.277
306.408
306.547
306.695
306.853
307.023
307.208
307.409
307.629
307.87
308.135
308.427
308.75
309.107
309.502
309.939
310.423
310.959
311.552
312.209
312.935
313.738
314.625
315.605
316.686
317.879
319.193
320.642
322.238
323.996
325.934
328.07
330.426
333.029
335.909
339.104
342.66
346.636
351.107
356.173
361.957
368.571
300.103
300.312
300.525
300.743
300.962
301.181
301.4
301.616
301.83
302.04
302.245
302.446
302.641
302.831
303.015
303.193
303.365
303.531
303.691
303.846
303.995
304.14
304.279
304.413
304.544
304.67
304.793
304.912
305.029
305.143
305.255
305.366
305.476
305.585
305.696
305.807
305.92
306.036
306.156
306.281
306.412
306.551
306.698
306.856
307.026
307.21
307.411
307.631
307.871
308.136
308.427
308.749
309.105
309.499
309.935
310.417
310.952
311.543
312.197
312.921
313.72
314.604
315.578
316.654
317.839
319.146
320.584
322.168
323.911
325.829
327.941
330.266
332.828
335.655
338.777
342.231
346.06
350.31
355.027
360.24
365.908
300.103
300.312
300.526
300.744
300.963
301.183
301.402
301.619
301.833
302.044
302.25
302.451
302.646
302.836
303.021
303.199
303.371
303.538
303.698
303.853
304.003
304.147
304.286
304.421
304.551
304.678
304.801
304.92
305.037
305.151
305.263
305.374
305.484
305.593
305.703
305.815
305.928
306.044
306.164
306.288
306.419
306.557
306.704
306.862
307.031
307.215
307.415
307.634
307.873
308.137
308.427
308.748
309.102
309.494
309.928
310.408
310.94
311.528
312.178
312.897
313.691
314.567
315.535
316.601
317.775
319.067
320.489
322.053
323.771
325.658
327.731
330.007
332.506
335.25
338.262
341.568
345.192
349.156
353.467
358.105
363
300.103
300.313
300.528
300.746
300.966
301.186
301.406
301.624
301.838
302.049
302.256
302.457
302.654
302.844
303.029
303.208
303.38
303.547
303.708
303.863
304.013
304.158
304.298
304.432
304.563
304.689
304.812
304.932
305.048
305.163
305.275
305.386
305.496
305.605
305.715
305.826
305.939
306.055
306.174
306.298
306.429
306.566
306.713
306.87
307.039
307.222
307.421
307.638
307.877
308.139
308.428
308.746
309.098
309.488
309.918
310.395
310.922
311.505
312.15
312.862
313.648
314.515
315.471
316.523
317.681
318.954
320.352
321.887
323.569
325.413
327.432
329.64
332.053
334.687
337.558
340.68
344.063
347.709
351.607
355.722
359.988
300.104
300.314
300.53
300.749
300.97
301.191
301.411
301.63
301.845
302.057
302.265
302.467
302.664
302.855
303.041
303.22
303.393
303.561
303.722
303.878
304.028
304.173
304.313
304.448
304.579
304.706
304.829
304.948
305.065
305.179
305.291
305.402
305.512
305.621
305.731
305.842
305.954
306.07
306.189
306.313
306.443
306.58
306.725
306.881
307.049
307.231
307.429
307.645
307.881
308.142
308.428
308.744
309.093
309.479
309.905
310.377
310.898
311.475
312.111
312.814
313.589
314.443
315.384
316.418
317.554
318.801
320.168
321.664
323.301
325.088
327.038
329.16
331.467
333.969
336.674
339.588
342.711
346.034
349.539
353.189
356.933
300.104
300.316
300.532
300.752
300.974
301.197
301.418
301.638
301.855
302.068
302.276
302.479
302.677
302.87
303.056
303.236
303.41
303.578
303.74
303.897
304.048
304.193
304.333
304.469
304.6
304.727
304.85
304.97
305.087
305.201
305.313
305.424
305.534
305.643
305.752
305.863
305.975
306.09
306.209
306.332
306.461
306.597
306.742
306.897
307.063
307.244
307.44
307.654
307.888
308.146
308.429
308.741
309.086
309.467
309.888
310.354
310.868
311.435
312.062
312.752
313.513
314.351
315.272
316.282
317.391
318.605
319.932
321.381
322.961
324.679
326.545
328.567
330.751
333.103
335.626
338.32
341.178
344.188
347.328
350.568
353.869
300.105
300.317
300.536
300.757
300.981
301.204
301.427
301.649
301.867
302.081
302.291
302.496
302.695
302.888
303.076
303.257
303.432
303.601
303.764
303.921
304.073
304.219
304.36
304.496
304.628
304.755
304.878
304.998
305.115
305.23
305.342
305.452
305.562
305.671
305.78
305.89
306.002
306.116
306.234
306.356
306.485
306.62
306.763
306.917
307.082
307.26
307.454
307.665
307.897
308.151
308.431
308.739
309.078
309.453
309.868
310.325
310.829
311.386
311.999
312.675
313.419
314.236
315.132
316.114
317.189
318.363
319.642
321.035
322.547
324.186
325.957
327.864
329.913
332.104
334.436
336.906
339.505
342.218
345.026
347.904
350.822
300.106
300.32
300.54
300.763
300.988
301.214
301.439
301.662
301.882
302.098
302.31
302.516
302.717
302.912
303.101
303.284
303.46
303.63
303.794
303.953
304.105
304.252
304.394
304.53
304.662
304.79
304.914
305.034
305.151
305.266
305.378
305.488
305.598
305.706
305.815
305.925
306.036
306.149
306.266
306.388
306.515
306.649
306.791
306.942
307.105
307.281
307.472
307.681
307.909
308.159
308.434
308.736
309.07
309.437
309.843
310.29
310.783
311.326
311.924
312.582
313.304
314.096
314.963
315.912
316.946
318.073
319.298
320.626
322.062
323.611
325.276
327.06
328.965
330.989
333.129
335.379
337.729
340.166
342.673
345.229
347.813
300.107
300.323
300.545
300.77
300.998
301.226
301.453
301.679
301.901
302.119
302.333
302.542
302.745
302.942
303.132
303.317
303.495
303.667
303.832
303.991
304.145
304.293
304.436
304.573
304.706
304.834
304.958
305.079
305.196
305.311
305.423
305.533
305.642
305.751
305.859
305.968
306.079
306.191
306.307
306.427
306.553
306.685
306.825
306.975
307.135
307.308
307.496
307.701
307.925
308.17
308.439
308.734
309.06
309.419
309.814
310.25
310.729
311.256
311.836
312.472
313.169
313.932
314.766
315.674
316.663
317.737
318.899
320.155
321.507
322.959
324.512
326.168
327.925
329.78
331.73
333.768
335.884
338.066
340.3
342.571
344.86
300.108
300.327
300.551
300.78
301.01
301.241
301.471
301.699
301.924
302.145
302.362
302.573
302.779
302.978
303.171
303.357
303.538
303.711
303.878
304.039
304.194
304.343
304.487
304.626
304.759
304.888
305.013
305.134
305.252
305.366
305.479
305.589
305.698
305.806
305.913
306.022
306.131
306.243
306.358
306.477
306.6
306.731
306.868
307.015
307.173
307.343
307.527
307.727
307.945
308.184
308.447
308.735
309.051
309.4
309.783
310.204
310.668
311.177
311.735
312.346
313.014
313.744
314.54
315.404
316.342
317.356
318.451
319.629
320.892
322.241
323.678
325.202
326.81
328.5
330.267
332.103
334.001
335.949
337.937
339.952
341.981
300.109
300.331
300.559
300.791
301.024
301.259
301.492
301.724
301.953
302.177
302.397
302.611
302.82
303.022
303.218
303.407
303.59
303.765
303.935
304.098
304.254
304.405
304.55
304.69
304.825
304.955
305.08
305.202
305.32
305.435
305.547
305.657
305.765
305.873
305.98
306.088
306.196
306.307
306.42
306.537
306.659
306.787
306.922
307.066
307.22
307.386
307.565
307.76
307.973
308.205
308.459
308.738
309.044
309.381
309.75
310.156
310.601
311.088
311.622
312.206
312.842
313.535
314.288
315.104
315.986
316.937
317.959
319.055
320.225
321.469
322.788
324.18
325.643
327.173
328.764
330.412
332.108
333.843
335.609
337.396
339.192
300.111
300.337
300.569
300.804
301.042
301.281
301.518
301.754
301.987
302.215
302.439
302.658
302.87
303.076
303.275
303.467
303.652
303.831
304.003
304.168
304.327
304.48
304.627
304.768
304.904
305.035
305.161
305.284
305.402
305.517
305.63
305.74
305.848
305.955
306.061
306.168
306.275
306.384
306.496
306.611
306.731
306.856
306.988
307.128
307.279
307.44
307.614
307.803
308.009
308.233
308.478
308.747
309.041
309.364
309.718
310.105
310.53
310.994
311.501
312.053
312.655
313.307
314.015
314.779
315.602
316.486
317.433
318.444
319.519
320.658
321.86
323.123
324.445
325.821
327.249
328.72
330.231
331.773
333.339
334.92
336.51
300.113
300.344
300.58
300.82
301.063
301.307
301.549
301.79
302.028
302.262
302.49
302.713
302.93
303.14
303.343
303.539
303.728
303.91
304.085
304.253
304.415
304.57
304.719
304.862
304.999
305.132
305.259
305.382
305.501
305.617
305.729
305.839
305.947
306.054
306.159
306.265
306.371
306.478
306.588
306.701
306.818
306.94
307.069
307.205
307.351
307.507
307.675
307.858
308.055
308.271
308.506
308.763
309.044
309.352
309.688
310.056
310.458
310.897
311.375
311.894
312.457
313.067
313.726
314.435
315.197
316.013
316.883
317.808
318.788
319.823
320.911
322.05
323.237
324.47
325.744
327.054
328.395
329.761
331.147
332.545
333.95
300.116
300.352
300.594
300.84
301.088
301.338
301.587
301.833
302.077
302.317
302.551
302.779
303.001
303.216
303.424
303.625
303.818
304.004
304.183
304.355
304.519
304.677
304.829
304.974
305.113
305.247
305.376
305.5
305.62
305.736
305.849
305.959
306.067
306.172
306.277
306.382
306.486
306.592
306.699
306.81
306.924
307.043
307.168
307.3
307.44
307.591
307.752
307.927
308.116
308.322
308.546
308.79
309.057
309.348
309.666
310.013
310.391
310.802
311.248
311.732
312.256
312.821
313.43
314.083
314.782
315.528
316.322
317.162
318.049
318.983
319.961
320.982
322.043
323.141
324.273
325.435
326.622
327.83
329.053
330.288
331.527
300.119
300.361
300.61
300.863
301.118
301.375
301.631
301.885
302.135
302.382
302.623
302.858
303.086
303.307
303.521
303.727
303.926
304.117
304.3
304.476
304.644
304.805
304.96
305.108
305.25
305.385
305.516
305.641
305.762
305.879
305.992
306.102
306.209
306.314
306.418
306.521
306.624
306.728
306.833
306.941
307.052
307.167
307.288
307.415
307.55
307.694
307.848
308.015
308.195
308.39
308.602
308.833
309.084
309.357
309.655
309.979
310.332
310.714
311.128
311.576
312.059
312.578
313.136
313.733
314.369
315.046
315.764
316.522
317.32
318.156
319.03
319.94
320.884
321.858
322.859
323.886
324.933
325.998
327.076
328.163
329.256
300.123
300.372
300.629
300.89
301.154
301.419
301.683
301.945
302.205
302.459
302.708
302.951
303.187
303.415
303.636
303.849
304.053
304.25
304.438
304.619
304.792
304.957
305.115
305.266
305.411
305.549
305.681
305.808
305.93
306.048
306.161
306.271
306.378
306.483
306.586
306.687
306.789
306.89
306.993
307.098
307.205
307.316
307.432
307.554
307.683
307.82
307.967
308.125
308.295
308.479
308.678
308.894
309.129
309.384
309.661
309.962
310.288
310.64
311.021
311.432
311.874
312.347
312.854
313.395
313.97
314.58
315.225
315.904
316.616
317.361
318.138
318.945
319.779
320.639
321.522
322.426
323.348
324.284
325.231
326.187
327.148
300.127
300.386
300.651
300.922
301.195
301.47
301.745
302.017
302.286
302.55
302.809
303.061
303.305
303.542
303.771
303.992
304.203
304.407
304.602
304.788
304.966
305.136
305.298
305.453
305.601
305.742
305.877
306.006
306.129
306.247
306.361
306.471
306.578
306.682
306.784
306.884
306.984
307.083
307.183
307.284
307.388
307.495
307.606
307.723
307.845
307.975
308.114
308.262
308.422
308.594
308.78
308.981
309.199
309.435
309.691
309.967
310.266
310.589
310.937
311.31
311.711
312.139
312.597
313.083
313.599
314.145
314.72
315.324
315.956
316.616
317.303
318.014
318.749
319.505
320.281
321.074
321.882
322.702
323.533
324.371
325.215
300.132
300.401
300.678
300.96
301.245
301.531
301.817
302.101
302.382
302.657
302.927
303.19
303.445
303.692
303.93
304.16
304.38
304.591
304.793
304.987
305.171
305.346
305.514
305.673
305.824
305.969
306.106
306.237
306.362
306.482
306.596
306.707
306.813
306.917
307.017
307.116
307.214
307.311
307.408
307.506
307.605
307.708
307.814
307.924
308.04
308.163
308.293
308.432
308.58
308.74
308.913
309.098
309.299
309.516
309.75
310.003
310.275
310.568
310.883
311.22
311.581
311.966
312.375
312.809
313.269
313.754
314.264
314.798
315.356
315.937
316.541
317.166
317.81
318.472
319.151
319.845
320.551
321.269
321.995
322.729
323.467
300.138
300.42
300.709
301.004
301.302
301.602
301.902
302.2
302.494
302.783
303.066
303.341
303.608
303.867
304.117
304.357
304.587
304.807
305.018
305.219
305.41
305.592
305.765
305.929
306.085
306.233
306.374
306.507
306.634
306.755
306.871
306.982
307.088
307.191
307.291
307.388
307.483
307.578
307.672
307.766
307.862
307.96
308.06
308.165
308.274
308.388
308.51
308.639
308.777
308.924
309.083
309.253
309.437
309.634
309.847
310.076
310.322
310.586
310.869
311.171
311.494
311.837
312.201
312.587
312.993
313.422
313.871
314.341
314.831
315.341
315.869
316.415
316.977
317.555
318.148
318.752
319.368
319.994
320.627
321.268
321.913
300.145
300.441
300.745
301.056
301.37
301.686
302.002
302.315
302.625
302.93
303.228
303.518
303.8
304.072
304.334
304.587
304.828
305.06
305.28
305.49
305.689
305.879
306.058
306.228
306.389
306.541
306.685
306.822
306.951
307.074
307.19
307.301
307.408
307.51
307.609
307.704
307.798
307.89
307.981
308.071
308.163
308.256
308.351
308.449
308.551
308.658
308.771
308.89
309.017
309.152
309.297
309.452
309.618
309.797
309.989
310.195
310.416
310.653
310.905
311.174
311.461
311.765
312.087
312.427
312.785
313.161
313.554
313.966
314.394
314.839
315.299
315.775
316.264
316.767
317.282
317.808
318.343
318.887
319.438
319.996
320.558
300.154
300.466
300.788
301.116
301.449
301.783
302.118
302.45
302.779
303.101
303.417
303.724
304.023
304.311
304.588
304.854
305.109
305.353
305.584
305.804
306.013
306.211
306.397
306.574
306.74
306.897
307.045
307.185
307.317
307.441
307.559
307.671
307.777
307.879
307.977
308.071
308.162
308.251
308.339
308.426
308.514
308.601
308.691
308.783
308.878
308.977
309.081
309.19
309.306
309.429
309.561
309.701
309.852
310.012
310.185
310.369
310.566
310.776
311
311.238
311.491
311.759
312.042
312.34
312.654
312.982
313.326
313.684
314.057
314.444
314.844
315.257
315.681
316.117
316.563
317.019
317.483
317.955
318.433
318.918
319.406
300.163
300.496
300.838
301.187
301.541
301.897
302.254
302.608
302.957
303.301
303.637
303.964
304.282
304.588
304.882
305.165
305.435
305.692
305.936
306.167
306.387
306.593
306.788
306.972
307.145
307.307
307.459
307.602
307.737
307.864
307.983
308.096
308.202
308.303
308.4
308.492
308.582
308.668
308.753
308.836
308.919
309.002
309.086
309.172
309.26
309.351
309.446
309.546
309.652
309.763
309.882
310.008
310.143
310.287
310.44
310.604
310.778
310.964
311.162
311.372
311.594
311.829
312.076
312.337
312.61
312.896
313.195
313.506
313.83
314.165
314.511
314.868
315.236
315.613
315.999
316.393
316.794
317.203
317.617
318.037
318.461
300.175
300.53
300.896
301.269
301.648
302.03
302.411
302.791
303.165
303.533
303.893
304.243
304.582
304.909
305.223
305.523
305.81
306.082
306.341
306.585
306.816
307.033
307.237
307.428
307.607
307.775
307.933
308.08
308.217
308.346
308.467
308.58
308.687
308.788
308.883
308.974
309.061
309.145
309.227
309.306
309.385
309.463
309.542
309.621
309.703
309.786
309.873
309.964
310.059
310.16
310.266
310.379
310.499
310.627
310.763
310.908
311.062
311.226
311.399
311.583
311.777
311.982
312.198
312.425
312.662
312.911
313.17
313.439
313.719
314.009
314.308
314.616
314.934
315.259
315.592
315.932
316.279
316.632
316.99
317.353
317.72
300.188
300.57
300.963
301.365
301.773
302.184
302.595
303.003
303.406
303.802
304.189
304.565
304.929
305.279
305.615
305.936
306.241
306.531
306.805
307.063
307.306
307.534
307.748
307.948
308.134
308.308
308.471
308.622
308.763
308.894
309.016
309.13
309.237
309.338
309.432
309.521
309.606
309.687
309.766
309.842
309.916
309.989
310.063
310.136
310.211
310.288
310.367
310.449
310.534
310.625
310.72
310.82
310.927
311.04
311.16
311.287
311.423
311.566
311.718
311.879
312.048
312.227
312.414
312.611
312.817
313.032
313.256
313.489
313.731
313.981
314.239
314.505
314.779
315.059
315.346
315.64
315.939
316.243
316.553
316.866
317.183
300.203
300.617
301.042
301.477
301.919
302.363
302.808
303.25
303.686
304.114
304.531
304.937
305.329
305.705
306.065
306.408
306.734
307.043
307.334
307.607
307.863
308.103
308.327
308.536
308.73
308.911
309.078
309.233
309.377
309.511
309.635
309.75
309.857
309.957
310.05
310.138
310.22
310.299
310.374
310.446
310.516
310.585
310.653
310.721
310.79
310.86
310.931
311.005
311.082
311.162
311.247
311.336
311.43
311.53
311.636
311.748
311.866
311.992
312.125
312.265
312.412
312.567
312.73
312.901
313.079
313.265
313.459
313.66
313.869
314.085
314.307
314.537
314.773
315.014
315.262
315.515
315.773
316.035
316.302
316.573
316.847
300.221
300.671
301.134
301.607
302.087
302.571
303.055
303.535
304.009
304.473
304.926
305.364
305.787
306.193
306.58
306.948
307.296
307.625
307.934
308.223
308.494
308.746
308.981
309.199
309.401
309.587
309.76
309.919
310.066
310.202
310.327
310.443
310.55
310.649
310.741
310.827
310.907
310.983
311.055
311.124
311.19
311.254
311.318
311.38
311.443
311.506
311.571
311.637
311.706
311.778
311.853
311.932
312.015
312.103
312.196
312.294
312.398
312.508
312.623
312.745
312.874
313.009
313.15
313.298
313.453
313.614
313.782
313.956
314.136
314.322
314.514
314.712
314.916
315.124
315.338
315.556
315.779
316.005
316.235
316.469
316.706
300.242
300.733
301.24
301.758
302.283
302.812
303.34
303.865
304.381
304.887
305.379
305.854
306.312
306.749
307.166
307.56
307.933
308.283
308.611
308.917
309.202
309.467
309.713
309.94
310.149
310.342
310.519
310.683
310.832
310.97
311.096
311.212
311.319
311.417
311.508
311.592
311.67
311.743
311.812
311.877
311.939
312
312.058
312.116
312.173
312.231
312.289
312.349
312.411
312.475
312.541
312.611
312.685
312.762
312.844
312.93
313.021
313.117
313.218
313.325
313.437
313.554
313.678
313.806
313.941
314.08
314.226
314.377
314.533
314.694
314.86
315.032
315.207
315.388
315.572
315.761
315.953
316.149
316.348
316.55
316.755
300.266
300.806
301.363
301.932
302.51
303.09
303.67
304.245
304.81
305.362
305.898
306.414
306.909
307.382
307.83
308.253
308.65
309.023
309.371
309.694
309.994
310.271
310.527
310.763
310.979
311.178
311.359
311.526
311.678
311.817
311.944
312.059
312.166
312.263
312.352
312.434
312.51
312.58
312.646
312.708
312.767
312.823
312.877
312.931
312.983
313.036
313.089
313.143
313.198
313.255
313.315
313.377
313.442
313.511
313.583
313.659
313.739
313.824
313.912
314.006
314.104
314.207
314.315
314.427
314.544
314.666
314.793
314.924
315.06
315.2
315.345
315.494
315.646
315.803
315.963
316.126
316.293
316.463
316.636
316.811
316.989
300.294
300.891
301.506
302.135
302.772
303.413
304.051
304.683
305.302
305.906
306.49
307.051
307.588
308.097
308.578
309.031
309.455
309.85
310.217
310.557
310.871
311.16
311.426
311.669
311.892
312.095
312.28
312.449
312.603
312.742
312.869
312.985
313.09
313.185
313.273
313.353
313.426
313.494
313.557
313.616
313.672
313.725
313.775
313.825
313.874
313.922
313.97
314.019
314.07
314.121
314.175
314.231
314.289
314.35
314.415
314.483
314.554
314.629
314.708
314.791
314.877
314.968
315.063
315.162
315.265
315.372
315.484
315.599
315.718
315.841
315.967
316.097
316.23
316.367
316.507
316.649
316.795
316.943
317.093
317.246
317.4
300.326
300.99
301.672
302.37
303.076
303.784
304.489
305.185
305.866
306.527
307.164
307.774
308.354
308.902
309.418
309.901
310.351
310.768
311.154
311.51
311.837
312.136
312.41
312.659
312.887
313.093
313.281
313.451
313.605
313.745
313.871
313.985
314.089
314.183
314.268
314.346
314.418
314.483
314.544
314.6
314.653
314.704
314.752
314.799
314.844
314.889
314.934
314.98
315.026
315.074
315.123
315.174
315.227
315.283
315.342
315.403
315.467
315.535
315.606
315.68
315.758
315.839
315.924
316.012
316.104
316.199
316.298
316.4
316.506
316.614
316.726
316.84
316.958
317.078
317.201
317.326
317.453
317.583
317.715
317.848
317.984
300.364
301.104
301.865
302.641
303.426
304.212
304.993
305.76
306.509
307.232
307.926
308.588
309.214
309.802
310.353
310.865
311.34
311.778
312.181
312.55
312.888
313.195
313.475
313.729
313.96
314.168
314.356
314.526
314.68
314.819
314.944
315.057
315.159
315.251
315.335
315.411
315.48
315.544
315.603
315.658
315.71
315.758
315.805
315.85
315.893
315.937
315.98
316.023
316.067
316.112
316.159
316.207
316.257
316.309
316.363
316.42
316.48
316.542
316.607
316.675
316.746
316.82
316.897
316.977
317.06
317.146
317.235
317.327
317.421
317.518
317.618
317.72
317.825
317.932
318.041
318.151
318.264
318.379
318.495
318.613
318.732
300.407
301.236
302.087
302.954
303.829
304.704
305.569
306.416
307.239
308.03
308.785
309.5
310.172
310.8
311.384
311.924
312.422
312.878
313.294
313.674
314.019
314.332
314.615
314.871
315.102
315.311
315.498
315.667
315.819
315.956
316.08
316.191
316.291
316.382
316.465
316.54
316.608
316.671
316.729
316.784
316.835
316.883
316.929
316.974
317.018
317.061
317.104
317.147
317.19
317.235
317.28
317.327
317.376
317.426
317.478
317.533
317.59
317.649
317.71
317.774
317.841
317.91
317.981
318.056
318.132
318.211
318.292
318.376
318.462
318.55
318.64
318.733
318.827
318.923
319.02
319.12
319.22
319.322
319.426
319.53
319.636
300.458
301.388
302.343
303.315
304.293
305.267
306.226
307.161
308.063
308.926
309.743
310.512
311.23
311.896
312.51
313.073
313.589
314.058
314.484
314.87
315.219
315.534
315.817
316.073
316.302
316.509
316.694
316.861
317.011
317.146
317.267
317.377
317.476
317.566
317.648
317.723
317.792
317.855
317.914
317.97
318.022
318.072
318.12
318.166
318.211
318.256
318.301
318.345
318.39
318.436
318.483
318.531
318.58
318.631
318.683
318.737
318.793
318.851
318.911
318.973
319.037
319.103
319.171
319.241
319.313
319.387
319.463
319.541
319.62
319.701
319.784
319.869
319.954
320.042
320.13
320.22
320.31
320.402
320.495
320.588
320.682
300.516
301.564
302.638
303.729
304.823
305.908
306.971
308.001
308.987
309.923
310.803
311.623
312.383
313.081
313.719
314.3
314.828
315.304
315.734
316.121
316.469
316.782
317.063
317.315
317.541
317.744
317.926
318.09
318.237
318.37
318.49
318.599
318.698
318.788
318.871
318.948
319.018
319.084
319.146
319.205
319.26
319.314
319.365
319.415
319.465
319.513
319.562
319.61
319.659
319.708
319.758
319.809
319.861
319.913
319.968
320.023
320.08
320.139
320.198
320.26
320.323
320.388
320.454
320.521
320.591
320.661
320.733
320.806
320.881
320.957
321.034
321.112
321.191
321.271
321.352
321.433
321.516
321.599
321.682
321.766
321.85
300.583
301.765
302.976
304.202
305.427
306.634
307.81
308.94
310.013
311.021
311.959
312.824
313.617
314.339
314.995
315.585
316.116
316.592
317.019
317.401
317.744
318.05
318.325
318.571
318.792
318.99
319.169
319.33
319.475
319.607
319.728
319.837
319.938
320.031
320.117
320.197
320.271
320.342
320.409
320.472
320.534
320.593
320.65
320.706
320.762
320.816
320.87
320.925
320.979
321.033
321.088
321.143
321.199
321.256
321.313
321.372
321.431
321.491
321.552
321.615
321.678
321.742
321.807
321.874
321.941
322.009
322.078
322.148
322.219
322.29
322.362
322.435
322.508
322.582
322.656
322.731
322.806
322.881
322.956
323.032
323.108
300.659
301.996
303.362
304.74
306.109
307.451
308.745
309.977
311.134
312.209
313.197
314.095
314.907
315.638
316.295
316.883
317.409
317.878
318.297
318.67
319.004
319.303
319.57
319.81
320.026
320.22
320.396
320.555
320.7
320.833
320.955
321.067
321.172
321.269
321.36
321.445
321.526
321.604
321.677
321.748
321.817
321.884
321.949
322.013
322.076
322.138
322.199
322.26
322.321
322.381
322.442
322.503
322.564
322.625
322.686
322.748
322.81
322.873
322.936
322.999
323.063
323.128
323.193
323.258
323.324
323.39
323.457
323.524
323.591
323.658
323.726
323.794
323.862
323.93
323.998
324.066
324.134
324.202
324.27
324.338
324.405
300.745
302.257
303.799
305.346
306.874
308.358
309.775
311.105
312.329
313.447
314.46
315.372
316.19
316.92
317.57
318.149
318.663
319.121
319.527
319.89
320.213
320.502
320.761
320.994
321.205
321.396
321.57
321.729
321.875
322.01
322.136
322.252
322.362
322.465
322.563
322.656
322.745
322.83
322.912
322.991
323.069
323.144
323.217
323.29
323.361
323.43
323.499
323.568
323.635
323.702
323.769
323.835
323.901
323.966
324.032
324.097
324.161
324.226
324.291
324.355
324.42
324.484
324.549
324.613
324.677
324.741
324.805
324.869
324.933
324.996
325.06
325.123
325.186
325.248
325.31
325.372
325.434
325.495
325.556
325.616
325.676
300.842
302.55
304.287
306.021
307.72
309.343
310.856
312.248
313.516
314.659
315.684
316.598
317.409
318.128
318.764
319.326
319.823
320.263
320.654
321.002
321.313
321.592
321.843
322.069
322.276
322.464
322.637
322.796
322.945
323.083
323.212
323.334
323.45
323.56
323.665
323.765
323.862
323.955
324.046
324.134
324.219
324.303
324.384
324.464
324.543
324.62
324.696
324.77
324.844
324.916
324.988
325.058
325.128
325.197
325.265
325.333
325.399
325.466
325.531
325.596
325.661
325.724
325.788
325.851
325.913
325.974
326.036
326.096
326.156
326.216
326.275
326.333
326.391
326.448
326.504
326.56
326.615
326.67
326.724
326.777
326.83
300.945
302.863
304.812
306.744
308.584
310.304
311.885
313.32
314.61
315.76
316.779
317.68
318.472
319.169
319.782
320.322
320.797
321.218
321.591
321.923
322.221
322.488
322.731
322.951
323.153
323.338
323.51
323.67
323.82
323.961
324.094
324.221
324.341
324.457
324.568
324.675
324.778
324.878
324.975
325.07
325.162
325.252
325.339
325.425
325.509
325.591
325.672
325.751
325.829
325.905
325.98
326.054
326.126
326.197
326.267
326.336
326.404
326.471
326.536
326.601
326.665
326.728
326.79
326.851
326.911
326.97
327.029
327.086
327.143
327.198
327.253
327.307
327.36
327.413
327.464
327.515
327.565
327.614
327.662
327.709
327.756
301.035
303.146
305.292
307.355
309.289
311.07
312.684
314.133
315.42
316.558
317.558
318.435
319.202
319.874
320.462
320.979
321.433
321.835
322.192
322.511
322.797
323.055
323.29
323.504
323.702
323.884
324.055
324.214
324.364
324.506
324.641
324.77
324.893
325.012
325.126
325.236
325.343
325.446
325.547
325.645
325.74
325.833
325.924
326.013
326.1
326.185
326.268
326.349
326.429
326.507
326.584
326.659
326.733
326.805
326.876
326.945
327.013
327.08
327.146
327.21
327.273
327.335
327.396
327.456
327.515
327.572
327.629
327.684
327.739
327.792
327.844
327.896
327.946
327.995
328.043
328.091
328.137
328.183
328.227
328.271
328.314
380.738
388.685
395.375
401.211
406.394
411.033
415.189
418.897
422.17
425.011
427.408
429.339
430.77
431.652
431.92
431.483
430.211
427.909
424.245
418.563
409.214
402.887
398.04
394.073
390.697
387.751
385.133
382.775
380.628
378.655
376.829
375.128
373.534
372.033
370.614
369.265
367.978
366.747
365.565
364.427
363.327
362.263
361.229
360.222
359.241
358.282
357.342
356.421
355.515
354.624
353.746
352.879
352.023
351.176
350.337
349.506
348.682
347.864
347.051
346.244
345.442
344.644
343.851
343.062
342.278
341.497
340.721
339.949
339.182
338.419
337.661
336.907
336.159
335.416
334.678
333.947
333.222
332.503
331.792
331.088
330.392
329.704
329.026
328.356
327.696
327.046
326.406
325.778
325.161
324.555
323.962
323.381
322.813
322.258
321.717
321.189
320.674
320.173
319.687
319.214
318.755
318.311
317.88
317.463
317.06
316.671
316.295
315.933
315.583
315.247
314.923
314.611
314.311
314.022
313.745
313.479
313.223
312.978
312.742
312.516
312.299
312.09
311.89
311.698
311.513
311.335
311.165
311.001
310.843
310.691
310.544
310.403
310.266
310.135
310.007
309.884
309.765
309.649
309.536
309.427
309.32
309.217
309.115
309.016
308.92
308.825
308.732
308.641
308.551
308.463
308.376
308.29
308.205
308.121
308.038
307.956
307.874
307.793
307.713
307.634
307.556
375.996
382.901
389.121
394.712
399.754
404.305
408.406
412.078
415.331
418.162
420.56
422.5
423.949
424.861
425.174
424.804
423.64
421.525
418.243
413.525
407.326
401.968
397.497
393.711
390.437
387.554
384.979
382.651
380.526
378.571
376.758
375.068
373.483
371.989
370.575
369.231
367.949
366.722
365.543
364.407
363.31
362.247
361.214
360.21
359.229
358.271
357.333
356.412
355.508
354.617
353.74
352.874
352.018
351.171
350.333
349.502
348.678
347.86
347.048
346.241
345.439
344.641
343.848
343.06
342.275
341.495
340.719
339.947
339.18
338.417
337.658
336.905
336.156
335.413
334.676
333.945
333.22
332.501
331.79
331.086
330.39
329.702
329.023
328.354
327.694
327.044
326.404
325.776
325.159
324.553
323.96
323.379
322.811
322.256
321.715
321.187
320.672
320.172
319.685
319.212
318.754
318.309
317.879
317.462
317.059
316.67
316.294
315.932
315.582
315.246
314.922
314.61
314.31
314.022
313.744
313.478
313.223
312.977
312.742
312.515
312.298
312.09
311.89
311.697
311.513
311.335
311.165
311.001
310.843
310.691
310.544
310.403
310.267
310.135
310.007
309.884
309.765
309.649
309.536
309.427
309.321
309.217
309.116
309.017
308.92
308.825
308.732
308.641
308.551
308.463
308.376
308.29
308.205
308.121
308.038
307.956
307.875
307.794
307.713
307.634
307.556
371.904
377.812
383.399
388.587
393.363
397.736
401.713
405.302
408.502
411.304
413.692
415.642
417.122
418.088
418.486
418.247
417.284
415.495
412.776
409.08
404.623
400.301
396.4
392.941
389.869
387.119
384.636
382.375
380.3
378.382
376.6
374.934
373.368
371.891
370.49
369.158
367.885
366.665
365.493
364.363
363.271
362.212
361.184
360.182
359.205
358.249
357.313
356.395
355.492
354.603
353.727
352.862
352.007
351.161
350.324
349.494
348.67
347.853
347.041
346.235
345.433
344.636
343.843
343.055
342.27
341.49
340.714
339.942
339.175
338.412
337.654
336.9
336.152
335.409
334.672
333.94
333.215
332.497
331.785
331.082
330.386
329.698
329.019
328.349
327.689
327.039
326.4
325.771
325.154
324.549
323.956
323.375
322.807
322.252
321.711
321.183
320.668
320.168
319.681
319.209
318.75
318.306
317.875
317.459
317.056
316.667
316.292
315.929
315.58
315.244
314.92
314.608
314.308
314.02
313.743
313.477
313.222
312.976
312.741
312.515
312.298
312.089
311.889
311.697
311.512
311.335
311.165
311.001
310.843
310.691
310.544
310.403
310.267
310.135
310.008
309.885
309.765
309.649
309.537
309.428
309.321
309.217
309.116
309.017
308.921
308.826
308.733
308.642
308.552
308.464
308.377
308.291
308.206
308.122
308.039
307.957
307.875
307.794
307.714
307.635
307.556
368.068
373.161
378.119
382.841
387.277
391.4
395.196
398.656
401.766
404.512
406.875
408.83
410.346
411.384
411.898
411.834
411.134
409.741
407.619
404.804
401.488
398.068
394.79
391.748
388.959
386.407
384.067
381.913
379.919
378.065
376.333
374.708
373.175
371.725
370.347
369.034
367.778
366.572
365.412
364.291
363.208
362.157
361.135
360.139
359.166
358.215
357.283
356.367
355.467
354.581
353.707
352.844
351.99
351.146
350.31
349.481
348.659
347.842
347.031
346.225
345.424
344.628
343.835
343.047
342.263
341.483
340.708
339.936
339.169
338.406
337.648
336.895
336.146
335.403
334.666
333.934
333.209
332.491
331.779
331.075
330.379
329.691
329.012
328.343
327.683
327.033
326.393
325.765
325.148
324.542
323.949
323.368
322.801
322.246
321.704
321.176
320.662
320.162
319.676
319.203
318.745
318.301
317.871
317.454
317.052
316.663
316.288
315.926
315.577
315.24
314.917
314.605
314.306
314.018
313.741
313.475
313.22
312.975
312.739
312.514
312.297
312.089
311.889
311.697
311.512
311.335
311.165
311.001
310.843
310.691
310.545
310.404
310.268
310.136
310.009
309.886
309.766
309.65
309.538
309.429
309.322
309.219
309.117
309.019
308.922
308.827
308.734
308.643
308.553
308.465
308.378
308.292
308.208
308.124
308.041
307.958
307.877
307.796
307.715
307.636
307.557
364.365
368.798
373.184
377.438
381.501
385.333
388.906
392.196
395.185
397.851
400.172
402.122
403.672
404.789
405.436
405.573
405.163
404.178
402.618
400.533
398.058
395.398
392.724
390.137
387.686
385.387
383.239
381.231
379.353
377.59
375.932
374.367
372.884
371.475
370.132
368.848
367.616
366.432
365.29
364.185
363.115
362.075
361.063
360.076
359.111
358.166
357.239
356.328
355.433
354.55
353.679
352.819
351.968
351.126
350.292
349.465
348.644
347.829
347.019
346.214
345.414
344.618
343.826
343.039
342.255
341.476
340.7
339.929
339.162
338.399
337.641
336.888
336.139
335.396
334.659
333.927
333.202
332.483
331.772
331.068
330.371
329.683
329.004
328.334
327.674
327.024
326.385
325.756
325.139
324.534
323.941
323.36
322.792
322.237
321.696
321.168
320.654
320.154
319.668
319.196
318.738
318.294
317.864
317.448
317.046
316.657
316.282
315.921
315.572
315.236
314.913
314.602
314.302
314.015
313.738
313.473
313.218
312.973
312.738
312.512
312.296
312.088
311.888
311.696
311.512
311.335
311.165
311.001
310.844
310.692
310.546
310.405
310.269
310.137
310.01
309.887
309.768
309.652
309.54
309.43
309.324
309.22
309.119
309.021
308.924
308.829
308.736
308.645
308.556
308.467
308.38
308.294
308.21
308.126
308.043
307.961
307.879
307.798
307.718
307.638
307.559
360.756
364.642
368.523
372.335
376.023
379.547
382.87
385.965
388.807
391.37
393.631
395.565
397.143
398.338
399.12
399.461
399.339
398.742
397.681
396.202
394.392
392.372
390.254
388.127
386.044
384.037
382.12
380.297
378.568
376.926
375.367
373.884
372.47
371.119
369.825
368.582
367.386
366.232
365.116
364.035
362.984
361.962
360.964
359.989
359.035
358.099
357.18
356.277
355.387
354.51
353.643
352.787
351.94
351.101
350.27
349.445
348.626
347.813
347.004
346.201
345.402
344.607
343.816
343.029
342.246
341.467
340.692
339.921
339.154
338.392
337.634
336.88
336.132
335.389
334.651
333.919
333.194
332.475
331.763
331.059
330.362
329.674
328.995
328.325
327.664
327.014
326.374
325.746
325.129
324.523
323.93
323.349
322.782
322.227
321.686
321.158
320.645
320.145
319.659
319.187
318.729
318.286
317.856
317.44
317.039
316.651
316.276
315.915
315.566
315.231
314.908
314.597
314.299
314.011
313.735
313.47
313.216
312.971
312.736
312.511
312.295
312.087
311.888
311.696
311.512
311.336
311.166
311.002
310.845
310.693
310.547
310.406
310.271
310.139
310.012
309.889
309.77
309.654
309.542
309.433
309.327
309.223
309.122
309.023
308.927
308.832
308.739
308.648
308.559
308.47
308.383
308.298
308.213
308.129
308.046
307.964
307.882
307.801
307.721
307.641
307.562
357.23
360.652
364.091
367.497
370.826
374.04
377.104
379.988
382.664
385.108
387.293
389.197
390.792
392.056
392.965
393.499
393.643
393.395
392.766
391.791
390.527
389.048
387.433
385.746
384.039
382.346
380.69
379.083
377.533
376.042
374.608
373.231
371.906
370.631
369.402
368.216
367.068
365.956
364.877
363.827
362.804
361.805
360.829
359.872
358.933
358.011
357.104
356.21
355.328
354.458
353.598
352.748
351.905
351.071
350.243
349.421
348.605
347.794
346.988
346.186
345.388
344.595
343.805
343.019
342.237
341.459
340.684
339.914
339.147
338.385
337.627
336.873
336.125
335.382
334.644
333.912
333.186
332.467
331.755
331.05
330.353
329.664
328.985
328.314
327.653
327.003
326.363
325.734
325.117
324.511
323.918
323.337
322.77
322.215
321.674
321.147
320.633
320.133
319.648
319.176
318.719
318.276
317.847
317.432
317.03
316.643
316.269
315.908
315.56
315.225
314.903
314.592
314.294
314.007
313.732
313.467
313.213
312.969
312.735
312.51
312.294
312.087
311.888
311.697
311.513
311.337
311.167
311.004
310.847
310.696
310.55
310.409
310.273
310.142
310.015
309.893
309.774
309.658
309.546
309.437
309.331
309.227
309.126
309.028
308.931
308.836
308.744
308.653
308.563
308.475
308.388
308.302
308.218
308.134
308.051
307.969
307.887
307.806
307.725
307.646
307.566
353.788
356.811
359.86
362.899
365.893
368.807
371.613
374.279
376.781
379.093
381.19
383.049
384.648
385.967
386.986
387.689
388.068
388.121
387.858
387.303
386.493
385.478
384.307
383.031
381.69
380.318
378.94
377.572
376.226
374.91
373.626
372.377
371.164
369.985
368.839
367.725
366.641
365.584
364.553
363.545
362.559
361.593
360.645
359.713
358.797
357.893
357.003
356.123
355.253
354.393
353.542
352.699
351.863
351.034
350.211
349.393
348.581
347.773
346.97
346.17
345.375
344.583
343.795
343.01
342.229
341.452
340.678
339.908
339.141
338.379
337.621
336.868
336.119
335.375
334.637
333.905
333.179
332.459
331.746
331.041
330.344
329.654
328.974
328.303
327.642
326.991
326.351
325.721
325.104
324.498
323.905
323.324
322.756
322.202
321.661
321.134
320.62
320.121
319.636
319.165
318.708
318.265
317.836
317.422
317.021
316.634
316.26
315.9
315.553
315.219
314.897
314.587
314.29
314.004
313.729
313.465
313.211
312.968
312.734
312.509
312.294
312.087
311.889
311.698
311.515
311.339
311.17
311.007
310.85
310.699
310.553
310.413
310.278
310.147
310.02
309.897
309.779
309.663
309.551
309.442
309.336
309.233
309.132
309.033
308.937
308.842
308.75
308.659
308.569
308.481
308.394
308.309
308.224
308.14
308.057
307.975
307.893
307.812
307.732
307.652
307.572
350.435
353.11
355.816
358.525
361.21
363.843
366.399
368.85
371.173
373.345
375.343
377.146
378.734
380.089
381.195
382.04
382.616
382.921
382.963
382.757
382.327
381.705
380.924
380.021
379.027
377.971
376.875
375.758
374.633
373.511
372.398
371.299
370.217
369.153
368.109
367.085
366.079
365.092
364.123
363.17
362.232
361.309
360.399
359.501
358.613
357.736
356.868
356.008
355.156
354.311
353.471
352.638
351.811
350.99
350.173
349.361
348.554
347.75
346.95
346.154
345.361
344.572
343.786
343.003
342.223
341.446
340.673
339.904
339.138
338.376
337.618
336.864
336.115
335.371
334.633
333.9
333.173
332.453
331.739
331.033
330.335
329.645
328.964
328.293
327.631
326.979
326.338
325.709
325.091
324.485
323.891
323.31
322.742
322.188
321.647
321.12
320.607
320.107
319.623
319.152
318.695
318.253
317.825
317.411
317.011
316.625
316.252
315.892
315.546
315.212
314.891
314.583
314.286
314
313.726
313.463
313.21
312.967
312.734
312.51
312.295
312.089
311.891
311.701
311.518
311.343
311.174
311.011
310.855
310.704
310.559
310.419
310.284
310.153
310.027
309.904
309.786
309.67
309.559
309.45
309.344
309.241
309.14
309.041
308.945
308.851
308.758
308.667
308.578
308.49
308.403
308.317
308.232
308.149
308.066
307.984
307.902
307.821
307.741
307.661
307.581
347.181
349.551
351.952
354.366
356.77
359.142
361.46
363.703
365.85
367.878
369.77
371.505
373.067
374.439
375.608
376.563
377.298
377.809
378.1
378.181
378.066
377.775
377.332
376.761
376.086
375.33
374.511
373.648
372.753
371.837
370.91
369.977
369.043
368.113
367.188
366.269
365.359
364.457
363.564
362.679
361.802
360.933
360.072
359.217
358.369
357.526
356.688
355.855
355.026
354.201
353.38
352.562
351.747
350.936
350.128
349.324
348.523
347.725
346.93
346.137
345.348
344.562
343.778
342.997
342.219
341.444
340.672
339.903
339.137
338.376
337.618
336.864
336.115
335.371
334.632
333.898
333.17
332.449
331.735
331.028
330.329
329.638
328.956
328.284
327.621
326.968
326.327
325.697
325.078
324.471
323.877
323.296
322.728
322.174
321.633
321.106
320.593
320.094
319.61
319.139
318.683
318.242
317.814
317.401
317.002
316.616
316.244
315.885
315.54
315.207
314.887
314.579
314.283
313.998
313.725
313.462
313.21
312.968
312.735
312.512
312.298
312.093
311.895
311.706
311.524
311.348
311.18
311.018
310.862
310.712
310.567
310.427
310.292
310.162
310.036
309.914
309.795
309.68
309.569
309.46
309.354
309.251
309.151
309.052
308.956
308.862
308.769
308.678
308.589
308.501
308.414
308.328
308.244
308.16
308.077
307.995
307.914
307.833
307.752
307.672
307.592
344.036
346.135
348.267
350.416
352.566
354.698
356.796
358.841
360.816
362.701
364.482
366.14
367.661
369.032
370.239
371.274
372.129
372.801
373.291
373.604
373.747
373.734
373.579
373.299
372.911
372.431
371.876
371.26
370.594
369.891
369.158
368.402
367.631
366.847
366.055
365.258
364.458
363.656
362.853
362.05
361.247
360.445
359.644
358.844
358.044
357.246
356.447
355.649
354.852
354.054
353.257
352.46
351.664
350.868
350.073
349.279
348.486
347.696
346.907
346.12
345.335
344.553
343.772
342.994
342.218
341.445
340.674
339.906
339.142
338.38
337.623
336.869
336.119
335.374
334.635
333.9
333.172
332.449
331.734
331.026
330.326
329.634
328.951
328.277
327.613
326.96
326.317
325.686
325.067
324.46
323.865
323.284
322.715
322.161
321.62
321.093
320.58
320.082
319.597
319.128
318.672
318.231
317.805
317.392
316.993
316.609
316.237
315.88
315.535
315.203
314.884
314.577
314.282
313.998
313.725
313.464
313.212
312.971
312.74
312.517
312.304
312.099
311.902
311.713
311.532
311.357
311.19
311.028
310.873
310.723
310.578
310.439
310.304
310.174
310.049
309.927
309.808
309.694
309.582
309.474
309.368
309.265
309.165
309.066
308.97
308.876
308.784
308.693
308.604
308.516
308.429
308.343
308.259
308.175
308.093
308.011
307.929
307.848
307.768
307.687
307.607
341.012
342.872
344.764
346.676
348.596
350.51
352.404
354.263
356.072
357.818
359.484
361.059
362.527
363.878
365.101
366.186
367.128
367.921
368.565
369.061
369.413
369.628
369.714
369.683
369.547
369.316
369.004
368.621
368.178
367.684
367.147
366.575
365.973
365.347
364.7
364.036
363.359
362.669
361.97
361.262
360.546
359.823
359.095
358.361
357.622
356.877
356.129
355.375
354.618
353.856
353.091
352.323
351.551
350.777
350
349.222
348.442
347.661
346.881
346.101
345.322
344.545
343.769
342.994
342.221
341.45
340.681
339.915
339.151
338.39
337.633
336.879
336.129
335.384
334.643
333.908
333.178
332.455
331.738
331.029
330.327
329.634
328.949
328.275
327.609
326.955
326.311
325.679
325.059
324.451
323.856
323.274
322.705
322.15
321.609
321.082
320.57
320.072
319.588
319.118
318.664
318.223
317.797
317.385
316.988
316.604
316.234
315.877
315.533
315.202
314.884
314.578
314.284
314.001
313.73
313.469
313.219
312.978
312.748
312.526
312.314
312.11
311.914
311.725
311.544
311.371
311.203
311.042
310.887
310.738
310.594
310.455
310.321
310.191
310.066
309.944
309.826
309.711
309.6
309.492
309.387
309.284
309.183
309.085
308.989
308.895
308.803
308.712
308.623
308.535
308.448
308.363
308.278
308.195
308.112
308.03
307.949
307.868
307.788
307.707
307.627
338.12
339.767
341.446
343.147
344.86
346.575
348.282
349.967
351.621
353.229
354.782
356.266
357.672
358.988
360.205
361.316
362.313
363.192
363.95
364.586
365.101
365.499
365.784
365.963
366.042
366.031
365.937
365.769
365.534
365.241
364.896
364.506
364.076
363.612
363.117
362.595
362.05
361.484
360.899
360.297
359.68
359.049
358.404
357.748
357.08
356.402
355.713
355.015
354.307
353.591
352.867
352.135
351.396
350.65
349.899
349.142
348.381
347.616
346.849
346.079
345.308
344.537
343.767
342.997
342.228
341.46
340.694
339.929
339.167
338.407
337.65
336.896
336.146
335.401
334.659
333.923
333.192
332.467
331.749
331.038
330.335
329.64
328.954
328.278
327.611
326.956
326.311
325.677
325.056
324.447
323.851
323.269
322.7
322.144
321.603
321.076
320.564
320.066
319.582
319.113
318.659
318.219
317.794
317.383
316.986
316.603
316.234
315.878
315.536
315.206
314.889
314.584
314.291
314.009
313.739
313.479
313.23
312.99
312.761
312.54
312.328
312.125
311.93
311.743
311.562
311.389
311.222
311.062
310.908
310.759
310.615
310.477
310.343
310.213
310.088
309.967
309.849
309.735
309.624
309.516
309.41
309.308
309.207
309.109
309.013
308.919
308.827
308.737
308.647
308.56
308.473
308.388
308.303
308.22
308.137
308.056
307.974
307.894
307.813
307.733
307.653
335.374
336.832
338.319
339.831
341.358
342.893
344.428
345.953
347.459
348.936
350.376
351.767
353.101
354.37
355.564
356.678
357.703
358.637
359.474
360.212
360.851
361.392
361.835
362.185
362.446
362.622
362.719
362.742
362.698
362.591
362.428
362.214
361.954
361.651
361.31
360.935
360.528
360.092
359.63
359.144
358.635
358.105
357.556
356.988
356.402
355.8
355.182
354.549
353.902
353.241
352.567
351.881
351.183
350.475
349.757
349.029
348.294
347.551
346.802
346.048
345.29
344.528
343.765
343.002
342.238
341.474
340.712
339.95
339.19
338.431
337.675
336.922
336.172
335.426
334.684
333.947
333.215
332.489
331.769
331.057
330.352
329.655
328.968
328.29
327.621
326.964
326.318
325.683
325.061
324.451
323.854
323.27
322.701
322.145
321.604
321.076
320.564
320.066
319.583
319.115
318.661
318.222
317.797
317.387
316.991
316.609
316.241
315.886
315.545
315.216
314.9
314.596
314.304
314.024
313.755
313.496
313.248
313.009
312.781
312.561
312.35
312.148
311.954
311.767
311.587
311.415
311.249
311.089
310.935
310.787
310.644
310.505
310.372
310.243
310.118
309.997
309.879
309.765
309.654
309.546
309.441
309.339
309.238
309.141
309.045
308.951
308.858
308.768
308.679
308.591
308.505
308.419
308.335
308.252
308.169
308.087
308.006
307.926
307.845
307.765
307.685
332.785
334.074
335.391
336.732
338.092
339.464
340.842
342.218
343.586
344.938
346.266
347.562
348.82
350.03
351.188
352.285
353.316
354.277
355.163
355.971
356.699
357.346
357.912
358.398
358.806
359.138
359.397
359.586
359.71
359.772
359.777
359.728
359.628
359.482
359.293
359.063
358.797
358.495
358.161
357.796
357.403
356.982
356.536
356.065
355.571
355.055
354.518
353.961
353.384
352.788
352.174
351.544
350.897
350.235
349.559
348.869
348.167
347.454
346.731
345.999
345.259
344.513
343.762
343.007
342.251
341.493
340.735
339.977
339.22
338.464
337.71
336.957
336.208
335.462
334.719
333.982
333.249
332.521
331.8
331.086
330.38
329.681
328.992
328.312
327.642
326.983
326.335
325.699
325.075
324.464
323.866
323.282
322.712
322.155
321.613
321.086
320.574
320.076
319.593
319.125
318.672
318.234
317.81
317.4
317.005
316.624
316.257
315.904
315.563
315.236
314.921
314.618
314.327
314.048
313.78
313.522
313.275
313.038
312.81
312.591
312.381
312.18
311.986
311.8
311.621
311.45
311.284
311.125
310.971
310.823
310.681
310.543
310.41
310.281
310.156
310.035
309.918
309.804
309.693
309.586
309.48
309.378
309.278
309.18
309.084
308.99
308.898
308.807
308.718
308.631
308.544
308.459
308.375
308.292
308.209
308.127
308.046
307.966
307.885
307.806
307.726
330.364
331.502
332.668
333.857
335.065
336.289
337.524
338.763
340.002
341.234
342.454
343.655
344.831
345.976
347.084
348.15
349.168
350.134
351.043
351.892
352.679
353.401
354.057
354.646
355.169
355.626
356.018
356.348
356.616
356.826
356.98
357.081
357.13
357.131
357.087
356.999
356.869
356.701
356.496
356.255
355.981
355.675
355.338
354.972
354.577
354.155
353.707
353.234
352.736
352.215
351.671
351.106
350.519
349.913
349.288
348.645
347.986
347.31
346.621
345.919
345.205
344.481
343.749
343.009
342.264
341.514
340.763
340.011
339.258
338.505
337.753
337.003
336.255
335.509
334.767
334.029
333.295
332.567
331.845
331.129
330.421
329.721
329.03
328.348
327.676
327.015
326.366
325.728
325.103
324.491
323.892
323.306
322.735
322.178
321.636
321.109
320.596
320.098
319.616
319.148
318.695
318.257
317.834
317.426
317.032
316.652
316.285
315.933
315.593
315.267
314.953
314.652
314.362
314.084
313.817
313.56
313.314
313.078
312.851
312.633
312.424
312.223
312.03
311.845
311.667
311.495
311.331
311.172
311.019
310.871
310.729
310.591
310.458
310.33
310.205
310.085
309.967
309.854
309.743
309.635
309.53
309.427
309.327
309.229
309.133
309.04
308.947
308.857
308.768
308.68
308.594
308.508
308.424
308.341
308.258
308.177
308.096
308.015
307.935
307.855
307.776
328.124
329.127
330.156
331.208
332.281
333.371
334.474
335.587
336.705
337.824
338.939
340.045
341.138
342.212
343.262
344.284
345.273
346.225
347.137
348.003
348.822
349.591
350.308
350.972
351.58
352.133
352.631
353.074
353.463
353.798
354.081
354.313
354.496
354.631
354.72
354.765
354.767
354.727
354.648
354.531
354.377
354.187
353.962
353.704
353.414
353.092
352.74
352.358
351.947
351.509
351.043
350.551
350.034
349.493
348.928
348.341
347.733
347.105
346.458
345.794
345.114
344.42
343.714
342.996
342.269
341.534
340.793
340.049
339.302
338.555
337.807
337.06
336.314
335.57
334.829
334.091
333.357
332.628
331.905
331.188
330.479
329.777
329.084
328.401
327.727
327.065
326.414
325.775
325.148
324.534
323.934
323.348
322.776
322.218
321.675
321.148
320.635
320.137
319.654
319.187
318.735
318.297
317.875
317.467
317.074
316.694
316.329
315.977
315.639
315.314
315.001
314.7
314.412
314.134
313.868
313.613
313.367
313.132
312.906
312.689
312.481
312.281
312.088
311.904
311.726
311.555
311.391
311.232
311.08
310.932
310.79
310.653
310.52
310.392
310.267
310.147
310.029
309.915
309.805
309.697
309.592
309.489
309.389
309.291
309.195
309.101
309.008
308.918
308.829
308.741
308.654
308.569
308.485
308.401
308.319
308.237
308.156
308.076
307.996
307.917
307.837
326.072
326.955
327.862
328.791
329.741
330.71
331.693
332.69
333.696
334.708
335.722
336.735
337.744
338.743
339.729
340.698
341.646
342.57
343.465
344.329
345.159
345.951
346.704
347.415
348.082
348.705
349.282
349.813
350.297
350.733
351.124
351.468
351.766
352.019
352.228
352.393
352.516
352.598
352.639
352.64
352.602
352.527
352.415
352.266
352.082
351.864
351.611
351.326
351.008
350.659
350.278
349.868
349.428
348.959
348.464
347.941
347.393
346.821
346.226
345.609
344.972
344.316
343.644
342.956
342.254
341.541
340.819
340.088
339.351
338.611
337.87
337.128
336.385
335.644
334.905
334.169
333.436
332.707
331.984
331.266
330.556
329.853
329.159
328.474
327.799
327.135
326.483
325.842
325.214
324.599
323.998
323.41
322.838
322.279
321.736
321.207
320.694
320.196
319.714
319.247
318.795
318.358
317.936
317.528
317.135
316.757
316.392
316.042
315.704
315.379
315.067
314.768
314.48
314.203
313.938
313.683
313.439
313.204
312.979
312.763
312.555
312.355
312.164
311.979
311.802
311.632
311.467
311.309
311.157
311.01
310.868
310.73
310.598
310.469
310.345
310.224
310.106
309.992
309.881
309.773
309.668
309.565
309.465
309.366
309.27
309.176
309.083
308.992
308.903
308.815
308.728
308.643
308.559
308.475
308.393
308.311
308.23
308.15
308.07
307.991
307.912
324.219
324.994
325.791
326.611
327.45
328.308
329.183
330.072
330.974
331.885
332.804
333.726
334.651
335.573
336.491
337.4
338.298
339.181
340.047
340.892
341.714
342.51
343.276
344.012
344.715
345.383
346.015
346.609
347.164
347.68
348.156
348.591
348.985
349.338
349.65
349.922
350.153
350.344
350.495
350.607
350.68
350.714
350.711
350.669
350.591
350.476
350.325
350.138
349.917
349.66
349.37
349.046
348.69
348.301
347.882
347.431
346.952
346.444
345.909
345.348
344.762
344.154
343.524
342.874
342.207
341.523
340.826
340.117
339.398
338.672
337.939
337.205
336.468
335.732
334.997
334.263
333.533
332.805
332.083
331.366
330.655
329.952
329.257
328.572
327.896
327.231
326.577
325.935
325.305
324.689
324.087
323.499
322.925
322.366
321.822
321.293
320.779
320.281
319.799
319.331
318.879
318.443
318.021
317.614
317.221
316.843
316.479
316.129
315.792
315.468
315.157
314.858
314.571
314.295
314.03
313.776
313.532
313.298
313.073
312.857
312.65
312.451
312.259
312.075
311.898
311.728
311.564
311.406
311.253
311.106
310.964
310.827
310.694
310.565
310.44
310.319
310.201
310.087
309.976
309.867
309.762
309.658
309.558
309.459
309.362
309.268
309.175
309.083
308.994
308.906
308.819
308.733
308.648
308.565
308.482
308.401
308.32
308.239
308.16
308.081
308.002
322.57
323.249
323.949
324.669
325.408
326.167
326.942
327.733
328.538
329.355
330.183
331.019
331.861
332.706
333.553
334.398
335.239
336.074
336.899
337.713
338.512
339.294
340.057
340.798
341.516
342.207
342.872
343.507
344.111
344.684
345.223
345.728
346.198
346.632
347.03
347.391
347.716
348.002
348.251
348.463
348.637
348.773
348.871
348.932
348.955
348.941
348.89
348.802
348.677
348.515
348.318
348.084
347.815
347.511
347.173
346.802
346.397
345.961
345.494
344.996
344.471
343.918
343.339
342.737
342.112
341.467
340.803
340.123
339.43
338.725
338.01
337.288
336.561
335.833
335.103
334.375
333.648
332.924
332.204
331.489
330.779
330.077
329.382
328.696
328.02
327.354
326.7
326.057
325.427
324.81
324.206
323.617
323.043
322.483
321.938
321.409
320.895
320.396
319.913
319.446
318.994
318.557
318.135
317.729
317.337
316.959
316.595
316.245
315.909
315.585
315.274
314.976
314.689
314.413
314.149
313.895
313.651
313.417
313.193
312.977
312.77
312.571
312.379
312.195
312.018
311.848
311.684
311.525
311.373
311.225
311.083
310.945
310.812
310.682
310.557
310.436
310.317
310.203
310.091
309.982
309.875
309.772
309.67
309.571
309.474
309.379
309.285
309.194
309.103
309.015
308.927
308.841
308.756
308.673
308.59
308.508
308.427
308.347
308.267
308.188
308.11
321.132
321.724
322.337
322.968
323.618
324.286
324.971
325.672
326.388
327.118
327.86
328.613
329.375
330.144
330.919
331.698
332.478
333.258
334.035
334.807
335.572
336.327
337.071
337.802
338.517
339.214
339.891
340.548
341.181
341.789
342.372
342.926
343.452
343.948
344.413
344.847
345.247
345.614
345.947
346.245
346.507
346.735
346.926
347.08
347.198
347.279
347.323
347.33
347.3
347.232
347.126
346.984
346.804
346.588
346.335
346.046
345.722
345.363
344.969
344.543
344.084
343.594
343.075
342.528
341.954
341.356
340.735
340.093
339.433
338.758
338.068
337.367
336.658
335.942
335.222
334.502
333.782
333.063
332.348
331.636
330.929
330.229
329.536
328.851
328.175
327.51
326.855
326.212
325.582
324.964
324.361
323.771
323.196
322.635
322.09
321.56
321.046
320.547
320.064
319.596
319.143
318.707
318.285
317.878
317.486
317.108
316.744
316.394
316.058
315.735
315.424
315.125
314.838
314.563
314.299
314.045
313.801
313.567
313.342
313.127
312.919
312.72
312.528
312.344
312.166
311.996
311.831
311.672
311.519
311.371
311.228
311.089
310.955
310.825
310.7
310.577
310.458
310.343
310.23
310.12
310.013
309.909
309.806
309.706
309.608
309.512
309.418
309.326
309.235
309.146
309.058
308.971
308.886
308.802
308.719
308.636
308.555
308.475
308.395
308.316
308.238
319.906
320.422
320.957
321.509
322.078
322.665
323.268
323.887
324.521
325.17
325.832
326.506
327.192
327.888
328.592
329.304
330.02
330.741
331.464
332.188
332.91
333.629
334.343
335.049
335.747
336.434
337.109
337.769
338.412
339.038
339.645
340.23
340.793
341.332
341.846
342.333
342.792
343.223
343.623
343.993
344.331
344.636
344.908
345.146
345.349
345.517
345.649
345.744
345.803
345.825
345.809
345.756
345.665
345.536
345.369
345.165
344.923
344.645
344.33
343.979
343.593
343.173
342.72
342.235
341.721
341.177
340.607
340.012
339.395
338.757
338.101
337.43
336.745
336.051
335.349
334.641
333.931
333.221
332.513
331.807
331.106
330.409
329.72
329.037
328.364
327.7
327.046
326.404
325.774
325.157
324.553
323.964
323.388
322.828
322.282
321.752
321.237
320.738
320.254
319.786
319.333
318.896
318.474
318.067
317.674
317.296
316.932
316.582
316.246
315.922
315.611
315.312
315.025
314.749
314.485
314.231
313.986
313.752
313.527
313.311
313.103
312.903
312.711
312.526
312.347
312.176
312.01
311.851
311.697
311.548
311.404
311.264
311.129
310.999
310.871
310.748
310.628
310.511
310.398
310.287
310.179
310.073
309.97
309.869
309.77
309.673
309.578
309.484
309.392
309.302
309.214
309.126
309.04
308.955
308.872
308.789
308.708
308.627
308.547
308.468
308.39
318.894
319.343
319.809
320.29
320.788
321.301
321.831
322.375
322.935
323.509
324.097
324.698
325.311
325.936
326.572
327.217
327.87
328.53
329.196
329.867
330.54
331.215
331.889
332.562
333.232
333.896
334.553
335.203
335.842
336.469
337.083
337.682
338.264
338.828
339.373
339.896
340.397
340.874
341.326
341.751
342.149
342.518
342.857
343.166
343.442
343.686
343.896
344.071
344.212
344.317
344.385
344.416
344.41
344.366
344.284
344.164
344.005
343.809
343.574
343.302
342.992
342.647
342.265
341.849
341.4
340.919
340.407
339.867
339.3
338.708
338.094
337.461
336.811
336.145
335.469
334.783
334.09
333.393
332.696
332
331.307
330.617
329.933
329.256
328.587
327.926
327.275
326.635
326.007
325.391
324.789
324.2
323.625
323.064
322.519
321.989
321.474
320.974
320.49
320.022
319.569
319.131
318.709
318.301
317.908
317.53
317.165
316.815
316.477
316.153
315.841
315.542
315.254
314.978
314.713
314.458
314.213
313.978
313.752
313.535
313.326
313.125
312.932
312.746
312.567
312.394
312.227
312.066
311.911
311.761
311.616
311.475
311.339
311.206
311.078
310.953
310.832
310.714
310.598
310.486
310.377
310.269
310.165
310.062
309.962
309.864
309.767
309.673
309.58
309.489
309.399
309.311
309.224
309.138
309.054
308.97
308.888
308.807
308.727
308.648
308.569
318.096
318.486
318.89
319.309
319.742
320.191
320.654
321.131
321.623
322.129
322.649
323.182
323.728
324.286
324.856
325.436
326.027
326.626
327.234
327.849
328.47
329.096
329.725
330.357
330.99
331.621
332.251
332.878
333.499
334.114
334.721
335.318
335.905
336.478
337.037
337.58
338.106
338.613
339.1
339.565
340.007
340.424
340.816
341.181
341.517
341.824
342.101
342.345
342.557
342.736
342.88
342.988
343.061
343.096
343.095
343.055
342.978
342.862
342.707
342.514
342.283
342.014
341.707
341.364
340.985
340.571
340.124
339.645
339.136
338.598
338.035
337.448
336.839
336.212
335.569
334.913
334.247
333.572
332.893
332.211
331.529
330.851
330.176
329.506
328.844
328.189
327.543
326.907
326.282
325.669
325.069
324.482
323.908
323.349
322.804
322.275
321.76
321.261
320.777
320.308
319.855
319.417
318.994
318.586
318.193
317.814
317.448
317.097
316.759
316.434
316.122
315.821
315.533
315.255
314.989
314.733
314.487
314.251
314.024
313.805
313.595
313.393
313.198
313.011
312.83
312.656
312.488
312.325
312.168
312.016
311.869
311.727
311.589
311.455
311.325
311.198
311.075
310.955
310.838
310.724
310.612
310.504
310.397
310.293
310.191
310.091
309.993
309.897
309.802
309.71
309.618
309.529
309.441
309.354
309.269
309.185
309.102
309.02
308.939
308.859
308.781
317.509
317.846
318.197
318.561
318.938
319.328
319.732
320.15
320.581
321.025
321.483
321.953
322.437
322.932
323.44
323.959
324.489
325.03
325.58
326.139
326.706
327.28
327.86
328.446
329.036
329.628
330.222
330.817
331.411
332.002
332.59
333.173
333.749
334.318
334.877
335.425
335.96
336.482
336.988
337.477
337.948
338.398
338.828
339.234
339.616
339.973
340.302
340.603
340.875
341.116
341.326
341.502
341.644
341.752
341.824
341.859
341.858
341.818
341.741
341.625
341.471
341.278
341.047
340.778
340.472
340.129
339.751
339.338
338.893
338.416
337.91
337.377
336.819
336.238
335.637
335.019
334.387
333.743
333.09
332.431
331.769
331.105
330.443
329.785
329.132
328.486
327.848
327.219
326.6
325.992
325.396
324.812
324.241
323.685
323.142
322.614
322.1
321.602
321.119
320.651
320.197
319.759
319.336
318.928
318.534
318.154
317.788
317.436
317.097
316.771
316.458
316.156
315.866
315.588
315.32
315.063
314.815
314.577
314.349
314.129
313.917
313.713
313.516
313.327
313.145
312.968
312.798
312.634
312.475
312.321
312.172
312.027
311.887
311.751
311.618
311.489
311.364
311.242
311.122
311.006
310.892
310.781
310.673
310.566
310.462
310.36
310.26
310.162
310.065
309.971
309.878
309.787
309.697
309.609
309.522
309.437
309.353
309.27
309.188
309.108
309.029
317.128
317.42
317.724
318.039
318.366
318.706
319.058
319.422
319.799
320.188
320.589
321.003
321.429
321.867
322.317
322.779
323.252
323.735
324.229
324.733
325.247
325.769
326.298
326.835
327.378
327.927
328.48
329.036
329.595
330.155
330.714
331.273
331.828
332.38
332.927
333.466
333.998
334.52
335.031
335.53
336.014
336.483
336.935
337.368
337.781
338.173
338.542
338.886
339.204
339.495
339.758
339.991
340.193
340.362
340.499
340.601
340.668
340.699
340.693
340.65
340.569
340.45
340.293
340.098
339.865
339.594
339.287
338.944
338.566
338.155
337.712
337.238
336.737
336.21
335.659
335.087
334.497
333.892
333.273
332.645
332.01
331.371
330.729
330.087
329.449
328.816
328.189
327.57
326.959
326.359
325.769
325.191
324.626
324.073
323.534
323.009
322.498
322.001
321.52
321.053
320.6
320.163
319.74
319.332
318.937
318.557
318.191
317.838
317.498
317.171
316.856
316.554
316.263
315.982
315.713
315.454
315.205
314.965
314.735
314.513
314.299
314.093
313.894
313.703
313.518
313.339
313.167
313
312.838
312.682
312.53
312.383
312.24
312.101
311.966
311.834
311.706
311.581
311.459
311.34
311.223
311.11
310.998
310.889
310.783
310.678
310.575
310.475
310.376
310.279
310.184
310.091
309.999
309.909
309.82
309.733
309.648
309.563
309.481
309.399
309.319
316.949
317.202
317.465
317.738
318.022
318.317
318.623
318.94
319.268
319.608
319.959
320.322
320.696
321.082
321.479
321.888
322.307
322.737
323.178
323.629
324.09
324.56
325.04
325.527
326.022
326.524
327.033
327.546
328.065
328.587
329.111
329.637
330.164
330.69
331.214
331.734
332.251
332.761
333.265
333.76
334.244
334.718
335.178
335.624
336.054
336.467
336.861
337.234
337.585
337.913
338.216
338.493
338.742
338.962
339.152
339.311
339.437
339.529
339.587
339.609
339.596
339.546
339.458
339.334
339.172
338.972
338.736
338.463
338.154
337.811
337.434
337.025
336.585
336.117
335.623
335.104
334.564
334.005
333.429
332.84
332.241
331.633
331.02
330.404
329.787
329.172
328.56
327.955
327.357
326.768
326.188
325.619
325.061
324.515
323.981
323.461
322.955
322.462
321.983
321.518
321.068
320.632
320.21
319.803
319.409
319.029
318.663
318.309
317.969
317.641
317.325
317.021
316.729
316.447
316.176
315.915
315.664
315.423
315.19
314.965
314.749
314.541
314.34
314.145
313.958
313.777
313.601
313.431
313.267
313.107
312.953
312.802
312.656
312.514
312.376
312.241
312.11
311.981
311.856
311.734
311.614
311.497
311.382
311.27
311.16
311.052
310.947
310.843
310.741
310.642
310.544
310.448
310.353
310.261
310.17
310.081
309.993
309.907
309.822
309.739
309.658
316.965
317.184
317.412
317.649
317.895
318.151
318.417
318.693
318.979
319.275
319.582
319.899
320.227
320.566
320.915
321.275
321.645
322.026
322.417
322.818
323.23
323.65
324.08
324.519
324.966
325.421
325.883
326.352
326.827
327.308
327.792
328.281
328.772
329.265
329.759
330.252
330.744
331.233
331.718
332.198
332.672
333.137
333.594
334.039
334.473
334.893
335.298
335.687
336.057
336.408
336.738
337.045
337.329
337.587
337.818
338.022
338.196
338.339
338.451
338.53
338.576
338.587
338.563
338.503
338.407
338.275
338.106
337.902
337.661
337.386
337.076
336.733
336.359
335.954
335.521
335.061
334.577
334.071
333.545
333.003
332.446
331.878
331.301
330.718
330.131
329.542
328.955
328.369
327.788
327.214
326.648
326.092
325.545
325.008
324.484
323.971
323.471
322.984
322.511
322.051
321.604
321.171
320.752
320.346
319.954
319.575
319.209
318.856
318.516
318.187
317.871
317.566
317.272
316.989
316.717
316.454
316.201
315.958
315.723
315.496
315.277
315.066
314.862
314.665
314.474
314.29
314.112
313.938
313.771
313.608
313.449
313.296
313.146
313
312.858
312.72
312.584
312.452
312.323
312.197
312.073
311.952
311.834
311.718
311.604
311.493
311.383
311.276
311.171
311.067
310.966
310.867
310.769
310.673
310.579
310.487
310.397
310.308
310.221
310.136
310.053
317.171
317.361
317.558
317.764
317.978
318.2
318.431
318.671
318.92
319.179
319.446
319.724
320.01
320.307
320.613
320.929
321.255
321.591
321.936
322.291
322.656
323.029
323.412
323.804
324.205
324.613
325.03
325.453
325.884
326.321
326.763
327.211
327.662
328.117
328.575
329.035
329.495
329.955
330.413
330.869
331.322
331.77
332.211
332.645
333.071
333.486
333.89
334.281
334.658
335.018
335.362
335.687
335.992
336.275
336.535
336.77
336.98
337.163
337.317
337.442
337.537
337.599
337.63
337.627
337.59
337.519
337.413
337.272
337.097
336.887
336.644
336.367
336.058
335.718
335.348
334.951
334.527
334.079
333.609
333.12
332.614
332.093
331.559
331.017
330.467
329.913
329.356
328.799
328.244
327.692
327.145
326.605
326.073
325.551
325.039
324.537
324.047
323.569
323.103
322.65
322.209
321.781
321.367
320.965
320.575
320.199
319.835
319.483
319.144
318.816
318.5
318.195
317.901
317.617
317.343
317.079
316.825
316.579
316.342
316.113
315.891
315.678
315.471
315.271
315.077
314.889
314.707
314.531
314.359
314.192
314.03
313.873
313.719
313.569
313.423
313.28
313.14
313.004
312.87
312.74
312.612
312.486
312.363
312.243
312.125
312.009
311.895
311.783
311.673
311.566
311.46
311.357
311.255
311.155
311.058
310.962
310.868
310.776
310.686
310.598
310.512
317.559
317.724
317.896
318.075
318.261
318.454
318.656
318.865
319.082
319.307
319.541
319.783
320.033
320.292
320.56
320.837
321.123
321.418
321.722
322.034
322.356
322.686
323.025
323.373
323.729
324.093
324.464
324.844
325.23
325.623
326.022
326.427
326.837
327.251
327.669
328.091
328.514
328.939
329.365
329.79
330.214
330.635
331.053
331.466
331.873
332.274
332.665
333.047
333.418
333.777
334.122
334.451
334.764
335.06
335.335
335.591
335.824
336.033
336.218
336.377
336.509
336.613
336.687
336.731
336.745
336.726
336.676
336.593
336.477
336.328
336.147
335.933
335.688
335.412
335.106
334.772
334.411
334.024
333.614
333.183
332.732
332.264
331.781
331.286
330.781
330.268
329.75
329.228
328.706
328.184
327.665
327.149
326.64
326.137
325.642
325.155
324.679
324.214
323.759
323.316
322.884
322.464
322.056
321.66
321.276
320.904
320.544
320.196
319.859
319.533
319.218
318.914
318.62
318.337
318.062
317.798
317.542
317.295
317.056
316.825
316.601
316.385
316.175
315.972
315.775
315.584
315.399
315.218
315.043
314.872
314.706
314.544
314.386
314.231
314.08
313.933
313.788
313.647
313.509
313.373
313.24
313.109
312.981
312.856
312.732
312.611
312.492
312.375
312.26
312.148
312.037
311.928
311.822
311.717
311.615
311.514
311.416
311.32
311.226
311.134
311.044
318.122
318.267
318.417
318.573
318.736
318.905
319.08
319.263
319.452
319.649
319.853
320.064
320.283
320.509
320.744
320.986
321.236
321.494
321.76
322.035
322.317
322.607
322.906
323.212
323.526
323.848
324.177
324.513
324.856
325.206
325.562
325.924
326.291
326.664
327.041
327.421
327.805
328.192
328.58
328.969
329.358
329.747
330.134
330.519
330.899
331.275
331.646
332.009
332.364
332.709
333.044
333.367
333.677
333.973
334.252
334.514
334.758
334.982
335.186
335.366
335.524
335.657
335.764
335.845
335.898
335.922
335.918
335.884
335.819
335.725
335.599
335.444
335.258
335.043
334.799
334.527
334.228
333.904
333.555
333.184
332.792
332.382
331.955
331.513
331.059
330.595
330.122
329.643
329.161
328.676
328.191
327.707
327.227
326.751
326.28
325.816
325.36
324.912
324.473
324.044
323.625
323.216
322.819
322.432
322.057
321.692
321.338
320.995
320.663
320.341
320.029
319.728
319.436
319.153
318.88
318.616
318.36
318.112
317.872
317.64
317.414
317.196
316.984
316.778
316.579
316.384
316.195
316.011
315.832
315.657
315.486
315.32
315.157
314.998
314.842
314.689
314.54
314.393
314.249
314.108
313.969
313.833
313.699
313.568
313.439
313.311
313.186
313.064
312.943
312.824
312.707
312.593
312.48
312.37
312.262
312.156
312.052
311.95
311.851
311.754
311.659
318.854
318.981
319.112
319.25
319.392
319.54
319.694
319.854
320.019
320.191
320.369
320.554
320.745
320.943
321.147
321.359
321.577
321.803
322.035
322.275
322.522
322.776
323.037
323.305
323.58
323.862
324.151
324.446
324.748
325.056
325.371
325.69
326.016
326.346
326.681
327.019
327.362
327.708
328.056
328.406
328.757
329.108
329.459
329.809
330.158
330.503
330.844
331.18
331.511
331.835
332.15
332.457
332.753
333.038
333.31
333.568
333.811
334.038
334.248
334.439
334.61
334.76
334.889
334.994
335.076
335.132
335.164
335.169
335.147
335.097
335.021
334.916
334.784
334.624
334.437
334.224
333.984
333.72
333.432
333.122
332.791
332.44
332.072
331.687
331.289
330.878
330.457
330.028
329.592
329.152
328.708
328.264
327.819
327.377
326.937
326.502
326.073
325.649
325.233
324.824
324.423
324.032
323.649
323.276
322.913
322.559
322.215
321.88
321.555
321.239
320.933
320.636
320.349
320.07
319.799
319.536
319.282
319.035
318.795
318.563
318.337
318.117
317.904
317.696
317.494
317.297
317.105
316.917
316.734
316.556
316.381
316.21
316.042
315.878
315.717
315.56
315.405
315.252
315.103
314.956
314.811
314.669
314.528
314.39
314.255
314.121
313.989
313.86
313.732
313.606
313.483
313.361
313.242
313.125
313.009
312.896
312.786
312.677
312.571
312.467
312.367
319.744
319.856
319.972
320.093
320.218
320.349
320.484
320.624
320.769
320.919
321.075
321.236
321.403
321.576
321.754
321.938
322.128
322.325
322.527
322.735
322.95
323.171
323.398
323.631
323.87
324.115
324.366
324.624
324.886
325.155
325.429
325.708
325.992
326.281
326.574
326.871
327.171
327.475
327.782
328.09
328.401
328.712
329.024
329.336
329.647
329.957
330.264
330.567
330.867
331.162
331.45
331.732
332.006
332.271
332.527
332.771
333.003
333.223
333.428
333.618
333.792
333.948
334.086
334.205
334.304
334.382
334.438
334.472
334.482
334.468
334.43
334.368
334.281
334.169
334.033
333.873
333.688
333.481
333.25
332.999
332.727
332.436
332.127
331.801
331.461
331.107
330.742
330.367
329.983
329.593
329.198
328.799
328.398
327.996
327.595
327.196
326.8
326.408
326.02
325.638
325.262
324.893
324.532
324.177
323.831
323.493
323.163
322.841
322.528
322.223
321.926
321.637
321.356
321.083
320.817
320.559
320.308
320.064
319.826
319.595
319.37
319.15
318.936
318.728
318.524
318.325
318.131
317.941
317.755
317.573
317.395
317.22
317.048
316.879
316.714
316.551
316.39
316.232
316.077
315.924
315.773
315.624
315.477
315.332
315.189
315.049
314.91
314.773
314.637
314.504
314.373
314.244
314.116
313.991
313.868
313.746
313.627
313.51
313.396
313.284
313.175
320.778
320.878
320.981
321.088
321.199
321.313
321.432
321.555
321.682
321.814
321.95
322.091
322.236
322.386
322.541
322.701
322.866
323.036
323.211
323.391
323.576
323.767
323.962
324.163
324.369
324.58
324.797
325.018
325.244
325.475
325.71
325.95
326.195
326.443
326.696
326.951
327.211
327.473
327.738
328.005
328.274
328.544
328.815
329.086
329.357
329.628
329.897
330.163
330.427
330.688
330.944
331.195
331.44
331.679
331.91
332.132
332.345
332.548
332.74
332.919
333.086
333.239
333.377
333.499
333.605
333.693
333.763
333.815
333.847
333.859
333.85
333.821
333.77
333.698
333.604
333.489
333.352
333.195
333.018
332.82
332.604
332.37
332.118
331.851
331.569
331.273
330.966
330.647
330.319
329.983
329.641
329.293
328.941
328.587
328.231
327.874
327.518
327.164
326.813
326.464
326.12
325.78
325.446
325.117
324.793
324.477
324.166
323.862
323.565
323.275
322.992
322.715
322.445
322.181
321.924
321.674
321.429
321.19
320.957
320.73
320.507
320.29
320.078
319.87
319.667
319.468
319.273
319.082
318.894
318.709
318.528
318.35
318.174
318.002
317.832
317.664
317.498
317.335
317.174
317.015
316.858
316.703
316.549
316.397
316.247
316.099
315.953
315.808
315.665
315.523
315.384
315.246
315.11
314.975
314.843
314.712
314.584
314.457
314.332
314.21
314.09
321.936
322.025
322.116
322.211
322.309
322.41
322.514
322.622
322.734
322.848
322.967
323.089
323.215
323.345
323.479
323.617
323.759
323.905
324.055
324.209
324.368
324.53
324.697
324.868
325.043
325.223
325.406
325.594
325.785
325.981
326.18
326.383
326.59
326.8
327.013
327.229
327.448
327.67
327.893
328.119
328.346
328.575
328.804
329.035
329.265
329.494
329.723
329.951
330.177
330.4
330.62
330.836
331.048
331.255
331.456
331.651
331.839
332.018
332.189
332.351
332.503
332.643
332.772
332.889
332.992
333.082
333.156
333.216
333.26
333.288
333.299
333.292
333.268
333.226
333.166
333.088
332.992
332.877
332.745
332.596
332.43
332.248
332.05
331.838
331.611
331.372
331.121
330.859
330.588
330.308
330.02
329.726
329.427
329.124
328.818
328.51
328.2
327.89
327.581
327.272
326.966
326.662
326.361
326.064
325.77
325.481
325.196
324.917
324.642
324.372
324.107
323.847
323.593
323.343
323.099
322.86
322.625
322.396
322.171
321.95
321.734
321.522
321.314
321.11
320.909
320.712
320.518
320.327
320.139
319.954
319.771
319.591
319.413
319.238
319.064
318.893
318.723
318.555
318.389
318.225
318.062
317.901
317.741
317.582
317.425
317.27
317.116
316.963
316.812
316.662
316.514
316.367
316.221
316.077
315.935
315.794
315.655
315.517
315.381
315.246
315.113
323.184
323.263
323.344
323.428
323.515
323.603
323.695
323.789
323.886
323.986
324.088
324.194
324.303
324.414
324.529
324.646
324.767
324.891
325.018
325.149
325.282
325.419
325.559
325.702
325.849
325.999
326.152
326.308
326.467
326.629
326.794
326.962
327.133
327.306
327.482
327.66
327.84
328.022
328.206
328.392
328.579
328.767
328.956
329.145
329.335
329.524
329.713
329.901
330.087
330.272
330.454
330.634
330.811
330.983
331.152
331.315
331.473
331.625
331.771
331.909
332.04
332.163
332.276
332.38
332.474
332.557
332.628
332.688
332.735
332.77
332.791
332.799
332.793
332.772
332.736
332.686
332.622
332.542
332.448
332.339
332.216
332.079
331.929
331.766
331.59
331.403
331.206
330.998
330.781
330.556
330.323
330.083
329.838
329.588
329.334
329.076
328.816
328.554
328.291
328.028
327.764
327.502
327.24
326.98
326.722
326.467
326.214
325.964
325.716
325.473
325.232
324.995
324.761
324.531
324.305
324.082
323.862
323.646
323.433
323.224
323.017
322.814
322.613
322.416
322.221
322.028
321.838
321.65
321.465
321.281
321.099
320.919
320.741
320.564
320.389
320.216
320.043
319.872
319.702
319.534
319.366
319.2
319.034
318.87
318.707
318.544
318.383
318.223
318.064
317.906
317.749
317.594
317.439
317.285
317.133
316.982
316.831
316.682
316.533
316.385
316.237
324.474
324.544
324.615
324.689
324.765
324.842
324.922
325.003
325.087
325.172
325.26
325.35
325.443
325.537
325.634
325.733
325.834
325.938
326.044
326.152
326.263
326.376
326.491
326.609
326.729
326.852
326.976
327.103
327.233
327.364
327.497
327.633
327.77
327.909
328.05
328.193
328.337
328.483
328.629
328.777
328.926
329.075
329.225
329.376
329.526
329.676
329.826
329.975
330.123
330.269
330.414
330.557
330.697
330.835
330.97
331.101
331.228
331.35
331.468
331.581
331.688
331.788
331.882
331.969
332.048
332.119
332.182
332.235
332.28
332.314
332.339
332.353
332.356
332.348
332.329
332.299
332.257
332.204
332.139
332.062
331.974
331.875
331.765
331.644
331.513
331.373
331.223
331.064
330.897
330.722
330.541
330.353
330.16
329.961
329.758
329.551
329.341
329.128
328.913
328.696
328.479
328.26
328.041
327.822
327.604
327.386
327.169
326.953
326.739
326.526
326.314
326.105
325.897
325.691
325.487
325.285
325.086
324.887
324.691
324.497
324.305
324.114
323.925
323.738
323.552
323.368
323.185
323.003
322.823
322.644
322.466
322.289
322.113
321.937
321.763
321.589
321.416
321.244
321.072
320.901
320.731
320.561
320.392
320.223
320.055
319.887
319.72
319.553
319.388
319.222
319.058
318.894
318.731
318.568
318.406
318.245
318.084
317.923
317.762
317.6
317.437
325.736
325.797
325.86
325.924
325.99
326.056
326.125
326.194
326.266
326.338
326.412
326.488
326.565
326.644
326.724
326.806
326.89
326.975
327.062
327.15
327.24
327.331
327.424
327.519
327.615
327.713
327.812
327.912
328.015
328.118
328.223
328.329
328.436
328.545
328.654
328.765
328.876
328.988
329.101
329.215
329.329
329.443
329.558
329.673
329.787
329.901
330.015
330.128
330.24
330.351
330.461
330.569
330.675
330.78
330.881
330.981
331.077
331.17
331.26
331.346
331.428
331.505
331.578
331.645
331.707
331.764
331.814
331.857
331.894
331.924
331.946
331.961
331.968
331.967
331.957
331.939
331.913
331.878
331.834
331.782
331.721
331.651
331.573
331.487
331.392
331.29
331.181
331.064
330.94
330.811
330.675
330.533
330.386
330.235
330.079
329.92
329.757
329.59
329.421
329.25
329.077
328.902
328.726
328.548
328.37
328.191
328.012
327.832
327.653
327.473
327.294
327.115
326.936
326.757
326.579
326.402
326.225
326.049
325.873
325.697
325.522
325.348
325.174
325.001
324.828
324.655
324.483
324.311
324.139
323.968
323.796
323.625
323.454
323.283
323.112
322.941
322.77
322.599
322.428
322.257
322.086
321.915
321.744
321.573
321.402
321.231
321.06
320.889
320.718
320.547
320.377
320.207
320.036
319.866
319.696
319.526
319.356
319.185
319.012
318.838
318.66
326.883
326.936
326.99
327.046
327.102
327.159
327.217
327.276
327.336
327.397
327.459
327.521
327.585
327.65
327.716
327.782
327.85
327.919
327.988
328.059
328.131
328.203
328.277
328.351
328.426
328.503
328.58
328.658
328.736
328.816
328.896
328.977
329.058
329.14
329.223
329.306
329.389
329.473
329.557
329.641
329.725
329.81
329.894
329.978
330.061
330.145
330.227
330.309
330.39
330.471
330.55
330.628
330.704
330.779
330.852
330.923
330.992
331.059
331.123
331.184
331.243
331.298
331.35
331.398
331.443
331.484
331.52
331.552
331.579
331.601
331.619
331.63
331.637
331.638
331.632
331.621
331.604
331.581
331.552
331.516
331.474
331.426
331.372
331.312
331.246
331.174
331.097
331.014
330.925
330.832
330.733
330.63
330.523
330.412
330.296
330.178
330.055
329.93
329.802
329.671
329.538
329.403
329.265
329.126
328.985
328.842
328.698
328.553
328.407
328.259
328.111
327.961
327.811
327.66
327.508
327.356
327.203
327.049
326.894
326.739
326.583
326.427
326.27
326.112
325.954
325.795
325.635
325.475
325.313
325.152
324.989
324.826
324.662
324.498
324.333
324.167
324
323.833
323.665
323.496
323.327
323.157
322.986
322.815
322.643
322.471
322.299
322.126
321.952
321.778
321.604
321.43
321.255
321.08
320.904
320.728
320.55
320.371
320.19
320.005
319.815
327.802
327.849
327.896
327.944
327.993
328.042
328.091
328.141
328.192
328.243
328.295
328.348
328.401
328.454
328.508
328.563
328.618
328.673
328.73
328.786
328.843
328.901
328.959
329.018
329.077
329.136
329.196
329.256
329.316
329.377
329.438
329.499
329.561
329.622
329.684
329.746
329.807
329.869
329.931
329.992
330.054
330.115
330.175
330.236
330.296
330.355
330.414
330.472
330.529
330.585
330.641
330.695
330.748
330.8
330.85
330.899
330.946
330.992
331.035
331.077
331.117
331.154
331.189
331.221
331.251
331.278
331.302
331.323
331.341
331.356
331.367
331.374
331.378
331.378
331.374
331.366
331.353
331.337
331.316
331.291
331.262
331.229
331.191
331.149
331.102
331.051
330.997
330.938
330.875
330.808
330.738
330.664
330.586
330.505
330.42
330.333
330.242
330.148
330.052
329.953
329.851
329.747
329.64
329.531
329.42
329.307
329.192
329.075
328.956
328.835
328.712
328.587
328.461
328.333
328.204
328.072
327.94
327.805
327.669
327.532
327.393
327.253
327.111
326.967
326.822
326.676
326.528
326.379
326.228
326.076
325.923
325.768
325.611
325.454
325.295
325.135
324.973
324.811
324.647
324.482
324.315
324.148
323.979
323.81
323.639
323.468
323.296
323.122
322.948
322.774
322.598
322.422
322.245
322.067
321.888
321.708
321.526
321.343
321.156
320.964
320.764
328.356
328.399
328.442
328.485
328.529
328.573
328.617
328.662
328.707
328.753
328.799
328.845
328.891
328.938
328.985
329.032
329.079
329.127
329.175
329.224
329.272
329.321
329.37
329.419
329.468
329.517
329.567
329.616
329.666
329.716
329.765
329.815
329.864
329.914
329.963
330.012
330.061
330.11
330.159
330.207
330.255
330.302
330.349
330.396
330.441
330.487
330.531
330.575
330.618
330.66
330.701
330.742
330.781
330.819
330.856
330.891
330.926
330.958
330.99
331.019
331.047
331.073
331.098
331.12
331.141
331.159
331.175
331.189
331.201
331.21
331.216
331.22
331.221
331.22
331.215
331.208
331.198
331.184
331.167
331.148
331.125
331.099
331.069
331.037
331.001
330.962
330.92
330.875
330.827
330.775
330.72
330.663
330.602
330.538
330.472
330.402
330.33
330.255
330.177
330.097
330.014
329.928
329.839
329.749
329.655
329.56
329.462
329.361
329.258
329.153
329.046
328.936
328.825
328.711
328.595
328.476
328.356
328.234
328.109
327.983
327.854
327.723
327.591
327.456
327.32
327.182
327.041
326.899
326.755
326.61
326.462
326.313
326.162
326.009
325.854
325.698
325.541
325.381
325.221
325.058
324.894
324.729
324.563
324.395
324.226
324.055
323.884
323.711
323.538
323.363
323.187
323.011
322.833
322.654
322.474
322.293
322.109
321.923
321.734
321.538
321.335
307.405
307.18
306.954
306.725
306.495
306.261
306.024
305.783
305.539
305.289
305.036
304.777
304.514
304.247
303.977
303.704
303.43
303.155
302.882
302.612
302.347
302.089
301.84
301.602
301.378
301.17
300.98
300.809
300.658
300.527
300.417
300.325
300.25
300.191
300.144
300.107
300.079
300.057
300.041
300.029
300.021
300.014
300.01
300.007
300.004
300.003
300.002
300.001
300.001
300
300
307.405
307.181
306.954
306.726
306.495
306.261
306.024
305.784
305.539
305.29
305.036
304.778
304.515
304.248
303.977
303.704
303.43
303.156
302.883
302.613
302.348
302.09
301.84
301.603
301.379
301.171
300.98
300.809
300.658
300.528
300.417
300.325
300.251
300.191
300.144
300.107
300.079
300.057
300.041
300.029
300.021
300.014
300.01
300.007
300.005
300.003
300.002
300.001
300.001
300
300
307.406
307.182
306.955
306.727
306.496
306.262
306.026
305.785
305.54
305.291
305.037
304.779
304.516
304.249
303.979
303.706
303.432
303.157
302.884
302.614
302.349
302.091
301.842
301.604
301.38
301.172
300.981
300.81
300.659
300.528
300.417
300.326
300.251
300.191
300.144
300.107
300.079
300.057
300.041
300.029
300.021
300.014
300.01
300.007
300.005
300.003
300.002
300.001
300.001
300
300
307.408
307.183
306.957
306.729
306.498
306.264
306.028
305.787
305.543
305.294
305.04
304.782
304.519
304.252
303.982
303.709
303.435
303.16
302.887
302.617
302.352
302.094
301.844
301.606
301.382
301.173
300.983
300.811
300.66
300.529
300.418
300.326
300.251
300.191
300.144
300.107
300.079
300.057
300.041
300.029
300.021
300.014
300.01
300.007
300.005
300.003
300.002
300.001
300.001
300
300
307.41
307.186
306.96
306.731
306.501
306.267
306.031
305.791
305.546
305.297
305.044
304.786
304.523
304.256
303.986
303.713
303.439
303.165
302.892
302.622
302.356
302.098
301.848
301.61
301.385
301.176
300.985
300.813
300.662
300.53
300.419
300.327
300.252
300.192
300.144
300.107
300.079
300.058
300.041
300.03
300.021
300.014
300.01
300.007
300.005
300.003
300.002
300.001
300.001
300
300
307.414
307.19
306.964
306.736
306.505
306.272
306.036
305.796
305.552
305.303
305.05
304.792
304.529
304.263
303.993
303.72
303.446
303.172
302.898
302.628
302.362
302.104
301.854
301.615
301.39
301.18
300.989
300.816
300.664
300.532
300.421
300.328
300.253
300.193
300.145
300.108
300.079
300.058
300.042
300.03
300.021
300.015
300.01
300.007
300.005
300.003
300.002
300.001
300.001
300
300
307.419
307.195
306.97
306.742
306.511
306.278
306.042
305.803
305.559
305.311
305.058
304.801
304.538
304.272
304.002
303.73
303.456
303.181
302.908
302.637
302.371
302.112
301.861
301.622
301.396
301.186
300.993
300.82
300.667
300.535
300.423
300.33
300.254
300.193
300.146
300.108
300.08
300.058
300.042
300.03
300.021
300.015
300.01
300.007
300.005
300.003
300.002
300.001
300.001
300
300
307.426
307.203
306.977
306.75
306.52
306.287
306.052
305.813
305.57
305.322
305.069
304.812
304.551
304.285
304.015
303.742
303.468
303.194
302.92
302.649
302.383
302.123
301.871
301.631
301.404
301.193
301
300.826
300.672
300.539
300.426
300.332
300.256
300.195
300.147
300.109
300.08
300.058
300.042
300.03
300.021
300.015
300.01
300.007
300.005
300.003
300.002
300.001
300.001
300
300
307.436
307.213
306.988
306.761
306.531
306.299
306.065
305.826
305.583
305.336
305.085
304.828
304.567
304.301
304.032
303.759
303.485
303.21
302.936
302.665
302.398
302.137
301.884
301.643
301.415
301.202
301.008
300.832
300.677
300.543
300.429
300.335
300.258
300.196
300.148
300.11
300.081
300.059
300.042
300.03
300.021
300.015
300.01
300.007
300.005
300.003
300.002
300.001
300.001
300
300
307.448
307.226
307.001
306.775
306.546
306.315
306.081
305.843
305.602
305.355
305.104
304.848
304.588
304.322
304.053
303.781
303.507
303.232
302.957
302.685
302.417
302.155
301.901
301.658
301.429
301.214
301.018
300.841
300.684
300.549
300.434
300.338
300.26
300.198
300.149
300.111
300.082
300.059
300.043
300.03
300.021
300.015
300.01
300.007
300.005
300.003
300.002
300.001
300.001
300
300
307.465
307.243
307.019
306.793
306.566
306.335
306.102
305.866
305.625
305.38
305.13
304.874
304.614
304.35
304.081
303.809
303.534
303.259
302.984
302.71
302.441
302.177
301.922
301.677
301.445
301.229
301.031
300.852
300.693
300.556
300.439
300.342
300.264
300.201
300.151
300.112
300.083
300.06
300.043
300.031
300.022
300.015
300.01
300.007
300.005
300.003
300.002
300.001
300.001
300
300
307.486
307.265
307.042
306.817
306.59
306.361
306.129
305.894
305.654
305.41
305.161
304.907
304.648
304.384
304.115
303.843
303.569
303.293
303.016
302.742
302.471
302.206
301.948
301.701
301.466
301.248
301.046
300.865
300.704
300.564
300.446
300.347
300.267
300.204
300.153
300.114
300.084
300.061
300.044
300.031
300.022
300.015
300.011
300.007
300.005
300.003
300.002
300.001
300.001
300
300
307.512
307.293
307.071
306.847
306.621
306.394
306.163
305.929
305.691
305.448
305.201
304.948
304.689
304.426
304.158
303.886
303.611
303.334
303.057
302.781
302.508
302.24
301.98
301.729
301.492
301.27
301.065
300.881
300.717
300.575
300.454
300.354
300.272
300.207
300.156
300.116
300.085
300.062
300.045
300.032
300.022
300.016
300.011
300.007
300.005
300.003
300.002
300.001
300.001
300
300
307.546
307.327
307.106
306.884
306.66
306.434
306.205
305.973
305.736
305.495
305.249
304.998
304.74
304.477
304.21
303.938
303.662
303.384
303.106
302.828
302.552
302.282
302.018
301.764
301.523
301.297
301.088
300.9
300.732
300.587
300.464
300.361
300.278
300.211
300.159
300.118
300.087
300.063
300.045
300.032
300.023
300.016
300.011
300.007
300.005
300.003
300.002
300.001
300.001
300
300
307.587
307.37
307.15
306.929
306.707
306.483
306.256
306.026
305.792
305.552
305.308
305.058
304.802
304.54
304.273
304
303.724
303.445
303.165
302.884
302.606
302.332
302.064
301.806
301.56
301.329
301.116
300.923
300.751
300.602
300.475
300.37
300.285
300.216
300.163
300.121
300.089
300.065
300.046
300.033
300.023
300.016
300.011
300.008
300.005
300.003
300.002
300.001
300.001
300
300
307.639
307.423
307.204
306.985
306.765
306.543
306.318
306.09
305.858
305.621
305.379
305.131
304.876
304.615
304.348
304.076
303.799
303.518
303.236
302.952
302.67
302.392
302.12
301.856
301.605
301.368
301.149
300.95
300.774
300.62
300.489
300.38
300.293
300.222
300.167
300.124
300.091
300.066
300.047
300.034
300.024
300.016
300.011
300.008
300.005
300.003
300.002
300.001
300.001
300
300
307.701
307.486
307.269
307.052
306.834
306.615
306.393
306.168
305.938
305.704
305.464
305.218
304.965
304.705
304.438
304.165
303.887
303.605
303.32
303.033
302.747
302.464
302.186
301.916
301.658
301.414
301.188
300.983
300.8
300.641
300.505
300.393
300.302
300.23
300.172
300.128
300.094
300.068
300.049
300.035
300.024
300.017
300.012
300.008
300.005
300.003
300.002
300.001
300.001
300
300
307.776
307.563
307.348
307.133
306.917
306.701
306.482
306.26
306.034
305.803
305.565
305.321
305.07
304.811
304.545
304.272
303.993
303.708
303.42
303.129
302.838
302.549
302.264
301.987
301.721
301.469
301.235
301.022
300.832
300.666
300.525
300.408
300.313
300.238
300.178
300.132
300.097
300.07
300.05
300.036
300.025
300.017
300.012
300.008
300.005
300.004
300.002
300.001
300.001
300
300
307.866
307.655
307.442
307.229
307.017
306.803
306.588
306.37
306.147
305.919
305.685
305.444
305.194
304.937
304.671
304.398
304.117
303.83
303.538
303.242
302.945
302.649
302.356
302.07
301.795
301.533
301.29
301.067
300.869
300.695
300.548
300.425
300.327
300.248
300.186
300.137
300.101
300.073
300.052
300.037
300.026
300.018
300.012
300.008
300.006
300.004
300.002
300.001
300.001
300.001
300
307.974
307.764
307.553
307.343
307.134
306.925
306.713
306.499
306.28
306.056
305.826
305.588
305.341
305.085
304.819
304.545
304.263
303.973
303.676
303.375
303.071
302.767
302.465
302.168
301.882
301.609
301.355
301.121
300.913
300.73
300.574
300.446
300.342
300.259
300.194
300.143
300.105
300.076
300.054
300.038
300.027
300.019
300.013
300.009
300.006
300.004
300.002
300.002
300.001
300.001
300
308.103
307.894
307.685
307.478
307.273
307.067
306.86
306.651
306.437
306.217
305.991
305.756
305.512
305.257
304.993
304.718
304.433
304.14
303.839
303.531
303.219
302.905
302.592
302.284
301.985
301.699
301.431
301.185
300.964
300.771
300.606
300.47
300.36
300.273
300.204
300.15
300.11
300.079
300.056
300.04
300.028
300.019
300.013
300.009
300.006
300.004
300.003
300.002
300.001
300.001
300
308.255
308.047
307.841
307.637
307.435
307.234
307.033
306.828
306.619
306.405
306.183
305.952
305.711
305.458
305.194
304.919
304.632
304.334
304.027
303.712
303.391
303.066
302.741
302.419
302.105
301.803
301.52
301.259
301.024
300.819
300.643
300.498
300.382
300.288
300.215
300.159
300.115
300.083
300.059
300.042
300.029
300.02
300.014
300.009
300.006
300.004
300.003
300.002
300.001
300.001
300
308.434
308.227
308.023
307.823
307.625
307.429
307.233
307.034
306.832
306.623
306.406
306.18
305.942
305.691
305.428
305.151
304.862
304.56
304.247
303.923
303.591
303.254
302.914
302.576
302.245
301.926
301.625
301.346
301.095
300.875
300.687
300.532
300.407
300.307
300.229
300.168
300.122
300.088
300.062
300.044
300.03
300.021
300.014
300.01
300.006
300.004
300.003
300.002
300.001
300.001
300
308.644
308.438
308.236
308.039
307.846
307.656
307.466
307.273
307.077
306.874
306.664
306.442
306.208
305.96
305.697
305.42
305.127
304.821
304.5
304.167
303.823
303.471
303.115
302.759
302.409
302.069
301.747
301.448
301.178
300.941
300.738
300.571
300.436
300.328
300.244
300.179
300.13
300.093
300.066
300.046
300.032
300.022
300.015
300.01
300.007
300.004
300.003
300.002
300.001
300.001
300
308.891
308.684
308.484
308.29
308.102
307.918
307.734
307.549
307.359
307.164
306.959
306.743
306.513
306.268
306.006
305.728
305.433
305.12
304.792
304.448
304.091
303.723
303.349
302.972
302.599
302.236
301.89
301.568
301.276
301.018
300.798
300.617
300.47
300.354
300.262
300.192
300.139
300.099
300.07
300.049
300.034
300.023
300.016
300.011
300.007
300.005
300.003
300.002
300.001
300.001
300
309.178
308.971
308.772
308.581
308.398
308.219
308.042
307.864
307.683
307.494
307.297
307.087
306.862
306.62
306.359
306.08
305.782
305.463
305.126
304.771
304.399
304.014
303.619
303.219
302.82
302.43
302.057
301.707
301.389
301.108
300.869
300.671
300.511
300.383
300.283
300.207
300.149
300.106
300.075
300.052
300.036
300.025
300.017
300.011
300.007
300.005
300.003
300.002
300.001
300.001
300.001
309.514
309.304
309.105
308.917
308.738
308.565
308.395
308.225
308.051
307.871
307.681
307.478
307.258
307.019
306.76
306.48
306.178
305.854
305.508
305.14
304.752
304.347
303.929
303.503
303.076
302.656
302.251
301.87
301.523
301.214
300.952
300.735
300.558
300.417
300.308
300.224
300.161
300.114
300.08
300.056
300.038
300.026
300.018
300.012
300.008
300.005
300.003
300.002
300.001
300.001
300.001
309.903
309.689
309.489
309.302
309.127
308.959
308.796
308.634
308.469
308.297
308.115
307.918
307.704
307.469
307.212
306.932
306.627
306.297
305.941
305.559
305.155
304.729
304.286
303.831
303.372
302.917
302.476
302.06
301.678
301.339
301.049
300.809
300.613
300.458
300.336
300.244
300.174
300.123
300.086
300.06
300.041
300.028
300.019
300.013
300.008
300.005
300.003
300.002
300.001
300.001
300.001
310.355
310.134
309.931
309.744
309.571
309.408
309.251
309.096
308.939
308.776
308.601
308.412
308.204
307.973
307.719
307.438
307.131
306.794
306.429
306.034
305.611
305.163
304.693
304.207
303.712
303.219
302.738
302.281
301.86
301.484
301.164
300.896
300.678
300.505
300.37
300.267
300.19
300.134
300.093
300.064
300.044
300.03
300.02
300.013
300.009
300.006
300.004
300.002
300.001
300.001
300.001
310.877
310.646
310.438
310.249
310.076
309.916
309.764
309.615
309.465
309.31
309.143
308.961
308.758
308.533
308.281
308.001
307.691
307.349
306.975
306.566
306.125
305.654
305.155
304.635
304.102
303.567
303.04
302.537
302.071
301.655
301.298
300.999
300.754
300.56
300.409
300.294
300.209
300.146
300.101
300.07
300.047
300.032
300.021
300.014
300.009
300.006
300.004
300.002
300.002
300.001
300.001
311.479
311.235
311.017
310.823
310.648
310.488
310.338
310.194
310.05
309.901
309.741
309.565
309.369
309.148
308.9
308.621
308.31
307.963
307.58
307.159
306.7
306.205
305.677
305.121
304.547
303.965
303.389
302.835
302.318
301.856
301.455
301.119
300.843
300.624
300.454
300.325
300.23
300.16
300.111
300.076
300.051
300.034
300.023
300.015
300.01
300.006
300.004
300.003
300.002
300.001
300.001
312.17
311.908
311.678
311.473
311.292
311.128
310.978
310.836
310.695
310.55
310.395
310.224
310.033
309.817
309.572
309.296
308.984
308.635
308.245
307.813
307.337
306.819
306.261
305.669
305.051
304.42
303.789
303.178
302.605
302.089
301.639
301.259
300.947
300.699
300.507
300.361
300.254
300.177
300.121
300.082
300.056
300.037
300.025
300.016
300.011
300.007
300.004
300.003
300.002
300.001
300.001
312.957
312.675
312.426
312.208
312.015
311.843
311.687
311.541
311.4
311.256
311.103
310.935
310.747
310.535
310.294
310.02
309.709
309.359
308.965
308.524
308.034
307.495
306.909
306.281
305.619
304.935
304.247
303.574
302.939
302.361
301.853
301.422
301.067
300.785
300.567
300.403
300.282
300.195
300.133
300.09
300.06
300.04
300.027
300.017
300.011
300.007
300.005
300.003
300.002
300.001
300.001
313.847
313.54
313.269
313.03
312.82
312.633
312.466
312.311
312.164
312.015
311.86
311.692
311.505
311.295
311.056
310.785
310.477
310.127
309.731
309.284
308.784
308.228
307.618
306.956
306.251
305.515
304.766
304.027
303.322
302.674
302.1
301.61
301.206
300.885
300.637
300.45
300.314
300.216
300.146
300.099
300.066
300.044
300.029
300.019
300.012
300.008
300.005
300.003
300.002
300.001
300.001
314.841
314.506
314.207
313.942
313.708
313.499
313.313
313.143
312.982
312.823
312.66
312.486
312.297
312.086
311.849
311.58
311.275
310.927
310.532
310.083
309.577
309.009
308.379
307.688
306.944
306.157
305.348
304.539
303.758
303.032
302.383
301.826
301.366
300.999
300.716
300.504
300.349
300.238
300.161
300.108
300.072
300.047
300.031
300.02
300.013
300.008
300.005
300.003
300.002
300.001
300.001
315.932
315.565
315.233
314.936
314.67
314.433
314.22
314.026
313.844
313.668
313.49
313.306
313.109
312.893
312.655
312.387
312.085
311.741
311.349
310.903
310.395
309.821
309.178
308.464
307.686
306.853
305.985
305.105
304.244
303.434
302.703
302.071
301.546
301.127
300.804
300.563
300.388
300.264
300.177
300.118
300.078
300.051
300.033
300.022
300.014
300.009
300.006
300.004
300.002
300.001
300.001
317.097
316.693
316.324
315.99
315.688
315.415
315.169
314.943
314.733
314.532
314.333
314.131
313.921
313.697
313.454
313.185
312.884
312.545
312.158
311.717
311.214
310.64
309.99
309.262
308.458
307.586
306.664
305.716
304.775
303.877
303.058
302.342
301.745
301.268
300.901
300.627
300.43
300.29
300.194
300.128
300.084
300.055
300.036
300.023
300.015
300.009
300.006
300.004
300.002
300.001
300.001
318.284
317.843
317.436
317.062
316.72
316.408
316.122
315.859
315.615
315.383
315.157
314.933
314.704
314.467
314.215
313.942
313.642
313.306
312.926
312.493
311.997
311.43
310.782
310.048
309.229
308.328
307.36
306.35
305.333
304.348
303.436
302.633
301.959
301.418
301.003
300.694
300.473
300.317
300.211
300.139
300.091
300.059
300.038
300.024
300.016
300.01
300.006
300.004
300.002
300.002
300.001
319.406
318.933
318.49
318.078
317.696
317.344
317.018
316.717
316.436
316.17
315.914
315.663
315.414
315.16
314.897
314.618
314.315
313.982
313.608
313.185
312.7
312.143
311.504
310.774
309.949
309.031
308.031
306.971
305.886
304.82
303.82
302.929
302.175
301.569
301.104
300.76
300.514
300.343
300.227
300.148
300.096
300.062
300.04
300.026
300.016
300.01
300.006
300.004
300.003
300.002
300.001
320.331
319.832
319.361
318.918
318.504
318.118
317.758
317.422
317.108
316.812
316.528
316.253
315.983
315.714
315.439
315.152
314.847
314.515
314.147
313.733
313.26
312.716
312.09
311.37
310.548
309.625
308.607
307.513
306.377
305.245
304.168
303.198
302.371
301.705
301.193
300.817
300.55
300.365
300.24
300.156
300.101
300.065
300.042
300.027
300.017
300.011
300.007
300.004
300.003
300.002
300.001
320.887
320.374
319.887
319.427
318.993
318.586
318.205
317.848
317.513
317.196
316.895
316.605
316.322
316.042
315.759
315.468
315.161
314.83
314.466
314.058
313.594
313.061
312.446
311.736
310.923
310.003
308.98
307.872
306.709
305.536
304.409
303.384
302.506
301.796
301.252
300.854
300.572
300.378
300.248
300.161
300.104
300.067
300.043
300.027
300.017
300.011
300.007
300.004
300.003
300.002
300.001
)
;

boundaryField
{
    inlet
    {
        type            fixedValue;
        value           uniform 300;
    }
    outlet
    {
        type            zeroGradient;
    }
    top
    {
        type            zeroGradient;
    }
    slip-bottom
    {
        type            zeroGradient;
    }
    bottom
    {
        type            zeroGradient;
    }
    interface
    {
        type            fixedGradient;
        gradient        nonuniform List<scalar> 
161
(
2999.99
2999.99
2999.99
2999.99
2999.99
2999.99
2999.99
2999.99
2999.99
2999.99
2999.99
2999.99
2999.99
2999.99
2999.99
2999.99
2999.99
2999.99
2999.99
2999.99
-3.69482e-13
-3.69482e-13
-3.69482e-13
-3.69482e-13
-3.69482e-13
-3.69482e-13
-3.69482e-13
-3.69482e-13
-3.69482e-13
-3.69482e-13
-3.69482e-13
-3.69482e-13
-3.69482e-13
-3.69482e-13
-3.69482e-13
-3.69482e-13
-3.69482e-13
-3.69482e-13
-3.69482e-13
-3.69482e-13
-8.2423e-13
-8.2423e-13
-8.2423e-13
-8.2423e-13
-8.2423e-13
-8.2423e-13
-8.2423e-13
-8.2423e-13
-8.2423e-13
-8.2423e-13
-8.2423e-13
-8.2423e-13
-8.2423e-13
-8.2423e-13
-8.2423e-13
-8.2423e-13
-2.55795e-13
-2.55795e-13
-2.55795e-13
-2.55795e-13
-2.55795e-13
-2.55795e-13
-2.55795e-13
-2.55795e-13
-2.55795e-13
-2.55795e-13
-2.55795e-13
-2.55795e-13
-2.55795e-13
-2.55795e-13
-2.55795e-13
5.68434e-14
5.68434e-14
5.68434e-14
5.68434e-14
5.68434e-14
5.68434e-14
5.68434e-14
5.68434e-14
5.68434e-14
5.68434e-14
5.68434e-14
5.68434e-14
8.52651e-14
8.52651e-14
8.52651e-14
8.52651e-14
8.52651e-14
8.52651e-14
8.52651e-14
8.52651e-14
8.52651e-14
8.52651e-14
8.52651e-14
-2.84217e-13
-2.84217e-13
-2.84217e-13
-2.84217e-13
-2.84217e-13
-2.84217e-13
-2.84217e-13
-2.84217e-13
-2.84217e-13
-2.84217e-13
1.13687e-12
1.13687e-12
1.13687e-12
1.13687e-12
1.13687e-12
1.13687e-12
1.13687e-12
1.13687e-12
1.13687e-12
4.26326e-13
4.26326e-13
4.26326e-13
4.26326e-13
4.26326e-13
4.26326e-13
4.26326e-13
4.26326e-13
1.35003e-12
1.35003e-12
1.35003e-12
1.35003e-12
1.35003e-12
1.35003e-12
1.35003e-12
1.35003e-12
1.59162e-12
1.59162e-12
1.59162e-12
1.59162e-12
1.59162e-12
1.59162e-12
1.59162e-12
5.68434e-14
5.68434e-14
5.68434e-14
5.68434e-14
5.68434e-14
5.68434e-14
5.68434e-14
-8.52651e-13
-8.52651e-13
-8.52651e-13
-8.52651e-13
-8.52651e-13
-8.52651e-13
-5.96856e-13
-5.96856e-13
-5.96856e-13
-5.96856e-13
-5.96856e-13
-5.96856e-13
2.81375e-12
2.81375e-12
2.81375e-12
2.81375e-12
2.81375e-12
2.81375e-12
)
;
    }
    defaultFaces
    {
        type            empty;
    }
}


// ************************************************************************* //
