/*--------------------------------*- C++ -*----------------------------------*\
  =========                 |
  \\      /  F ield         | OpenFOAM: The Open Source CFD Toolbox
   \\    /   O peration     | Website:  https://openfoam.org
    \\  /    A nd           | Version:  7
     \\/     M anipulation  |
\*---------------------------------------------------------------------------*/
FoamFile
{
    version     2.0;
    format      ascii;
    class       volScalarField;
    location    "6.98";
    object      T;
}
// * * * * * * * * * * * * * * * * * * * * * * * * * * * * * * * * * * * * * //

dimensions      [0 0 0 1 0 0 0];

internalField   nonuniform List<scalar> 
12013
(
300.115
300.348
300.587
300.83
301.074
301.319
301.562
301.804
302.041
302.275
302.503
302.726
302.943
303.154
303.358
303.555
303.746
303.93
304.107
304.278
304.443
304.603
304.756
304.904
305.047
305.186
305.32
305.45
305.577
305.7
305.821
305.939
306.055
306.171
306.285
306.4
306.515
306.632
306.752
306.875
307.002
307.136
307.276
307.425
307.585
307.756
307.942
308.144
308.366
308.608
308.876
309.171
309.497
309.859
310.26
310.706
311.201
311.75
312.361
313.038
313.79
314.624
315.549
316.573
317.708
318.964
320.353
321.89
323.59
325.471
327.552
329.858
332.416
335.259
338.428
341.975
345.97
350.509
355.739
361.901
369.461
300.115
300.348
300.587
300.83
301.075
301.319
301.563
301.804
302.042
302.276
302.505
302.728
302.945
303.155
303.359
303.557
303.748
303.932
304.109
304.28
304.446
304.605
304.758
304.907
305.05
305.188
305.323
305.453
305.579
305.703
305.823
305.941
306.058
306.173
306.288
306.402
306.518
306.635
306.754
306.877
307.005
307.138
307.278
307.427
307.587
307.758
307.944
308.146
308.367
308.609
308.876
309.171
309.497
309.858
310.259
310.704
311.198
311.747
312.356
313.032
313.783
314.615
315.538
316.56
317.691
318.943
320.328
321.859
323.552
325.424
327.495
329.786
332.325
335.143
338.277
341.775
345.696
350.116
355.135
360.878
367.457
300.115
300.349
300.588
300.831
301.076
301.321
301.565
301.806
302.045
302.279
302.508
302.731
302.948
303.159
303.363
303.561
303.752
303.936
304.114
304.285
304.45
304.61
304.763
304.912
305.055
305.194
305.328
305.458
305.585
305.708
305.829
305.947
306.063
306.179
306.293
306.408
306.523
306.64
306.759
306.882
307.009
307.143
307.283
307.432
307.591
307.762
307.947
308.149
308.369
308.611
308.877
309.171
309.496
309.857
310.256
310.7
311.192
311.739
312.346
313.019
313.767
314.595
315.513
316.529
317.654
318.897
320.272
321.791
323.469
325.322
327.368
329.629
332.128
334.892
337.954
341.351
345.125
349.324
353.996
359.168
364.802
300.115
300.349
300.589
300.832
301.078
301.323
301.568
301.81
302.048
302.283
302.512
302.736
302.954
303.165
303.37
303.568
303.759
303.943
304.121
304.293
304.458
304.618
304.772
304.92
305.064
305.203
305.337
305.467
305.594
305.717
305.838
305.956
306.072
306.188
306.302
306.417
306.532
306.649
306.768
306.89
307.017
307.15
307.29
307.439
307.597
307.768
307.952
308.153
308.373
308.614
308.879
309.172
309.496
309.854
310.252
310.693
311.183
311.726
312.329
312.998
313.74
314.562
315.472
316.479
317.593
318.823
320.181
321.68
323.334
325.156
327.164
329.375
331.811
334.493
337.446
340.695
344.266
348.18
352.446
357.045
361.906
300.116
300.35
300.591
300.835
301.081
301.327
301.572
301.815
302.054
302.289
302.519
302.744
302.962
303.174
303.379
303.577
303.769
303.954
304.132
304.304
304.47
304.63
304.784
304.933
305.077
305.216
305.35
305.48
305.607
305.731
305.851
305.97
306.086
306.201
306.315
306.43
306.545
306.661
306.78
306.903
307.029
307.162
307.301
307.449
307.607
307.777
307.961
308.16
308.379
308.618
308.882
309.173
309.495
309.851
310.245
310.683
311.168
311.707
312.305
312.967
313.701
314.513
315.412
316.406
317.504
318.715
320.05
321.521
323.139
324.918
326.872
329.016
331.367
333.94
336.753
339.819
343.149
346.747
350.601
354.677
358.91
300.116
300.351
300.593
300.838
301.085
301.332
301.578
301.822
302.062
302.298
302.529
302.754
302.973
303.186
303.392
303.591
303.783
303.969
304.148
304.32
304.487
304.647
304.802
304.951
305.095
305.234
305.368
305.499
305.626
305.749
305.87
305.988
306.105
306.22
306.334
306.448
306.563
306.679
306.798
306.92
307.046
307.178
307.316
307.463
307.62
307.789
307.972
308.17
308.387
308.625
308.886
309.175
309.493
309.846
310.237
310.669
311.15
311.682
312.271
312.925
313.648
314.448
315.332
316.308
317.384
318.57
319.874
321.307
322.879
324.603
326.488
328.548
330.793
333.235
335.882
338.742
341.813
345.089
348.551
352.163
355.874
300.117
300.353
300.596
300.842
301.09
301.338
301.586
301.831
302.072
302.309
302.542
302.768
302.988
303.202
303.409
303.609
303.802
303.989
304.168
304.342
304.508
304.669
304.824
304.974
305.118
305.258
305.393
305.523
305.65
305.774
305.895
306.013
306.129
306.244
306.358
306.472
306.587
306.703
306.821
306.942
307.068
307.199
307.337
307.483
307.639
307.806
307.987
308.184
308.398
308.634
308.892
309.177
309.492
309.84
310.226
310.652
311.125
311.649
312.229
312.871
313.58
314.364
315.229
316.182
317.231
318.383
319.649
321.035
322.551
324.207
326.01
327.969
330.093
332.386
334.853
337.493
340.3
343.264
346.362
349.565
352.834
300.117
300.355
300.599
300.847
301.097
301.347
301.596
301.842
302.086
302.324
302.558
302.786
303.008
303.223
303.431
303.632
303.827
304.014
304.195
304.369
304.537
304.698
304.854
305.004
305.149
305.289
305.424
305.555
305.682
305.806
305.927
306.045
306.162
306.276
306.39
306.504
306.618
306.733
306.851
306.971
307.096
307.226
307.363
307.508
307.662
307.828
308.007
308.201
308.413
308.645
308.9
309.181
309.491
309.834
310.212
310.631
311.095
311.608
312.176
312.803
313.496
314.259
315.1
316.025
317.041
318.155
319.373
320.704
322.154
323.73
325.439
327.286
329.275
331.408
333.686
336.103
338.652
341.32
344.087
346.929
349.815
300.118
300.358
300.604
300.854
301.105
301.357
301.608
301.857
302.102
302.343
302.579
302.809
303.032
303.249
303.459
303.662
303.857
304.046
304.228
304.403
304.572
304.735
304.891
305.042
305.188
305.328
305.464
305.596
305.723
305.847
305.968
306.086
306.202
306.317
306.431
306.544
306.657
306.772
306.889
307.009
307.133
307.261
307.397
307.54
307.693
307.856
308.033
308.224
308.433
308.661
308.912
309.187
309.491
309.827
310.197
310.607
311.06
311.56
312.113
312.722
313.394
314.133
314.946
315.838
316.815
317.882
319.047
320.313
321.688
323.176
324.781
326.506
328.352
330.32
332.406
334.605
336.907
339.3
341.766
344.287
346.838
300.119
300.361
300.61
300.862
301.116
301.371
301.624
301.876
302.123
302.367
302.605
302.837
303.063
303.281
303.493
303.698
303.896
304.086
304.27
304.447
304.617
304.78
304.938
305.09
305.236
305.377
305.514
305.646
305.774
305.898
306.019
306.137
306.253
306.368
306.481
306.594
306.707
306.821
306.937
307.056
307.178
307.306
307.439
307.581
307.731
307.892
308.065
308.253
308.458
308.682
308.927
309.196
309.493
309.82
310.181
310.58
311.019
311.504
312.039
312.628
313.276
313.987
314.767
315.62
316.552
317.567
318.671
319.867
321.16
322.552
324.046
325.643
327.343
329.144
331.042
333.029
335.098
337.237
339.432
341.667
343.924
300.121
300.366
300.617
300.872
301.129
301.387
301.644
301.898
302.149
302.395
302.637
302.872
303.1
303.322
303.536
303.743
303.943
304.136
304.321
304.5
304.671
304.837
304.996
305.149
305.296
305.438
305.575
305.708
305.836
305.961
306.082
306.2
306.316
306.43
306.543
306.656
306.768
306.881
306.996
307.114
307.235
307.36
307.492
307.631
307.779
307.937
308.107
308.291
308.491
308.709
308.948
309.21
309.498
309.815
310.165
310.55
310.975
311.442
311.956
312.521
313.141
313.821
314.563
315.374
316.256
317.214
318.251
319.37
320.575
321.867
323.246
324.713
326.267
327.903
329.619
331.406
333.258
335.164
337.114
339.093
341.089
300.122
300.371
300.625
300.884
301.145
301.407
301.667
301.926
302.18
302.431
302.675
302.914
303.146
303.37
303.588
303.798
304.001
304.196
304.384
304.564
304.738
304.905
305.066
305.22
305.369
305.512
305.65
305.784
305.913
306.038
306.159
306.277
306.393
306.507
306.62
306.731
306.843
306.955
307.069
307.185
307.304
307.428
307.557
307.694
307.838
307.993
308.158
308.338
308.532
308.744
308.976
309.229
309.508
309.814
310.151
310.521
310.928
311.375
311.866
312.405
312.994
313.638
314.339
315.103
315.931
316.827
317.793
318.832
319.946
321.134
322.397
323.735
325.144
326.622
328.164
329.764
331.416
333.11
334.837
336.588
338.353
300.124
300.377
300.636
300.899
301.165
301.431
301.696
301.959
302.218
302.473
302.722
302.965
303.201
303.43
303.651
303.864
304.07
304.269
304.459
304.643
304.819
304.988
305.151
305.307
305.458
305.602
305.741
305.876
306.005
306.131
306.253
306.371
306.487
306.601
306.713
306.824
306.934
307.045
307.158
307.272
307.389
307.511
307.638
307.771
307.912
308.062
308.223
308.397
308.585
308.79
309.013
309.257
309.525
309.818
310.14
310.494
310.881
311.307
311.772
312.281
312.836
313.442
314.099
314.812
315.583
316.414
317.307
318.264
319.284
320.369
321.517
322.728
323.998
325.325
326.704
328.13
329.597
331.098
332.626
334.173
335.73
300.127
300.384
300.648
300.917
301.188
301.46
301.731
301.999
302.264
302.524
302.778
303.026
303.267
303.5
303.726
303.944
304.154
304.356
304.55
304.737
304.916
305.088
305.254
305.412
305.564
305.71
305.851
305.986
306.117
306.243
306.365
306.484
306.6
306.713
306.825
306.935
307.044
307.154
307.265
307.377
307.493
307.611
307.735
307.865
308.002
308.147
308.303
308.471
308.652
308.849
309.063
309.296
309.552
309.831
310.137
310.472
310.839
311.24
311.678
312.155
312.675
313.239
313.85
314.511
315.222
315.987
316.805
317.678
318.606
319.589
320.625
321.713
322.851
324.036
325.263
326.529
327.828
329.154
330.502
331.866
333.239
300.13
300.393
300.663
300.938
301.216
301.494
301.772
302.047
302.318
302.585
302.845
303.099
303.346
303.585
303.816
304.039
304.254
304.461
304.659
304.85
305.033
305.208
305.376
305.537
305.692
305.84
305.982
306.119
306.251
306.378
306.5
306.619
306.735
306.848
306.959
307.068
307.177
307.285
307.394
307.504
307.617
307.733
307.853
307.979
308.112
308.252
308.402
308.563
308.737
308.924
309.128
309.35
309.592
309.857
310.145
310.46
310.805
311.18
311.588
312.032
312.514
313.036
313.599
314.206
314.857
315.555
316.299
317.089
317.927
318.811
319.74
320.712
321.726
322.778
323.865
324.984
326.13
327.298
328.485
329.685
330.893
300.133
300.404
300.681
300.963
301.249
301.535
301.82
302.103
302.382
302.657
302.925
303.186
303.44
303.686
303.923
304.152
304.373
304.585
304.789
304.984
305.171
305.351
305.522
305.686
305.844
305.994
306.139
306.277
306.41
306.538
306.661
306.78
306.896
307.009
307.119
307.228
307.335
307.442
307.548
307.657
307.766
307.879
307.996
308.117
308.245
308.38
308.524
308.677
308.842
309.021
309.214
309.423
309.651
309.899
310.169
310.464
310.784
311.132
311.51
311.92
312.364
312.842
313.357
313.909
314.501
315.132
315.803
316.514
317.264
318.054
318.881
319.745
320.643
321.573
322.532
323.517
324.524
325.551
326.593
327.646
328.707
300.137
300.416
300.702
300.993
301.288
301.583
301.878
302.17
302.459
302.742
303.019
303.289
303.551
303.805
304.05
304.286
304.514
304.732
304.942
305.143
305.335
305.519
305.695
305.863
306.023
306.177
306.323
306.464
306.598
306.727
306.852
306.971
307.087
307.2
307.309
307.417
307.522
307.627
307.732
307.838
307.945
308.054
308.167
308.284
308.406
308.535
308.672
308.817
308.974
309.142
309.323
309.52
309.733
309.964
310.215
310.488
310.784
311.104
311.451
311.827
312.231
312.666
313.133
313.632
314.165
314.732
315.333
315.967
316.635
317.336
318.069
318.831
319.623
320.441
321.283
322.147
323.03
323.929
324.841
325.764
326.693
300.142
300.431
300.727
301.029
301.334
301.64
301.946
302.249
302.548
302.842
303.13
303.41
303.682
303.945
304.199
304.444
304.68
304.906
305.123
305.33
305.529
305.718
305.899
306.071
306.235
306.392
306.541
306.684
306.82
306.951
307.076
307.196
307.312
307.424
307.533
307.64
307.744
307.847
307.95
308.053
308.156
308.262
308.37
308.482
308.599
308.722
308.851
308.989
309.136
309.293
309.463
309.645
309.843
310.057
310.288
310.539
310.81
311.103
311.419
311.76
312.126
312.519
312.939
313.386
313.863
314.368
314.902
315.465
316.056
316.674
317.319
317.989
318.683
319.4
320.136
320.892
321.663
322.448
323.244
324.05
324.862
300.148
300.448
300.756
301.07
301.388
301.707
302.026
302.342
302.654
302.96
303.26
303.552
303.836
304.11
304.375
304.63
304.875
305.11
305.336
305.551
305.756
305.951
306.138
306.315
306.484
306.644
306.797
306.942
307.081
307.213
307.339
307.46
307.576
307.688
307.796
307.902
308.005
308.106
308.206
308.306
308.406
308.508
308.612
308.718
308.829
308.945
309.067
309.196
309.333
309.48
309.637
309.806
309.988
310.184
310.396
310.625
310.872
311.137
311.423
311.73
312.059
312.41
312.785
313.184
313.607
314.055
314.526
315.022
315.542
316.084
316.649
317.235
317.841
318.466
319.108
319.765
320.437
321.12
321.814
322.515
323.223
300.154
300.468
300.79
301.119
301.451
301.786
302.119
302.45
302.777
303.098
303.413
303.719
304.016
304.303
304.581
304.848
305.104
305.349
305.584
305.808
306.021
306.224
306.417
306.6
306.774
306.938
307.095
307.243
307.384
307.518
307.646
307.767
307.884
307.996
308.103
308.207
308.309
308.408
308.505
308.602
308.699
308.796
308.896
308.997
309.102
309.211
309.325
309.445
309.572
309.708
309.853
310.008
310.174
310.353
310.546
310.753
310.976
311.215
311.471
311.745
312.039
312.351
312.684
313.037
313.41
313.804
314.218
314.653
315.107
315.581
316.073
316.583
317.11
317.653
318.21
318.78
319.363
319.956
320.558
321.167
321.783
300.162
300.492
300.83
301.176
301.526
301.877
302.229
302.577
302.922
303.26
303.591
303.914
304.227
304.529
304.821
305.102
305.371
305.628
305.873
306.107
306.33
306.541
306.741
306.931
307.11
307.28
307.44
307.592
307.736
307.872
308.001
308.124
308.24
308.352
308.459
308.562
308.661
308.758
308.853
308.947
309.04
309.133
309.228
309.323
309.422
309.524
309.63
309.742
309.859
309.984
310.116
310.258
310.409
310.571
310.744
310.931
311.13
311.344
311.572
311.816
312.076
312.352
312.645
312.955
313.283
313.627
313.989
314.368
314.763
315.175
315.602
316.044
316.501
316.971
317.453
317.946
318.45
318.963
319.484
320.012
320.546
300.171
300.519
300.877
301.243
301.612
301.985
302.356
302.726
303.09
303.449
303.799
304.141
304.472
304.792
305.101
305.397
305.68
305.951
306.209
306.454
306.687
306.907
307.116
307.313
307.498
307.674
307.839
307.994
308.141
308.28
308.41
308.534
308.651
308.763
308.869
308.971
309.068
309.163
309.255
309.346
309.435
309.524
309.613
309.703
309.795
309.89
309.989
310.091
310.199
310.313
310.433
310.561
310.698
310.843
310.999
311.165
311.343
311.533
311.735
311.95
312.179
312.421
312.678
312.949
313.235
313.535
313.85
314.178
314.521
314.877
315.247
315.629
316.023
316.428
316.844
317.27
317.704
318.147
318.596
319.052
319.514
300.182
300.552
300.932
301.32
301.714
302.11
302.505
302.898
303.287
303.668
304.041
304.405
304.757
305.097
305.425
305.738
306.039
306.325
306.597
306.855
307.099
307.329
307.547
307.752
307.944
308.126
308.296
308.455
308.605
308.746
308.879
309.004
309.121
309.233
309.338
309.439
309.535
309.627
309.716
309.803
309.888
309.973
310.057
310.142
310.228
310.315
310.406
310.5
310.598
310.701
310.81
310.925
311.048
311.178
311.316
311.464
311.621
311.789
311.966
312.155
312.356
312.568
312.792
313.028
313.276
313.536
313.808
314.093
314.388
314.696
315.014
315.343
315.682
316.031
316.388
316.755
317.128
317.509
317.897
318.289
318.687
300.194
300.589
300.996
301.411
301.831
302.255
302.678
303.099
303.515
303.923
304.322
304.711
305.087
305.45
305.799
306.133
306.451
306.754
307.042
307.314
307.571
307.813
308.04
308.254
308.454
308.641
308.817
308.981
309.134
309.278
309.412
309.538
309.656
309.767
309.872
309.971
310.065
310.155
310.241
310.325
310.406
310.486
310.565
310.644
310.723
310.804
310.887
310.973
311.062
311.155
311.253
311.356
311.464
311.58
311.703
311.833
311.971
312.118
312.274
312.439
312.614
312.798
312.993
313.197
313.412
313.637
313.872
314.117
314.371
314.636
314.909
315.192
315.483
315.782
316.089
316.403
316.724
317.051
317.384
317.722
318.064
300.209
300.633
301.07
301.516
301.968
302.424
302.88
303.332
303.779
304.218
304.647
305.064
305.468
305.856
306.229
306.585
306.924
307.246
307.551
307.838
308.109
308.363
308.601
308.824
309.032
309.226
309.407
309.576
309.733
309.879
310.015
310.142
310.26
310.371
310.474
310.572
310.664
310.751
310.834
310.914
310.992
311.067
311.141
311.214
311.288
311.362
311.437
311.515
311.595
311.678
311.765
311.857
311.954
312.056
312.163
312.278
312.399
312.527
312.663
312.807
312.958
313.118
313.287
313.463
313.648
313.842
314.044
314.255
314.474
314.7
314.935
315.177
315.427
315.683
315.946
316.216
316.491
316.771
317.057
317.347
317.641
300.225
300.684
301.156
301.638
302.128
302.62
303.113
303.602
304.086
304.56
305.022
305.472
305.906
306.323
306.722
307.103
307.465
307.807
308.13
308.434
308.719
308.986
309.235
309.468
309.684
309.885
310.072
310.245
310.405
310.554
310.691
310.819
310.937
311.048
311.15
311.246
311.336
311.42
311.5
311.576
311.649
311.72
311.789
311.857
311.924
311.992
312.06
312.13
312.202
312.276
312.353
312.434
312.519
312.609
312.703
312.803
312.909
313.021
313.139
313.263
313.394
313.532
313.678
313.83
313.989
314.156
314.33
314.51
314.698
314.892
315.094
315.301
315.515
315.734
315.959
316.19
316.426
316.666
316.91
317.159
317.411
300.245
300.743
301.256
301.78
302.312
302.848
303.383
303.915
304.439
304.953
305.454
305.939
306.407
306.856
307.285
307.693
308.079
308.443
308.785
309.107
309.407
309.687
309.948
310.19
310.415
310.622
310.814
310.992
311.155
311.306
311.445
311.573
311.691
311.801
311.902
311.995
312.083
312.164
312.241
312.313
312.382
312.448
312.512
312.574
312.636
312.697
312.759
312.821
312.885
312.951
313.019
313.09
313.165
313.243
313.326
313.413
313.504
313.601
313.704
313.811
313.925
314.044
314.169
314.3
314.437
314.58
314.729
314.884
315.045
315.212
315.384
315.562
315.745
315.933
316.126
316.323
316.525
316.73
316.94
317.153
317.369
300.268
300.812
301.372
301.945
302.526
303.111
303.696
304.275
304.846
305.405
305.949
306.475
306.98
307.464
307.924
308.361
308.773
309.16
309.523
309.862
310.178
310.472
310.744
310.996
311.228
311.442
311.639
311.82
311.986
312.139
312.278
312.406
312.524
312.632
312.731
312.822
312.907
312.985
313.058
313.127
313.191
313.253
313.312
313.369
313.425
313.48
313.535
313.591
313.647
313.705
313.765
313.828
313.893
313.961
314.033
314.109
314.188
314.272
314.36
314.454
314.551
314.654
314.762
314.875
314.993
315.116
315.244
315.377
315.515
315.658
315.806
315.958
316.115
316.276
316.442
316.611
316.784
316.96
317.14
317.322
317.508
300.294
300.892
301.507
302.136
302.774
303.416
304.056
304.69
305.314
305.924
306.515
307.085
307.632
308.153
308.647
309.114
309.553
309.965
310.349
310.706
311.037
311.344
311.627
311.887
312.127
312.346
312.547
312.731
312.899
313.052
313.192
313.319
313.435
313.541
313.638
313.727
313.808
313.883
313.952
314.017
314.077
314.134
314.188
314.24
314.291
314.341
314.39
314.439
314.49
314.541
314.593
314.648
314.705
314.764
314.827
314.892
314.961
315.034
315.111
315.191
315.276
315.365
315.458
315.555
315.657
315.763
315.874
315.988
316.107
316.23
316.357
316.488
316.623
316.761
316.903
317.049
317.197
317.349
317.503
317.66
317.819
300.324
300.984
301.664
302.357
303.06
303.767
304.471
305.167
305.851
306.516
307.16
307.778
308.369
308.93
309.46
309.959
310.426
310.861
311.266
311.64
311.986
312.305
312.597
312.865
313.11
313.334
313.538
313.724
313.892
314.045
314.184
314.31
314.424
314.528
314.622
314.707
314.785
314.857
314.922
314.983
315.039
315.091
315.141
315.189
315.234
315.279
315.323
315.367
315.412
315.457
315.503
315.551
315.601
315.653
315.707
315.765
315.825
315.888
315.955
316.025
316.098
316.176
316.256
316.341
316.429
316.521
316.617
316.716
316.819
316.925
317.035
317.148
317.265
317.384
317.507
317.632
317.76
317.891
318.024
318.159
318.296
300.36
301.092
301.845
302.613
303.391
304.172
304.948
305.714
306.463
307.191
307.891
308.562
309.2
309.803
310.369
310.9
311.394
311.853
312.276
312.667
313.026
313.354
313.654
313.928
314.177
314.404
314.609
314.795
314.963
315.114
315.251
315.375
315.486
315.587
315.678
315.76
315.834
315.902
315.964
316.02
316.073
316.122
316.167
316.211
316.252
316.293
316.333
316.372
316.412
316.452
316.493
316.536
316.58
316.626
316.674
316.725
316.778
316.834
316.892
316.954
317.018
317.086
317.157
317.231
317.308
317.389
317.472
317.559
317.649
317.742
317.837
317.936
318.037
318.141
318.247
318.356
318.467
318.58
318.696
318.813
318.932
300.401
301.216
302.054
302.908
303.772
304.637
305.495
306.339
307.161
307.956
308.718
309.443
310.13
310.775
311.378
311.939
312.459
312.939
313.379
313.783
314.152
314.488
314.793
315.071
315.321
315.548
315.752
315.937
316.103
316.252
316.386
316.506
316.615
316.712
316.799
316.878
316.949
317.013
317.072
317.125
317.174
317.22
317.262
317.303
317.341
317.379
317.415
317.451
317.488
317.524
317.562
317.601
317.641
317.682
317.726
317.771
317.819
317.869
317.922
317.977
318.035
318.095
318.158
318.224
318.293
318.364
318.438
318.515
318.594
318.676
318.76
318.847
318.936
319.027
319.12
319.216
319.313
319.412
319.512
319.615
319.718
300.448
301.359
302.295
303.249
304.21
305.171
306.12
307.05
307.951
308.818
309.645
310.427
311.162
311.849
312.487
313.076
313.618
314.115
314.569
314.982
315.358
315.697
316.005
316.282
316.532
316.756
316.958
317.139
317.302
317.447
317.577
317.694
317.799
317.892
317.976
318.052
318.12
318.181
318.237
318.288
318.335
318.379
318.419
318.458
318.495
318.53
318.565
318.6
318.634
318.669
318.705
318.741
318.779
318.818
318.859
318.901
318.946
318.992
319.041
319.091
319.144
319.2
319.257
319.317
319.38
319.444
319.511
319.58
319.651
319.724
319.8
319.877
319.956
320.037
320.12
320.204
320.29
320.377
320.466
320.556
320.647
300.503
301.525
302.574
303.64
304.713
305.78
306.831
307.855
308.841
309.784
310.677
311.515
312.298
313.023
313.691
314.303
314.863
315.371
315.833
316.251
316.628
316.967
317.272
317.546
317.792
318.012
318.21
318.386
318.544
318.684
318.811
318.923
319.024
319.115
319.196
319.269
319.335
319.395
319.45
319.5
319.546
319.589
319.63
319.668
319.705
319.741
319.776
319.811
319.845
319.88
319.916
319.952
319.989
320.028
320.068
320.109
320.152
320.197
320.244
320.292
320.342
320.394
320.448
320.505
320.562
320.622
320.684
320.747
320.812
320.879
320.948
321.018
321.089
321.162
321.237
321.312
321.389
321.467
321.546
321.625
321.706
300.566
301.715
302.893
304.088
305.286
306.473
307.635
308.76
309.836
310.856
311.814
312.705
313.529
314.286
314.977
315.606
316.175
316.689
317.151
317.567
317.941
318.275
318.574
318.842
319.081
319.295
319.485
319.656
319.808
319.944
320.066
320.175
320.273
320.362
320.441
320.514
320.579
320.639
320.695
320.746
320.793
320.838
320.881
320.921
320.96
320.998
321.036
321.073
321.11
321.147
321.185
321.223
321.262
321.303
321.344
321.386
321.43
321.475
321.521
321.569
321.618
321.669
321.721
321.775
321.831
321.887
321.945
322.005
322.066
322.128
322.191
322.256
322.322
322.388
322.456
322.524
322.594
322.664
322.735
322.806
322.878
300.638
301.933
303.259
304.6
305.938
307.257
308.539
309.769
310.936
312.031
313.048
313.984
314.841
315.62
316.326
316.96
317.529
318.039
318.495
318.902
319.266
319.59
319.879
320.137
320.368
320.573
320.757
320.922
321.069
321.201
321.32
321.427
321.524
321.612
321.692
321.766
321.833
321.896
321.954
322.008
322.06
322.109
322.155
322.2
322.244
322.287
322.329
322.371
322.413
322.454
322.496
322.538
322.581
322.625
322.669
322.714
322.76
322.806
322.854
322.903
322.953
323.004
323.056
323.109
323.163
323.218
323.274
323.331
323.389
323.448
323.507
323.567
323.628
323.69
323.752
323.815
323.878
323.941
324.005
324.07
324.134
300.721
302.183
303.676
305.18
306.674
308.135
309.543
310.88
312.134
313.297
314.362
315.328
316.201
316.985
317.688
318.316
318.876
319.374
319.818
320.212
320.562
320.874
321.152
321.4
321.621
321.819
321.996
322.155
322.298
322.428
322.546
322.653
322.751
322.841
322.924
323.001
323.072
323.14
323.203
323.263
323.321
323.376
323.429
323.481
323.531
323.581
323.63
323.678
323.726
323.773
323.821
323.869
323.916
323.964
324.013
324.061
324.111
324.16
324.21
324.261
324.312
324.364
324.417
324.47
324.523
324.577
324.632
324.687
324.742
324.798
324.855
324.911
324.968
325.025
325.083
325.14
325.198
325.256
325.313
325.371
325.429
300.814
302.465
304.147
305.834
307.497
309.109
310.646
312.082
313.402
314.605
315.692
316.67
317.544
318.323
319.014
319.628
320.171
320.652
321.078
321.456
321.791
322.088
322.353
322.59
322.802
322.992
323.164
323.319
323.461
323.59
323.708
323.817
323.918
324.011
324.099
324.182
324.26
324.334
324.404
324.472
324.537
324.6
324.661
324.721
324.779
324.836
324.893
324.948
325.003
325.057
325.111
325.165
325.218
325.271
325.324
325.377
325.429
325.482
325.535
325.587
325.64
325.693
325.746
325.799
325.852
325.906
325.959
326.012
326.065
326.119
326.172
326.225
326.278
326.331
326.384
326.436
326.489
326.541
326.593
326.645
326.696
300.919
302.781
304.674
306.56
308.406
310.161
311.793
313.292
314.654
315.879
316.975
317.949
318.812
319.574
320.245
320.836
321.356
321.815
322.219
322.577
322.895
323.177
323.429
323.655
323.858
324.042
324.21
324.362
324.503
324.632
324.753
324.865
324.97
325.069
325.162
325.251
325.336
325.418
325.496
325.572
325.645
325.716
325.785
325.852
325.918
325.983
326.047
326.109
326.17
326.231
326.291
326.349
326.408
326.465
326.522
326.578
326.634
326.689
326.744
326.798
326.852
326.905
326.959
327.011
327.064
327.116
327.167
327.219
327.27
327.32
327.37
327.42
327.469
327.518
327.566
327.614
327.662
327.709
327.755
327.801
327.847
301.03
303.121
305.242
307.336
309.326
311.181
312.882
314.422
315.803
317.031
318.117
319.072
319.91
320.644
321.287
321.849
322.342
322.775
323.157
323.494
323.794
324.061
324.301
324.516
324.712
324.891
325.054
325.205
325.345
325.476
325.598
325.713
325.822
325.926
326.025
326.119
326.21
326.298
326.383
326.465
326.545
326.622
326.698
326.771
326.843
326.914
326.983
327.051
327.117
327.182
327.246
327.309
327.37
327.431
327.49
327.549
327.607
327.664
327.719
327.775
327.829
327.883
327.935
327.987
328.039
328.09
328.139
328.189
328.237
328.285
328.332
328.379
328.425
328.47
328.514
328.558
328.601
328.643
328.685
328.726
328.767
301.129
303.431
305.758
307.99
310.077
311.993
313.726
315.277
316.652
317.864
318.925
319.852
320.66
321.364
321.978
322.513
322.981
323.392
323.754
324.074
324.359
324.614
324.844
325.052
325.241
325.415
325.576
325.725
325.864
325.994
326.117
326.234
326.345
326.451
326.553
326.651
326.745
326.836
326.924
327.01
327.093
327.174
327.253
327.33
327.405
327.479
327.551
327.621
327.69
327.757
327.823
327.888
327.951
328.013
328.074
328.134
328.193
328.25
328.307
328.362
328.417
328.47
328.523
328.574
328.625
328.675
328.723
328.771
328.818
328.864
328.91
328.954
328.998
329.04
329.082
329.123
329.164
329.203
329.242
329.28
329.317
379.59
387.519
394.197
400.027
405.208
409.85
414.012
417.729
421.015
423.871
426.286
428.237
429.689
430.593
430.884
430.47
429.222
426.942
423.301
417.638
408.309
402
397.17
393.219
389.858
386.926
384.322
381.977
379.843
377.882
376.069
374.38
372.798
371.31
369.902
368.566
367.292
366.074
364.906
363.781
362.696
361.646
360.628
359.638
358.674
357.733
356.812
355.91
355.025
354.155
353.299
352.456
351.623
350.801
349.988
349.184
348.387
347.598
346.814
346.038
345.266
344.501
343.74
342.985
342.234
341.488
340.747
340.011
339.28
338.553
337.832
337.116
336.405
335.7
335
334.306
333.619
332.938
332.264
331.598
330.938
330.287
329.644
329.01
328.384
327.768
327.162
326.566
325.98
325.405
324.841
324.289
323.748
323.22
322.703
322.199
321.708
321.229
320.764
320.311
319.871
319.444
319.03
318.629
318.241
317.865
317.502
317.151
316.812
316.486
316.17
315.866
315.573
315.291
315.02
314.758
314.506
314.264
314.03
313.806
313.589
313.381
313.18
312.987
312.8
312.62
312.446
312.278
312.116
311.959
311.807
311.66
311.518
311.379
311.244
311.113
310.986
310.862
310.741
310.622
310.506
310.393
310.282
310.173
310.067
309.962
309.859
309.757
309.658
309.559
309.462
309.366
309.272
309.179
309.086
308.995
308.905
308.816
308.728
308.641
308.557
374.853
381.739
387.945
393.53
398.569
403.122
407.228
410.91
414.175
417.022
419.437
421.397
422.868
423.802
424.138
423.792
422.652
420.56
417.3
412.602
406.423
401.082
396.629
392.858
389.599
386.73
384.169
381.854
379.742
377.799
375.999
374.321
372.748
371.266
369.864
368.533
367.263
366.049
364.883
363.761
362.679
361.631
360.614
359.626
358.663
357.722
356.803
355.902
355.017
354.148
353.293
352.45
351.618
350.796
349.984
349.18
348.383
347.594
346.811
346.034
345.263
344.498
343.737
342.982
342.231
341.486
340.745
340.009
339.277
338.551
337.83
337.114
336.403
335.697
334.998
334.304
333.617
332.936
332.262
331.596
330.936
330.285
329.642
329.008
328.382
327.766
327.16
326.563
325.978
325.403
324.839
324.287
323.746
323.218
322.701
322.198
321.706
321.228
320.762
320.309
319.87
319.443
319.029
318.628
318.24
317.864
317.501
317.15
316.811
316.485
316.169
315.865
315.573
315.291
315.019
314.757
314.506
314.263
314.03
313.805
313.589
313.381
313.18
312.986
312.8
312.62
312.446
312.278
312.116
311.959
311.808
311.66
311.518
311.379
311.245
311.114
310.986
310.862
310.741
310.622
310.507
310.393
310.283
310.174
310.067
309.962
309.859
309.758
309.658
309.56
309.463
309.367
309.272
309.179
309.087
308.995
308.905
308.816
308.728
308.642
308.557
370.771
376.658
382.23
387.41
392.182
396.555
400.538
404.136
407.348
410.164
412.57
414.54
416.041
417.03
417.452
417.237
416.298
414.533
411.835
408.16
403.723
399.418
395.535
392.091
389.034
386.298
383.828
381.58
379.518
377.613
375.842
374.188
372.635
371.169
369.78
368.46
367.2
365.993
364.834
363.718
362.64
361.597
360.584
359.599
358.638
357.701
356.783
355.884
355.002
354.134
353.28
352.438
351.607
350.786
349.975
349.171
348.375
347.587
346.804
346.028
345.257
344.492
343.732
342.977
342.226
341.481
340.74
340.004
339.273
338.547
337.825
337.109
336.399
335.693
334.994
334.3
333.613
332.932
332.258
331.591
330.932
330.281
329.638
329.003
328.378
327.762
327.156
326.559
325.974
325.399
324.835
324.283
323.742
323.214
322.698
322.194
321.703
321.224
320.759
320.306
319.866
319.44
319.026
318.625
318.237
317.861
317.498
317.148
316.809
316.483
316.167
315.864
315.571
315.289
315.018
314.756
314.505
314.262
314.029
313.805
313.588
313.38
313.179
312.986
312.8
312.62
312.446
312.278
312.116
311.96
311.808
311.661
311.518
311.38
311.245
311.114
310.987
310.863
310.741
310.623
310.507
310.394
310.283
310.174
310.068
309.963
309.86
309.759
309.659
309.56
309.463
309.368
309.273
309.18
309.087
308.996
308.906
308.817
308.729
308.642
308.558
366.946
372.018
376.96
381.672
386.103
390.226
394.026
397.493
400.615
403.376
405.756
407.731
409.268
410.329
410.867
410.828
410.152
408.782
406.683
403.89
400.593
397.191
393.93
390.903
388.129
385.591
383.264
381.122
379.141
377.299
375.579
373.965
372.445
371.006
369.64
368.339
367.095
365.902
364.754
363.648
362.578
361.542
360.535
359.556
358.6
357.666
356.753
355.857
354.977
354.112
353.26
352.42
351.59
350.771
349.961
349.159
348.364
347.576
346.794
346.019
345.249
344.484
343.724
342.969
342.219
341.474
340.734
339.998
339.267
338.541
337.82
337.104
336.393
335.688
334.988
334.295
333.607
332.926
332.252
331.586
330.926
330.275
329.632
328.997
328.372
327.756
327.15
326.553
325.968
325.393
324.829
324.277
323.736
323.208
322.692
322.188
321.697
321.219
320.753
320.301
319.861
319.435
319.021
318.621
318.233
317.857
317.495
317.144
316.806
316.48
316.165
315.861
315.569
315.287
315.016
314.755
314.503
314.261
314.028
313.804
313.587
313.379
313.179
312.986
312.799
312.62
312.446
312.279
312.117
311.96
311.808
311.661
311.519
311.38
311.246
311.115
310.988
310.864
310.742
310.624
310.508
310.395
310.284
310.176
310.069
309.964
309.861
309.76
309.66
309.562
309.465
309.369
309.274
309.181
309.089
308.998
308.907
308.818
308.73
308.644
308.559
363.259
367.67
372.039
376.282
380.339
384.169
387.744
391.042
394.041
396.72
399.058
401.027
402.599
403.738
404.409
404.57
404.185
403.224
401.687
399.624
397.169
394.527
391.87
389.299
386.863
384.578
382.442
380.447
378.581
376.83
375.184
373.629
372.158
370.76
369.429
368.156
366.937
365.764
364.635
363.544
362.487
361.462
360.465
359.493
358.545
357.618
356.709
355.818
354.942
354.081
353.232
352.395
351.568
350.751
349.942
349.142
348.349
347.562
346.782
346.007
345.238
344.474
343.715
342.961
342.211
341.466
340.726
339.991
339.26
338.534
337.813
337.097
336.386
335.681
334.981
334.288
333.6
332.919
332.245
331.578
330.919
330.268
329.624
328.99
328.364
327.748
327.142
326.545
325.96
325.385
324.821
324.269
323.729
323.2
322.684
322.181
321.69
321.212
320.746
320.294
319.855
319.429
319.015
318.615
318.227
317.852
317.49
317.14
316.802
316.476
316.161
315.858
315.566
315.284
315.013
314.752
314.501
314.259
314.026
313.802
313.587
313.379
313.178
312.985
312.799
312.62
312.447
312.279
312.117
311.961
311.809
311.662
311.52
311.382
311.247
311.117
310.989
310.865
310.744
310.626
310.51
310.397
310.286
310.178
310.071
309.966
309.863
309.762
309.662
309.564
309.467
309.371
309.277
309.183
309.091
309
308.91
308.82
308.732
308.645
308.56
359.669
363.533
367.396
371.195
374.876
378.396
381.721
384.822
387.672
390.248
392.525
394.477
396.075
397.293
398.098
398.464
398.366
397.793
396.756
395.299
393.51
391.508
389.408
387.297
385.229
383.236
381.332
379.522
377.804
376.174
374.626
373.154
371.751
370.411
369.127
367.896
366.712
365.57
364.466
363.397
362.36
361.351
360.368
359.409
358.471
357.552
356.652
355.767
354.897
354.041
353.196
352.363
351.54
350.726
349.92
349.121
348.33
347.545
346.766
345.993
345.225
344.462
343.704
342.951
342.202
341.458
340.718
339.983
339.252
338.526
337.805
337.09
336.379
335.674
334.974
334.28
333.593
332.912
332.237
331.57
330.911
330.259
329.616
328.981
328.355
327.739
327.132
326.536
325.95
325.375
324.811
324.259
323.719
323.191
322.675
322.171
321.68
321.203
320.738
320.286
319.847
319.421
319.008
318.608
318.22
317.846
317.484
317.134
316.796
316.471
316.156
315.854
315.562
315.281
315.01
314.75
314.499
314.257
314.025
313.801
313.586
313.378
313.178
312.986
312.8
312.62
312.447
312.28
312.119
311.962
311.811
311.664
311.522
311.384
311.249
311.119
310.992
310.868
310.747
310.629
310.513
310.4
310.289
310.181
310.074
309.969
309.866
309.765
309.665
309.567
309.47
309.374
309.28
309.186
309.094
309.003
308.913
308.823
308.735
308.648
308.563
356.167
359.566
362.986
366.378
369.698
372.907
375.971
378.859
381.543
383.998
386.198
388.118
389.733
391.018
391.95
392.508
392.677
392.452
391.847
390.894
389.651
388.192
386.595
384.925
383.233
381.554
379.911
378.318
376.779
375.299
373.877
372.51
371.196
369.932
368.713
367.538
366.401
365.3
364.233
363.195
362.184
361.199
360.236
359.295
358.372
357.466
356.576
355.701
354.839
353.99
353.151
352.323
351.505
350.695
349.892
349.097
348.309
347.526
346.749
345.978
345.211
344.45
343.693
342.94
342.192
341.449
340.709
339.975
339.245
338.519
337.798
337.082
336.372
335.666
334.967
334.273
333.585
332.904
332.229
331.562
330.902
330.25
329.606
328.971
328.345
327.728
327.121
326.525
325.939
325.364
324.8
324.248
323.707
323.179
322.663
322.16
321.67
321.192
320.727
320.275
319.837
319.411
318.999
318.599
318.212
317.838
317.477
317.127
316.79
316.465
316.151
315.849
315.558
315.277
315.007
314.747
314.497
314.256
314.024
313.8
313.585
313.378
313.179
312.986
312.801
312.622
312.449
312.282
312.121
311.965
311.813
311.667
311.525
311.387
311.253
311.122
310.995
310.871
310.751
310.632
310.517
310.404
310.293
310.185
310.078
309.974
309.871
309.769
309.67
309.571
309.474
309.379
309.284
309.191
309.098
309.007
308.917
308.828
308.74
308.652
308.567
352.753
355.752
358.781
361.805
364.788
367.697
370.5
373.169
375.677
377.998
380.107
381.982
383.6
384.939
385.979
386.706
387.108
387.185
386.945
386.413
385.625
384.629
383.477
382.218
380.894
379.537
378.172
376.818
375.484
374.179
372.906
371.668
370.465
369.296
368.161
367.057
365.983
364.937
363.917
362.921
361.947
360.994
360.059
359.141
358.239
357.352
356.478
355.616
354.765
353.926
353.096
352.275
351.462
350.657
349.86
349.069
348.284
347.504
346.73
345.961
345.197
344.437
343.681
342.93
342.183
341.441
340.702
339.968
339.238
338.513
337.792
337.076
336.365
335.66
334.96
334.266
333.578
332.896
332.221
331.553
330.893
330.24
329.596
328.96
328.334
327.717
327.11
326.513
325.927
325.351
324.787
324.235
323.695
323.167
322.651
322.148
321.657
321.18
320.715
320.264
319.826
319.401
318.989
318.59
318.203
317.83
317.469
317.12
316.784
316.459
316.146
315.844
315.554
315.274
315.004
314.745
314.495
314.254
314.023
313.8
313.585
313.379
313.18
312.988
312.803
312.624
312.452
312.285
312.124
311.968
311.817
311.671
311.529
311.391
311.257
311.127
311
310.877
310.756
310.638
310.523
310.41
310.299
310.191
310.084
309.98
309.877
309.775
309.676
309.577
309.48
309.385
309.29
309.197
309.105
309.013
308.923
308.834
308.746
308.658
308.572
349.433
352.083
354.769
357.462
360.134
362.76
365.311
367.763
370.09
372.269
374.278
376.095
377.7
379.073
380.2
381.067
381.665
381.994
382.059
381.875
381.466
380.864
380.103
379.218
378.241
377.2
376.119
375.015
373.903
372.793
371.691
370.602
369.531
368.477
367.443
366.429
365.433
364.457
363.498
362.556
361.63
360.718
359.82
358.936
358.062
357.2
356.348
355.505
354.671
353.845
353.026
352.215
351.411
350.613
349.822
349.036
348.256
347.48
346.71
345.944
345.182
344.424
343.671
342.921
342.176
341.434
340.696
339.963
339.233
338.508
337.788
337.072
336.361
335.655
334.955
334.26
333.572
332.889
332.214
331.545
330.884
330.231
329.586
328.95
328.323
327.706
327.098
326.501
325.914
325.338
324.774
324.222
323.681
323.153
322.637
322.134
321.644
321.167
320.703
320.252
319.814
319.39
318.978
318.579
318.194
317.821
317.46
317.113
316.777
316.453
316.141
315.84
315.55
315.27
315.002
314.743
314.494
314.254
314.023
313.801
313.587
313.381
313.182
312.991
312.806
312.628
312.456
312.29
312.129
311.973
311.823
311.677
311.535
311.398
311.264
311.134
311.007
310.884
310.763
310.646
310.53
310.418
310.307
310.199
310.092
309.988
309.885
309.784
309.684
309.586
309.489
309.393
309.298
309.205
309.113
309.022
308.931
308.842
308.753
308.666
308.579
346.217
348.561
350.942
353.338
355.728
358.091
360.404
362.645
364.793
366.827
368.727
370.474
372.05
373.439
374.627
375.602
376.358
376.891
377.204
377.307
377.213
376.943
376.52
375.968
375.31
374.57
373.767
372.917
372.036
371.132
370.217
369.295
368.372
367.451
366.536
365.628
364.727
363.835
362.952
362.077
361.211
360.354
359.504
358.661
357.826
356.997
356.174
355.357
354.546
353.739
352.937
352.14
351.347
350.56
349.777
348.998
348.224
347.454
346.688
345.926
345.167
344.412
343.661
342.914
342.17
341.43
340.693
339.96
339.231
338.507
337.786
337.071
336.36
335.653
334.953
334.257
333.568
332.885
332.209
331.54
330.878
330.224
329.578
328.941
328.313
327.695
327.087
326.489
325.902
325.326
324.761
324.208
323.668
323.139
322.624
322.121
321.631
321.154
320.69
320.24
319.802
319.378
318.967
318.569
318.184
317.812
317.453
317.105
316.77
316.447
316.136
315.836
315.547
315.268
315
314.742
314.494
314.255
314.025
313.803
313.59
313.384
313.186
312.995
312.811
312.634
312.462
312.297
312.136
311.981
311.831
311.685
311.544
311.407
311.274
311.144
311.017
310.894
310.774
310.656
310.541
310.428
310.318
310.209
310.103
309.999
309.896
309.795
309.695
309.597
309.5
309.404
309.31
309.216
309.124
309.032
308.942
308.853
308.764
308.676
308.589
343.116
345.19
347.3
349.43
351.565
353.686
355.776
357.817
359.791
361.679
363.466
365.133
366.667
368.051
369.275
370.328
371.203
371.896
372.407
372.741
372.905
372.912
372.777
372.516
372.145
371.683
371.143
370.542
369.89
369.2
368.479
367.735
366.974
366.201
365.42
364.633
363.842
363.049
362.256
361.463
360.67
359.879
359.089
358.3
357.513
356.727
355.943
355.16
354.378
353.598
352.82
352.042
351.267
350.493
349.722
348.953
348.187
347.424
346.664
345.906
345.152
344.401
343.653
342.908
342.167
341.428
340.693
339.961
339.233
338.509
337.789
337.073
336.362
335.655
334.954
334.258
333.568
332.884
332.207
331.537
330.874
330.219
329.572
328.934
328.305
327.686
327.077
326.478
325.89
325.314
324.749
324.196
323.655
323.126
322.611
322.108
321.618
321.141
320.678
320.228
319.791
319.368
318.957
318.56
318.176
317.805
317.446
317.1
316.765
316.443
316.133
315.834
315.545
315.268
315.001
314.744
314.496
314.258
314.029
313.808
313.595
313.391
313.193
313.003
312.82
312.643
312.472
312.307
312.147
311.992
311.843
311.697
311.556
311.419
311.286
311.157
311.031
310.907
310.787
310.67
310.555
310.442
310.332
310.224
310.117
310.013
309.91
309.809
309.709
309.611
309.514
309.419
309.324
309.231
309.138
309.047
308.956
308.867
308.778
308.69
308.603
340.144
341.978
343.847
345.739
347.642
349.543
351.427
353.279
355.086
356.831
358.501
360.082
361.56
362.922
364.159
365.26
366.219
367.032
367.695
368.211
368.582
368.817
368.923
368.911
368.793
368.58
368.284
367.916
367.488
367.007
366.484
365.923
365.333
364.717
364.081
363.427
362.76
362.08
361.39
360.691
359.985
359.273
358.555
357.831
357.104
356.372
355.636
354.897
354.154
353.409
352.661
351.911
351.159
350.405
349.651
348.897
348.142
347.388
346.636
345.886
345.137
344.391
343.647
342.906
342.167
341.431
340.697
339.967
339.24
338.516
337.797
337.081
336.369
335.662
334.96
334.264
333.573
332.888
332.209
331.538
330.874
330.218
329.57
328.93
328.3
327.68
327.07
326.47
325.882
325.304
324.739
324.185
323.644
323.115
322.599
322.097
321.607
321.131
320.668
320.218
319.782
319.359
318.949
318.553
318.17
317.799
317.441
317.096
316.763
316.442
316.132
315.834
315.547
315.271
315.005
314.748
314.502
314.265
314.036
313.816
313.605
313.401
313.204
313.015
312.832
312.656
312.485
312.321
312.162
312.008
311.858
311.713
311.573
311.436
311.304
311.174
311.048
310.925
310.805
310.688
310.573
310.461
310.351
310.242
310.136
310.032
309.929
309.828
309.728
309.63
309.533
309.437
309.343
309.249
309.157
309.066
308.975
308.885
308.797
308.708
308.621
337.312
338.932
340.587
342.266
343.961
345.661
347.355
349.032
350.68
352.286
353.839
355.327
356.738
358.063
359.292
360.415
361.427
362.323
363.098
363.752
364.286
364.702
365.006
365.203
365.301
365.306
365.229
365.077
364.857
364.578
364.247
363.87
363.452
362.999
362.515
362.004
361.469
360.912
360.337
359.745
359.137
358.515
357.881
357.235
356.578
355.911
355.235
354.549
353.856
353.154
352.446
351.731
351.011
350.285
349.554
348.82
348.083
347.344
346.603
345.862
345.121
344.381
343.642
342.905
342.17
341.437
340.706
339.978
339.252
338.529
337.81
337.095
336.383
335.676
334.973
334.276
333.584
332.898
332.218
331.545
330.879
330.222
329.572
328.932
328.3
327.679
327.067
326.467
325.877
325.299
324.733
324.178
323.637
323.108
322.592
322.089
321.599
321.123
320.66
320.211
319.776
319.353
318.945
318.549
318.167
317.797
317.441
317.096
316.764
316.444
316.136
315.839
315.553
315.278
315.013
314.758
314.512
314.276
314.049
313.83
313.619
313.416
313.22
313.032
312.85
312.674
312.504
312.34
312.182
312.028
311.879
311.735
311.595
311.459
311.326
311.197
311.072
310.949
310.829
310.712
310.597
310.485
310.375
310.267
310.161
310.056
309.954
309.852
309.753
309.655
309.558
309.462
309.367
309.274
309.181
309.09
308.999
308.909
308.82
308.732
308.644
334.633
336.064
337.526
339.015
340.522
342.04
343.561
345.074
346.572
348.044
349.48
350.872
352.209
353.483
354.685
355.809
356.846
357.793
358.645
359.399
360.055
360.612
361.073
361.441
361.718
361.911
362.025
362.064
362.035
361.943
361.794
361.594
361.346
361.055
360.726
360.361
359.965
359.539
359.087
358.61
358.111
357.591
357.051
356.493
355.918
355.326
354.72
354.099
353.465
352.818
352.158
351.488
350.808
350.118
349.419
348.713
348
347.281
346.558
345.831
345.101
344.37
343.638
342.907
342.177
341.448
340.72
339.994
339.27
338.549
337.831
337.116
336.404
335.697
334.994
334.295
333.602
332.915
332.234
331.56
330.892
330.233
329.582
328.94
328.307
327.684
327.071
326.469
325.878
325.299
324.732
324.177
323.635
323.106
322.589
322.086
321.597
321.121
320.659
320.21
319.775
319.354
318.946
318.551
318.17
317.801
317.446
317.102
316.772
316.453
316.146
315.85
315.565
315.291
315.027
314.773
314.529
314.294
314.068
313.85
313.64
313.438
313.243
313.055
312.874
312.699
312.53
312.367
312.209
312.056
311.908
311.764
311.624
311.488
311.356
311.227
311.102
310.98
310.86
310.743
310.628
310.516
310.406
310.298
310.192
310.088
309.985
309.884
309.784
309.686
309.589
309.493
309.398
309.305
309.212
309.12
309.03
308.94
308.85
308.762
308.674
332.121
333.382
334.673
335.991
337.329
338.682
340.043
341.405
342.762
344.105
345.427
346.721
347.977
349.19
350.351
351.455
352.495
353.466
354.363
355.184
355.927
356.589
357.17
357.672
358.096
358.444
358.718
358.924
359.063
359.14
359.159
359.123
359.037
358.903
358.726
358.508
358.252
357.961
357.637
357.282
356.899
356.488
356.051
355.59
355.107
354.601
354.074
353.528
352.963
352.38
351.78
351.164
350.534
349.889
349.23
348.56
347.879
347.189
346.49
345.783
345.071
344.353
343.632
342.909
342.186
341.462
340.739
340.016
339.295
338.576
337.86
337.146
336.434
335.727
335.024
334.324
333.63
332.942
332.259
331.584
330.915
330.254
329.601
328.957
328.323
327.698
327.084
326.48
325.888
325.308
324.74
324.184
323.641
323.111
322.595
322.092
321.602
321.127
320.665
320.216
319.782
319.361
318.954
318.561
318.18
317.813
317.458
317.117
316.787
316.469
316.164
315.869
315.586
315.313
315.05
314.798
314.554
314.321
314.095
313.879
313.67
313.469
313.275
313.088
312.908
312.733
312.565
312.402
312.245
312.093
311.945
311.801
311.662
311.527
311.395
311.266
311.141
311.019
310.899
310.782
310.668
310.556
310.446
310.338
310.232
310.127
310.025
309.923
309.824
309.725
309.628
309.532
309.437
309.343
309.251
309.159
309.068
308.978
308.888
308.799
308.711
329.786
330.896
332.034
333.198
334.384
335.587
336.803
338.025
339.25
340.471
341.681
342.876
344.048
345.191
346.3
347.368
348.391
349.363
350.28
351.14
351.937
352.671
353.34
353.943
354.481
354.952
355.359
355.703
355.987
356.211
356.379
356.493
356.556
356.57
356.538
356.461
356.344
356.186
355.992
355.761
355.497
355.201
354.874
354.517
354.133
353.721
353.283
352.821
352.335
351.825
351.294
350.742
350.171
349.58
348.972
348.347
347.707
347.053
346.386
345.707
345.019
344.322
343.618
342.908
342.194
341.478
340.761
340.044
339.327
338.611
337.897
337.184
336.474
335.767
335.064
334.365
333.67
332.98
332.297
331.619
330.949
330.286
329.632
328.986
328.35
327.724
327.108
326.503
325.909
325.328
324.759
324.202
323.658
323.128
322.611
322.108
321.619
321.143
320.681
320.234
319.8
319.38
318.974
318.581
318.201
317.835
317.482
317.141
316.813
316.497
316.192
315.899
315.617
315.345
315.084
314.833
314.591
314.358
314.134
313.918
313.711
313.51
313.318
313.131
312.952
312.779
312.611
312.449
312.292
312.14
311.993
311.85
311.711
311.576
311.444
311.316
311.191
311.069
310.949
310.833
310.718
310.606
310.496
310.388
310.282
310.177
310.074
309.973
309.873
309.775
309.677
309.581
309.486
309.392
309.299
309.207
309.116
309.026
308.936
308.847
308.758
327.639
328.614
329.615
330.642
331.69
332.757
333.84
334.934
336.036
337.14
338.243
339.339
340.424
341.492
342.539
343.56
344.55
345.505
346.42
347.293
348.12
348.898
349.625
350.299
350.919
351.485
351.996
352.452
352.854
353.203
353.499
353.744
353.94
354.088
354.19
354.246
354.26
354.232
354.164
354.057
353.913
353.733
353.519
353.271
352.991
352.679
352.337
351.966
351.566
351.139
350.685
350.206
349.702
349.176
348.626
348.056
347.466
346.857
346.231
345.589
344.933
344.264
343.584
342.895
342.198
341.494
340.786
340.076
339.365
338.654
337.943
337.233
336.525
335.819
335.117
334.418
333.723
333.032
332.348
331.669
330.998
330.333
329.677
329.03
328.392
327.764
327.146
326.54
325.945
325.362
324.792
324.235
323.69
323.159
322.642
322.139
321.649
321.174
320.712
320.265
319.832
319.412
319.007
318.615
318.237
317.872
317.52
317.18
316.853
316.538
316.235
315.943
315.662
315.392
315.132
314.882
314.641
314.409
314.186
313.972
313.765
313.566
313.374
313.189
313.01
312.837
312.67
312.509
312.353
312.201
312.054
311.911
311.773
311.638
311.507
311.379
311.254
311.132
311.012
310.896
310.781
310.669
310.559
310.451
310.344
310.24
310.137
310.035
309.935
309.836
309.738
309.642
309.547
309.452
309.359
309.267
309.175
309.085
308.995
308.905
308.817
325.69
326.544
327.423
328.326
329.25
330.195
331.156
332.132
333.118
334.113
335.113
336.112
337.109
338.099
339.078
340.042
340.987
341.909
342.805
343.671
344.505
345.302
346.061
346.78
347.456
348.089
348.676
349.218
349.713
350.162
350.565
350.921
351.231
351.497
351.718
351.895
352.03
352.123
352.175
352.187
352.16
352.095
351.993
351.855
351.681
351.473
351.23
350.955
350.648
350.31
349.941
349.542
349.115
348.66
348.179
347.672
347.14
346.586
346.01
345.413
344.798
344.165
343.518
342.856
342.183
341.499
340.807
340.109
339.407
338.702
337.997
337.291
336.587
335.883
335.182
334.484
333.79
333.1
332.415
331.736
331.063
330.398
329.74
329.091
328.452
327.822
327.203
326.596
325.999
325.415
324.844
324.285
323.74
323.209
322.691
322.187
321.698
321.222
320.761
320.314
319.882
319.463
319.058
318.668
318.29
317.926
317.575
317.237
316.911
316.597
316.295
316.005
315.725
315.456
315.197
314.948
314.708
314.478
314.256
314.042
313.837
313.638
313.447
313.263
313.085
312.912
312.746
312.585
312.429
312.278
312.132
311.989
311.851
311.716
311.585
311.457
311.332
311.21
311.091
310.974
310.859
310.747
310.637
310.528
310.421
310.317
310.213
310.111
310.011
309.912
309.814
309.717
309.621
309.526
309.433
309.34
309.248
309.157
309.067
308.977
308.888
323.946
324.692
325.461
326.253
327.066
327.899
328.75
329.617
330.497
331.389
332.29
333.197
334.106
335.016
335.923
336.823
337.714
338.592
339.454
340.297
341.119
341.915
342.685
343.425
344.133
344.807
345.447
346.049
346.613
347.139
347.624
348.07
348.475
348.839
349.163
349.446
349.688
349.89
350.052
350.175
350.259
350.304
350.311
350.28
350.212
350.107
349.966
349.79
349.579
349.333
349.054
348.742
348.397
348.022
347.615
347.179
346.715
346.224
345.706
345.164
344.598
344.011
343.404
342.778
342.137
341.481
340.813
340.134
339.447
338.754
338.057
337.358
336.659
335.96
335.262
334.566
333.873
333.184
332.5
331.821
331.148
330.482
329.824
329.174
328.533
327.902
327.282
326.673
326.076
325.491
324.918
324.359
323.813
323.281
322.763
322.259
321.769
321.294
320.833
320.387
319.954
319.536
319.132
318.742
318.366
318.003
317.653
317.315
316.991
316.678
316.377
316.088
315.809
315.541
315.283
315.035
314.797
314.567
314.346
314.134
313.929
313.731
313.541
313.357
313.179
313.008
312.842
312.681
312.526
312.375
312.229
312.086
311.948
311.813
311.682
311.554
311.429
311.307
311.187
311.07
310.955
310.843
310.732
310.623
310.516
310.411
310.307
310.205
310.104
310.004
309.906
309.808
309.712
309.617
309.523
309.429
309.337
309.245
309.155
309.065
308.975
322.412
323.062
323.734
324.426
325.139
325.872
326.622
327.389
328.171
328.967
329.774
330.591
331.416
332.245
333.078
333.91
334.741
335.566
336.383
337.191
337.986
338.765
339.526
340.268
340.987
341.681
342.35
342.99
343.6
344.18
344.726
345.24
345.719
346.162
346.57
346.941
347.276
347.573
347.832
348.054
348.239
348.385
348.494
348.565
348.599
348.595
348.554
348.477
348.362
348.211
348.024
347.802
347.545
347.253
346.928
346.569
346.179
345.758
345.306
344.826
344.319
343.785
343.228
342.647
342.046
341.426
340.79
340.138
339.475
338.801
338.119
337.43
336.739
336.047
335.354
334.663
333.973
333.287
332.604
331.927
331.254
330.589
329.93
329.28
328.639
328.007
327.387
326.777
326.179
325.593
325.019
324.459
323.913
323.381
322.862
322.358
321.868
321.393
320.932
320.486
320.054
319.637
319.233
318.844
318.468
318.106
317.757
317.42
317.097
316.785
316.485
316.197
315.919
315.652
315.395
315.148
314.911
314.682
314.462
314.25
314.045
313.848
313.658
313.475
313.298
313.127
312.961
312.801
312.645
312.495
312.348
312.206
312.068
311.933
311.802
311.673
311.548
311.426
311.306
311.188
311.073
310.96
310.849
310.739
310.632
310.526
310.421
310.318
310.217
310.116
310.017
309.919
309.822
309.727
309.632
309.538
309.445
309.352
309.261
309.17
309.08
321.091
321.656
322.241
322.845
323.468
324.11
324.769
325.445
326.137
326.843
327.563
328.295
329.037
329.788
330.546
331.309
332.075
332.841
333.607
334.369
335.125
335.874
336.613
337.339
338.052
338.748
339.426
340.083
340.719
341.331
341.918
342.478
343.01
343.513
343.986
344.427
344.836
345.212
345.554
345.862
346.135
346.372
346.573
346.738
346.866
346.957
347.012
347.029
347.008
346.951
346.857
346.725
346.557
346.352
346.111
345.835
345.524
345.178
344.8
344.389
343.947
343.475
342.975
342.447
341.895
341.32
340.724
340.108
339.475
338.828
338.169
337.5
336.824
336.142
335.458
334.773
334.09
333.408
332.729
332.054
331.384
330.72
330.063
329.413
328.772
328.141
327.52
326.91
326.312
325.725
325.152
324.592
324.045
323.512
322.993
322.489
321.999
321.524
321.064
320.618
320.186
319.769
319.366
318.978
318.603
318.241
317.893
317.557
317.234
316.923
316.624
316.336
316.06
315.793
315.537
315.291
315.054
314.826
314.606
314.395
314.191
313.994
313.805
313.622
313.445
313.274
313.108
312.948
312.793
312.642
312.495
312.353
312.214
312.079
311.947
311.819
311.693
311.57
311.45
311.331
311.216
311.102
310.99
310.88
310.771
310.665
310.56
310.456
310.353
310.252
310.152
310.053
309.955
309.859
309.763
309.668
309.574
309.481
309.389
309.298
309.207
319.986
320.476
320.983
321.508
322.051
322.611
323.188
323.782
324.391
325.015
325.654
326.306
326.969
327.644
328.329
329.022
329.721
330.426
331.134
331.844
332.554
333.262
333.967
334.665
335.357
336.038
336.709
337.367
338.009
338.635
339.243
339.831
340.397
340.94
341.458
341.951
342.417
342.855
343.263
343.641
343.987
344.301
344.583
344.83
345.043
345.22
345.362
345.468
345.537
345.569
345.564
345.521
345.441
345.323
345.168
344.976
344.747
344.481
344.18
343.843
343.472
343.068
342.633
342.166
341.671
341.148
340.6
340.029
339.436
338.825
338.196
337.554
336.901
336.238
335.568
334.894
334.219
333.545
332.872
332.203
331.537
330.876
330.222
329.575
328.936
328.306
327.686
327.077
326.479
325.893
325.32
324.76
324.213
323.68
323.162
322.658
322.168
321.693
321.233
320.787
320.356
319.94
319.537
319.149
318.774
318.413
318.065
317.731
317.408
317.098
316.799
316.512
316.236
315.97
315.715
315.469
315.232
315.005
314.785
314.574
314.37
314.174
313.984
313.801
313.625
313.453
313.288
313.127
312.972
312.821
312.674
312.531
312.392
312.256
312.124
311.995
311.868
311.744
311.623
311.504
311.387
311.273
311.16
311.049
310.94
310.832
310.726
310.621
310.517
310.415
310.314
310.214
310.115
310.017
309.92
309.824
309.729
309.635
309.542
309.45
309.358
319.095
319.518
319.957
320.412
320.884
321.371
321.875
322.393
322.928
323.477
324.04
324.617
325.207
325.81
326.424
327.048
327.681
328.323
328.971
329.625
330.283
330.943
331.605
332.266
332.925
333.58
334.23
334.873
335.507
336.131
336.742
337.34
337.922
338.487
339.033
339.56
340.064
340.546
341.004
341.435
341.84
342.216
342.563
342.88
343.165
343.418
343.637
343.822
343.973
344.087
344.166
344.207
344.212
344.178
344.107
343.999
343.852
343.667
343.445
343.186
342.891
342.56
342.194
341.794
341.362
340.899
340.407
339.888
339.343
338.775
338.186
337.579
336.957
336.32
335.674
335.019
334.359
333.696
333.033
332.371
331.713
331.058
330.409
329.766
329.131
328.504
327.886
327.279
326.683
326.099
325.527
324.967
324.422
323.89
323.372
322.868
322.379
321.905
321.445
321
320.569
320.153
319.751
319.363
318.989
318.628
318.281
317.947
317.625
317.315
317.017
316.73
316.454
316.189
315.933
315.688
315.451
315.224
315.004
314.793
314.589
314.393
314.203
314.02
313.843
313.671
313.505
313.344
313.188
313.037
312.889
312.746
312.606
312.469
312.336
312.206
312.079
311.954
311.831
311.711
311.594
311.478
311.364
311.252
311.141
311.032
310.924
310.818
310.713
310.61
310.507
310.406
310.306
310.206
310.108
310.011
309.915
309.819
309.725
309.631
309.538
318.415
318.78
319.159
319.553
319.961
320.384
320.821
321.273
321.74
322.22
322.715
323.224
323.745
324.28
324.826
325.384
325.953
326.532
327.119
327.715
328.318
328.927
329.54
330.157
330.775
331.395
332.014
332.63
333.243
333.85
334.451
335.043
335.626
336.196
336.754
337.297
337.824
338.333
338.822
339.291
339.738
340.161
340.559
340.93
341.274
341.589
341.873
342.127
342.348
342.535
342.689
342.807
342.89
342.936
342.945
342.916
342.849
342.745
342.602
342.421
342.202
341.946
341.654
341.325
340.961
340.564
340.134
339.673
339.184
338.667
338.126
337.562
336.979
336.378
335.762
335.134
334.497
333.854
333.206
332.557
331.909
331.263
330.622
329.986
329.357
328.736
328.123
327.519
326.926
326.345
325.775
325.218
324.674
324.144
323.627
323.125
322.637
322.163
321.705
321.26
320.83
320.415
320.013
319.626
319.252
318.892
318.545
318.211
317.889
317.58
317.282
316.995
316.719
316.454
316.199
315.953
315.717
315.489
315.269
315.058
314.854
314.657
314.467
314.283
314.106
313.934
313.767
313.605
313.448
313.296
313.147
313.003
312.862
312.724
312.59
312.459
312.33
312.204
312.08
311.959
311.84
311.722
311.607
311.493
311.381
311.27
311.161
311.053
310.947
310.841
310.737
310.634
310.532
310.431
310.332
310.233
310.135
310.038
309.942
309.846
309.752
317.942
318.256
318.583
318.922
319.275
319.64
320.019
320.412
320.818
321.237
321.67
322.115
322.574
323.045
323.529
324.025
324.532
325.05
325.578
326.116
326.662
327.217
327.779
328.347
328.92
329.497
330.076
330.658
331.24
331.82
332.398
332.973
333.542
334.105
334.659
335.204
335.737
336.257
336.763
337.253
337.726
338.18
338.613
339.024
339.411
339.774
340.11
340.419
340.699
340.948
341.166
341.352
341.503
341.621
341.702
341.748
341.756
341.728
341.661
341.556
341.414
341.233
341.014
340.758
340.466
340.137
339.774
339.378
338.949
338.49
338.004
337.491
336.954
336.396
335.819
335.227
334.621
334.005
333.381
332.752
332.12
331.488
330.859
330.233
329.613
329
328.394
327.797
327.21
326.633
326.068
325.515
324.974
324.446
323.932
323.432
322.946
322.474
322.017
321.574
321.145
320.73
320.33
319.943
319.57
319.21
318.864
318.53
318.209
317.899
317.601
317.315
317.039
316.774
316.518
316.272
316.035
315.807
315.587
315.375
315.171
314.973
314.783
314.598
314.419
314.246
314.079
313.916
313.758
313.604
313.455
313.309
313.167
313.028
312.892
312.759
312.629
312.501
312.376
312.253
312.132
312.013
311.895
311.78
311.666
311.553
311.442
311.332
311.224
311.116
311.01
310.905
310.801
310.698
310.596
310.495
310.395
310.296
310.198
310.101
310.005
317.67
317.94
318.22
318.513
318.816
319.132
319.46
319.8
320.152
320.516
320.893
321.282
321.684
322.097
322.523
322.96
323.409
323.87
324.341
324.822
325.313
325.814
326.323
326.84
327.364
327.895
328.431
328.971
329.515
330.061
330.608
331.154
331.7
332.242
332.781
333.314
333.841
334.358
334.867
335.363
335.847
336.316
336.769
337.205
337.622
338.017
338.391
338.741
339.066
339.364
339.634
339.875
340.085
340.263
340.409
340.52
340.597
340.637
340.641
340.608
340.538
340.43
340.284
340.1
339.879
339.621
339.326
338.997
338.634
338.237
337.81
337.354
336.871
336.364
335.833
335.284
334.717
334.136
333.544
332.943
332.336
331.725
331.113
330.503
329.896
329.294
328.699
328.112
327.533
326.963
326.405
325.857
325.322
324.799
324.289
323.792
323.31
322.841
322.385
321.944
321.518
321.105
320.705
320.32
319.948
319.589
319.243
318.91
318.589
318.28
317.982
317.696
317.42
317.154
316.898
316.652
316.415
316.186
315.965
315.753
315.547
315.349
315.157
314.972
314.792
314.618
314.449
314.285
314.125
313.97
313.819
313.671
313.527
313.387
313.249
313.114
312.982
312.853
312.725
312.6
312.477
312.356
312.236
312.118
312.002
311.887
311.774
311.662
311.551
311.441
311.332
311.225
311.118
311.013
310.909
310.805
310.703
310.601
310.501
310.401
310.303
317.591
317.823
318.064
318.315
318.577
318.849
319.132
319.425
319.73
320.046
320.373
320.712
321.062
321.423
321.796
322.18
322.575
322.982
323.399
323.827
324.265
324.713
325.17
325.636
326.111
326.593
327.082
327.578
328.079
328.584
329.094
329.605
330.119
330.633
331.146
331.658
332.166
332.669
333.167
333.657
334.138
334.609
335.069
335.515
335.946
336.36
336.757
337.134
337.49
337.823
338.132
338.415
338.672
338.899
339.097
339.264
339.399
339.5
339.567
339.598
339.594
339.553
339.476
339.361
339.209
339.02
338.795
338.533
338.236
337.906
337.542
337.147
336.723
336.271
335.794
335.294
334.774
334.236
333.683
333.117
332.543
331.961
331.375
330.787
330.199
329.614
329.034
328.459
327.892
327.334
326.785
326.246
325.719
325.203
324.699
324.208
323.73
323.265
322.814
322.377
321.953
321.542
321.145
320.762
320.392
320.034
319.689
319.357
319.037
318.728
318.431
318.144
317.868
317.603
317.347
317.1
316.862
316.633
316.411
316.198
315.991
315.792
315.599
315.412
315.231
315.055
314.885
314.719
314.558
314.401
314.248
314.098
313.953
313.81
313.67
313.533
313.399
313.267
313.137
313.01
312.884
312.76
312.638
312.518
312.399
312.281
312.165
312.05
311.936
311.823
311.712
311.602
311.492
311.384
311.277
311.17
311.065
310.961
310.857
310.755
310.654
317.698
317.897
318.104
318.32
318.545
318.78
319.023
319.277
319.54
319.813
320.097
320.391
320.695
321.01
321.335
321.671
322.017
322.374
322.742
323.119
323.507
323.905
324.312
324.729
325.154
325.588
326.03
326.479
326.935
327.398
327.865
328.337
328.813
329.292
329.773
330.254
330.735
331.215
331.692
332.165
332.632
333.093
333.546
333.989
334.422
334.842
335.248
335.638
336.011
336.365
336.7
337.012
337.301
337.566
337.804
338.014
338.195
338.347
338.466
338.553
338.607
338.626
338.61
338.559
338.472
338.348
338.189
337.993
337.763
337.498
337.199
336.867
336.505
336.113
335.694
335.249
334.781
334.292
333.786
333.264
332.729
332.183
331.631
331.073
330.512
329.951
329.392
328.835
328.285
327.741
327.206
326.679
326.163
325.657
325.162
324.679
324.208
323.75
323.305
322.873
322.453
322.047
321.654
321.273
320.906
320.551
320.208
319.877
319.558
319.25
318.954
318.668
318.392
318.127
317.871
317.624
317.385
317.155
316.933
316.719
316.511
316.31
316.116
315.928
315.745
315.568
315.396
315.228
315.065
314.906
314.751
314.599
314.451
314.306
314.164
314.024
313.887
313.753
313.62
313.49
313.361
313.235
313.11
312.986
312.864
312.743
312.624
312.505
312.388
312.272
312.158
312.044
311.931
311.819
311.709
311.599
311.49
311.382
311.275
311.17
311.065
317.983
318.154
318.332
318.518
318.712
318.914
319.124
319.342
319.57
319.806
320.051
320.306
320.57
320.843
321.126
321.419
321.721
322.033
322.355
322.687
323.028
323.379
323.739
324.109
324.487
324.874
325.269
325.672
326.083
326.501
326.925
327.355
327.79
328.229
328.672
329.118
329.565
330.014
330.462
330.909
331.353
331.794
332.23
332.66
333.082
333.495
333.897
334.288
334.666
335.028
335.374
335.703
336.011
336.299
336.564
336.806
337.022
337.211
337.372
337.504
337.605
337.675
337.712
337.716
337.686
337.622
337.524
337.39
337.223
337.021
336.785
336.517
336.217
335.887
335.528
335.143
334.732
334.298
333.843
333.37
332.882
332.38
331.867
331.347
330.821
330.291
329.76
329.23
328.703
328.179
327.662
327.152
326.65
326.158
325.676
325.205
324.744
324.296
323.859
323.434
323.022
322.621
322.233
321.858
321.494
321.143
320.803
320.475
320.159
319.853
319.558
319.273
318.999
318.734
318.478
318.231
317.992
317.762
317.539
317.324
317.115
316.914
316.718
316.528
316.344
316.165
315.991
315.821
315.656
315.495
315.337
315.183
315.032
314.884
314.74
314.597
314.457
314.32
314.184
314.051
313.919
313.789
313.66
313.533
313.408
313.283
313.16
313.038
312.917
312.798
312.679
312.561
312.444
312.329
312.214
312.1
311.987
311.875
311.765
311.655
311.546
318.438
318.585
318.738
318.899
319.066
319.24
319.421
319.61
319.806
320.011
320.223
320.443
320.672
320.909
321.155
321.409
321.673
321.945
322.226
322.516
322.814
323.122
323.439
323.764
324.098
324.44
324.791
325.149
325.515
325.888
326.269
326.655
327.048
327.445
327.848
328.254
328.664
329.076
329.49
329.904
330.318
330.731
331.142
331.548
331.95
332.346
332.735
333.115
333.485
333.844
334.19
334.521
334.837
335.135
335.415
335.674
335.912
336.127
336.317
336.481
336.619
336.728
336.808
336.858
336.877
336.864
336.819
336.742
336.631
336.488
336.313
336.105
335.867
335.598
335.3
334.974
334.622
334.246
333.847
333.429
332.992
332.54
332.074
331.598
331.113
330.622
330.126
329.629
329.132
328.637
328.145
327.658
327.177
326.703
326.237
325.781
325.335
324.899
324.474
324.06
323.657
323.266
322.886
322.517
322.16
321.814
321.48
321.156
320.843
320.541
320.248
319.966
319.693
319.43
319.175
318.929
318.69
318.46
318.237
318.021
317.812
317.609
317.413
317.222
317.036
316.855
316.679
316.507
316.34
316.176
316.016
315.859
315.706
315.555
315.407
315.262
315.119
314.978
314.839
314.702
314.567
314.433
314.301
314.17
314.04
313.912
313.785
313.658
313.533
313.409
313.286
313.164
313.043
312.922
312.803
312.684
312.567
312.45
312.335
312.22
312.107
319.054
319.181
319.314
319.453
319.598
319.748
319.905
320.068
320.238
320.415
320.599
320.79
320.988
321.193
321.406
321.627
321.856
322.092
322.337
322.589
322.85
323.118
323.395
323.68
323.973
324.273
324.581
324.897
325.221
325.551
325.888
326.232
326.581
326.937
327.297
327.663
328.032
328.405
328.78
329.158
329.536
329.916
330.294
330.671
331.045
331.416
331.782
332.141
332.494
332.838
333.173
333.496
333.807
334.104
334.386
334.651
334.898
335.126
335.333
335.518
335.68
335.818
335.929
336.014
336.071
336.1
336.099
336.069
336.008
335.917
335.796
335.644
335.463
335.252
335.013
334.746
334.454
334.136
333.796
333.434
333.053
332.654
332.241
331.814
331.377
330.93
330.477
330.02
329.56
329.099
328.639
328.182
327.729
327.28
326.838
326.403
325.976
325.557
325.148
324.748
324.358
323.979
323.61
323.252
322.903
322.566
322.238
321.921
321.614
321.317
321.029
320.75
320.48
320.219
319.967
319.722
319.486
319.256
319.034
318.818
318.609
318.406
318.208
318.016
317.829
317.647
317.469
317.295
317.126
316.96
316.797
316.638
316.482
316.328
316.177
316.028
315.882
315.737
315.595
315.454
315.315
315.177
315.041
314.906
314.772
314.639
314.507
314.376
314.246
314.117
313.989
313.862
313.736
313.61
313.485
313.362
313.239
313.117
312.995
312.876
312.757
319.825
319.935
320.051
320.172
320.297
320.428
320.564
320.706
320.853
321.006
321.166
321.331
321.503
321.681
321.865
322.057
322.255
322.46
322.672
322.891
323.117
323.351
323.591
323.839
324.094
324.356
324.625
324.901
325.184
325.473
325.769
326.071
326.379
326.693
327.012
327.335
327.663
327.995
328.33
328.668
329.008
329.349
329.691
330.033
330.374
330.713
331.049
331.381
331.708
332.029
332.343
332.648
332.944
333.23
333.503
333.763
334.008
334.237
334.449
334.643
334.817
334.971
335.102
335.211
335.295
335.354
335.388
335.395
335.375
335.328
335.253
335.151
335.02
334.863
334.678
334.467
334.232
333.972
333.689
333.385
333.061
332.719
332.36
331.987
331.602
331.206
330.801
330.389
329.973
329.553
329.132
328.711
328.292
327.875
327.462
327.055
326.653
326.258
325.87
325.49
325.118
324.756
324.402
324.057
323.721
323.395
323.078
322.769
322.47
322.18
321.899
321.627
321.362
321.106
320.857
320.616
320.381
320.154
319.933
319.719
319.51
319.308
319.11
318.917
318.73
318.546
318.367
318.192
318.021
317.853
317.688
317.526
317.367
317.21
317.056
316.904
316.754
316.606
316.46
316.315
316.172
316.03
315.889
315.75
315.611
315.474
315.337
315.201
315.066
314.932
314.798
314.666
314.534
314.402
314.271
314.142
314.012
313.884
313.757
313.631
313.506
320.74
320.837
320.938
321.044
321.153
321.267
321.386
321.509
321.637
321.77
321.909
322.052
322.201
322.355
322.515
322.681
322.852
323.03
323.213
323.403
323.598
323.8
324.008
324.222
324.443
324.669
324.902
325.141
325.386
325.637
325.894
326.156
326.424
326.697
326.975
327.257
327.544
327.834
328.128
328.425
328.725
329.026
329.329
329.632
329.935
330.238
330.539
330.838
331.133
331.424
331.71
331.99
332.263
332.527
332.782
333.027
333.26
333.481
333.688
333.879
334.055
334.213
334.353
334.474
334.574
334.654
334.711
334.745
334.756
334.743
334.705
334.643
334.556
334.445
334.309
334.149
333.966
333.76
333.532
333.284
333.016
332.73
332.428
332.111
331.78
331.438
331.085
330.725
330.357
329.984
329.608
329.23
328.851
328.472
328.095
327.721
327.351
326.985
326.625
326.271
325.923
325.582
325.248
324.922
324.603
324.292
323.989
323.694
323.407
323.128
322.856
322.592
322.336
322.086
321.843
321.607
321.377
321.154
320.936
320.725
320.518
320.317
320.12
319.928
319.741
319.557
319.377
319.201
319.029
318.859
318.692
318.528
318.367
318.207
318.05
317.895
317.742
317.591
317.44
317.292
317.144
316.998
316.853
316.709
316.565
316.423
316.281
316.14
316
315.86
315.721
315.582
315.444
315.306
315.169
315.032
314.896
314.761
314.626
314.492
314.36
321.788
321.874
321.963
322.056
322.152
322.252
322.355
322.463
322.575
322.691
322.811
322.935
323.064
323.198
323.336
323.479
323.627
323.78
323.938
324.101
324.269
324.442
324.621
324.804
324.993
325.188
325.387
325.592
325.802
326.017
326.237
326.461
326.691
326.925
327.163
327.406
327.652
327.902
328.155
328.411
328.669
328.929
329.191
329.454
329.718
329.981
330.244
330.506
330.765
331.021
331.274
331.522
331.766
332.003
332.232
332.454
332.667
332.87
333.062
333.242
333.409
333.563
333.701
333.824
333.93
334.018
334.089
334.14
334.171
334.182
334.173
334.142
334.09
334.017
333.922
333.805
333.668
333.511
333.334
333.137
332.923
332.692
332.444
332.182
331.907
331.62
331.322
331.014
330.699
330.377
330.051
329.72
329.387
329.052
328.718
328.383
328.051
327.721
327.394
327.071
326.753
326.44
326.132
325.829
325.533
325.243
324.959
324.681
324.41
324.146
323.887
323.635
323.39
323.15
322.916
322.688
322.465
322.248
322.036
321.829
321.626
321.428
321.234
321.044
320.858
320.676
320.497
320.32
320.147
319.977
319.809
319.644
319.48
319.319
319.16
319.002
318.846
318.691
318.537
318.385
318.233
318.083
317.934
317.785
317.637
317.489
317.342
317.196
317.05
316.904
316.759
316.614
316.47
316.325
316.181
316.037
315.894
315.75
315.607
315.464
315.322
322.951
323.027
323.106
323.188
323.272
323.36
323.451
323.545
323.642
323.743
323.847
323.955
324.067
324.182
324.301
324.424
324.551
324.682
324.817
324.956
325.099
325.246
325.398
325.554
325.714
325.879
326.048
326.221
326.398
326.58
326.765
326.954
327.148
327.345
327.545
327.749
327.957
328.167
328.38
328.595
328.813
329.033
329.254
329.476
329.699
329.922
330.145
330.367
330.587
330.806
331.022
331.235
331.445
331.649
331.848
332.042
332.228
332.407
332.577
332.738
332.889
333.029
333.157
333.273
333.376
333.465
333.538
333.597
333.639
333.665
333.674
333.666
333.639
333.595
333.532
333.452
333.354
333.238
333.105
332.955
332.789
332.608
332.412
332.203
331.981
331.747
331.503
331.25
330.988
330.719
330.445
330.165
329.882
329.595
329.307
329.018
328.728
328.44
328.152
327.867
327.584
327.304
327.027
326.754
326.486
326.221
325.962
325.707
325.456
325.211
324.971
324.735
324.504
324.278
324.057
323.84
323.628
323.42
323.216
323.016
322.82
322.627
322.438
322.252
322.069
321.89
321.713
321.538
321.366
321.196
321.028
320.863
320.698
320.536
320.375
320.215
320.057
319.899
319.743
319.587
319.432
319.278
319.125
318.972
318.819
318.667
318.515
318.364
318.212
318.061
317.91
317.759
317.608
317.457
317.305
317.154
317.002
316.85
316.698
316.545
316.392
324.2
324.267
324.337
324.409
324.484
324.561
324.64
324.723
324.807
324.895
324.985
325.078
325.174
325.272
325.374
325.479
325.587
325.698
325.812
325.929
326.05
326.173
326.301
326.431
326.565
326.702
326.842
326.985
327.132
327.282
327.435
327.592
327.751
327.913
328.078
328.245
328.415
328.588
328.762
328.939
329.117
329.297
329.478
329.659
329.842
330.025
330.208
330.39
330.571
330.752
330.93
331.106
331.279
331.449
331.614
331.776
331.932
332.082
332.226
332.363
332.492
332.613
332.724
332.827
332.919
333
333.07
333.128
333.173
333.205
333.224
333.228
333.219
333.195
333.157
333.104
333.037
332.955
332.858
332.748
332.624
332.487
332.338
332.176
332.003
331.82
331.628
331.426
331.216
331
330.777
330.549
330.316
330.08
329.841
329.599
329.356
329.113
328.868
328.625
328.382
328.14
327.9
327.662
327.426
327.192
326.962
326.734
326.51
326.289
326.071
325.856
325.645
325.437
325.232
325.031
324.832
324.637
324.445
324.255
324.068
323.884
323.703
323.524
323.347
323.172
322.999
322.828
322.659
322.492
322.326
322.161
321.998
321.835
321.674
321.513
321.354
321.195
321.036
320.878
320.721
320.564
320.407
320.251
320.094
319.938
319.782
319.625
319.469
319.313
319.156
318.999
318.842
318.684
318.526
318.367
318.208
318.048
317.886
317.723
317.558
325.487
325.548
325.609
325.673
325.738
325.806
325.875
325.946
326.019
326.094
326.171
326.251
326.332
326.416
326.502
326.59
326.68
326.773
326.868
326.965
327.065
327.167
327.272
327.378
327.488
327.599
327.714
327.83
327.949
328.07
328.193
328.318
328.446
328.576
328.707
328.841
328.976
329.113
329.252
329.391
329.532
329.675
329.817
329.961
330.105
330.249
330.393
330.536
330.679
330.821
330.961
331.1
331.237
331.371
331.502
331.63
331.754
331.874
331.989
332.1
332.204
332.303
332.394
332.479
332.555
332.624
332.684
332.735
332.777
332.809
332.83
332.841
332.841
332.831
332.809
332.775
332.731
332.675
332.607
332.529
332.44
332.34
332.23
332.11
331.981
331.842
331.696
331.542
331.381
331.213
331.039
330.86
330.677
330.49
330.299
330.105
329.909
329.711
329.512
329.312
329.111
328.91
328.71
328.509
328.31
328.111
327.914
327.718
327.523
327.33
327.139
326.949
326.761
326.575
326.391
326.209
326.028
325.85
325.672
325.497
325.323
325.151
324.98
324.811
324.643
324.476
324.31
324.145
323.981
323.818
323.656
323.495
323.334
323.173
323.014
322.854
322.695
322.536
322.377
322.218
322.059
321.901
321.742
321.583
321.424
321.264
321.104
320.944
320.784
320.623
320.462
320.3
320.138
319.974
319.81
319.645
319.478
319.31
319.139
318.966
318.79
326.748
326.801
326.855
326.911
326.968
327.026
327.086
327.146
327.209
327.273
327.338
327.404
327.473
327.542
327.614
327.686
327.761
327.837
327.914
327.993
328.074
328.157
328.24
328.326
328.413
328.502
328.592
328.684
328.777
328.872
328.969
329.066
329.165
329.266
329.367
329.47
329.574
329.679
329.785
329.891
329.998
330.106
330.214
330.323
330.432
330.54
330.648
330.756
330.863
330.97
331.075
331.179
331.281
331.381
331.479
331.575
331.668
331.758
331.845
331.928
332.007
332.081
332.151
332.216
332.275
332.328
332.376
332.417
332.451
332.478
332.497
332.509
332.513
332.509
332.497
332.476
332.448
332.41
332.365
332.311
332.249
332.178
332.1
332.014
331.921
331.821
331.714
331.601
331.482
331.358
331.228
331.094
330.955
330.813
330.667
330.518
330.366
330.212
330.056
329.898
329.739
329.578
329.417
329.255
329.093
328.93
328.767
328.604
328.441
328.278
328.116
327.953
327.792
327.63
327.47
327.309
327.149
326.99
326.831
326.672
326.514
326.357
326.199
326.042
325.885
325.729
325.573
325.417
325.26
325.104
324.948
324.792
324.636
324.48
324.324
324.167
324.01
323.853
323.695
323.537
323.379
323.22
323.06
322.901
322.74
322.579
322.417
322.255
322.092
321.928
321.763
321.598
321.431
321.264
321.095
320.924
320.752
320.577
320.399
320.218
320.03
327.892
327.939
327.986
328.034
328.083
328.133
328.183
328.235
328.287
328.341
328.395
328.451
328.507
328.564
328.622
328.681
328.742
328.803
328.865
328.928
328.992
329.057
329.123
329.19
329.258
329.326
329.396
329.467
329.538
329.61
329.683
329.757
329.832
329.907
329.983
330.059
330.136
330.213
330.291
330.369
330.447
330.526
330.604
330.683
330.761
330.839
330.917
330.994
331.07
331.146
331.22
331.294
331.366
331.437
331.506
331.574
331.639
331.702
331.763
331.821
331.877
331.929
331.978
332.024
332.066
332.103
332.137
332.166
332.191
332.211
332.226
332.235
332.239
332.238
332.23
332.218
332.199
332.174
332.144
332.107
332.065
332.017
331.963
331.904
331.839
331.769
331.694
331.614
331.529
331.44
331.347
331.25
331.149
331.045
330.937
330.827
330.714
330.598
330.48
330.36
330.238
330.114
329.989
329.862
329.733
329.604
329.473
329.341
329.208
329.075
328.94
328.805
328.669
328.532
328.394
328.256
328.117
327.978
327.838
327.697
327.556
327.414
327.271
327.128
326.984
326.839
326.694
326.548
326.401
326.254
326.106
325.957
325.807
325.656
325.505
325.353
325.2
325.046
324.891
324.735
324.579
324.421
324.263
324.104
323.943
323.782
323.62
323.457
323.292
323.127
322.961
322.793
322.624
322.454
322.282
322.108
321.932
321.753
321.57
321.381
321.186
328.807
328.848
328.889
328.931
328.973
329.016
329.059
329.103
329.147
329.192
329.238
329.284
329.331
329.378
329.425
329.474
329.522
329.572
329.621
329.672
329.722
329.774
329.825
329.878
329.93
329.983
330.037
330.091
330.145
330.2
330.255
330.31
330.365
330.421
330.477
330.533
330.589
330.645
330.701
330.757
330.813
330.869
330.925
330.98
331.035
331.09
331.144
331.197
331.25
331.302
331.353
331.403
331.452
331.5
331.547
331.592
331.636
331.678
331.719
331.757
331.794
331.829
331.861
331.891
331.918
331.942
331.964
331.983
331.999
332.012
332.021
332.027
332.029
332.027
332.022
332.013
332
331.983
331.962
331.937
331.908
331.875
331.838
331.797
331.752
331.704
331.652
331.596
331.537
331.474
331.408
331.338
331.266
331.191
331.113
331.032
330.948
330.862
330.774
330.683
330.59
330.495
330.398
330.299
330.197
330.095
329.99
329.883
329.775
329.665
329.554
329.44
329.326
329.209
329.092
328.972
328.851
328.729
328.605
328.48
328.354
328.226
328.096
327.965
327.833
327.699
327.564
327.428
327.29
327.151
327.01
326.868
326.725
326.58
326.434
326.287
326.138
325.988
325.837
325.684
325.53
325.375
325.219
325.061
324.902
324.741
324.58
324.417
324.253
324.087
323.92
323.752
323.582
323.411
323.238
323.062
322.884
322.702
322.516
322.324
322.122
329.354
329.392
329.429
329.467
329.505
329.544
329.583
329.622
329.661
329.701
329.741
329.782
329.822
329.863
329.905
329.946
329.988
330.03
330.073
330.115
330.158
330.201
330.245
330.288
330.332
330.375
330.419
330.463
330.508
330.552
330.596
330.64
330.684
330.729
330.773
330.817
330.861
330.904
330.948
330.991
331.034
331.077
331.119
331.161
331.202
331.243
331.283
331.323
331.361
331.4
331.437
331.473
331.509
331.543
331.577
331.609
331.64
331.669
331.698
331.724
331.75
331.773
331.795
331.815
331.834
331.85
331.864
331.877
331.887
331.894
331.9
331.902
331.903
331.9
331.896
331.888
331.877
331.864
331.848
331.829
331.807
331.782
331.754
331.723
331.69
331.653
331.614
331.572
331.527
331.479
331.428
331.375
331.319
331.261
331.2
331.136
331.07
331.001
330.93
330.856
330.78
330.702
330.621
330.539
330.453
330.366
330.277
330.185
330.092
329.996
329.898
329.798
329.696
329.592
329.486
329.378
329.268
329.156
329.042
328.927
328.809
328.69
328.568
328.445
328.32
328.193
328.064
327.934
327.802
327.668
327.532
327.395
327.256
327.115
326.973
326.829
326.683
326.536
326.387
326.237
326.085
325.932
325.777
325.62
325.462
325.303
325.142
324.98
324.816
324.651
324.484
324.316
324.146
323.975
323.801
323.625
323.446
323.264
323.076
322.882
322.678
308.393
308.155
307.922
307.692
307.467
307.245
307.026
306.809
306.593
306.377
306.16
305.942
305.721
305.498
305.272
305.042
304.809
304.573
304.333
304.089
303.843
303.595
303.346
303.096
302.847
302.599
302.355
302.115
301.882
301.658
301.444
301.242
301.055
300.884
300.73
300.595
300.478
300.378
300.296
300.229
300.175
300.132
300.098
300.073
300.053
300.038
300.028
300.02
300.015
300.011
300.01
308.393
308.156
307.922
307.693
307.467
307.245
307.026
306.809
306.593
306.377
306.16
305.942
305.722
305.499
305.272
305.043
304.81
304.573
304.333
304.09
303.844
303.596
303.347
303.097
302.847
302.6
302.355
302.116
301.883
301.658
301.444
301.242
301.055
300.884
300.73
300.595
300.478
300.378
300.296
300.229
300.175
300.132
300.098
300.073
300.053
300.038
300.028
300.02
300.015
300.011
300.01
308.394
308.156
307.923
307.694
307.468
307.246
307.027
306.81
306.594
306.378
306.161
305.943
305.723
305.5
305.274
305.044
304.811
304.575
304.334
304.091
303.845
303.597
303.348
303.098
302.849
302.601
302.357
302.117
301.884
301.659
301.445
301.243
301.056
300.885
300.731
300.596
300.478
300.379
300.296
300.229
300.175
300.132
300.099
300.073
300.053
300.039
300.028
300.02
300.015
300.011
300.01
308.396
308.158
307.924
307.695
307.47
307.248
307.029
306.812
306.595
306.38
306.163
305.945
305.725
305.502
305.276
305.046
304.813
304.577
304.337
304.094
303.848
303.6
303.351
303.101
302.851
302.604
302.359
302.12
301.886
301.662
301.447
301.245
301.058
300.886
300.732
300.597
300.479
300.38
300.297
300.229
300.175
300.132
300.099
300.073
300.053
300.039
300.028
300.02
300.015
300.011
300.01
308.398
308.16
307.927
307.697
307.472
307.25
307.031
306.814
306.598
306.382
306.166
305.948
305.728
305.505
305.279
305.05
304.817
304.581
304.341
304.098
303.852
303.604
303.355
303.105
302.856
302.608
302.363
302.123
301.89
301.665
301.45
301.248
301.06
300.888
300.734
300.598
300.48
300.38
300.298
300.23
300.176
300.133
300.099
300.073
300.053
300.039
300.028
300.02
300.015
300.011
300.01
308.401
308.163
307.93
307.701
307.475
307.254
307.035
306.818
306.602
306.386
306.17
305.952
305.732
305.51
305.284
305.055
304.822
304.586
304.347
304.104
303.858
303.61
303.361
303.111
302.862
302.614
302.369
302.129
301.895
301.67
301.455
301.252
301.064
300.892
300.737
300.6
300.482
300.382
300.299
300.231
300.176
300.133
300.099
300.073
300.054
300.039
300.028
300.02
300.015
300.011
300.01
308.406
308.168
307.935
307.705
307.48
307.258
307.04
306.823
306.607
306.392
306.176
305.958
305.739
305.516
305.291
305.062
304.83
304.594
304.355
304.112
303.866
303.619
303.369
303.12
302.87
302.622
302.377
302.136
301.902
301.676
301.461
301.257
301.069
300.896
300.74
300.603
300.484
300.384
300.3
300.232
300.177
300.134
300.1
300.074
300.054
300.039
300.028
300.02
300.015
300.011
300.01
308.412
308.175
307.941
307.712
307.487
307.265
307.047
306.83
306.615
306.4
306.184
305.967
305.748
305.526
305.301
305.072
304.84
304.605
304.366
304.123
303.878
303.63
303.381
303.131
302.881
302.633
302.388
302.147
301.912
301.685
301.469
301.265
301.075
300.901
300.745
300.607
300.487
300.386
300.302
300.233
300.178
300.135
300.1
300.074
300.054
300.039
300.028
300.02
300.015
300.011
300.01
308.42
308.183
307.95
307.721
307.496
307.274
307.056
306.84
306.625
306.41
306.195
305.978
305.76
305.538
305.314
305.086
304.854
304.619
304.38
304.138
303.893
303.646
303.396
303.146
302.896
302.647
302.401
302.16
301.924
301.697
301.479
301.274
301.083
300.908
300.751
300.612
300.491
300.389
300.304
300.235
300.18
300.136
300.101
300.075
300.055
300.04
300.028
300.02
300.015
300.011
300.01
308.431
308.195
307.961
307.732
307.508
307.286
307.069
306.853
306.638
306.424
306.209
305.993
305.775
305.555
305.331
305.103
304.873
304.638
304.399
304.158
303.913
303.665
303.416
303.166
302.915
302.666
302.419
302.177
301.94
301.711
301.492
301.286
301.093
300.917
300.758
300.618
300.496
300.393
300.307
300.237
300.181
300.137
300.102
300.075
300.055
300.04
300.029
300.021
300.015
300.012
300.01
308.446
308.21
307.976
307.748
307.523
307.302
307.085
306.869
306.656
306.442
306.228
306.013
305.795
305.576
305.352
305.126
304.896
304.662
304.424
304.182
303.938
303.69
303.441
303.19
302.939
302.689
302.442
302.198
301.96
301.73
301.509
301.301
301.106
300.928
300.767
300.625
300.502
300.398
300.311
300.24
300.183
300.138
300.103
300.076
300.056
300.04
300.029
300.021
300.015
300.012
300.01
308.465
308.229
307.996
307.767
307.543
307.322
307.105
306.891
306.678
306.465
306.252
306.038
305.821
305.602
305.38
305.154
304.925
304.692
304.454
304.213
303.969
303.721
303.472
303.221
302.969
302.718
302.47
302.224
301.985
301.752
301.53
301.319
301.122
300.941
300.779
300.634
300.509
300.403
300.315
300.244
300.186
300.14
300.105
300.077
300.056
300.041
300.029
300.021
300.015
300.012
300.01
308.489
308.253
308.02
307.792
307.568
307.348
307.132
306.918
306.706
306.494
306.282
306.068
305.853
305.635
305.414
305.19
304.961
304.729
304.492
304.251
304.007
303.76
303.51
303.259
303.006
302.754
302.504
302.257
302.015
301.78
301.555
301.341
301.141
300.958
300.792
300.646
300.518
300.41
300.321
300.248
300.189
300.143
300.106
300.079
300.057
300.041
300.03
300.021
300.016
300.012
300.01
308.52
308.284
308.051
307.823
307.599
307.38
307.164
306.951
306.74
306.53
306.319
306.107
305.893
305.676
305.456
305.233
305.006
304.774
304.538
304.298
304.054
303.807
303.557
303.305
303.051
302.797
302.545
302.296
302.051
301.814
301.585
301.368
301.165
300.978
300.809
300.659
300.529
300.419
300.327
300.253
300.193
300.145
300.108
300.08
300.058
300.042
300.03
300.022
300.016
300.012
300.01
308.558
308.322
308.09
307.861
307.638
307.42
307.205
306.993
306.783
306.574
306.364
306.154
305.941
305.726
305.508
305.286
305.06
304.83
304.595
304.355
304.111
303.864
303.613
303.36
303.105
302.85
302.595
302.343
302.095
301.854
301.621
301.4
301.193
301.002
300.829
300.675
300.542
300.429
300.335
300.258
300.197
300.149
300.111
300.082
300.06
300.043
300.031
300.022
300.016
300.012
300.01
308.605
308.37
308.137
307.909
307.686
307.468
307.254
307.044
306.835
306.627
306.42
306.211
306
305.787
305.57
305.35
305.126
304.896
304.662
304.423
304.18
303.932
303.681
303.427
303.17
302.913
302.655
302.4
302.148
301.902
301.665
301.439
301.226
301.03
300.853
300.695
300.557
300.441
300.344
300.265
300.202
300.153
300.114
300.084
300.061
300.044
300.032
300.023
300.017
300.013
300.011
308.664
308.428
308.195
307.967
307.745
307.528
307.315
307.105
306.898
306.692
306.486
306.28
306.071
305.86
305.645
305.427
305.204
304.976
304.743
304.505
304.262
304.014
303.762
303.506
303.248
302.987
302.727
302.467
302.211
301.96
301.717
301.485
301.266
301.064
300.881
300.718
300.576
300.455
300.355
300.274
300.209
300.157
300.117
300.086
300.063
300.045
300.032
300.023
300.017
300.013
300.011
308.735
308.499
308.266
308.038
307.816
307.599
307.388
307.18
306.974
306.77
306.566
306.362
306.156
305.947
305.734
305.518
305.297
305.071
304.839
304.602
304.359
304.111
303.858
303.6
303.339
303.076
302.811
302.547
302.285
302.028
301.779
301.539
301.314
301.104
300.914
300.745
300.597
300.472
300.368
300.284
300.216
300.163
300.121
300.089
300.065
300.047
300.033
300.024
300.017
300.013
300.011
308.821
308.585
308.351
308.123
307.901
307.686
307.475
307.268
307.065
306.863
306.662
306.46
306.256
306.05
305.84
305.627
305.408
305.183
304.953
304.716
304.474
304.225
303.971
303.711
303.448
303.18
302.911
302.641
302.373
302.109
301.851
301.604
301.37
301.152
300.954
300.777
300.623
300.491
300.383
300.295
300.225
300.169
300.126
300.092
300.067
300.048
300.035
300.025
300.018
300.014
300.011
308.926
308.688
308.453
308.225
308.003
307.788
307.579
307.374
307.173
306.973
306.775
306.576
306.375
306.172
305.965
305.754
305.538
305.316
305.087
304.851
304.609
304.359
304.104
303.842
303.575
303.303
303.028
302.752
302.476
302.203
301.937
301.679
301.435
301.208
301
300.814
300.652
300.514
300.401
300.309
300.235
300.176
300.131
300.096
300.07
300.05
300.036
300.026
300.018
300.014
300.012
309.051
308.811
308.575
308.347
308.125
307.911
307.702
307.499
307.3
307.103
306.908
306.712
306.515
306.315
306.112
305.904
305.69
305.47
305.243
305.008
304.766
304.516
304.259
303.995
303.723
303.447
303.165
302.881
302.597
302.314
302.037
301.768
301.512
301.273
301.054
300.859
300.687
300.542
300.422
300.324
300.246
300.185
300.137
300.1
300.073
300.052
300.037
300.027
300.019
300.014
300.012
309.2
308.958
308.721
308.491
308.269
308.055
307.848
307.647
307.45
307.256
307.064
306.872
306.678
306.482
306.283
306.078
305.868
305.651
305.425
305.192
304.95
304.699
304.44
304.172
303.897
303.614
303.325
303.033
302.738
302.444
302.154
301.872
301.603
301.35
301.118
300.91
300.728
300.574
300.446
300.343
300.26
300.195
300.144
300.105
300.076
300.055
300.039
300.028
300.02
300.015
300.013
309.377
309.132
308.893
308.662
308.439
308.226
308.02
307.82
307.626
307.435
307.246
307.058
306.869
306.677
306.481
306.281
306.074
305.86
305.636
305.404
305.162
304.911
304.649
304.378
304.098
303.808
303.511
303.209
302.902
302.595
302.291
301.994
301.709
301.44
301.193
300.971
300.777
300.611
300.475
300.364
300.276
300.206
300.152
300.111
300.08
300.057
300.041
300.029
300.021
300.016
300.013
309.588
309.338
309.096
308.863
308.639
308.426
308.22
308.023
307.831
307.643
307.458
307.274
307.089
306.902
306.711
306.516
306.312
306.101
305.88
305.649
305.408
305.155
304.891
304.616
304.33
304.033
303.727
303.413
303.093
302.771
302.45
302.136
301.832
301.546
301.281
301.042
300.833
300.655
300.509
300.39
300.295
300.22
300.162
300.118
300.085
300.061
300.043
300.03
300.022
300.016
300.014
309.836
309.582
309.335
309.099
308.874
308.66
308.455
308.259
308.069
307.885
307.704
307.525
307.345
307.162
306.977
306.785
306.586
306.378
306.16
305.931
305.69
305.436
305.17
304.89
304.597
304.292
303.975
303.648
303.314
302.975
302.635
302.3
301.976
301.668
301.383
301.125
300.899
300.707
300.548
300.419
300.316
300.235
300.173
300.126
300.09
300.064
300.045
300.032
300.023
300.017
300.014
310.129
309.868
309.616
309.376
309.149
308.933
308.728
308.533
308.346
308.165
307.988
307.813
307.638
307.461
307.28
307.094
306.9
306.695
306.48
306.252
306.012
305.757
305.488
305.203
304.904
304.589
304.261
303.919
303.568
303.21
302.849
302.492
302.144
301.812
301.503
301.223
300.976
300.767
300.594
300.454
300.342
300.254
300.186
300.135
300.096
300.068
300.048
300.034
300.024
300.018
300.015
310.472
310.203
309.945
309.7
309.469
309.251
309.045
308.85
308.665
308.486
308.313
308.143
307.973
307.802
307.627
307.446
307.256
307.056
306.843
306.618
306.377
306.121
305.849
305.56
305.253
304.928
304.587
304.23
303.861
303.481
303.097
302.714
302.338
301.978
301.642
301.336
301.067
300.838
300.649
300.494
300.371
300.275
300.201
300.145
300.103
300.073
300.051
300.036
300.026
300.019
300.016
310.875
310.595
310.329
310.077
309.841
309.619
309.412
309.216
309.032
308.856
308.686
308.52
308.355
308.189
308.019
307.844
307.659
307.463
307.254
307.03
306.79
306.533
306.258
305.963
305.649
305.314
304.959
304.585
304.195
303.793
303.382
302.97
302.563
302.172
301.804
301.469
301.173
300.921
300.712
300.542
300.406
300.299
300.218
300.157
300.112
300.079
300.055
300.038
300.027
300.02
300.017
311.346
311.053
310.776
310.516
310.273
310.046
309.835
309.637
309.452
309.277
309.11
308.948
308.787
308.626
308.462
308.291
308.111
307.919
307.713
307.492
307.253
306.995
306.717
306.417
306.095
305.749
305.38
304.988
304.577
304.149
303.709
303.264
302.824
302.397
301.993
301.623
301.297
301.019
300.786
300.597
300.446
300.328
300.238
300.171
300.121
300.085
300.059
300.041
300.029
300.021
300.018
311.893
311.585
311.296
311.025
310.772
310.538
310.321
310.12
309.933
309.757
309.591
309.431
309.274
309.117
308.957
308.791
308.615
308.427
308.224
308.005
307.767
307.509
307.228
306.924
306.594
306.237
305.853
305.443
305.009
304.553
304.082
303.602
303.124
302.656
302.212
301.804
301.443
301.133
300.873
300.661
300.492
300.361
300.261
300.186
300.132
300.092
300.064
300.044
300.031
300.023
300.019
312.528
312.202
311.896
311.612
311.347
311.103
310.878
310.67
310.478
310.3
310.133
309.973
309.818
309.664
309.507
309.345
309.172
308.988
308.788
308.571
308.334
308.075
307.793
307.484
307.147
306.78
306.382
305.953
305.495
305.011
304.506
303.988
303.468
302.955
302.466
302.014
301.613
301.266
300.974
300.736
300.547
300.4
300.288
300.205
300.144
300.1
300.069
300.048
300.033
300.024
300.02
313.258
312.911
312.588
312.287
312.007
311.75
311.513
311.295
311.096
310.912
310.74
310.578
310.422
310.268
310.113
309.952
309.782
309.6
309.402
309.187
308.951
308.693
308.409
308.096
307.753
307.377
306.966
306.519
306.038
305.525
304.985
304.427
303.86
303.299
302.76
302.259
301.811
301.421
301.092
300.824
300.61
300.444
300.318
300.225
300.158
300.109
300.075
300.052
300.036
300.026
300.021
314.091
313.722
313.378
313.057
312.759
312.485
312.232
312.001
311.79
311.596
311.417
311.249
311.088
310.932
310.774
310.613
310.442
310.261
310.064
309.85
309.615
309.357
309.072
308.758
308.41
308.026
307.603
307.14
306.637
306.095
305.52
304.92
304.306
303.692
303.099
302.543
302.04
301.601
301.229
300.925
300.683
300.495
300.354
300.249
300.173
300.119
300.082
300.056
300.039
300.028
300.023
315.03
314.638
314.271
313.928
313.609
313.313
313.041
312.792
312.565
312.356
312.164
311.985
311.816
311.651
311.488
311.322
311.149
310.965
310.768
310.553
310.319
310.061
309.776
309.46
309.11
308.72
308.288
307.812
307.289
306.722
306.113
305.471
304.808
304.14
303.486
302.868
302.305
301.809
301.387
301.041
300.766
300.553
300.393
300.276
300.191
300.131
300.089
300.061
300.042
300.03
300.024
316.074
315.659
315.267
314.899
314.554
314.234
313.939
313.667
313.418
313.189
312.979
312.784
312.6
312.423
312.249
312.074
311.894
311.705
311.504
311.287
311.052
310.794
310.509
310.193
309.841
309.449
309.012
308.525
307.987
307.397
306.759
306.077
305.366
304.641
303.923
303.238
302.606
302.046
301.568
301.174
300.861
300.619
300.438
300.305
300.21
300.143
300.097
300.066
300.045
300.032
300.026
317.213
316.772
316.354
315.959
315.587
315.239
314.916
314.617
314.341
314.088
313.853
313.636
313.432
313.237
313.047
312.858
312.666
312.468
312.26
312.038
311.8
311.541
311.256
310.941
310.589
310.197
309.757
309.265
308.716
308.11
307.445
306.729
305.972
305.191
304.408
303.651
302.945
302.314
301.772
301.324
300.967
300.693
300.488
300.338
300.232
300.157
300.106
300.071
300.049
300.035
300.028
318.416
317.951
317.506
317.082
316.681
316.303
315.95
315.62
315.314
315.031
314.767
314.522
314.292
314.073
313.862
313.654
313.446
313.234
313.016
312.786
312.543
312.281
311.995
311.68
311.331
310.94
310.502
310.009
309.455
308.838
308.155
307.41
306.612
305.778
304.932
304.101
303.318
302.609
301.997
301.488
301.084
300.773
300.541
300.373
300.254
300.171
300.115
300.077
300.052
300.037
300.03
319.63
319.141
318.67
318.219
317.789
317.382
316.997
316.635
316.297
315.98
315.685
315.408
315.148
314.901
314.664
314.433
314.204
313.975
313.743
313.502
313.251
312.984
312.697
312.383
312.036
311.649
311.215
310.725
310.173
309.551
308.857
308.092
307.262
306.383
305.477
304.575
303.713
302.925
302.237
301.664
301.207
300.856
300.596
300.409
300.277
300.185
300.123
300.082
300.055
300.039
300.031
320.761
320.252
319.76
319.286
318.83
318.395
317.982
317.59
317.22
316.871
316.544
316.235
315.944
315.668
315.403
315.147
314.896
314.648
314.399
314.146
313.885
313.612
313.321
313.007
312.663
312.282
311.854
311.371
310.824
310.206
309.509
308.733
307.882
306.967
306.011
305.046
304.11
303.244
302.48
301.841
301.33
300.939
300.65
300.443
300.298
300.199
300.132
300.087
300.059
300.041
300.033
321.68
321.157
320.649
320.157
319.683
319.227
318.79
318.374
317.978
317.603
317.248
316.913
316.595
316.292
316.003
315.724
315.453
315.187
314.923
314.658
314.388
314.109
313.815
313.501
313.159
312.783
312.362
311.888
311.35
310.739
310.047
309.269
308.407
307.471
306.479
305.465
304.467
303.533
302.701
302
301.44
301.011
300.696
300.472
300.316
300.21
300.138
300.091
300.061
300.043
300.034
322.226
321.696
321.179
320.678
320.193
319.725
319.275
318.845
318.434
318.043
317.672
317.319
316.984
316.666
316.361
316.068
315.784
315.507
315.233
314.961
314.685
314.401
314.106
313.791
313.452
313.08
312.665
312.198
311.668
311.065
310.379
309.605
308.743
307.798
306.79
305.747
304.712
303.731
302.853
302.109
301.513
301.058
300.726
300.49
300.327
300.216
300.142
300.094
300.063
300.044
300.035
)
;

boundaryField
{
    inlet
    {
        type            fixedValue;
        value           uniform 300;
    }
    outlet
    {
        type            zeroGradient;
    }
    top
    {
        type            zeroGradient;
    }
    slip-bottom
    {
        type            zeroGradient;
    }
    bottom
    {
        type            zeroGradient;
    }
    interface
    {
        type            fixedGradient;
        gradient        nonuniform List<scalar> 
161
(
2999.99
2999.99
2999.99
2999.99
2999.99
2999.99
2999.99
2999.99
2999.99
2999.99
2999.99
2999.99
2999.99
2999.99
2999.99
2999.99
2999.99
2999.99
2999.99
2999.99
-2.30216e-12
-2.30216e-12
-2.30216e-12
-2.30216e-12
-2.30216e-12
-2.30216e-12
-2.30216e-12
-2.30216e-12
-2.30216e-12
-2.30216e-12
-2.30216e-12
-2.30216e-12
-2.30216e-12
-2.30216e-12
-2.30216e-12
-2.30216e-12
-2.30216e-12
-2.30216e-12
-2.30216e-12
-2.30216e-12
-4.83169e-13
-4.83169e-13
-4.83169e-13
-4.83169e-13
-4.83169e-13
-4.83169e-13
-4.83169e-13
-4.83169e-13
-4.83169e-13
-4.83169e-13
-4.83169e-13
-4.83169e-13
-4.83169e-13
-4.83169e-13
-4.83169e-13
-4.83169e-13
-2.84217e-14
-2.84217e-14
-2.84217e-14
-2.84217e-14
-2.84217e-14
-2.84217e-14
-2.84217e-14
-2.84217e-14
-2.84217e-14
-2.84217e-14
-2.84217e-14
-2.84217e-14
-2.84217e-14
-2.84217e-14
-2.84217e-14
5.68434e-14
5.68434e-14
5.68434e-14
5.68434e-14
5.68434e-14
5.68434e-14
5.68434e-14
5.68434e-14
5.68434e-14
5.68434e-14
5.68434e-14
5.68434e-14
8.52651e-14
8.52651e-14
8.52651e-14
8.52651e-14
8.52651e-14
8.52651e-14
8.52651e-14
8.52651e-14
8.52651e-14
8.52651e-14
8.52651e-14
-2.84217e-13
-2.84217e-13
-2.84217e-13
-2.84217e-13
-2.84217e-13
-2.84217e-13
-2.84217e-13
-2.84217e-13
-2.84217e-13
-2.84217e-13
6.25278e-13
6.25278e-13
6.25278e-13
6.25278e-13
6.25278e-13
6.25278e-13
6.25278e-13
6.25278e-13
6.25278e-13
1.98952e-13
1.98952e-13
1.98952e-13
1.98952e-13
1.98952e-13
1.98952e-13
1.98952e-13
1.98952e-13
-7.10543e-13
-7.10543e-13
-7.10543e-13
-7.10543e-13
-7.10543e-13
-7.10543e-13
-7.10543e-13
-7.10543e-13
3.41061e-13
3.41061e-13
3.41061e-13
3.41061e-13
3.41061e-13
3.41061e-13
3.41061e-13
5.68434e-14
5.68434e-14
5.68434e-14
5.68434e-14
5.68434e-14
5.68434e-14
5.68434e-14
2.84217e-13
2.84217e-13
2.84217e-13
2.84217e-13
2.84217e-13
2.84217e-13
8.52651e-14
8.52651e-14
8.52651e-14
8.52651e-14
8.52651e-14
8.52651e-14
1.10845e-12
1.10845e-12
1.10845e-12
1.10845e-12
1.10845e-12
1.10845e-12
)
;
    }
    defaultFaces
    {
        type            empty;
    }
}


// ************************************************************************* //
