/*--------------------------------*- C++ -*----------------------------------*\
  =========                 |
  \\      /  F ield         | OpenFOAM: The Open Source CFD Toolbox
   \\    /   O peration     | Website:  https://openfoam.org
    \\  /    A nd           | Version:  7
     \\/     M anipulation  |
\*---------------------------------------------------------------------------*/
FoamFile
{
    version     2.0;
    format      ascii;
    class       volScalarField;
    location    "6.15";
    object      T;
}
// * * * * * * * * * * * * * * * * * * * * * * * * * * * * * * * * * * * * * //

dimensions      [0 0 0 1 0 0 0];

internalField   nonuniform List<scalar> 
12013
(
300.101
300.305
300.514
300.727
300.941
301.156
301.37
301.582
301.791
301.997
302.198
302.395
302.586
302.772
302.952
303.127
303.295
303.458
303.615
303.767
303.914
304.055
304.192
304.324
304.452
304.577
304.697
304.815
304.93
305.043
305.154
305.264
305.373
305.482
305.592
305.704
305.817
305.934
306.055
306.181
306.314
306.455
306.605
306.766
306.94
307.128
307.333
307.558
307.805
308.076
308.375
308.705
309.07
309.473
309.92
310.414
310.96
311.565
312.234
312.973
313.79
314.691
315.686
316.783
317.993
319.325
320.792
322.409
324.189
326.149
328.311
330.696
333.332
336.251
339.494
343.112
347.174
351.775
357.062
363.275
370.877
300.101
300.305
300.515
300.727
300.942
301.157
301.371
301.583
301.792
301.998
302.199
302.396
302.588
302.773
302.954
303.128
303.297
303.46
303.617
303.769
303.916
304.057
304.194
304.326
304.454
304.579
304.699
304.817
304.932
305.045
305.156
305.266
305.375
305.485
305.594
305.706
305.819
305.936
306.057
306.183
306.316
306.457
306.606
306.767
306.941
307.129
307.334
307.559
307.805
308.076
308.375
308.705
309.069
309.472
309.918
310.411
310.957
311.561
312.229
312.967
313.782
314.681
315.674
316.769
317.975
319.303
320.766
322.376
324.149
326.101
328.252
330.622
333.239
336.133
339.341
342.909
346.896
351.378
356.454
362.247
368.868
300.101
300.305
300.515
300.728
300.943
301.158
301.372
301.585
301.794
302
302.202
302.399
302.591
302.777
302.957
303.132
303.301
303.464
303.621
303.773
303.92
304.062
304.198
304.331
304.459
304.583
304.704
304.822
304.937
305.05
305.161
305.271
305.38
305.489
305.599
305.71
305.824
305.94
306.061
306.187
306.32
306.46
306.61
306.77
306.944
307.132
307.337
307.561
307.806
308.077
308.375
308.704
309.067
309.469
309.913
310.405
310.95
311.551
312.217
312.952
313.763
314.659
315.647
316.736
317.935
319.255
320.708
322.306
324.063
325.996
328.122
330.461
333.038
335.878
339.012
342.479
346.319
350.58
355.307
360.528
366.203
300.101
300.306
300.516
300.729
300.945
301.16
301.375
301.588
301.798
302.004
302.206
302.403
302.595
302.782
302.963
303.138
303.307
303.47
303.628
303.78
303.927
304.069
304.206
304.338
304.467
304.591
304.712
304.83
304.945
305.058
305.169
305.279
305.388
305.497
305.607
305.718
305.831
305.948
306.068
306.194
306.326
306.466
306.616
306.776
306.949
307.136
307.34
307.563
307.808
308.078
308.374
308.702
309.064
309.464
309.906
310.396
310.937
311.536
312.197
312.927
313.733
314.623
315.603
316.682
317.87
319.176
320.613
322.19
323.923
325.824
327.911
330.201
332.714
335.471
338.496
341.814
345.45
349.424
353.744
358.391
363.293
300.101
300.307
300.517
300.731
300.947
301.163
301.379
301.592
301.803
302.01
302.212
302.41
302.603
302.79
302.971
303.146
303.316
303.48
303.638
303.79
303.938
304.08
304.217
304.35
304.478
304.603
304.724
304.841
304.957
305.069
305.18
305.29
305.399
305.508
305.618
305.729
305.842
305.958
306.079
306.204
306.336
306.475
306.624
306.784
306.956
307.142
307.346
307.568
307.811
308.079
308.374
308.7
309.059
309.457
309.896
310.382
310.919
311.513
312.168
312.892
313.69
314.569
315.538
316.604
317.775
319.062
320.475
322.023
323.72
325.578
327.611
329.833
332.26
334.907
337.791
340.924
344.318
347.975
351.882
356.005
360.277
300.102
300.308
300.519
300.734
300.951
301.168
301.384
301.598
301.81
302.017
302.221
302.419
302.613
302.8
302.982
303.158
303.329
303.493
303.651
303.804
303.952
304.094
304.232
304.365
304.494
304.618
304.74
304.857
304.973
305.086
305.197
305.306
305.415
305.524
305.634
305.744
305.857
305.973
306.093
306.218
306.349
306.488
306.636
306.795
306.966
307.151
307.353
307.574
307.815
308.081
308.374
308.697
309.053
309.447
309.882
310.363
310.894
311.481
312.129
312.843
313.63
314.497
315.45
316.498
317.647
318.908
320.289
321.799
323.45
325.252
327.215
329.351
331.672
334.186
336.904
339.829
342.963
346.297
349.81
353.468
357.219
300.102
300.309
300.522
300.738
300.955
301.174
301.391
301.606
301.819
302.028
302.232
302.432
302.626
302.815
302.998
303.174
303.345
303.51
303.67
303.823
303.971
304.114
304.252
304.386
304.515
304.639
304.761
304.879
304.994
305.107
305.218
305.328
305.437
305.545
305.654
305.765
305.877
305.993
306.112
306.236
306.367
306.505
306.652
306.809
306.979
307.163
307.363
307.582
307.821
308.084
308.374
308.693
309.046
309.435
309.864
310.339
310.863
311.441
312.078
312.78
313.553
314.403
315.336
316.36
317.482
318.71
320.051
321.514
323.108
324.84
326.72
328.755
330.953
333.317
335.853
338.558
341.426
344.446
347.595
350.843
354.151
300.103
300.311
300.525
300.742
300.961
301.181
301.4
301.617
301.831
302.041
302.247
302.448
302.643
302.833
303.017
303.195
303.367
303.533
303.693
303.847
303.996
304.14
304.278
304.412
304.541
304.667
304.788
304.907
305.022
305.135
305.246
305.355
305.464
305.573
305.681
305.791
305.903
306.018
306.137
306.26
306.39
306.527
306.672
306.828
306.996
307.178
307.376
307.592
307.829
308.089
308.375
308.689
309.037
309.42
309.842
310.308
310.823
311.39
312.014
312.701
313.456
314.286
315.195
316.19
317.278
318.465
319.759
321.166
322.692
324.344
326.128
328.049
330.111
332.314
334.659
337.14
339.749
342.471
345.288
348.174
351.099
300.104
300.314
300.529
300.748
300.969
301.191
301.411
301.63
301.846
302.058
302.265
302.468
302.665
302.857
303.042
303.221
303.395
303.562
303.723
303.878
304.028
304.172
304.311
304.446
304.576
304.701
304.823
304.942
305.057
305.17
305.281
305.391
305.499
305.607
305.716
305.825
305.936
306.05
306.168
306.291
306.419
306.555
306.699
306.853
307.019
307.198
307.394
307.607
307.84
308.095
308.376
308.685
309.026
309.402
309.816
310.272
310.775
311.328
311.937
312.606
313.34
314.144
315.024
315.985
317.033
318.173
319.411
320.753
322.202
323.765
325.443
327.241
329.158
331.195
333.346
335.607
337.967
340.413
342.929
345.493
348.083
300.105
300.317
300.534
300.756
300.979
301.202
301.425
301.646
301.864
302.079
302.288
302.493
302.692
302.886
303.073
303.254
303.429
303.597
303.76
303.916
304.067
304.213
304.353
304.488
304.618
304.745
304.867
304.986
305.101
305.215
305.325
305.435
305.543
305.651
305.759
305.867
305.978
306.091
306.208
306.329
306.456
306.59
306.732
306.884
307.047
307.224
307.416
307.625
307.854
308.104
308.379
308.682
309.015
309.381
309.785
310.229
310.718
311.256
311.846
312.493
313.202
313.977
314.823
315.744
316.746
317.833
319.009
320.278
321.643
323.109
324.675
326.343
328.112
329.98
331.941
333.989
336.115
338.307
340.549
342.827
345.123
300.106
300.32
300.541
300.765
300.99
301.217
301.443
301.667
301.887
302.104
302.317
302.524
302.726
302.921
303.111
303.294
303.471
303.641
303.805
303.963
304.116
304.262
304.403
304.54
304.671
304.798
304.921
305.04
305.156
305.269
305.38
305.489
305.597
305.704
305.812
305.92
306.029
306.141
306.257
306.376
306.502
306.634
306.773
306.923
307.083
307.256
307.444
307.649
307.872
308.117
308.385
308.68
309.003
309.359
309.751
310.181
310.654
311.173
311.741
312.363
313.043
313.785
314.592
315.469
316.42
317.447
318.555
319.746
321.022
322.385
323.834
325.37
326.991
328.693
330.47
332.317
334.224
336.182
338.178
340.2
342.235
300.107
300.325
300.548
300.776
301.005
301.235
301.464
301.691
301.915
302.136
302.351
302.562
302.767
302.965
303.157
303.343
303.522
303.695
303.861
304.021
304.175
304.323
304.465
304.603
304.735
304.863
304.986
305.106
305.222
305.336
305.447
305.556
305.663
305.77
305.877
305.984
306.092
306.203
306.317
306.435
306.558
306.688
306.825
306.971
307.128
307.297
307.481
307.68
307.897
308.134
308.395
308.68
308.993
309.337
309.715
310.129
310.583
311.08
311.624
312.218
312.866
313.571
314.335
315.164
316.058
317.022
318.057
319.165
320.348
321.605
322.937
324.341
325.815
327.356
328.959
330.616
332.322
334.066
335.84
337.634
339.436
300.109
300.331
300.558
300.789
301.022
301.256
301.489
301.721
301.949
302.174
302.393
302.607
302.816
303.018
303.213
303.402
303.584
303.759
303.928
304.09
304.246
304.396
304.541
304.679
304.813
304.942
305.066
305.186
305.303
305.417
305.528
305.637
305.744
305.85
305.956
306.062
306.169
306.279
306.391
306.507
306.628
306.754
306.889
307.031
307.184
307.349
307.526
307.719
307.93
308.159
308.41
308.685
308.986
309.316
309.678
310.074
310.508
310.981
311.498
312.061
312.673
313.337
314.056
314.832
315.667
316.563
317.523
318.546
319.633
320.785
321.999
323.274
324.607
325.995
327.432
328.914
330.434
331.985
333.558
335.147
336.743
300.111
300.337
300.569
300.805
301.043
301.282
301.52
301.757
301.99
302.219
302.443
302.662
302.875
303.081
303.281
303.473
303.659
303.837
304.009
304.174
304.333
304.485
304.631
304.772
304.907
305.037
305.162
305.283
305.401
305.514
305.626
305.734
305.841
305.947
306.052
306.157
306.263
306.37
306.48
306.594
306.712
306.836
306.966
307.105
307.253
307.412
307.584
307.77
307.973
308.193
308.434
308.697
308.985
309.3
309.644
310.02
310.431
310.878
311.365
311.895
312.469
313.09
313.76
314.48
315.254
316.081
316.963
317.9
318.893
319.939
321.039
322.189
323.388
324.631
325.915
327.235
328.585
329.96
331.353
332.759
334.17
300.114
300.345
300.582
300.824
301.068
301.313
301.557
301.799
302.038
302.273
302.503
302.728
302.945
303.157
303.361
303.558
303.748
303.93
304.106
304.274
304.436
304.591
304.739
304.882
305.019
305.151
305.277
305.399
305.517
305.632
305.743
305.851
305.958
306.063
306.167
306.271
306.375
306.481
306.589
306.7
306.815
306.935
307.062
307.196
307.339
307.492
307.657
307.836
308.029
308.24
308.469
308.719
308.992
309.29
309.616
309.97
310.356
310.776
311.232
311.726
312.26
312.835
313.455
314.119
314.829
315.587
316.391
317.243
318.142
319.087
320.076
321.108
322.18
323.288
324.43
325.601
326.797
328.013
329.245
330.486
331.733
300.117
300.354
300.598
300.846
301.097
301.349
301.6
301.85
302.096
302.338
302.574
302.805
303.029
303.246
303.456
303.659
303.854
304.041
304.221
304.393
304.558
304.717
304.868
305.013
305.153
305.286
305.414
305.538
305.656
305.771
305.883
305.991
306.097
306.201
306.304
306.407
306.51
306.613
306.719
306.827
306.939
307.055
307.177
307.307
307.444
307.591
307.748
307.918
308.102
308.302
308.519
308.756
309.013
309.293
309.598
309.929
310.289
310.68
311.103
311.56
312.052
312.582
313.15
313.757
314.405
315.092
315.821
316.59
317.399
318.246
319.131
320.051
321.005
321.989
323
324.036
325.092
326.165
327.25
328.345
329.444
300.121
300.366
300.617
300.873
301.132
301.392
301.652
301.91
302.164
302.414
302.659
302.897
303.129
303.353
303.569
303.778
303.979
304.172
304.357
304.534
304.704
304.866
305.021
305.169
305.311
305.447
305.577
305.701
305.821
305.937
306.049
306.157
306.263
306.366
306.468
306.569
306.67
306.771
306.874
306.979
307.088
307.2
307.317
307.441
307.572
307.712
307.862
308.023
308.197
308.385
308.589
308.81
309.051
309.312
309.596
309.904
310.237
310.597
310.987
311.406
311.857
312.34
312.857
313.407
313.993
314.613
315.268
315.957
316.68
317.435
318.222
319.039
319.883
320.753
321.645
322.558
323.487
324.431
325.386
326.349
327.317
300.125
300.379
300.639
300.905
301.174
301.443
301.713
301.98
302.244
302.504
302.758
303.005
303.246
303.478
303.703
303.919
304.127
304.327
304.518
304.701
304.875
305.042
305.201
305.353
305.498
305.636
305.768
305.895
306.016
306.133
306.245
306.353
306.458
306.561
306.662
306.761
306.86
306.959
307.059
307.161
307.265
307.373
307.486
307.604
307.728
307.861
308.002
308.153
308.317
308.493
308.683
308.889
309.112
309.354
309.616
309.899
310.205
310.536
310.891
311.273
311.682
312.119
312.586
313.081
313.607
314.162
314.747
315.361
316.003
316.673
317.369
318.09
318.834
319.599
320.384
321.185
322.001
322.83
323.668
324.513
325.363
300.13
300.394
300.666
300.942
301.222
301.503
301.784
302.063
302.339
302.61
302.875
303.133
303.383
303.626
303.86
304.085
304.301
304.508
304.707
304.896
305.077
305.249
305.413
305.569
305.718
305.859
305.994
306.122
306.245
306.362
306.475
306.584
306.689
306.791
306.89
306.988
307.085
307.182
307.279
307.377
307.477
307.58
307.687
307.799
307.917
308.041
308.174
308.316
308.468
308.631
308.808
308.998
309.204
309.426
309.666
309.924
310.203
310.503
310.825
311.17
311.539
311.932
312.35
312.793
313.261
313.755
314.274
314.817
315.385
315.975
316.588
317.221
317.874
318.545
319.233
319.934
320.649
321.374
322.107
322.848
323.593
300.136
300.412
300.696
300.986
301.279
301.574
301.868
302.161
302.45
302.734
303.011
303.282
303.545
303.799
304.044
304.279
304.505
304.721
304.928
305.125
305.313
305.491
305.661
305.822
305.974
306.119
306.257
306.388
306.512
306.631
306.745
306.854
306.958
307.06
307.158
307.254
307.349
307.443
307.537
307.631
307.727
307.825
307.927
308.032
308.143
308.259
308.383
308.515
308.655
308.806
308.969
309.143
309.331
309.534
309.752
309.986
310.238
310.509
310.798
311.108
311.438
311.788
312.16
312.554
312.969
313.405
313.863
314.341
314.84
315.358
315.895
316.449
317.02
317.606
318.206
318.819
319.442
320.075
320.716
321.362
322.014
300.143
300.434
300.732
301.037
301.346
301.656
301.967
302.275
302.58
302.879
303.172
303.457
303.733
304.001
304.258
304.506
304.743
304.97
305.186
305.392
305.588
305.773
305.949
306.115
306.273
306.422
306.563
306.697
306.823
306.944
307.058
307.167
307.272
307.373
307.47
307.564
307.657
307.748
307.838
307.929
308.021
308.114
308.21
308.309
308.412
308.521
308.635
308.757
308.886
309.024
309.172
309.331
309.502
309.686
309.882
310.094
310.32
310.562
310.821
311.096
311.389
311.7
312.029
312.377
312.742
313.126
313.527
313.947
314.383
314.835
315.304
315.787
316.284
316.795
317.317
317.85
318.392
318.943
319.501
320.065
320.634
300.151
300.458
300.774
301.097
301.424
301.753
302.082
302.408
302.731
303.048
303.358
303.66
303.953
304.236
304.509
304.77
305.02
305.259
305.486
305.702
305.906
306.1
306.283
306.456
306.619
306.772
306.917
307.054
307.183
307.305
307.421
307.53
307.635
307.735
307.831
307.924
308.014
308.102
308.189
308.276
308.363
308.451
308.541
308.634
308.73
308.831
308.936
309.047
309.166
309.292
309.426
309.57
309.724
309.889
310.065
310.254
310.456
310.671
310.901
311.145
311.404
311.678
311.968
312.272
312.593
312.929
313.279
313.645
314.025
314.419
314.826
315.246
315.678
316.121
316.574
317.037
317.508
317.986
318.471
318.961
319.456
300.161
300.487
300.824
301.167
301.515
301.865
302.215
302.564
302.907
303.245
303.576
303.897
304.209
304.51
304.799
305.076
305.341
305.593
305.833
306.06
306.275
306.477
306.668
306.848
307.017
307.176
307.325
307.465
307.597
307.721
307.837
307.948
308.052
308.152
308.246
308.338
308.425
308.511
308.595
308.678
308.76
308.843
308.928
309.014
309.103
309.195
309.292
309.393
309.501
309.615
309.736
309.865
310.003
310.151
310.308
310.476
310.655
310.846
311.048
311.263
311.491
311.731
311.985
312.251
312.531
312.823
313.129
313.446
313.776
314.118
314.471
314.835
315.209
315.593
315.985
316.386
316.794
317.208
317.629
318.054
318.484
300.172
300.521
300.881
301.248
301.621
301.996
302.371
302.744
303.113
303.475
303.828
304.172
304.505
304.827
305.135
305.43
305.711
305.979
306.232
306.472
306.698
306.91
307.11
307.297
307.473
307.637
307.791
307.935
308.07
308.196
308.314
308.425
308.529
308.628
308.722
308.811
308.897
308.98
309.06
309.139
309.217
309.295
309.374
309.454
309.536
309.62
309.708
309.8
309.897
310
310.109
310.224
310.347
310.478
310.618
310.766
310.924
311.092
311.27
311.459
311.658
311.868
312.089
312.321
312.565
312.819
313.084
313.359
313.645
313.941
314.246
314.561
314.884
315.215
315.554
315.901
316.253
316.612
316.976
317.345
317.717
300.185
300.561
300.948
301.343
301.745
302.149
302.553
302.954
303.351
303.741
304.121
304.491
304.848
305.192
305.522
305.837
306.137
306.421
306.69
306.943
307.181
307.405
307.614
307.81
307.993
308.163
308.321
308.469
308.607
308.735
308.855
308.966
309.071
309.169
309.262
309.349
309.433
309.512
309.59
309.665
309.738
309.812
309.885
309.958
310.034
310.111
310.191
310.274
310.361
310.453
310.55
310.653
310.762
310.878
311.001
311.132
311.271
311.418
311.574
311.739
311.913
312.096
312.288
312.49
312.701
312.921
313.151
313.389
313.636
313.892
314.156
314.427
314.706
314.993
315.285
315.584
315.889
316.199
316.513
316.832
317.155
300.2
300.607
301.026
301.454
301.888
302.326
302.763
303.198
303.627
304.048
304.459
304.858
305.243
305.613
305.967
306.304
306.624
306.927
307.212
307.48
307.732
307.967
308.186
308.391
308.581
308.757
308.921
309.073
309.213
309.344
309.465
309.577
309.682
309.779
309.87
309.956
310.037
310.114
310.188
310.26
310.329
310.397
310.465
310.533
310.602
310.672
310.744
310.819
310.897
310.979
311.066
311.157
311.253
311.356
311.464
311.579
311.701
311.83
311.966
312.11
312.261
312.42
312.588
312.763
312.946
313.137
313.335
313.541
313.755
313.976
314.204
314.438
314.679
314.926
315.178
315.437
315.7
315.967
316.239
316.515
316.794
300.218
300.66
301.116
301.582
302.055
302.531
303.007
303.48
303.946
304.404
304.849
305.28
305.696
306.095
306.475
306.837
307.179
307.502
307.805
308.089
308.354
308.602
308.832
309.045
309.242
309.425
309.594
309.75
309.893
310.026
310.148
310.261
310.365
310.462
310.552
310.636
310.715
310.789
310.859
310.927
310.992
311.056
311.119
311.181
311.244
311.308
311.373
311.44
311.51
311.583
311.66
311.741
311.826
311.916
312.011
312.112
312.219
312.332
312.451
312.576
312.708
312.847
312.992
313.144
313.303
313.468
313.64
313.819
314.003
314.194
314.391
314.594
314.802
315.015
315.234
315.456
315.684
315.915
316.15
316.388
316.63
300.238
300.722
301.221
301.731
302.249
302.769
303.29
303.806
304.315
304.813
305.297
305.765
306.215
306.645
307.055
307.442
307.808
308.152
308.474
308.775
309.055
309.315
309.555
309.777
309.982
310.171
310.344
310.504
310.65
310.784
310.908
311.021
311.125
311.22
311.309
311.391
311.467
311.539
311.606
311.67
311.732
311.791
311.849
311.907
311.964
312.022
312.081
312.141
312.204
312.269
312.337
312.408
312.483
312.563
312.647
312.735
312.829
312.928
313.032
313.142
313.257
313.378
313.505
313.637
313.775
313.919
314.068
314.223
314.383
314.549
314.719
314.895
315.075
315.26
315.449
315.642
315.838
316.039
316.242
316.448
316.658
300.262
300.795
301.343
301.904
302.473
303.045
303.616
304.182
304.739
305.283
305.81
306.319
306.806
307.271
307.711
308.127
308.518
308.884
309.226
309.543
309.838
310.11
310.36
310.591
310.803
310.997
311.175
311.338
311.486
311.622
311.745
311.858
311.962
312.056
312.143
312.223
312.297
312.366
312.43
312.491
312.549
312.604
312.658
312.711
312.764
312.816
312.87
312.924
312.98
313.039
313.099
313.163
313.23
313.3
313.374
313.453
313.535
313.622
313.714
313.81
313.911
314.017
314.128
314.244
314.365
314.49
314.621
314.756
314.895
315.04
315.188
315.341
315.497
315.658
315.822
315.99
316.161
316.334
316.511
316.69
316.872
300.29
300.879
301.485
302.105
302.733
303.364
303.993
304.616
305.226
305.821
306.397
306.949
307.478
307.979
308.453
308.898
309.315
309.703
310.064
310.398
310.706
310.99
311.25
311.489
311.707
311.905
312.087
312.251
312.401
312.538
312.661
312.774
312.876
312.969
313.054
313.132
313.204
313.27
313.332
313.39
313.444
313.497
313.547
313.596
313.645
313.693
313.742
313.791
313.842
313.895
313.95
314.007
314.067
314.13
314.196
314.266
314.339
314.417
314.498
314.584
314.673
314.767
314.865
314.967
315.073
315.184
315.299
315.417
315.54
315.666
315.796
315.93
316.067
316.207
316.351
316.497
316.646
316.798
316.952
317.108
317.267
300.322
300.976
301.649
302.337
303.033
303.732
304.427
305.113
305.784
306.436
307.064
307.665
308.236
308.776
309.284
309.759
310.202
310.613
310.992
311.341
311.662
311.956
312.225
312.469
312.692
312.894
313.078
313.244
313.395
313.531
313.654
313.765
313.866
313.958
314.041
314.117
314.187
314.251
314.31
314.366
314.418
314.467
314.515
314.561
314.607
314.652
314.697
314.743
314.79
314.839
314.889
314.941
314.996
315.054
315.114
315.177
315.244
315.314
315.387
315.464
315.544
315.628
315.716
315.807
315.902
316.001
316.102
316.208
316.316
316.428
316.543
316.661
316.782
316.906
317.032
317.161
317.292
317.425
317.56
317.697
317.836
300.359
301.089
301.84
302.606
303.38
304.156
304.926
305.683
306.421
307.135
307.819
308.471
309.088
309.668
310.211
310.715
311.183
311.614
312.01
312.373
312.704
313.007
313.281
313.53
313.756
313.96
314.144
314.311
314.461
314.596
314.718
314.828
314.928
315.018
315.1
315.174
315.242
315.304
315.362
315.416
315.466
315.514
315.56
315.605
315.649
315.692
315.736
315.78
315.824
315.87
315.918
315.967
316.019
316.072
316.129
316.187
316.249
316.314
316.381
316.452
316.525
316.602
316.682
316.765
316.851
316.939
317.031
317.126
317.224
317.324
317.427
317.532
317.64
317.75
317.862
317.976
318.092
318.21
318.329
318.45
318.572
300.402
301.22
302.06
302.916
303.78
304.643
305.497
306.333
307.145
307.925
308.67
309.375
310.038
310.658
311.234
311.766
312.255
312.704
313.114
313.488
313.827
314.135
314.413
314.664
314.891
315.095
315.279
315.444
315.593
315.727
315.847
315.956
316.054
316.142
316.223
316.296
316.363
316.425
316.482
316.535
316.586
316.634
316.68
316.724
316.768
316.811
316.855
316.898
316.943
316.988
317.035
317.083
317.133
317.185
317.239
317.296
317.354
317.416
317.48
317.546
317.615
317.686
317.761
317.837
317.917
317.998
318.083
318.169
318.258
318.349
318.442
318.538
318.635
318.734
318.834
318.936
319.04
319.145
319.252
319.359
319.467
300.452
301.371
302.314
303.273
304.239
305.201
306.148
307.072
307.962
308.814
309.621
310.38
311.088
311.745
312.35
312.906
313.414
313.876
314.296
314.676
315.019
315.329
315.607
315.858
316.083
316.286
316.468
316.631
316.778
316.91
317.029
317.136
317.233
317.321
317.401
317.475
317.542
317.605
317.663
317.718
317.769
317.819
317.867
317.913
317.959
318.004
318.049
318.095
318.141
318.187
318.235
318.285
318.335
318.388
318.442
318.498
318.556
318.616
318.678
318.742
318.809
318.877
318.947
319.02
319.095
319.171
319.25
319.33
319.413
319.496
319.582
319.669
319.758
319.848
319.939
320.031
320.125
320.219
320.314
320.41
320.507
300.51
301.545
302.606
303.684
304.765
305.837
306.888
307.905
308.88
309.804
310.673
311.483
312.233
312.922
313.552
314.125
314.645
315.115
315.539
315.92
316.263
316.571
316.847
317.095
317.317
317.516
317.695
317.855
318
318.13
318.248
318.355
318.452
318.541
318.622
318.698
318.767
318.832
318.894
318.952
319.007
319.06
319.112
319.162
319.212
319.261
319.311
319.36
319.41
319.46
319.511
319.564
319.617
319.672
319.728
319.785
319.844
319.904
319.966
320.03
320.095
320.162
320.231
320.301
320.372
320.445
320.52
320.595
320.672
320.751
320.83
320.911
320.992
321.075
321.158
321.242
321.327
321.412
321.498
321.584
321.671
300.576
301.745
302.942
304.154
305.364
306.558
307.72
308.837
309.898
310.894
311.821
312.676
313.459
314.173
314.82
315.403
315.927
316.397
316.818
317.195
317.532
317.834
318.104
318.347
318.564
318.759
318.935
319.093
319.236
319.366
319.485
319.593
319.692
319.783
319.868
319.947
320.022
320.092
320.158
320.222
320.283
320.342
320.4
320.457
320.513
320.568
320.623
320.678
320.734
320.789
320.845
320.902
320.96
321.018
321.077
321.137
321.198
321.26
321.324
321.388
321.453
321.52
321.587
321.655
321.725
321.795
321.867
321.939
322.012
322.085
322.16
322.234
322.31
322.386
322.462
322.539
322.616
322.693
322.771
322.848
322.926
300.652
301.974
303.325
304.688
306.042
307.369
308.649
309.867
311.011
312.075
313.052
313.94
314.743
315.465
316.114
316.695
317.214
317.678
318.091
318.46
318.789
319.084
319.348
319.584
319.797
319.988
320.162
320.319
320.462
320.594
320.714
320.825
320.929
321.025
321.115
321.2
321.281
321.358
321.432
321.503
321.572
321.64
321.705
321.77
321.833
321.896
321.959
322.021
322.083
322.145
322.207
322.269
322.331
322.394
322.457
322.52
322.584
322.648
322.713
322.779
322.844
322.911
322.978
323.045
323.113
323.181
323.249
323.318
323.387
323.457
323.526
323.596
323.666
323.736
323.806
323.876
323.946
324.015
324.085
324.154
324.224
300.738
302.233
303.759
305.29
306.802
308.27
309.672
310.988
312.2
313.306
314.308
315.211
316.02
316.742
317.385
317.957
318.466
318.917
319.319
319.677
319.997
320.282
320.539
320.769
320.978
321.167
321.339
321.496
321.641
321.775
321.9
322.016
322.125
322.228
322.325
322.418
322.507
322.592
322.675
322.755
322.833
322.908
322.983
323.056
323.128
323.199
323.269
323.338
323.407
323.475
323.543
323.61
323.678
323.744
323.811
323.878
323.944
324.01
324.076
324.143
324.209
324.275
324.341
324.407
324.473
324.538
324.604
324.67
324.735
324.8
324.865
324.93
324.994
325.058
325.122
325.186
325.249
325.311
325.373
325.435
325.496
300.833
302.524
304.243
305.96
307.642
309.249
310.747
312.126
313.381
314.513
315.527
316.432
317.235
317.946
318.575
319.131
319.623
320.059
320.446
320.79
321.098
321.374
321.623
321.847
322.052
322.239
322.411
322.569
322.717
322.854
322.983
323.105
323.221
323.331
323.436
323.537
323.634
323.728
323.819
323.907
323.994
324.078
324.161
324.241
324.321
324.399
324.476
324.552
324.626
324.7
324.773
324.844
324.915
324.986
325.055
325.124
325.192
325.26
325.327
325.393
325.459
325.524
325.589
325.653
325.717
325.78
325.842
325.904
325.966
326.027
326.087
326.147
326.206
326.264
326.322
326.379
326.435
326.491
326.546
326.601
326.655
300.935
302.835
304.765
306.679
308.502
310.205
311.771
313.193
314.47
315.609
316.619
317.51
318.295
318.985
319.592
320.126
320.597
321.013
321.383
321.713
322.008
322.273
322.514
322.733
322.934
323.118
323.29
323.449
323.599
323.74
323.873
324
324.121
324.237
324.348
324.456
324.56
324.66
324.758
324.854
324.947
325.037
325.126
325.213
325.298
325.381
325.463
325.543
325.622
325.7
325.776
325.851
325.924
325.996
326.068
326.138
326.207
326.275
326.342
326.408
326.473
326.537
326.6
326.662
326.724
326.784
326.844
326.902
326.96
327.017
327.073
327.128
327.182
327.236
327.288
327.34
327.391
327.441
327.49
327.538
327.586
301.025
303.116
305.242
307.286
309.203
310.967
312.567
314.002
315.277
316.404
317.394
318.263
319.023
319.688
320.271
320.783
321.233
321.632
321.986
322.302
322.586
322.843
323.076
323.289
323.486
323.669
323.838
323.998
324.148
324.29
324.425
324.555
324.678
324.797
324.912
325.023
325.131
325.235
325.337
325.436
325.532
325.626
325.718
325.808
325.896
325.982
326.066
326.149
326.23
326.309
326.387
326.463
326.538
326.611
326.683
326.754
326.823
326.891
326.958
327.023
327.088
327.151
327.213
327.274
327.334
327.392
327.45
327.506
327.562
327.616
327.67
327.722
327.773
327.823
327.873
327.921
327.968
328.014
328.06
328.104
328.148
381.041
388.992
395.684
401.521
406.704
411.342
415.496
419.2
422.471
425.307
427.7
429.626
431.052
431.928
432.19
431.747
430.469
428.161
424.492
418.804
409.451
403.118
398.267
394.296
390.916
387.965
385.343
382.981
380.83
378.853
377.024
375.319
373.722
372.217
370.794
369.441
368.151
366.916
365.73
364.588
363.484
362.415
361.377
360.366
359.38
358.417
357.473
356.546
355.636
354.74
353.856
352.984
352.123
351.27
350.426
349.589
348.758
347.934
347.116
346.303
345.494
344.69
343.891
343.095
342.304
341.518
340.735
339.956
339.182
338.413
337.648
336.888
336.133
335.383
334.639
333.901
333.17
332.445
331.727
331.017
330.315
329.621
328.936
328.261
327.595
326.94
326.295
325.661
325.039
324.429
323.831
323.245
322.673
322.114
321.568
321.036
320.518
320.014
319.524
319.048
318.587
318.14
317.706
317.288
316.883
316.491
316.114
315.75
315.399
315.061
314.736
314.423
314.122
313.834
313.556
313.29
313.034
312.788
312.553
312.327
312.11
311.902
311.702
311.511
311.327
311.15
310.981
310.818
310.661
310.51
310.365
310.225
310.09
309.96
309.834
309.713
309.595
309.481
309.37
309.262
309.157
309.055
308.956
308.858
308.763
308.67
308.579
308.489
308.401
308.314
308.228
308.144
308.06
307.977
307.895
307.814
307.733
307.653
307.573
307.494
307.417
376.298
383.207
389.429
395.022
400.063
404.614
408.712
412.382
415.631
418.459
420.852
422.787
424.231
425.137
425.444
425.068
423.898
421.777
418.489
413.766
407.562
402.199
397.724
393.933
390.655
387.768
385.189
382.857
380.728
378.769
376.953
375.259
373.67
372.173
370.755
369.407
368.122
366.89
365.707
364.568
363.466
362.399
361.363
360.354
359.369
358.406
357.463
356.538
355.628
354.733
353.85
352.978
352.117
351.265
350.421
349.584
348.755
347.931
347.112
346.299
345.491
344.687
343.888
343.093
342.302
341.515
340.732
339.954
339.18
338.41
337.645
336.885
336.13
335.381
334.637
333.899
333.167
332.443
331.725
331.015
330.313
329.619
328.934
328.259
327.593
326.937
326.293
325.659
325.037
324.426
323.828
323.243
322.671
322.112
321.566
321.034
320.516
320.012
319.522
319.047
318.585
318.138
317.705
317.286
316.881
316.49
316.113
315.749
315.398
315.06
314.735
314.422
314.122
313.833
313.555
313.289
313.033
312.788
312.552
312.326
312.11
311.902
311.702
311.511
311.327
311.15
310.981
310.818
310.661
310.51
310.365
310.225
310.09
309.96
309.834
309.713
309.595
309.481
309.37
309.262
309.158
309.055
308.956
308.859
308.764
308.67
308.579
308.489
308.401
308.314
308.229
308.144
308.06
307.978
307.896
307.814
307.734
307.653
307.574
307.495
307.417
372.205
378.117
383.707
388.896
393.672
398.044
402.02
405.606
408.802
411.6
413.983
415.929
417.403
418.364
418.756
418.51
417.541
415.747
413.021
409.32
404.859
400.531
396.626
393.163
390.086
387.332
384.845
382.58
380.501
378.581
376.795
375.125
373.556
372.074
370.67
369.334
368.057
366.834
365.658
364.524
363.428
362.365
361.332
360.326
359.345
358.384
357.444
356.52
355.612
354.718
353.837
352.967
352.106
351.255
350.412
349.576
348.747
347.924
347.106
346.293
345.485
344.682
343.883
343.088
342.297
341.51
340.728
339.949
339.175
338.406
337.641
336.881
336.126
335.376
334.633
333.895
333.163
332.438
331.721
331.01
330.308
329.615
328.93
328.254
327.588
326.933
326.288
325.654
325.032
324.422
323.824
323.239
322.666
322.107
321.562
321.03
320.512
320.008
319.518
319.043
318.582
318.135
317.702
317.283
316.878
316.487
316.11
315.746
315.396
315.058
314.733
314.42
314.12
313.831
313.554
313.288
313.032
312.787
312.551
312.326
312.109
311.901
311.702
311.51
311.327
311.15
310.981
310.818
310.661
310.511
310.365
310.226
310.091
309.961
309.835
309.713
309.596
309.481
309.371
309.263
309.158
309.056
308.957
308.859
308.764
308.671
308.58
308.49
308.402
308.315
308.229
308.145
308.061
307.979
307.897
307.815
307.734
307.654
307.574
307.496
307.418
368.366
373.464
378.424
383.148
387.584
391.707
395.502
398.959
402.066
404.808
407.167
409.117
410.627
411.659
412.167
412.097
411.391
409.992
407.864
405.044
401.722
398.298
395.015
391.969
389.176
386.62
384.276
382.118
380.12
378.263
376.527
374.898
373.362
371.908
370.527
369.21
367.95
366.74
365.576
364.452
363.364
362.309
361.283
360.283
359.306
358.35
357.413
356.493
355.588
354.696
353.817
352.949
352.09
351.24
350.398
349.564
348.735
347.913
347.096
346.284
345.477
344.674
343.875
343.08
342.29
341.504
340.721
339.943
339.169
338.4
337.635
336.875
336.12
335.371
334.627
333.889
333.157
332.432
331.714
331.004
330.302
329.608
328.923
328.248
327.582
326.926
326.281
325.648
325.026
324.415
323.817
323.232
322.66
322.101
321.556
321.024
320.506
320.002
319.513
319.037
318.576
318.13
317.697
317.278
316.874
316.483
316.106
315.742
315.392
315.055
314.73
314.418
314.117
313.829
313.552
313.286
313.03
312.785
312.55
312.324
312.108
311.9
311.701
311.51
311.326
311.15
310.981
310.818
310.661
310.511
310.366
310.226
310.091
309.961
309.836
309.714
309.596
309.482
309.372
309.264
309.159
309.057
308.958
308.861
308.766
308.672
308.581
308.491
308.403
308.316
308.231
308.146
308.063
307.98
307.898
307.817
307.736
307.656
307.576
307.497
307.419
364.66
369.097
373.486
377.742
381.806
385.638
389.209
392.498
395.484
398.146
400.463
402.408
403.953
405.064
405.705
405.835
405.419
404.428
402.862
400.772
398.291
395.626
392.947
390.356
387.902
385.599
383.446
381.435
379.553
377.787
376.125
374.556
373.07
371.657
370.311
369.023
367.788
366.6
365.454
364.346
363.272
362.228
361.211
360.22
359.25
358.301
357.369
356.454
355.553
354.666
353.79
352.924
352.068
351.22
350.381
349.548
348.721
347.9
347.084
346.273
345.466
344.664
343.866
343.072
342.282
341.496
340.714
339.936
339.162
338.393
337.628
336.868
336.113
335.364
334.62
333.882
333.15
332.425
331.707
330.997
330.294
329.6
328.915
328.239
327.573
326.918
326.273
325.639
325.017
324.407
323.809
323.224
322.651
322.093
321.547
321.016
320.498
319.995
319.505
319.03
318.569
318.123
317.69
317.272
316.868
316.478
316.101
315.738
315.388
315.05
314.726
314.414
314.114
313.826
313.549
313.283
313.028
312.783
312.549
312.323
312.107
311.9
311.701
311.51
311.326
311.15
310.981
310.818
310.662
310.512
310.367
310.227
310.093
309.963
309.837
309.716
309.598
309.484
309.373
309.266
309.161
309.059
308.96
308.863
308.768
308.674
308.583
308.494
308.405
308.319
308.233
308.148
308.065
307.982
307.9
307.819
307.738
307.658
307.578
307.499
307.421
361.047
364.938
368.822
372.636
376.326
379.849
383.172
386.265
389.104
391.664
393.921
395.849
397.422
398.612
399.388
399.723
399.595
398.991
397.925
396.44
394.624
392.599
390.477
388.345
386.258
384.247
382.326
380.5
378.766
377.121
375.559
374.072
372.655
371.3
370.002
368.756
367.557
366.399
365.28
364.195
363.14
362.114
361.112
360.133
359.174
358.234
357.311
356.402
355.508
354.625
353.754
352.893
352.04
351.195
350.358
349.528
348.703
347.884
347.069
346.259
345.454
344.653
343.856
343.062
342.273
341.487
340.706
339.928
339.155
338.386
337.621
336.861
336.106
335.356
334.612
333.874
333.142
332.417
331.698
330.988
330.285
329.591
328.906
328.23
327.564
326.908
326.263
325.629
325.006
324.396
323.798
323.213
322.641
322.082
321.537
321.006
320.488
319.985
319.496
319.021
318.561
318.114
317.682
317.264
316.861
316.471
316.094
315.731
315.382
315.045
314.721
314.41
314.11
313.822
313.546
313.281
313.026
312.781
312.547
312.322
312.106
311.899
311.7
311.509
311.326
311.151
310.982
310.819
310.663
310.513
310.368
310.229
310.094
309.965
309.839
309.718
309.6
309.486
309.376
309.268
309.164
309.062
308.963
308.865
308.77
308.677
308.586
308.497
308.409
308.322
308.236
308.152
308.068
307.985
307.904
307.822
307.741
307.661
307.581
307.502
307.423
357.517
360.944
364.386
367.794
371.125
374.339
377.402
380.285
382.959
385.399
387.581
389.48
391.07
392.329
393.232
393.76
393.898
393.643
393.008
392.027
390.758
389.275
387.654
385.963
384.251
382.554
380.894
379.284
377.73
376.235
374.798
373.417
372.089
370.811
369.579
368.389
367.238
366.123
365.039
363.986
362.959
361.957
360.976
360.015
359.072
358.146
357.234
356.335
355.449
354.574
353.709
352.853
352.005
351.165
350.332
349.504
348.682
347.865
347.053
346.245
345.441
344.641
343.845
343.053
342.264
341.479
340.698
339.921
339.148
338.379
337.614
336.854
336.099
335.349
334.605
333.866
333.134
332.408
331.69
330.979
330.276
329.581
328.895
328.219
327.553
326.896
326.251
325.617
324.995
324.384
323.786
323.201
322.629
322.07
321.525
320.994
320.477
319.974
319.485
319.01
318.55
318.104
317.673
317.255
316.852
316.463
316.087
315.724
315.375
315.039
314.716
314.405
314.106
313.819
313.543
313.278
313.023
312.78
312.545
312.321
312.105
311.899
311.7
311.51
311.327
311.152
310.983
310.821
310.665
310.515
310.371
310.232
310.097
309.968
309.842
309.721
309.604
309.49
309.38
309.272
309.168
309.066
308.967
308.87
308.775
308.682
308.591
308.501
308.413
308.326
308.241
308.156
308.073
307.99
307.908
307.827
307.746
307.666
307.586
307.507
307.428
354.07
357.097
360.15
363.192
366.187
369.103
371.908
374.573
377.073
379.381
381.475
383.33
384.925
386.238
387.251
387.949
388.322
388.368
388.099
387.539
386.724
385.702
384.527
383.246
381.901
380.525
379.142
377.771
376.421
375.101
373.814
372.562
371.345
370.163
369.014
367.896
366.809
365.749
364.714
363.703
362.713
361.744
360.792
359.856
358.935
358.028
357.133
356.248
355.374
354.509
353.653
352.805
351.963
351.129
350.3
349.477
348.658
347.845
347.035
346.23
345.428
344.63
343.835
343.044
342.257
341.472
340.692
339.915
339.142
338.373
337.609
336.849
336.093
335.343
334.598
333.86
333.127
332.401
331.682
330.97
330.266
329.571
328.885
328.208
327.541
326.885
326.239
325.604
324.982
324.371
323.773
323.188
322.615
322.057
321.512
320.981
320.464
319.961
319.473
318.998
318.539
318.093
317.662
317.245
316.843
316.454
316.079
315.717
315.368
315.033
314.71
314.4
314.101
313.815
313.539
313.275
313.021
312.778
312.544
312.32
312.105
311.899
311.701
311.511
311.329
311.154
310.986
310.824
310.668
310.519
310.374
310.235
310.101
309.972
309.847
309.726
309.609
309.495
309.385
309.278
309.173
309.072
308.972
308.875
308.781
308.688
308.597
308.507
308.419
308.333
308.247
308.163
308.079
307.997
307.915
307.834
307.753
307.673
307.593
307.513
307.434
350.711
353.391
356.1
358.812
361.499
364.134
366.689
369.139
371.461
373.63
375.625
377.424
379.008
380.358
381.459
382.298
382.868
383.168
383.204
382.992
382.556
381.928
381.142
380.234
379.236
378.175
377.075
375.954
374.826
373.7
372.583
371.481
370.395
369.329
368.281
367.254
366.245
365.255
364.282
363.326
362.385
361.458
360.544
359.642
358.751
357.87
356.997
356.133
355.276
354.426
353.582
352.744
351.912
351.085
350.263
349.445
348.632
347.822
347.016
346.214
345.415
344.619
343.826
343.037
342.251
341.467
340.688
339.912
339.139
338.37
337.606
336.846
336.09
335.339
334.594
333.855
333.121
332.395
331.675
330.962
330.258
329.562
328.875
328.198
327.53
326.873
326.226
325.592
324.968
324.357
323.759
323.174
322.601
322.043
321.498
320.967
320.45
319.948
319.459
318.986
318.527
318.082
317.651
317.235
316.833
316.445
316.07
315.709
315.361
315.027
314.704
314.395
314.097
313.811
313.537
313.273
313.02
312.777
312.544
312.321
312.106
311.901
311.703
311.514
311.332
311.157
310.99
310.828
310.673
310.524
310.38
310.241
310.108
309.978
309.854
309.733
309.616
309.502
309.392
309.285
309.181
309.079
308.98
308.883
308.789
308.696
308.605
308.516
308.428
308.341
308.256
308.171
308.088
308.006
307.924
307.843
307.762
307.682
307.602
307.522
307.443
347.45
349.824
352.23
354.646
357.052
359.426
361.745
363.988
366.133
368.16
370.048
371.78
373.338
374.706
375.87
376.819
377.548
378.053
378.339
378.414
378.293
377.997
377.549
376.973
376.293
375.532
374.709
373.842
372.943
372.024
371.093
370.156
369.22
368.286
367.357
366.436
365.522
364.617
363.721
362.833
361.953
361.081
360.216
359.357
358.505
357.658
356.816
355.979
355.146
354.316
353.491
352.668
351.848
351.031
350.218
349.408
348.601
347.797
346.996
346.198
345.402
344.609
343.819
343.032
342.247
341.465
340.687
339.911
339.139
338.371
337.606
336.846
336.09
335.339
334.593
333.853
333.119
332.391
331.67
330.957
330.252
329.555
328.867
328.189
327.52
326.862
326.215
325.579
324.956
324.344
323.745
323.16
322.587
322.029
321.484
320.953
320.436
319.934
319.446
318.973
318.514
318.07
317.64
317.225
316.823
316.436
316.062
315.702
315.355
315.021
314.7
314.391
314.094
313.809
313.535
313.272
313.02
312.778
312.546
312.323
312.109
311.904
311.708
311.519
311.337
311.163
310.996
310.835
310.68
310.531
310.388
310.25
310.116
309.987
309.863
309.742
309.625
309.512
309.402
309.295
309.191
309.09
308.991
308.894
308.8
308.707
308.616
308.527
308.439
308.353
308.267
308.183
308.1
308.017
307.936
307.854
307.774
307.694
307.614
307.534
307.454
344.296
346.401
348.537
350.689
352.841
354.976
357.074
359.119
361.093
362.977
364.755
366.411
367.929
369.295
370.497
371.527
372.377
373.044
373.529
373.835
373.973
373.955
373.795
373.509
373.116
372.632
372.072
371.451
370.782
370.075
369.338
368.579
367.804
367.017
366.222
365.422
364.618
363.813
363.007
362.201
361.395
360.59
359.786
358.982
358.179
357.376
356.574
355.772
354.97
354.169
353.367
352.566
351.765
350.964
350.163
349.363
348.565
347.769
346.974
346.181
345.39
344.601
343.814
343.029
342.247
341.467
340.69
339.915
339.144
338.376
337.612
336.851
336.095
335.343
334.597
333.856
333.12
332.392
331.67
330.955
330.249
329.551
328.862
328.182
327.513
326.854
326.206
325.569
324.945
324.333
323.733
323.147
322.575
322.016
321.471
320.94
320.424
319.922
319.434
318.962
318.503
318.06
317.63
317.216
316.815
316.428
316.055
315.696
315.35
315.017
314.697
314.389
314.093
313.809
313.536
313.274
313.023
312.781
312.55
312.328
312.115
311.911
311.715
311.527
311.346
311.172
311.005
310.845
310.691
310.542
310.399
310.261
310.128
310
309.875
309.755
309.639
309.526
309.416
309.309
309.205
309.104
309.005
308.909
308.814
308.722
308.631
308.542
308.454
308.367
308.282
308.198
308.115
308.033
307.951
307.87
307.789
307.709
307.63
307.55
307.47
341.262
343.127
345.024
346.94
348.863
350.779
352.674
354.534
356.343
358.087
359.752
361.324
362.789
364.137
365.355
366.436
367.373
368.161
368.8
369.291
369.637
369.846
369.928
369.892
369.75
369.515
369.198
368.811
368.364
367.866
367.325
366.749
366.143
365.514
364.864
364.197
363.516
362.823
362.121
361.41
360.691
359.965
359.234
358.496
357.754
357.006
356.254
355.497
354.735
353.97
353.2
352.427
351.651
350.872
350.09
349.306
348.521
347.735
346.948
346.163
345.378
344.594
343.811
343.03
342.251
341.473
340.698
339.925
339.154
338.387
337.623
336.862
336.105
335.353
334.606
333.864
333.128
332.398
331.675
330.959
330.251
329.551
328.861
328.18
327.509
326.849
326.2
325.562
324.937
324.324
323.724
323.138
322.564
322.005
321.46
320.93
320.413
319.912
319.425
318.952
318.495
318.052
317.623
317.209
316.809
316.424
316.052
315.693
315.348
315.016
314.697
314.39
314.095
313.812
313.54
313.279
313.029
312.788
312.558
312.337
312.125
311.921
311.726
311.538
311.358
311.185
311.019
310.859
310.706
310.558
310.415
310.277
310.145
310.016
309.892
309.772
309.656
309.543
309.434
309.327
309.224
309.123
309.024
308.927
308.833
308.741
308.65
308.561
308.473
308.387
308.302
308.218
308.135
308.053
307.971
307.89
307.81
307.73
307.65
307.57
307.491
338.359
340.012
341.695
343.4
345.116
346.834
348.542
350.229
351.883
353.491
355.043
356.525
357.928
359.241
360.455
361.562
362.555
363.429
364.182
364.813
365.323
365.716
365.995
366.169
366.244
366.227
366.129
365.956
365.717
365.419
365.071
364.677
364.243
363.775
363.277
362.752
362.204
361.634
361.046
360.442
359.821
359.187
358.54
357.88
357.209
356.528
355.836
355.134
354.423
353.703
352.974
352.238
351.495
350.745
349.988
349.227
348.461
347.69
346.917
346.141
345.364
344.587
343.81
343.034
342.258
341.484
340.711
339.94
339.171
338.404
337.641
336.88
336.123
335.371
334.623
333.88
333.142
332.411
331.686
330.969
330.259
329.558
328.866
328.184
327.511
326.85
326.199
325.561
324.934
324.321
323.72
323.133
322.559
321.999
321.454
320.923
320.407
319.906
319.419
318.947
318.49
318.048
317.62
317.207
316.808
316.423
316.052
315.695
315.351
315.02
314.702
314.396
314.102
313.82
313.549
313.289
313.04
312.801
312.571
312.351
312.14
311.937
311.742
311.556
311.376
311.204
311.038
310.879
310.726
310.578
310.436
310.299
310.167
310.039
309.915
309.795
309.679
309.567
309.457
309.351
309.248
309.147
309.048
308.952
308.858
308.765
308.675
308.586
308.498
308.412
308.327
308.243
308.16
308.078
307.997
307.916
307.836
307.756
307.676
307.597
307.517
335.6
337.063
338.556
340.072
341.602
343.141
344.678
346.204
347.711
349.189
350.628
352.018
353.35
354.616
355.808
356.918
357.94
358.869
359.702
360.436
361.07
361.605
362.044
362.389
362.645
362.816
362.908
362.927
362.878
362.767
362.6
362.382
362.118
361.811
361.467
361.088
360.678
360.239
359.774
359.285
358.773
358.24
357.687
357.116
356.528
355.923
355.301
354.665
354.015
353.35
352.673
351.983
351.281
350.568
349.845
349.113
348.373
347.625
346.871
346.111
345.347
344.579
343.81
343.04
342.27
341.5
340.73
339.962
339.195
338.43
337.667
336.907
336.15
335.397
334.648
333.904
333.166
332.433
331.707
330.988
330.277
329.574
328.88
328.196
327.522
326.859
326.207
325.567
324.939
324.324
323.723
323.135
322.56
322.001
321.455
320.924
320.408
319.907
319.42
318.949
318.492
318.051
317.624
317.211
316.813
316.429
316.059
315.703
315.36
315.031
314.713
314.409
314.116
313.835
313.565
313.306
313.058
312.82
312.591
312.372
312.162
311.96
311.766
311.58
311.401
311.23
311.065
310.906
310.753
310.606
310.464
310.328
310.196
310.068
309.945
309.825
309.71
309.597
309.488
309.382
309.278
309.178
309.079
308.983
308.889
308.797
308.706
308.617
308.53
308.444
308.359
308.275
308.192
308.11
308.029
307.948
307.868
307.788
307.709
307.63
307.55
332.996
334.29
335.613
336.959
338.323
339.698
341.079
342.457
343.827
345.179
346.508
347.804
349.06
350.269
351.424
352.518
353.547
354.504
355.386
356.19
356.914
357.556
358.118
358.599
359.002
359.329
359.583
359.768
359.888
359.946
359.946
359.892
359.789
359.639
359.446
359.213
358.943
358.638
358.301
357.933
357.536
357.113
356.664
356.19
355.693
355.174
354.634
354.073
353.493
352.894
352.277
351.643
350.992
350.326
349.646
348.952
348.245
347.527
346.799
346.062
345.316
344.565
343.808
343.047
342.284
341.52
340.755
339.99
339.226
338.464
337.702
336.943
336.187
335.434
334.685
333.94
333.201
332.467
331.739
331.018
330.305
329.601
328.905
328.219
327.543
326.878
326.225
325.583
324.954
324.338
323.736
323.147
322.572
322.011
321.465
320.934
320.418
319.917
319.431
318.96
318.504
318.063
317.636
317.225
316.828
316.445
316.076
315.721
315.379
315.05
314.734
314.431
314.139
313.859
313.591
313.333
313.085
312.848
312.62
312.402
312.193
311.992
311.799
311.613
311.435
311.264
311.1
310.942
310.79
310.643
310.502
310.365
310.234
310.106
309.983
309.864
309.748
309.636
309.527
309.421
309.318
309.217
309.119
309.022
308.928
308.836
308.746
308.657
308.57
308.484
308.399
308.315
308.232
308.15
308.069
307.989
307.909
307.829
307.75
307.671
307.592
330.559
331.702
332.873
334.067
335.28
336.508
337.746
338.988
340.229
341.462
342.683
343.884
345.06
346.204
347.311
348.375
349.39
350.353
351.259
352.105
352.888
353.606
354.258
354.843
355.361
355.814
356.202
356.527
356.791
356.996
357.146
357.242
357.288
357.285
357.237
357.145
357.012
356.84
356.632
356.388
356.111
355.801
355.462
355.092
354.695
354.27
353.819
353.343
352.842
352.318
351.771
351.202
350.612
350.002
349.373
348.726
348.062
347.382
346.688
345.981
345.262
344.533
343.795
343.049
342.298
341.542
340.784
340.025
339.266
338.506
337.748
336.991
336.235
335.483
334.734
333.989
333.248
332.513
331.785
331.062
330.348
329.641
328.944
328.256
327.578
326.912
326.257
325.614
324.983
324.366
323.762
323.172
322.596
322.035
321.489
320.957
320.441
319.94
319.454
318.983
318.528
318.087
317.662
317.251
316.854
316.472
316.105
315.75
315.41
315.082
314.767
314.465
314.174
313.895
313.628
313.371
313.124
312.888
312.661
312.444
312.235
312.035
311.843
311.658
311.481
311.31
311.146
310.989
310.837
310.691
310.55
310.414
310.282
310.155
310.032
309.913
309.798
309.685
309.576
309.47
309.367
309.266
309.168
309.072
308.978
308.886
308.795
308.706
308.619
308.533
308.448
308.365
308.282
308.2
308.119
308.039
307.959
307.88
307.801
307.722
307.643
328.299
329.308
330.343
331.4
332.477
333.572
334.679
335.795
336.916
338.037
339.154
340.261
341.354
342.428
343.477
344.498
345.486
346.436
347.345
348.209
349.025
349.79
350.504
351.163
351.768
352.317
352.811
353.249
353.633
353.964
354.243
354.471
354.65
354.781
354.866
354.907
354.905
354.863
354.78
354.659
354.502
354.309
354.081
353.82
353.527
353.202
352.847
352.462
352.049
351.607
351.139
350.644
350.123
349.578
349.01
348.419
347.807
347.175
346.524
345.855
345.171
344.472
343.76
343.036
342.304
341.563
340.816
340.065
339.312
338.557
337.803
337.049
336.296
335.545
334.797
334.052
333.312
332.576
331.846
331.123
330.407
329.699
329
328.31
327.631
326.963
326.306
325.661
325.029
324.411
323.806
323.215
322.638
322.076
321.529
320.998
320.481
319.98
319.494
319.023
318.568
318.128
317.703
317.293
316.897
316.516
316.149
315.796
315.456
315.129
314.815
314.514
314.224
313.946
313.68
313.424
313.178
312.943
312.717
312.5
312.292
312.092
311.901
311.717
311.54
311.37
311.206
311.049
310.898
310.752
310.611
310.475
310.344
310.217
310.094
309.975
309.859
309.747
309.638
309.532
309.429
309.328
309.23
309.133
309.039
308.947
308.856
308.768
308.68
308.594
308.509
308.426
308.343
308.261
308.18
308.1
308.02
307.941
307.862
307.784
307.705
326.227
327.115
328.028
328.963
329.918
330.891
331.879
332.879
333.888
334.903
335.92
336.935
337.944
338.944
339.93
340.899
341.847
342.769
343.663
344.525
345.352
346.142
346.892
347.599
348.264
348.883
349.456
349.983
350.463
350.896
351.282
351.622
351.916
352.165
352.37
352.532
352.651
352.729
352.766
352.764
352.723
352.645
352.529
352.378
352.191
351.969
351.714
351.426
351.105
350.753
350.369
349.956
349.513
349.041
348.542
348.016
347.465
346.889
346.29
345.669
345.027
344.367
343.689
342.996
342.289
341.571
340.842
340.105
339.362
338.616
337.867
337.118
336.369
335.621
334.875
334.132
333.392
332.657
331.927
331.203
330.486
329.777
329.077
328.386
327.705
327.035
326.377
325.731
325.097
324.477
323.871
323.279
322.701
322.139
321.591
321.059
320.542
320.04
319.555
319.084
318.629
318.189
317.765
317.355
316.96
316.579
316.213
315.86
315.521
315.196
314.882
314.582
314.293
314.016
313.75
313.495
313.25
313.015
312.79
312.574
312.366
312.167
311.976
311.792
311.616
311.446
311.283
311.126
310.975
310.829
310.688
310.552
310.421
310.294
310.171
310.052
309.936
309.824
309.715
309.608
309.505
309.404
309.305
309.209
309.115
309.022
308.931
308.842
308.755
308.669
308.584
308.5
308.417
308.336
308.255
308.175
308.095
308.016
307.938
307.859
307.781
324.351
325.132
325.935
326.76
327.604
328.467
329.346
330.24
331.145
332.06
332.982
333.907
334.833
335.757
336.676
337.586
338.484
339.367
340.232
341.077
341.897
342.69
343.455
344.188
344.888
345.554
346.182
346.773
347.324
347.837
348.308
348.74
349.13
349.479
349.788
350.056
350.283
350.471
350.618
350.727
350.796
350.827
350.82
350.776
350.695
350.577
350.423
350.233
350.009
349.75
349.456
349.13
348.77
348.379
347.956
347.503
347.02
346.509
345.97
345.405
344.816
344.203
343.568
342.914
342.241
341.553
340.85
340.135
339.41
338.678
337.939
337.197
336.455
335.712
334.969
334.229
333.492
332.758
332.029
331.305
330.588
329.879
329.177
328.485
327.804
327.132
326.473
325.825
325.191
324.57
323.962
323.369
322.791
322.227
321.679
321.146
320.629
320.127
319.641
319.17
318.715
318.276
317.851
317.442
317.047
316.667
316.301
315.949
315.611
315.285
314.973
314.673
314.384
314.108
313.843
313.588
313.344
313.109
312.884
312.669
312.462
312.263
312.072
311.888
311.712
311.542
311.379
311.222
311.071
310.925
310.784
310.648
310.516
310.389
310.266
310.147
310.031
309.918
309.809
309.702
309.598
309.497
309.398
309.301
309.206
309.114
309.023
308.933
308.846
308.759
308.674
308.59
308.507
308.426
308.345
308.265
308.185
308.106
308.028
307.95
307.873
322.678
323.362
324.068
324.794
325.539
326.302
327.082
327.878
328.687
329.508
330.34
331.179
332.023
332.871
333.719
334.566
335.408
336.244
337.069
337.882
338.681
339.462
340.224
340.963
341.679
342.368
343.03
343.663
344.264
344.833
345.369
345.871
346.337
346.768
347.163
347.52
347.841
348.124
348.37
348.578
348.748
348.881
348.976
349.034
349.054
349.037
348.983
348.891
348.764
348.599
348.399
348.162
347.891
347.584
347.243
346.869
346.461
346.022
345.551
345.05
344.521
343.964
343.382
342.775
342.145
341.495
340.827
340.142
339.443
338.732
338.011
337.283
336.549
335.814
335.078
334.343
333.61
332.879
332.152
331.431
330.715
330.006
329.305
328.613
327.93
327.259
326.598
325.95
325.315
324.692
324.084
323.49
322.911
322.346
321.797
321.264
320.746
320.244
319.757
319.287
318.832
318.392
317.967
317.558
317.164
316.784
316.418
316.066
315.728
315.403
315.091
314.791
314.503
314.227
313.962
313.707
313.463
313.229
313.004
312.789
312.582
312.383
312.192
312.008
311.832
311.662
311.499
311.341
311.19
311.043
310.902
310.766
310.634
310.506
310.383
310.263
310.146
310.033
309.923
309.816
309.711
309.61
309.51
309.413
309.318
309.224
309.133
309.043
308.955
308.868
308.783
308.699
308.616
308.534
308.453
308.373
308.293
308.215
308.137
308.059
307.982
321.214
321.812
322.431
323.068
323.723
324.396
325.086
325.792
326.513
327.247
327.993
328.75
329.515
330.288
331.065
331.846
332.628
333.409
334.187
334.96
335.725
336.48
337.224
337.954
338.667
339.363
340.039
340.693
341.324
341.93
342.51
343.062
343.585
344.078
344.539
344.969
345.366
345.73
346.059
346.354
346.613
346.837
347.025
347.176
347.291
347.369
347.41
347.414
347.381
347.31
347.202
347.057
346.875
346.655
346.4
346.108
345.781
345.419
345.022
344.593
344.131
343.638
343.115
342.564
341.986
341.383
340.758
340.111
339.446
338.765
338.07
337.364
336.648
335.926
335.2
334.473
333.746
333.021
332.299
331.581
330.868
330.161
329.462
328.77
328.089
327.417
326.757
326.108
325.473
324.85
324.241
323.646
323.066
322.501
321.952
321.418
320.899
320.397
319.91
319.439
318.983
318.543
318.118
317.709
317.314
316.934
316.568
316.217
315.878
315.553
315.241
314.941
314.653
314.377
314.112
313.858
313.613
313.379
313.154
312.938
312.731
312.532
312.34
312.157
311.98
311.81
311.646
311.488
311.335
311.189
311.047
310.91
310.777
310.649
310.524
310.403
310.286
310.172
310.061
309.953
309.848
309.746
309.645
309.547
309.451
309.358
309.265
309.175
309.086
308.999
308.913
308.829
308.745
308.663
308.582
308.502
308.422
308.344
308.266
308.189
308.112
319.961
320.484
321.024
321.582
322.157
322.749
323.357
323.981
324.62
325.274
325.94
326.619
327.308
328.008
328.715
329.429
330.149
330.872
331.597
332.322
333.045
333.765
334.479
335.186
335.883
336.57
337.243
337.902
338.544
339.168
339.773
340.356
340.917
341.453
341.964
342.448
342.904
343.332
343.729
344.096
344.43
344.732
345.001
345.236
345.436
345.6
345.729
345.822
345.878
345.897
345.879
345.823
345.729
345.597
345.428
345.221
344.977
344.696
344.378
344.024
343.635
343.212
342.756
342.268
341.75
341.203
340.628
340.029
339.407
338.764
338.103
337.427
336.737
336.037
335.328
334.614
333.898
333.182
332.467
331.755
331.047
330.345
329.649
328.96
328.281
327.611
326.952
326.304
325.668
325.046
324.437
323.842
323.262
322.697
322.147
321.612
321.093
320.59
320.103
319.631
319.175
318.735
318.31
317.9
317.505
317.124
316.758
316.406
316.067
315.742
315.429
315.129
314.841
314.564
314.299
314.044
313.799
313.564
313.339
313.122
312.914
312.715
312.523
312.338
312.16
311.989
311.824
311.666
311.513
311.365
311.222
311.084
310.95
310.821
310.695
310.573
310.455
310.34
310.228
310.119
310.013
309.909
309.808
309.709
309.612
309.517
309.424
309.333
309.243
309.155
309.069
308.984
308.9
308.817
308.736
308.655
308.576
308.497
308.419
308.342
308.265
318.923
319.378
319.849
320.336
320.839
321.358
321.893
322.443
323.007
323.586
324.179
324.784
325.402
326.031
326.67
327.319
327.975
328.638
329.307
329.98
330.655
331.331
332.007
332.681
333.351
334.015
334.673
335.321
335.96
336.586
337.199
337.796
338.377
338.939
339.481
340.002
340.5
340.975
341.424
341.846
342.241
342.607
342.944
343.249
343.522
343.763
343.97
344.143
344.281
344.382
344.448
344.476
344.468
344.421
344.337
344.214
344.053
343.854
343.617
343.342
343.03
342.681
342.297
341.878
341.426
340.941
340.426
339.881
339.31
338.715
338.097
337.458
336.803
336.133
335.45
334.759
334.06
333.357
332.654
331.951
331.252
330.556
329.866
329.183
328.507
327.841
327.184
326.539
325.905
325.284
324.676
324.082
323.502
322.937
322.387
321.852
321.333
320.83
320.342
319.87
319.413
318.972
318.547
318.136
317.74
317.359
316.993
316.64
316.3
315.974
315.661
315.36
315.071
314.794
314.527
314.271
314.026
313.79
313.564
313.346
313.137
312.936
312.743
312.558
312.379
312.207
312.041
311.88
311.726
311.577
311.433
311.293
311.158
311.027
310.9
310.777
310.657
310.541
310.427
310.317
310.209
310.104
310.002
309.901
309.803
309.707
309.613
309.52
309.43
309.341
309.253
309.168
309.083
309
308.918
308.837
308.757
308.678
308.6
308.523
308.447
318.098
318.493
318.903
319.328
319.767
320.221
320.689
321.172
321.669
322.18
322.704
323.242
323.792
324.355
324.929
325.513
326.107
326.71
327.322
327.939
328.563
329.191
329.822
330.456
331.089
331.722
332.353
332.98
333.601
334.216
334.823
335.419
336.004
336.576
337.133
337.675
338.199
338.704
339.188
339.651
340.09
340.505
340.894
341.256
341.59
341.894
342.168
342.41
342.619
342.795
342.936
343.042
343.112
343.145
343.141
343.099
343.019
342.901
342.744
342.548
342.315
342.043
341.734
341.388
341.006
340.589
340.139
339.657
339.144
338.603
338.036
337.445
336.832
336.2
335.552
334.891
334.219
333.539
332.854
332.166
331.478
330.793
330.113
329.437
328.768
328.108
327.456
326.815
326.184
325.566
324.96
324.368
323.789
323.225
322.676
322.142
321.623
321.119
320.632
320.159
319.702
319.261
318.835
318.423
318.027
317.645
317.278
316.924
316.584
316.257
315.942
315.64
315.35
315.071
314.804
314.547
314.3
314.063
313.835
313.616
313.406
313.204
313.009
312.822
312.641
312.467
312.3
312.138
311.982
311.831
311.685
311.544
311.407
311.274
311.145
311.02
310.898
310.78
310.665
310.553
310.443
310.336
310.232
310.13
310.03
309.933
309.837
309.743
309.651
309.561
309.472
309.385
309.3
309.215
309.132
309.051
308.97
308.891
308.813
308.736
308.659
317.485
317.828
318.184
318.553
318.935
319.331
319.74
320.163
320.599
321.048
321.511
321.986
322.474
322.975
323.487
324.01
324.544
325.089
325.642
326.205
326.775
327.352
327.935
328.523
329.115
329.709
330.304
330.9
331.495
332.087
332.675
333.258
333.834
334.402
334.96
335.507
336.041
336.561
337.065
337.553
338.021
338.469
338.896
339.3
339.68
340.034
340.361
340.659
340.929
341.167
341.374
341.548
341.688
341.793
341.862
341.896
341.892
341.85
341.771
341.653
341.496
341.301
341.068
340.797
340.488
340.143
339.762
339.347
338.898
338.419
337.909
337.372
336.81
336.225
335.62
334.998
334.361
333.711
333.053
332.389
331.721
331.051
330.384
329.72
329.061
328.41
327.766
327.131
326.506
325.893
325.291
324.702
324.127
323.565
323.017
322.485
321.967
321.464
320.977
320.504
320.048
319.606
319.179
318.768
318.371
317.988
317.619
317.265
316.923
316.595
316.28
315.976
315.685
315.405
315.136
314.877
314.629
314.39
314.16
313.94
313.727
313.523
313.327
313.137
312.955
312.779
312.609
312.445
312.287
312.134
311.985
311.842
311.703
311.568
311.437
311.309
311.185
311.065
310.947
310.833
310.721
310.612
310.505
310.401
310.299
310.2
310.102
310.006
309.913
309.821
309.73
309.642
309.555
309.469
309.385
309.303
309.222
309.142
309.063
308.985
308.909
317.08
317.377
317.685
318.006
318.338
318.683
319.04
319.409
319.79
320.184
320.591
321.01
321.44
321.883
322.338
322.804
323.281
323.769
324.267
324.775
325.292
325.817
326.35
326.889
327.435
327.986
328.541
329.099
329.659
330.22
330.781
331.34
331.896
332.448
332.994
333.534
334.065
334.586
335.096
335.593
336.076
336.543
336.993
337.424
337.835
338.224
338.591
338.933
339.249
339.537
339.798
340.028
340.228
340.395
340.529
340.629
340.694
340.723
340.715
340.67
340.587
340.466
340.307
340.11
339.875
339.602
339.293
338.948
338.567
338.153
337.707
337.231
336.727
336.196
335.641
335.066
334.471
333.861
333.239
332.606
331.965
331.321
330.674
330.026
329.382
328.743
328.111
327.486
326.87
326.264
325.669
325.086
324.515
323.957
323.413
322.884
322.368
321.867
321.381
320.91
320.454
320.013
319.586
319.174
318.777
318.394
318.024
317.669
317.326
316.997
316.68
316.375
316.082
315.8
315.529
315.269
315.019
314.778
314.546
314.323
314.109
313.902
313.703
313.512
313.327
313.148
312.976
312.809
312.648
312.493
312.342
312.195
312.053
311.916
311.782
311.652
311.525
311.401
311.281
311.164
311.049
310.938
310.828
310.722
310.617
310.515
310.415
310.317
310.221
310.127
310.035
309.944
309.855
309.768
309.682
309.599
309.516
309.435
309.355
309.277
309.2
316.877
317.135
317.402
317.68
317.969
318.269
318.579
318.901
319.235
319.579
319.935
320.303
320.682
321.073
321.474
321.887
322.311
322.746
323.191
323.646
324.111
324.585
325.067
325.558
326.056
326.561
327.072
327.588
328.109
328.632
329.158
329.686
330.213
330.74
331.264
331.785
332.302
332.812
333.315
333.809
334.292
334.765
335.224
335.668
336.096
336.507
336.899
337.27
337.619
337.945
338.246
338.52
338.767
338.986
339.173
339.33
339.454
339.545
339.601
339.621
339.606
339.554
339.465
339.339
339.175
338.974
338.736
338.461
338.15
337.805
337.425
337.014
336.572
336.101
335.603
335.082
334.538
333.975
333.396
332.802
332.198
331.585
330.967
330.346
329.724
329.103
328.487
327.876
327.272
326.678
326.092
325.518
324.955
324.404
323.865
323.34
322.829
322.331
321.848
321.379
320.925
320.485
320.06
319.648
319.251
318.868
318.498
318.142
317.799
317.468
317.15
316.844
316.549
316.266
315.993
315.731
315.478
315.235
315.001
314.776
314.559
314.35
314.148
313.954
313.766
313.584
313.409
313.239
313.075
312.916
312.762
312.613
312.467
312.326
312.189
312.056
311.926
311.799
311.675
311.555
311.437
311.322
311.209
311.099
310.992
310.887
310.783
310.683
310.584
310.487
310.392
310.299
310.208
310.118
310.031
309.945
309.86
309.778
309.697
309.617
309.539
316.872
317.095
317.327
317.569
317.82
318.08
318.351
318.631
318.922
319.223
319.534
319.856
320.189
320.532
320.886
321.25
321.625
322.01
322.406
322.811
323.226
323.651
324.084
324.527
324.977
325.435
325.901
326.372
326.85
327.333
327.819
328.31
328.802
329.296
329.791
330.285
330.777
331.267
331.752
332.232
332.705
333.17
333.625
334.07
334.502
334.921
335.324
335.711
336.08
336.429
336.757
337.063
337.344
337.601
337.83
338.032
338.204
338.346
338.456
338.533
338.577
338.587
338.561
338.5
338.402
338.269
338.099
337.893
337.651
337.374
337.063
336.718
336.342
335.934
335.499
335.036
334.549
334.04
333.511
332.965
332.404
331.832
331.251
330.663
330.071
329.478
328.885
328.294
327.708
327.129
326.557
325.995
325.443
324.902
324.372
323.855
323.35
322.858
322.38
321.915
321.464
321.027
320.604
320.195
319.799
319.416
319.047
318.691
318.348
318.016
317.697
317.39
317.094
316.809
316.535
316.27
316.016
315.77
315.534
315.306
315.086
314.874
314.67
314.472
314.281
314.096
313.918
313.744
313.577
313.414
313.256
313.103
312.954
312.809
312.668
312.531
312.397
312.266
312.139
312.014
311.892
311.773
311.657
311.543
311.432
311.323
311.216
311.112
311.009
310.909
310.811
310.715
310.62
310.528
310.438
310.349
310.263
310.178
310.095
310.013
309.934
317.058
317.252
317.454
317.663
317.882
318.108
318.344
318.588
318.842
319.105
319.377
319.658
319.95
320.251
320.561
320.882
321.212
321.552
321.902
322.261
322.629
323.007
323.394
323.79
324.193
324.605
325.025
325.452
325.885
326.324
326.769
327.219
327.673
328.129
328.589
329.049
329.51
329.971
330.43
330.886
331.339
331.786
332.227
332.661
333.086
333.5
333.903
334.292
334.668
335.027
335.369
335.692
335.995
336.277
336.535
336.769
336.978
337.159
337.312
337.435
337.528
337.59
337.619
337.615
337.577
337.505
337.398
337.256
337.08
336.869
336.624
336.346
336.036
335.694
335.322
334.923
334.497
334.046
333.574
333.082
332.572
332.047
331.51
330.963
330.409
329.85
329.289
328.727
328.167
327.61
327.058
326.513
325.976
325.449
324.931
324.425
323.93
323.447
322.976
322.518
322.073
321.641
321.222
320.816
320.423
320.043
319.676
319.321
318.978
318.648
318.329
318.021
317.724
317.438
317.162
316.896
316.639
316.392
316.153
315.923
315.7
315.485
315.277
315.077
314.882
314.694
314.512
314.335
314.163
313.997
313.835
313.677
313.524
313.375
313.229
313.087
312.949
312.814
312.682
312.553
312.426
312.303
312.182
312.064
311.948
311.834
311.723
311.614
311.508
311.403
311.301
311.201
311.103
311.007
310.913
310.821
310.731
310.643
310.557
310.473
310.391
317.429
317.598
317.774
317.956
318.147
318.344
318.55
318.763
318.984
319.214
319.451
319.698
319.952
320.216
320.488
320.769
321.059
321.358
321.666
321.983
322.309
322.643
322.986
323.337
323.696
324.064
324.439
324.821
325.21
325.606
326.008
326.415
326.827
327.243
327.663
328.086
328.511
328.937
329.364
329.79
330.214
330.635
331.053
331.466
331.873
332.272
332.663
333.044
333.414
333.772
334.116
334.444
334.756
335.05
335.324
335.578
335.81
336.018
336.202
336.36
336.49
336.593
336.667
336.71
336.722
336.703
336.652
336.568
336.451
336.302
336.12
335.905
335.659
335.382
335.075
334.739
334.377
333.988
333.576
333.142
332.689
332.218
331.732
331.233
330.724
330.207
329.685
329.159
328.632
328.105
327.581
327.061
326.546
326.038
325.538
325.047
324.566
324.095
323.636
323.188
322.752
322.328
321.916
321.516
321.128
320.752
320.388
320.036
319.696
319.367
319.049
318.742
318.445
318.159
317.883
317.615
317.358
317.108
316.868
316.635
316.41
316.192
315.981
315.777
315.579
315.388
315.201
315.021
314.845
314.674
314.508
314.346
314.188
314.034
313.883
313.737
313.593
313.453
313.316
313.182
313.05
312.921
312.795
312.672
312.55
312.432
312.315
312.201
312.089
311.98
311.873
311.767
311.665
311.564
311.465
311.369
311.275
311.183
311.094
311.006
310.921
317.978
318.126
318.28
318.439
318.606
318.778
318.958
319.144
319.338
319.538
319.746
319.961
320.184
320.415
320.653
320.899
321.153
321.415
321.686
321.964
322.25
322.544
322.846
323.156
323.474
323.799
324.131
324.47
324.816
325.169
325.528
325.892
326.262
326.637
327.015
327.398
327.783
328.171
328.56
328.95
329.341
329.73
330.117
330.502
330.882
331.258
331.628
331.991
332.345
332.69
333.024
333.346
333.655
333.949
334.228
334.489
334.732
334.955
335.157
335.337
335.494
335.626
335.733
335.813
335.865
335.889
335.884
335.85
335.785
335.69
335.564
335.408
335.222
335.007
334.762
334.489
334.189
333.863
333.513
333.14
332.746
332.333
331.904
331.459
331.002
330.534
330.058
329.575
329.089
328.6
328.11
327.622
327.137
326.656
326.18
325.711
325.25
324.798
324.354
323.921
323.497
323.084
322.682
322.291
321.911
321.543
321.185
320.839
320.503
320.177
319.862
319.558
319.263
318.978
318.702
318.435
318.177
317.927
317.685
317.45
317.223
317.003
316.79
316.583
316.382
316.186
315.997
315.812
315.632
315.457
315.286
315.119
314.956
314.797
314.642
314.49
314.341
314.195
314.052
313.912
313.775
313.64
313.508
313.378
313.251
313.126
313.004
312.884
312.766
312.65
312.537
312.426
312.317
312.211
312.107
312.005
311.906
311.809
311.714
311.622
311.532
318.698
318.828
318.963
319.103
319.249
319.401
319.558
319.721
319.89
320.066
320.248
320.436
320.631
320.832
321.041
321.256
321.478
321.707
321.943
322.187
322.437
322.694
322.959
323.231
323.509
323.794
324.086
324.385
324.69
325.001
325.317
325.64
325.967
326.3
326.636
326.977
327.321
327.668
328.018
328.369
328.721
329.073
329.425
329.775
330.124
330.469
330.81
331.147
331.477
331.8
332.115
332.421
332.717
333.001
333.272
333.53
333.772
333.998
334.207
334.397
334.568
334.718
334.846
334.951
335.032
335.089
335.12
335.124
335.102
335.053
334.976
334.872
334.739
334.579
334.392
334.178
333.938
333.673
333.385
333.073
332.74
332.388
332.017
331.631
331.23
330.816
330.392
329.96
329.52
329.076
328.629
328.18
327.731
327.284
326.84
326.401
325.966
325.538
325.117
324.704
324.299
323.903
323.516
323.139
322.771
322.413
322.065
321.727
321.398
321.079
320.769
320.469
320.178
319.896
319.623
319.358
319.101
318.851
318.609
318.374
318.146
317.925
317.71
317.5
317.297
317.098
316.905
316.717
316.533
316.353
316.178
316.007
315.839
315.675
315.514
315.356
315.202
315.05
314.901
314.755
314.611
314.47
314.332
314.195
314.061
313.93
313.801
313.674
313.549
313.426
313.306
313.188
313.072
312.959
312.848
312.739
312.633
312.529
312.428
312.33
312.234
319.578
319.693
319.813
319.936
320.065
320.198
320.337
320.48
320.628
320.782
320.941
321.106
321.276
321.452
321.634
321.821
322.015
322.214
322.42
322.632
322.849
323.073
323.304
323.54
323.782
324.03
324.285
324.545
324.81
325.081
325.358
325.639
325.925
326.216
326.511
326.81
327.112
327.418
327.726
328.036
328.347
328.66
328.973
329.285
329.597
329.906
330.213
330.517
330.817
331.111
331.4
331.681
331.955
332.22
332.475
332.718
332.95
333.169
333.374
333.564
333.737
333.893
334.032
334.15
334.249
334.327
334.383
334.417
334.427
334.414
334.376
334.314
334.227
334.116
333.98
333.819
333.634
333.426
333.196
332.943
332.67
332.378
332.067
331.74
331.398
331.042
330.674
330.296
329.91
329.516
329.118
328.715
328.31
327.905
327.5
327.096
326.696
326.299
325.907
325.521
325.141
324.768
324.402
324.043
323.693
323.351
323.017
322.691
322.374
322.065
321.765
321.473
321.189
320.912
320.644
320.383
320.129
319.882
319.642
319.408
319.181
318.959
318.744
318.533
318.328
318.128
317.932
317.74
317.553
317.37
317.191
317.015
316.843
316.674
316.507
316.344
316.184
316.026
315.871
315.719
315.568
315.421
315.275
315.132
314.99
314.851
314.715
314.58
314.447
314.317
314.189
314.063
313.939
313.818
313.698
313.582
313.467
313.355
313.246
313.139
313.036
320.606
320.708
320.814
320.923
321.037
321.154
321.276
321.402
321.532
321.667
321.806
321.95
322.098
322.251
322.409
322.572
322.74
322.913
323.091
323.274
323.462
323.655
323.854
324.057
324.266
324.48
324.699
324.923
325.151
325.385
325.623
325.865
326.111
326.362
326.616
326.874
327.134
327.398
327.664
327.933
328.203
328.474
328.746
329.018
329.29
329.561
329.83
330.097
330.361
330.622
330.878
331.129
331.374
331.613
331.844
332.066
332.279
332.482
332.673
332.853
333.019
333.172
333.31
333.432
333.538
333.627
333.697
333.749
333.781
333.794
333.786
333.756
333.706
333.634
333.541
333.426
333.29
333.133
332.955
332.757
332.54
332.305
332.053
331.784
331.501
331.204
330.894
330.573
330.243
329.904
329.559
329.208
328.853
328.495
328.135
327.775
327.415
327.057
326.701
326.349
326.001
325.657
325.318
324.985
324.658
324.337
324.023
323.716
323.415
323.121
322.834
322.554
322.281
322.014
321.754
321.5
321.253
321.011
320.776
320.546
320.321
320.102
319.887
319.677
319.472
319.271
319.074
318.882
318.692
318.506
318.324
318.145
317.968
317.795
317.624
317.456
317.29
317.127
316.966
316.807
316.65
316.495
316.343
316.192
316.043
315.897
315.752
315.609
315.468
315.329
315.192
315.058
314.925
314.794
314.666
314.539
314.415
314.293
314.174
314.056
313.942
321.759
321.85
321.944
322.041
322.141
322.245
322.352
322.462
322.576
322.693
322.815
322.939
323.068
323.201
323.337
323.478
323.622
323.771
323.923
324.08
324.241
324.406
324.576
324.749
324.927
325.109
325.294
325.484
325.678
325.876
326.077
326.282
326.491
326.703
326.917
327.135
327.356
327.579
327.804
328.031
328.259
328.489
328.719
328.95
329.181
329.412
329.641
329.869
330.095
330.319
330.539
330.756
330.968
331.175
331.376
331.571
331.759
331.939
332.11
332.272
332.423
332.564
332.693
332.81
332.914
333.004
333.079
333.139
333.184
333.212
333.224
333.218
333.194
333.153
333.093
333.015
332.92
332.806
332.674
332.524
332.358
332.176
331.977
331.764
331.536
331.296
331.043
330.78
330.506
330.224
329.934
329.638
329.336
329.03
328.721
328.409
328.096
327.783
327.469
327.158
326.848
326.54
326.235
325.934
325.637
325.344
325.056
324.773
324.494
324.221
323.953
323.69
323.432
323.18
322.932
322.69
322.453
322.22
321.993
321.77
321.551
321.336
321.126
320.919
320.717
320.517
320.321
320.129
319.939
319.752
319.568
319.387
319.208
319.031
318.857
318.684
318.514
318.346
318.179
318.015
317.852
317.691
317.531
317.373
317.217
317.063
316.91
316.759
316.609
316.462
316.316
316.172
316.029
315.889
315.75
315.613
315.478
315.345
315.213
315.084
314.956
323.004
323.085
323.169
323.255
323.343
323.434
323.528
323.624
323.723
323.825
323.93
324.038
324.148
324.262
324.379
324.499
324.622
324.748
324.877
325.01
325.146
325.285
325.427
325.572
325.721
325.873
326.028
326.186
326.347
326.511
326.678
326.848
327.02
327.195
327.372
327.552
327.733
327.917
328.102
328.289
328.477
328.666
328.856
329.046
329.237
329.427
329.616
329.805
329.992
330.177
330.36
330.54
330.717
330.89
331.059
331.223
331.381
331.534
331.679
331.818
331.949
332.072
332.186
332.29
332.384
332.468
332.54
332.601
332.649
332.684
332.706
332.714
332.708
332.688
332.654
332.604
332.54
332.46
332.366
332.258
332.135
331.998
331.847
331.684
331.508
331.32
331.121
330.912
330.693
330.466
330.231
329.99
329.742
329.49
329.233
328.972
328.71
328.445
328.179
327.912
327.646
327.38
327.115
326.852
326.59
326.331
326.075
325.822
325.572
325.324
325.081
324.841
324.604
324.371
324.142
323.916
323.694
323.475
323.259
323.047
322.838
322.632
322.429
322.229
322.032
321.837
321.645
321.455
321.268
321.082
320.899
320.717
320.538
320.36
320.183
320.008
319.835
319.663
319.492
319.323
319.155
318.989
318.823
318.659
318.496
318.335
318.174
318.015
317.858
317.701
317.546
317.393
317.24
317.09
316.94
316.792
316.646
316.501
316.356
316.213
316.071
324.294
324.365
324.439
324.514
324.591
324.671
324.752
324.835
324.921
325.008
325.098
325.19
325.284
325.38
325.479
325.58
325.683
325.788
325.896
326.006
326.119
326.234
326.351
326.471
326.592
326.717
326.843
326.972
327.102
327.235
327.37
327.507
327.646
327.787
327.929
328.073
328.218
328.365
328.513
328.662
328.812
328.962
329.113
329.265
329.416
329.567
329.717
329.867
330.015
330.163
330.308
330.451
330.592
330.731
330.866
330.997
331.125
331.248
331.366
331.48
331.587
331.688
331.782
331.87
331.949
332.021
332.084
332.138
332.183
332.218
332.244
332.258
332.262
332.255
332.237
332.207
332.166
332.113
332.048
331.972
331.884
331.785
331.674
331.553
331.422
331.28
331.13
330.97
330.802
330.626
330.443
330.253
330.058
329.857
329.652
329.443
329.231
329.015
328.798
328.578
328.358
328.137
327.915
327.693
327.472
327.251
327.031
326.813
326.596
326.38
326.166
325.953
325.743
325.534
325.328
325.123
324.921
324.72
324.522
324.325
324.13
323.937
323.746
323.556
323.368
323.182
322.997
322.813
322.631
322.45
322.27
322.091
321.913
321.736
321.56
321.385
321.211
321.038
320.865
320.693
320.522
320.351
320.181
320.012
319.844
319.677
319.51
319.344
319.179
319.015
318.852
318.689
318.528
318.368
318.208
318.05
317.892
317.734
317.577
317.42
317.261
325.558
325.621
325.685
325.75
325.817
325.885
325.955
326.026
326.099
326.173
326.249
326.326
326.405
326.485
326.567
326.65
326.735
326.822
326.91
327
327.091
327.184
327.279
327.375
327.472
327.571
327.672
327.774
327.877
327.982
328.088
328.196
328.304
328.414
328.525
328.636
328.749
328.862
328.976
329.091
329.206
329.321
329.437
329.552
329.668
329.783
329.897
330.011
330.124
330.235
330.346
330.455
330.562
330.666
330.769
330.869
330.966
331.06
331.15
331.236
331.319
331.397
331.47
331.538
331.6
331.657
331.708
331.752
331.789
331.82
331.843
331.858
331.865
331.865
331.856
331.838
331.812
331.778
331.734
331.682
331.621
331.551
331.473
331.387
331.292
331.189
331.079
330.962
330.837
330.706
330.569
330.426
330.278
330.125
329.968
329.806
329.641
329.473
329.302
329.129
328.954
328.776
328.598
328.418
328.238
328.056
327.875
327.693
327.511
327.329
327.147
326.965
326.784
326.604
326.423
326.243
326.064
325.886
325.707
325.53
325.353
325.176
325
324.825
324.65
324.475
324.301
324.127
323.953
323.78
323.606
323.433
323.26
323.088
322.915
322.742
322.57
322.398
322.225
322.053
321.881
321.709
321.537
321.365
321.194
321.022
320.851
320.68
320.51
320.34
320.17
320.001
319.832
319.663
319.495
319.327
319.159
318.991
318.822
318.651
318.477
326.708
326.763
326.818
326.875
326.932
326.99
327.05
327.11
327.171
327.233
327.296
327.36
327.425
327.491
327.558
327.626
327.695
327.765
327.836
327.908
327.98
328.054
328.129
328.204
328.281
328.358
328.436
328.515
328.595
328.676
328.757
328.839
328.921
329.005
329.088
329.172
329.257
329.341
329.426
329.511
329.597
329.682
329.767
329.851
329.936
330.02
330.103
330.186
330.268
330.349
330.429
330.507
330.584
330.66
330.733
330.805
330.874
330.942
331.006
331.068
331.127
331.183
331.236
331.284
331.33
331.371
331.407
331.44
331.467
331.49
331.508
331.52
331.527
331.528
331.523
331.513
331.496
331.473
331.444
331.408
331.366
331.318
331.264
331.204
331.137
331.065
330.987
330.903
330.814
330.72
330.62
330.517
330.408
330.295
330.179
330.059
329.935
329.808
329.679
329.546
329.411
329.274
329.135
328.994
328.851
328.706
328.561
328.413
328.265
328.116
327.965
327.814
327.662
327.509
327.355
327.201
327.046
326.89
326.733
326.576
326.419
326.26
326.101
325.942
325.781
325.62
325.459
325.297
325.134
324.97
324.806
324.641
324.475
324.309
324.142
323.975
323.806
323.638
323.468
323.298
323.128
322.956
322.785
322.613
322.44
322.268
322.094
321.921
321.747
321.574
321.4
321.226
321.052
320.877
320.703
320.528
320.352
320.175
319.996
319.814
319.628
327.633
327.681
327.729
327.778
327.827
327.877
327.928
327.979
328.031
328.083
328.136
328.189
328.243
328.297
328.353
328.408
328.464
328.521
328.578
328.636
328.694
328.752
328.811
328.871
328.931
328.991
329.052
329.113
329.174
329.236
329.298
329.36
329.422
329.485
329.547
329.61
329.672
329.735
329.798
329.86
329.922
329.984
330.045
330.106
330.167
330.227
330.286
330.345
330.403
330.46
330.516
330.571
330.624
330.677
330.728
330.777
330.825
330.871
330.915
330.957
330.997
331.035
331.07
331.103
331.133
331.161
331.185
331.206
331.225
331.239
331.251
331.258
331.262
331.263
331.259
331.251
331.239
331.222
331.201
331.176
331.147
331.113
331.075
331.033
330.986
330.935
330.88
330.821
330.757
330.69
330.619
330.544
330.465
330.383
330.298
330.209
330.117
330.022
329.925
329.824
329.721
329.616
329.508
329.397
329.285
329.17
329.054
328.935
328.814
328.692
328.567
328.441
328.314
328.184
328.053
327.92
327.786
327.65
327.512
327.373
327.232
327.09
326.947
326.802
326.655
326.507
326.357
326.207
326.054
325.9
325.745
325.589
325.431
325.272
325.111
324.949
324.787
324.622
324.457
324.29
324.123
323.954
323.785
323.614
323.443
323.27
323.097
322.923
322.749
322.574
322.398
322.222
322.045
321.868
321.689
321.51
321.33
321.147
320.962
320.772
320.576
328.191
328.235
328.278
328.323
328.367
328.412
328.457
328.503
328.549
328.595
328.642
328.689
328.736
328.783
328.831
328.879
328.928
328.976
329.025
329.075
329.124
329.173
329.223
329.273
329.323
329.373
329.424
329.474
329.524
329.575
329.625
329.676
329.726
329.776
329.826
329.876
329.926
329.976
330.025
330.074
330.122
330.17
330.218
330.265
330.312
330.358
330.403
330.447
330.491
330.534
330.575
330.616
330.656
330.694
330.732
330.768
330.802
330.836
330.867
330.897
330.926
330.952
330.977
331
331.02
331.039
331.055
331.07
331.081
331.09
331.097
331.101
331.102
331.101
331.097
331.089
331.079
331.065
331.049
331.029
331.005
330.979
330.95
330.917
330.881
330.841
330.799
330.753
330.704
330.652
330.597
330.539
330.477
330.413
330.345
330.275
330.202
330.126
330.047
329.966
329.881
329.795
329.705
329.613
329.519
329.422
329.323
329.221
329.117
329.011
328.902
328.791
328.678
328.563
328.445
328.326
328.204
328.08
327.954
327.826
327.696
327.564
327.43
327.294
327.156
327.016
326.875
326.731
326.585
326.438
326.289
326.138
325.986
325.831
325.675
325.518
325.359
325.198
325.036
324.872
324.707
324.54
324.373
324.204
324.034
323.862
323.69
323.517
323.342
323.167
322.991
322.814
322.637
322.458
322.278
322.098
321.915
321.73
321.542
321.348
321.147
307.267
307.042
306.814
306.583
306.349
306.111
305.868
305.622
305.371
305.114
304.854
304.588
304.318
304.044
303.768
303.49
303.211
302.934
302.66
302.391
302.128
301.875
301.633
301.405
301.193
301
300.825
300.671
300.538
300.426
300.332
300.256
300.195
300.146
300.109
300.08
300.058
300.042
300.03
300.021
300.015
300.01
300.007
300.005
300.003
300.002
300.001
300.001
300
300
300
307.267
307.043
306.815
306.584
306.349
306.111
305.869
305.622
305.371
305.115
304.854
304.588
304.318
304.045
303.768
303.49
303.212
302.935
302.661
302.391
302.129
301.876
301.634
301.406
301.194
301
300.826
300.672
300.539
300.426
300.332
300.256
300.195
300.147
300.109
300.08
300.058
300.042
300.03
300.021
300.015
300.01
300.007
300.005
300.003
300.002
300.001
300.001
300
300
300
307.268
307.044
306.816
306.585
306.35
306.112
305.87
305.624
305.372
305.116
304.856
304.59
304.32
304.046
303.77
303.492
303.214
302.937
302.662
302.393
302.13
301.877
301.635
301.407
301.195
301.001
300.826
300.672
300.539
300.426
300.332
300.256
300.195
300.147
300.109
300.08
300.058
300.042
300.03
300.021
300.015
300.01
300.007
300.005
300.003
300.002
300.001
300.001
300
300
300
307.27
307.045
306.818
306.587
306.352
306.114
305.872
305.626
305.375
305.119
304.858
304.593
304.323
304.049
303.773
303.495
303.217
302.939
302.665
302.396
302.133
301.88
301.637
301.409
301.197
301.003
300.828
300.674
300.54
300.427
300.333
300.257
300.195
300.147
300.109
300.08
300.059
300.042
300.03
300.021
300.015
300.01
300.007
300.005
300.003
300.002
300.001
300.001
300
300
300
307.272
307.048
306.82
306.589
306.355
306.117
305.876
305.629
305.379
305.123
304.862
304.597
304.327
304.054
303.778
303.5
303.221
302.944
302.67
302.4
302.137
301.883
301.641
301.412
301.2
301.005
300.83
300.675
300.542
300.428
300.334
300.257
300.196
300.147
300.11
300.081
300.059
300.042
300.03
300.021
300.015
300.01
300.007
300.005
300.003
300.002
300.001
300.001
300
300
300
307.276
307.052
306.825
306.594
306.36
306.122
305.881
305.635
305.384
305.129
304.868
304.603
304.334
304.06
303.784
303.506
303.228
302.951
302.676
302.406
302.143
301.889
301.646
301.417
301.204
301.009
300.833
300.678
300.544
300.43
300.335
300.258
300.197
300.148
300.11
300.081
300.059
300.042
300.03
300.021
300.015
300.01
300.007
300.005
300.003
300.002
300.001
300.001
300
300
300
307.282
307.058
306.83
306.6
306.366
306.129
305.888
305.642
305.392
305.137
304.877
304.612
304.343
304.07
303.794
303.516
303.238
302.96
302.685
302.415
302.152
301.897
301.653
301.423
301.21
301.014
300.837
300.681
300.546
300.432
300.337
300.259
300.198
300.149
300.111
300.081
300.059
300.043
300.03
300.021
300.015
300.01
300.007
300.005
300.003
300.002
300.001
300.001
300
300
300
307.289
307.065
306.839
306.608
306.375
306.138
305.898
305.653
305.403
305.149
304.889
304.625
304.356
304.083
303.807
303.529
303.251
302.973
302.698
302.427
302.163
301.907
301.663
301.432
301.217
301.02
300.843
300.686
300.55
300.435
300.339
300.261
300.199
300.15
300.111
300.082
300.06
300.043
300.031
300.022
300.015
300.01
300.007
300.005
300.003
300.002
300.001
300.001
300
300
300
307.299
307.076
306.849
306.62
306.387
306.151
305.911
305.667
305.418
305.164
304.905
304.641
304.372
304.1
303.824
303.546
303.268
302.989
302.714
302.442
302.177
301.921
301.675
301.443
301.227
301.028
300.85
300.691
300.555
300.438
300.342
300.263
300.2
300.151
300.112
300.083
300.06
300.043
300.031
300.022
300.015
300.01
300.007
300.005
300.003
300.002
300.001
300.001
300
300
300
307.312
307.089
306.864
306.635
306.403
306.168
305.928
305.685
305.437
305.184
304.925
304.662
304.394
304.122
303.846
303.568
303.289
303.011
302.734
302.462
302.196
301.938
301.691
301.457
301.239
301.039
300.858
300.699
300.56
300.443
300.345
300.266
300.202
300.152
300.113
300.083
300.061
300.044
300.031
300.022
300.015
300.011
300.007
300.005
300.003
300.002
300.001
300.001
300
300
300
307.329
307.107
306.882
306.654
306.423
306.189
305.951
305.708
305.461
305.209
304.952
304.689
304.422
304.15
303.874
303.596
303.317
303.038
302.76
302.487
302.219
301.959
301.71
301.474
301.254
301.052
300.869
300.708
300.567
300.448
300.35
300.269
300.205
300.154
300.115
300.084
300.061
300.044
300.031
300.022
300.015
300.011
300.007
300.005
300.003
300.002
300.001
300.001
300
300
300
307.35
307.13
306.906
306.679
306.449
306.216
305.979
305.738
305.492
305.241
304.985
304.723
304.456
304.185
303.909
303.631
303.351
303.071
302.792
302.517
302.247
301.986
301.734
301.496
301.273
301.068
300.883
300.719
300.576
300.455
300.355
300.273
300.208
300.156
300.116
300.086
300.062
300.045
300.032
300.022
300.016
300.011
300.007
300.005
300.003
300.002
300.001
300.001
300
300
300
307.378
307.159
306.936
306.71
306.481
306.25
306.014
305.775
305.53
305.281
305.026
304.765
304.499
304.228
303.952
303.674
303.393
303.112
302.832
302.555
302.283
302.018
301.764
301.522
301.296
301.087
300.899
300.732
300.587
300.464
300.361
300.278
300.211
300.159
300.118
300.087
300.063
300.046
300.032
300.023
300.016
300.011
300.007
300.005
300.003
300.002
300.001
300.001
300
300
300
307.412
307.194
306.973
306.748
306.521
306.292
306.058
305.82
305.577
305.329
305.076
304.816
304.551
304.28
304.005
303.726
303.445
303.162
302.88
302.6
302.325
302.057
301.799
301.554
301.323
301.111
300.919
300.748
300.6
300.474
300.369
300.284
300.216
300.162
300.121
300.089
300.064
300.046
300.033
300.023
300.016
300.011
300.008
300.005
300.003
300.002
300.001
300.001
300
300
300
307.455
307.238
307.018
306.795
306.571
306.343
306.111
305.876
305.635
305.389
305.137
304.879
304.614
304.344
304.069
303.789
303.507
303.222
302.938
302.655
302.377
302.105
301.842
301.592
301.357
301.139
300.942
300.767
300.615
300.486
300.378
300.291
300.221
300.166
300.123
300.091
300.066
300.047
300.034
300.024
300.016
300.011
300.008
300.005
300.003
300.002
300.001
300.001
300
300
300
307.507
307.292
307.074
306.853
306.63
306.405
306.176
305.943
305.704
305.46
305.21
304.954
304.69
304.421
304.145
303.865
303.581
303.294
303.007
302.721
302.438
302.161
301.893
301.637
301.396
301.173
300.971
300.79
300.633
300.5
300.389
300.299
300.227
300.171
300.127
300.093
300.068
300.049
300.034
300.024
300.017
300.012
300.008
300.005
300.003
300.002
300.001
300.001
300
300
300
307.57
307.357
307.141
306.922
306.702
306.48
306.253
306.023
305.787
305.546
305.298
305.043
304.781
304.512
304.236
303.955
303.669
303.38
303.09
302.799
302.511
302.229
301.954
301.692
301.444
301.213
301.004
300.818
300.655
300.517
300.402
300.309
300.235
300.176
300.131
300.096
300.07
300.05
300.035
300.025
300.017
300.012
300.008
300.005
300.004
300.002
300.001
300.001
300
300
300
307.647
307.436
307.221
307.006
306.788
306.569
306.346
306.119
305.886
305.648
305.403
305.15
304.889
304.62
304.345
304.062
303.774
303.482
303.187
302.892
302.598
302.309
302.027
301.756
301.5
301.261
301.044
300.85
300.681
300.537
300.417
300.32
300.243
300.182
300.135
300.099
300.072
300.051
300.036
300.026
300.018
300.012
300.008
300.006
300.004
300.002
300.001
300.001
300
300
300
307.739
307.53
307.318
307.105
306.891
306.675
306.456
306.232
306.004
305.768
305.526
305.275
305.016
304.748
304.472
304.189
303.898
303.602
303.303
303.001
302.7
302.403
302.112
301.832
301.566
301.318
301.091
300.888
300.711
300.56
300.435
300.334
300.253
300.19
300.14
300.103
300.074
300.053
300.038
300.026
300.018
300.013
300.009
300.006
300.004
300.002
300.001
300.001
300
300
300
307.849
307.641
307.432
307.222
307.012
306.8
306.585
306.366
306.142
305.91
305.671
305.423
305.166
304.899
304.622
304.337
304.044
303.744
303.438
303.13
302.821
302.514
302.213
301.921
301.644
301.384
301.146
300.933
300.747
300.588
300.456
300.35
300.265
300.198
300.147
300.107
300.077
300.055
300.039
300.027
300.019
300.013
300.009
300.006
300.004
300.002
300.002
300.001
300
300
300
307.979
307.774
307.567
307.361
307.155
306.948
306.738
306.523
306.303
306.077
305.841
305.596
305.341
305.074
304.797
304.51
304.214
303.909
303.597
303.281
302.962
302.644
302.331
302.026
301.735
301.462
301.211
300.986
300.789
300.62
300.481
300.368
300.279
300.208
300.154
300.112
300.081
300.058
300.041
300.028
300.02
300.013
300.009
300.006
300.004
300.003
300.002
300.001
300
300
300
308.133
307.929
307.726
307.524
307.322
307.12
306.916
306.707
306.492
306.27
306.039
305.798
305.544
305.279
305.001
304.712
304.412
304.101
303.782
303.456
303.127
302.796
302.469
302.149
301.843
301.554
301.288
301.048
300.838
300.658
300.51
300.39
300.295
300.22
300.162
300.118
300.085
300.061
300.043
300.03
300.021
300.014
300.009
300.006
300.004
300.003
300.002
300.001
300.001
300
300
308.315
308.112
307.912
307.714
307.518
307.321
307.122
306.92
306.711
306.495
306.269
306.031
305.78
305.516
305.238
304.946
304.641
304.324
303.997
303.661
303.318
302.973
302.63
302.293
301.968
301.661
301.377
301.121
300.896
300.703
300.544
300.416
300.314
300.234
300.172
300.125
300.09
300.064
300.045
300.031
300.021
300.015
300.01
300.007
300.004
300.003
300.002
300.001
300.001
300
300
308.527
308.326
308.129
307.935
307.744
307.554
307.362
307.166
306.964
306.754
306.533
306.3
306.052
305.789
305.51
305.216
304.907
304.583
304.246
303.897
303.541
303.179
302.818
302.461
302.115
301.787
301.482
301.206
300.964
300.756
300.585
300.446
300.336
300.25
300.183
300.133
300.095
300.067
300.047
300.033
300.023
300.015
300.01
300.007
300.005
300.003
300.002
300.001
300.001
300
300
308.775
308.575
308.381
308.192
308.007
307.823
307.638
307.45
307.255
307.052
306.837
306.609
306.364
306.102
305.823
305.526
305.212
304.88
304.532
304.171
303.798
303.418
303.035
302.656
302.286
301.933
301.605
301.306
301.043
300.818
300.632
300.482
300.362
300.268
300.196
300.142
300.101
300.072
300.05
300.035
300.024
300.016
300.011
300.007
300.005
300.003
300.002
300.001
300.001
300
300
309.065
308.865
308.673
308.488
308.309
308.132
307.955
307.775
307.588
307.393
307.184
306.961
306.72
306.46
306.181
305.881
305.561
305.22
304.861
304.485
304.095
303.694
303.288
302.882
302.485
302.104
301.748
301.423
301.136
300.89
300.688
300.523
300.392
300.29
300.212
300.152
300.108
300.076
300.053
300.037
300.025
300.017
300.011
300.008
300.005
300.003
300.002
300.001
300.001
300
300
309.401
309.201
309.01
308.829
308.656
308.486
308.317
308.145
307.967
307.779
307.579
307.361
307.124
306.867
306.587
306.284
305.958
305.609
305.237
304.845
304.435
304.011
303.579
303.145
302.717
302.304
301.915
301.56
301.245
300.976
300.753
300.572
300.428
300.315
300.229
300.165
300.117
300.082
300.057
300.039
300.027
300.018
300.012
300.008
300.005
300.003
300.002
300.001
300.001
300
300
309.791
309.588
309.398
309.22
309.052
308.889
308.728
308.565
308.395
308.216
308.023
307.812
307.58
307.325
307.045
306.74
306.408
306.05
305.665
305.256
304.825
304.376
303.914
303.447
302.984
302.535
302.111
301.72
301.373
301.076
300.83
300.629
300.469
300.345
300.25
300.179
300.126
300.088
300.061
300.042
300.028
300.019
300.013
300.008
300.006
300.004
300.002
300.001
300.001
300
300
310.243
310.034
309.843
309.667
309.502
309.346
309.192
309.037
308.877
308.707
308.521
308.317
308.09
307.838
307.559
307.251
306.914
306.546
306.148
305.721
305.268
304.791
304.298
303.796
303.294
302.804
302.338
301.907
301.523
301.194
300.92
300.696
300.518
300.379
300.274
300.195
300.137
300.096
300.066
300.045
300.03
300.02
300.014
300.009
300.006
300.004
300.002
300.001
300.001
300
300
310.763
310.547
310.352
310.175
310.013
309.861
309.714
309.567
309.415
309.253
309.075
308.877
308.656
308.407
308.13
307.82
307.478
307.102
306.691
306.246
305.769
305.264
304.736
304.195
303.65
303.114
302.601
302.124
301.699
301.332
301.025
300.774
300.575
300.42
300.302
300.214
300.15
300.104
300.071
300.049
300.033
300.022
300.015
300.01
300.006
300.004
300.002
300.001
300.001
300
300
311.362
311.134
310.932
310.752
310.589
310.439
310.296
310.155
310.01
309.856
309.685
309.494
309.278
309.033
308.758
308.448
308.102
307.717
307.294
306.831
306.331
305.796
305.233
304.65
304.059
303.472
302.906
302.378
301.905
301.494
301.149
300.866
300.641
300.466
300.334
300.236
300.165
300.114
300.078
300.053
300.035
300.024
300.016
300.01
300.007
300.004
300.003
300.002
300.001
300.001
300
312.048
311.804
311.591
311.403
311.236
311.084
310.943
310.805
310.664
310.515
310.351
310.165
309.954
309.714
309.441
309.132
308.783
308.393
307.959
307.48
306.957
306.393
305.793
305.166
304.524
303.883
303.258
302.674
302.146
301.684
301.293
300.973
300.718
300.521
300.371
300.261
300.181
300.124
300.085
300.057
300.038
300.025
300.017
300.011
300.007
300.004
300.003
300.002
300.001
300.001
300
312.829
312.565
312.335
312.135
311.958
311.8
311.655
311.516
311.377
311.23
311.068
310.887
310.68
310.444
310.174
309.867
309.518
309.123
308.681
308.189
307.646
307.054
306.418
305.746
305.052
304.351
303.665
303.017
302.425
301.904
301.462
301.098
300.808
300.583
300.414
300.29
300.2
300.137
300.092
300.062
300.041
300.027
300.018
300.012
300.007
300.005
300.003
300.002
300.001
300.001
300
313.711
313.423
313.172
312.952
312.76
312.589
312.434
312.288
312.144
311.995
311.833
311.652
311.448
311.215
310.948
310.644
310.296
309.901
309.454
308.951
308.392
307.776
307.107
306.392
305.645
304.884
304.131
303.411
302.748
302.159
301.656
301.242
300.911
300.655
300.463
300.322
300.222
300.15
300.101
300.068
300.045
300.029
300.019
300.012
300.008
300.005
300.003
300.002
300.001
300.001
300
314.696
314.38
314.101
313.856
313.64
313.449
313.277
313.117
312.962
312.804
312.636
312.453
312.248
312.016
311.752
311.451
311.106
310.713
310.264
309.757
309.186
308.551
307.853
307.1
306.302
305.479
304.656
303.859
303.116
302.452
301.88
301.406
301.029
300.737
300.519
300.359
300.245
300.166
300.111
300.074
300.048
300.032
300.021
300.013
300.009
300.005
300.003
300.002
300.001
300.001
300
315.778
315.428
315.115
314.838
314.592
314.373
314.176
313.994
313.82
313.646
313.466
313.274
313.065
312.831
312.569
312.27
311.93
311.54
311.095
310.587
310.011
309.363
308.644
307.857
307.014
306.132
305.236
304.359
303.531
302.782
302.133
301.593
301.161
300.829
300.58
300.399
300.271
300.182
300.121
300.08
300.052
300.034
300.022
300.014
300.009
300.006
300.004
300.002
300.001
300.001
300.001
316.932
316.545
316.194
315.879
315.596
315.342
315.111
314.899
314.698
314.502
314.303
314.097
313.878
313.639
313.375
313.079
312.742
312.359
311.919
311.416
310.841
310.189
309.456
308.644
307.762
306.827
305.863
304.904
303.987
303.147
302.413
301.799
301.308
300.929
300.647
300.443
300.299
300.199
300.132
300.087
300.056
300.037
300.024
300.015
300.01
300.006
300.004
300.002
300.001
300.001
300.001
318.111
317.684
317.294
316.938
316.613
316.319
316.049
315.8
315.566
315.341
315.118
314.892
314.658
314.41
314.141
313.844
313.512
313.135
312.704
312.21
311.642
310.992
310.255
309.428
308.518
307.538
306.513
305.477
304.471
303.538
302.714
302.021
301.464
301.035
300.717
300.488
300.327
300.217
300.143
300.093
300.06
300.039
300.025
300.016
300.01
300.006
300.004
300.002
300.001
300.001
300.001
319.227
318.765
318.337
317.94
317.575
317.239
316.929
316.641
316.371
316.113
315.863
315.614
315.362
315.101
314.824
314.525
314.195
313.824
313.403
312.92
312.364
311.724
310.992
310.161
309.235
308.223
307.148
306.045
304.957
303.934
303.02
302.245
301.621
301.14
300.785
300.531
300.354
300.233
300.153
300.099
300.064
300.041
300.026
300.017
300.011
300.007
300.004
300.002
300.001
300.001
300.001
320.148
319.66
319.2
318.771
318.371
317.999
317.654
317.332
317.029
316.742
316.465
316.194
315.924
315.65
315.365
315.063
314.734
314.369
313.957
313.486
312.944
312.317
311.595
310.77
309.84
308.811
307.703
306.549
305.394
304.294
303.299
302.449
301.762
301.233
300.845
300.568
300.377
300.247
300.161
300.104
300.067
300.043
300.027
300.017
300.011
300.007
300.004
300.003
300.002
300.001
300.001
320.704
320.2
319.723
319.274
318.853
318.46
318.092
317.748
317.425
317.118
316.824
316.539
316.258
315.975
315.685
315.38
315.051
314.69
314.285
313.823
313.292
312.677
311.967
311.15
310.224
309.192
308.07
306.888
305.694
304.542
303.491
302.588
301.857
301.295
300.883
300.591
300.391
300.255
300.166
300.107
300.069
300.044
300.028
300.018
300.011
300.007
300.004
300.003
300.002
300.001
300.001
)
;

boundaryField
{
    inlet
    {
        type            fixedValue;
        value           uniform 300;
    }
    outlet
    {
        type            zeroGradient;
    }
    top
    {
        type            zeroGradient;
    }
    slip-bottom
    {
        type            zeroGradient;
    }
    bottom
    {
        type            zeroGradient;
    }
    interface
    {
        type            fixedGradient;
        gradient        nonuniform List<scalar> 
161
(
2999.99
2999.99
2999.99
2999.99
2999.99
2999.99
2999.99
2999.99
2999.99
2999.99
2999.99
2999.99
2999.99
2999.99
2999.99
2999.99
2999.99
2999.99
2999.99
2999.99
-2.55795e-13
-2.55795e-13
-2.55795e-13
-2.55795e-13
-2.55795e-13
-2.55795e-13
-2.55795e-13
-2.55795e-13
-2.55795e-13
-2.55795e-13
-2.55795e-13
-2.55795e-13
-2.55795e-13
-2.55795e-13
-2.55795e-13
-2.55795e-13
-2.55795e-13
-2.55795e-13
-2.55795e-13
-2.55795e-13
-2.41585e-12
-2.41585e-12
-2.41585e-12
-2.41585e-12
-2.41585e-12
-2.41585e-12
-2.41585e-12
-2.41585e-12
-2.41585e-12
-2.41585e-12
-2.41585e-12
-2.41585e-12
-2.41585e-12
-2.41585e-12
-2.41585e-12
-2.41585e-12
-7.10543e-13
-7.10543e-13
-7.10543e-13
-7.10543e-13
-7.10543e-13
-7.10543e-13
-7.10543e-13
-7.10543e-13
-7.10543e-13
-7.10543e-13
-7.10543e-13
-7.10543e-13
-7.10543e-13
-7.10543e-13
-7.10543e-13
5.68434e-14
5.68434e-14
5.68434e-14
5.68434e-14
5.68434e-14
5.68434e-14
5.68434e-14
5.68434e-14
5.68434e-14
5.68434e-14
5.68434e-14
5.68434e-14
8.52651e-14
8.52651e-14
8.52651e-14
8.52651e-14
8.52651e-14
8.52651e-14
8.52651e-14
8.52651e-14
8.52651e-14
8.52651e-14
8.52651e-14
-2.84217e-13
-2.84217e-13
-2.84217e-13
-2.84217e-13
-2.84217e-13
-2.84217e-13
-2.84217e-13
-2.84217e-13
-2.84217e-13
-2.84217e-13
6.25278e-13
6.25278e-13
6.25278e-13
6.25278e-13
6.25278e-13
6.25278e-13
6.25278e-13
6.25278e-13
6.25278e-13
1.98952e-13
1.98952e-13
1.98952e-13
1.98952e-13
1.98952e-13
1.98952e-13
1.98952e-13
1.98952e-13
1.13687e-13
1.13687e-13
1.13687e-13
1.13687e-13
1.13687e-13
1.13687e-13
1.13687e-13
1.13687e-13
8.52651e-13
8.52651e-13
8.52651e-13
8.52651e-13
8.52651e-13
8.52651e-13
8.52651e-13
5.68434e-14
5.68434e-14
5.68434e-14
5.68434e-14
5.68434e-14
5.68434e-14
5.68434e-14
1.42109e-14
1.42109e-14
1.42109e-14
1.42109e-14
1.42109e-14
1.42109e-14
-8.52651e-14
-8.52651e-14
-8.52651e-14
-8.52651e-14
-8.52651e-14
-8.52651e-14
2.21689e-12
2.21689e-12
2.21689e-12
2.21689e-12
2.21689e-12
2.21689e-12
)
;
    }
    defaultFaces
    {
        type            empty;
    }
}


// ************************************************************************* //
