/*--------------------------------*- C++ -*----------------------------------*\
  =========                 |
  \\      /  F ield         | OpenFOAM: The Open Source CFD Toolbox
   \\    /   O peration     | Website:  https://openfoam.org
    \\  /    A nd           | Version:  7
     \\/     M anipulation  |
\*---------------------------------------------------------------------------*/
FoamFile
{
    version     2.0;
    format      ascii;
    class       surfaceScalarField;
    location    "1";
    object      phi;
}
// * * * * * * * * * * * * * * * * * * * * * * * * * * * * * * * * * * * * * //

dimensions      [0 3 -1 0 0 0 0];

internalField   nonuniform List<scalar> 
5457
(
0.198394
0.00160644
0.19641
0.00198384
0.194054
0.00235586
0.191283
0.00277105
0.188096
0.0031867
0.184498
0.0035985
0.180483
0.00401453
0.176041
0.00444196
0.171155
0.00488567
0.165806
0.00534942
0.15997
0.0058364
0.15362
0.00634923
0.146731
0.00688972
0.139272
0.00745852
0.131218
0.00805463
0.122543
0.00867467
0.113231
0.00931205
0.103275
0.00995589
0.092685
0.0105899
0.081494
0.0111911
0.0697649
0.011729
0.0575996
0.0121653
0.0451446
0.012455
0.0325912
0.0125535
0.0201389
0.0124523
0.00780974
0.0123292
-0.00347295
0.0112827
-0.00857246
0.00509951
-0.00787481
-0.000697647
-0.00787481
0.199904
0.00170241
0.199105
0.00278329
0.197825
0.0036352
0.196104
0.00449258
0.193937
0.00535337
0.191324
0.00621166
0.188259
0.00707907
0.184733
0.00796863
0.180728
0.00889019
0.176226
0.0098515
0.171203
0.0108592
0.165634
0.0119189
0.159489
0.0130348
0.152738
0.0142086
0.145354
0.0154392
0.137308
0.0167207
0.128579
0.0180411
0.119155
0.0193799
0.109039
0.0207056
0.0982571
0.0219732
0.0868644
0.0231217
0.0749576
0.0240722
0.0626855
0.0247271
0.0502689
0.0249701
0.0380619
0.0246592
0.0268279
0.0235632
0.0174586
0.0206519
0.00795207
0.0146061
0.000894766
0.00635965
-0.00698004
0.199757
0.00194551
0.199017
0.00352323
0.197809
0.00484297
0.196187
0.0061152
0.194157
0.00738296
0.191719
0.00864979
0.188869
0.00992924
0.185599
0.0112384
0.181898
0.0125916
0.177748
0.0140005
0.173132
0.0154754
0.168026
0.0170249
0.162405
0.0186557
0.156242
0.0203719
0.149508
0.0221732
0.142175
0.0240534
0.134219
0.0259979
0.125618
0.0279803
0.116365
0.0299585
0.106467
0.0318711
0.0959573
0.0336318
0.0849039
0.0351256
0.0734276
0.0362034
0.061725
0.0366727
0.0501085
0.0362757
0.0390283
0.0346434
0.0286077
0.0310725
0.0184005
0.0248133
0.00909039
0.0156697
0.00211035
0.199679
0.00226612
0.198938
0.00426455
0.197751
0.00603023
0.196154
0.00771192
0.194163
0.0093742
0.191778
0.0110343
0.188999
0.0127089
0.185819
0.0144175
0.182233
0.016178
0.178228
0.0180053
0.173792
0.0199121
0.168907
0.0219096
0.163556
0.0240066
0.157719
0.0262089
0.151375
0.0285175
0.144501
0.0309269
0.137077
0.0334218
0.129084
0.0359735
0.120507
0.0385352
0.111343
0.0410356
0.101602
0.0433731
0.0913189
0.0454082
0.0805663
0.046956
0.0694628
0.0477762
0.0581784
0.0475601
0.0469014
0.0459204
0.0356688
0.0423051
0.0243566
0.0361255
0.0128195
0.0272069
0.0149298
0.199644
0.00262238
0.198894
0.0050138
0.197726
0.00719832
0.196159
0.00927953
0.194207
0.0113264
0.191873
0.013368
0.189157
0.0154253
0.186054
0.0175202
0.182559
0.0196729
0.178664
0.0219007
0.174357
0.0242184
0.169628
0.0266387
0.164463
0.0291717
0.158848
0.0318242
0.152767
0.034598
0.146206
0.0374881
0.139148
0.0404798
0.131577
0.0435441
0.123479
0.0466332
0.114842
0.0496732
0.105658
0.0525567
0.095932
0.0551343
0.0856824
0.0572056
0.0749471
0.0585114
0.0637788
0.0587285
0.052227
0.0574722
0.0402609
0.0542712
0.0277248
0.0486616
0.0143722
0.0405594
0.029302
0.199629
0.00299324
0.198879
0.00576384
0.197734
0.00834309
0.196204
0.0108098
0.1943
0.0132301
0.192027
0.0156412
0.189384
0.0180688
0.186367
0.0205368
0.182972
0.0230677
0.179192
0.0256807
0.175018
0.0283922
0.170441
0.0312162
0.165449
0.0341636
0.160031
0.0372418
0.154176
0.0404533
0.147871
0.0437937
0.141101
0.047249
0.133854
0.0507919
0.126111
0.0543762
0.117853
0.0579307
0.109059
0.0613508
0.099704
0.0644893
0.0897625
0.0671472
0.0792074
0.0690664
0.0680094
0.0699265
0.0561297
0.0693519
0.0434845
0.0669165
0.0299404
0.0622057
0.0153907
0.0551092
0.0446927
0.199626
0.00336683
0.198884
0.00650578
0.197768
0.00945959
0.196282
0.0122959
0.194435
0.0150766
0.192233
0.0178438
0.189674
0.0206275
0.186757
0.0234542
0.183476
0.0263481
0.179827
0.0293303
0.1758
0.0324186
0.171388
0.0356281
0.166581
0.0389708
0.161368
0.0424547
0.155738
0.0460833
0.149679
0.0498532
0.143176
0.0537521
0.136212
0.0577554
0.128767
0.0618216
0.120811
0.0658861
0.112309
0.0698532
0.103211
0.0735875
0.0934543
0.0769035
0.0829636
0.0795571
0.0716494
0.0812406
0.0594141
0.0815873
0.0461481
0.0801824
0.0317613
0.0765925
0.0162589
0.0706115
0.0609516
0.199631
0.00373579
0.198905
0.00723181
0.197822
0.0105422
0.196387
0.0137311
0.194606
0.0168574
0.192484
0.0199658
0.190022
0.0230902
0.187216
0.0262595
0.184065
0.0294997
0.180562
0.0328335
0.1767
0.0362803
0.172472
0.0398565
0.167867
0.0435751
0.162876
0.0474455
0.157487
0.0514724
0.151686
0.0556544
0.145456
0.0599822
0.138776
0.0644357
0.131617
0.0689803
0.123942
0.0735616
0.115697
0.0780981
0.106811
0.0824729
0.097192
0.0865229
0.0867216
0.0900276
0.0752629
0.0926993
0.0626715
0.0941787
0.0488158
0.0940381
0.0336291
0.0917792
0.0171922
0.0870485
0.0781438
0.199641
0.00409517
0.198937
0.00793544
0.197894
0.0115853
0.196516
0.0151092
0.194809
0.0185645
0.192777
0.0219979
0.190421
0.0254461
0.18774
0.0289404
0.184731
0.0325087
0.181389
0.0361751
0.177709
0.0399606
0.173682
0.043883
0.169301
0.0479567
0.164553
0.0521929
0.159427
0.0565983
0.153907
0.0611746
0.147972
0.0659168
0.141597
0.0708111
0.134745
0.0758321
0.127368
0.0809389
0.119397
0.0860686
0.110742
0.0911289
0.101278
0.0959865
0.0908515
0.100454
0.079278
0.104273
0.0663605
0.107096
0.0519248
0.108474
0.0358893
0.107815
0.0183737
0.104564
0.0965174
0.199654
0.0044414
0.198978
0.00861136
0.19798
0.0125834
0.196665
0.0164241
0.195039
0.0201909
0.193105
0.0239316
0.190866
0.0276854
0.18832
0.0314859
0.185466
0.0353625
0.182301
0.0393409
0.178818
0.0434436
0.175011
0.0476899
0.170871
0.0520959
0.166389
0.056675
0.161551
0.0614366
0.156339
0.0663863
0.150731
0.0715247
0.144697
0.076846
0.138192
0.0823362
0.131161
0.0879707
0.12352
0.0937091
0.11516
0.099489
0.105931
0.105216
0.0956391
0.110746
0.084046
0.115866
0.0708826
0.120259
0.0558891
0.123467
0.0389045
0.124799
0.0200239
0.123445
0.116541
0.19967
0.0047718
0.199026
0.0092552
0.198078
0.0135315
0.196831
0.0176703
0.195293
0.0217298
0.193465
0.025759
0.191351
0.0297992
0.188951
0.0338857
0.186264
0.0380495
0.183287
0.0423179
0.180016
0.0467146
0.176446
0.0512605
0.172568
0.0559739
0.168373
0.0608701
0.163847
0.0659621
0.158974
0.0712599
0.153728
0.0767704
0.148077
0.082497
0.141974
0.0884388
0.135356
0.0945894
0.128131
0.100934
0.120173
0.107446
0.111312
0.114077
0.101314
0.120743
0.0898796
0.127301
0.0766382
0.133501
0.0611805
0.138925
0.0431515
0.142828
0.0224781
0.144118
0.139019
0.199688
0.00508425
0.199079
0.00986334
0.198186
0.0144252
0.197013
0.0188428
0.195567
0.0231755
0.193853
0.0274735
0.191873
0.0317795
0.189628
0.0361308
0.187118
0.0405595
0.184341
0.0450943
0.181296
0.0497603
0.177976
0.0545799
0.174377
0.0595731
0.170489
0.0647579
0.166301
0.0701505
0.161795
0.0757655
0.156949
0.0816167
0.151729
0.0877169
0.146089
0.0940788
0.139963
0.100715
0.133259
0.107639
0.125843
0.114861
0.117531
0.122389
0.108061
0.130214
0.0970683
0.138293
0.0840616
0.146508
0.0684029
0.154584
0.0493562
0.161875
0.0263433
0.167131
0.165363
0.199707
0.00537709
0.199138
0.0104328
0.198302
0.0152608
0.197208
0.0199372
0.19586
0.0245227
0.194265
0.0290688
0.192425
0.0336195
0.190343
0.0382132
0.188019
0.0428835
0.185453
0.0476601
0.182644
0.0525692
0.179589
0.0576346
0.176284
0.0628781
0.172722
0.0683198
0.168894
0.0739791
0.164784
0.0798751
0.160373
0.0860277
0.155631
0.0924588
0.150517
0.0991937
0.144968
0.106264
0.138899
0.113708
0.132185
0.121576
0.124642
0.129932
0.116001
0.138854
0.105862
0.148432
0.0936201
0.15875
0.0783596
0.169844
0.0587174
0.181517
0.0328826
0.192966
0.198245
0.199728
0.00564898
0.1992
0.0109612
0.198425
0.0160351
0.197413
0.0209497
0.196168
0.0257672
0.194697
0.0305399
0.193004
0.0353132
0.19109
0.0401264
0.18896
0.045014
0.186613
0.0500066
0.184051
0.0551315
0.181272
0.0604134
0.178275
0.0658755
0.175055
0.0715398
0.171606
0.0774283
0.167917
0.0835637
0.163974
0.0899711
0.159753
0.0966797
0.155221
0.103726
0.15033
0.111154
0.14501
0.119028
0.139159
0.127428
0.132621
0.13647
0.125163
0.146312
0.11641
0.157185
0.10574
0.16942
0.0920543
0.18353
0.0732608
0.200311
0.0450977
0.221129
0.243343
0.19975
0.00589888
0.199265
0.0114465
0.198554
0.0167455
0.197627
0.0218772
0.196489
0.0269052
0.195146
0.0318827
0.193603
0.0368558
0.191865
0.0418648
0.189934
0.0469449
0.187814
0.0521271
0.185506
0.0574394
0.183012
0.0629073
0.180333
0.0685547
0.177467
0.0744051
0.174413
0.0804822
0.171166
0.0868111
0.167716
0.0934206
0.164051
0.100345
0.160151
0.107626
0.155985
0.11532
0.15151
0.123502
0.146663
0.132275
0.141349
0.141784
0.135421
0.15224
0.12864
0.163966
0.120584
0.177476
0.110418
0.193696
0.0961469
0.214582
0.0712581
0.246018
0.314601
0.00350419
-0.00350419
0.00204491
0.00145928
-0.00271359
0.00475849
-0.00978658
0.007073
-0.0184924
0.00870582
-0.0283591
0.00986667
-0.0390394
0.0106803
-0.0502589
0.0112195
-0.0617876
0.0115287
-0.0734242
0.0116366
-0.0849856
0.0115615
-0.0963005
0.0113148
-0.107203
0.0109029
-0.117532
0.0103282
-0.127122
0.00959021
-0.135808
0.00868668
-0.143422
0.00761386
-0.14979
0.00636763
-0.154735
0.00494523
-0.158082
0.00334697
-0.159634
0.00155189
-0.159126
-0.000508185
-0.15626
-0.00286537
-0.150684
-0.00557632
-0.142095
-0.00858899
-0.130178
-0.0119176
-0.114501
-0.015676
-0.0942457
-0.0202558
-0.0684672
-0.0257785
-0.0276396
-0.00560162
0.00209743
-0.0128447
0.00870235
-0.0213988
0.0133126
-0.0311613
0.0168355
-0.0419234
0.0194679
-0.053447
0.0213903
-0.0655032
0.0227364
-0.0778847
0.023601
-0.0904052
0.0240492
-0.102894
0.0241255
-0.115192
0.0238589
-0.127144
0.0232671
-0.1386
0.0223592
-0.149409
0.0211374
-0.159418
0.0195991
-0.16847
0.0177384
-0.176404
0.0155475
-0.183055
0.0130189
-0.188258
0.0101481
-0.191843
0.00693219
-0.193649
0.00335748
-0.193535
-0.000621521
-0.191362
-0.00503873
-0.187011
-0.00992722
-0.180358
-0.0152419
-0.171338
-0.0209381
-0.159977
-0.0270371
-0.146514
-0.0337185
-0.131441
-0.0408512
-0.0471986
-0.0108033
0.0129007
-0.0215192
0.0194182
-0.0324984
0.0242918
-0.0439176
0.0282547
-0.055773
0.0313234
-0.0679864
0.0336037
-0.0804438
0.0351939
-0.0930202
0.0361774
-0.10559
0.0366185
-0.118028
0.0365636
-0.130212
0.0360432
-0.14202
0.035075
-0.153326
0.0336659
-0.164004
0.0318147
-0.173919
0.029514
-0.182933
0.0267526
-0.190903
0.0235177
-0.197682
0.0197975
-0.203118
0.0155844
-0.207062
0.0108764
-0.209378
0.0056738
-0.209944
-5.63538e-05
-0.20871
-0.00627237
-0.205577
-0.0130604
-0.200506
-0.0203122
-0.193528
-0.0279161
-0.184798
-0.0357672
-0.174632
-0.0438847
-0.163061
-0.0524218
-0.0608573
-0.0132302
0.0261309
-0.0259471
0.0321352
-0.0383693
0.036714
-0.0507304
0.0406158
-0.0631218
0.0437148
-0.0755645
0.0460464
-0.0880339
0.0476632
-0.100478
0.0486216
-0.112829
0.0489696
-0.125008
0.0487425
-0.136927
0.0479623
-0.14849
0.0466384
-0.159594
0.0447695
-0.170125
0.0423457
-0.179962
0.0393513
-0.188977
0.035767
-0.197032
0.0315728
-0.203986
0.0267516
-0.209695
0.0212931
-0.214016
0.0151978
-0.216821
0.0084783
-0.218028
0.00115063
-0.217566
-0.00673441
-0.215428
-0.0151976
-0.211612
-0.0241291
-0.206191
-0.0333368
-0.199358
-0.0425996
-0.191387
-0.0518565
-0.18239
-0.0614189
-0.0706434
-0.0140845
0.0402154
-0.0276168
0.0456674
-0.0406435
0.0497407
-0.0533447
0.0533169
-0.0658357
0.0562058
-0.0781889
0.0583996
-0.0904356
0.05991
-0.102576
0.0607615
-0.114584
0.0609775
-0.126414
0.0605731
-0.138005
0.0595533
-0.149279
0.0579127
-0.160147
0.0556367
-0.170504
0.0527033
-0.180239
0.049086
-0.189228
0.0447559
-0.197341
0.0396854
-0.204441
0.0338523
-0.210392
0.0272437
-0.215058
0.0198635
-0.21832
0.0117402
-0.220093
0.00292412
-0.220344
-0.00648307
-0.219086
-0.0164554
-0.216344
-0.0268711
-0.21222
-0.0374609
-0.206908
-0.0479117
-0.200661
-0.0581043
-0.193745
-0.0683346
-0.0777486
-0.0139622
0.0541776
-0.0274403
0.0591456
-0.0403763
0.0626767
-0.0528907
0.0658314
-0.0650914
0.0684065
-0.0770693
0.0703775
-0.0888841
0.0717248
-0.100565
0.0724429
-0.112115
0.0725271
-0.12351
0.071968
-0.134706
0.070749
-0.145639
0.0688457
-0.156229
0.0662272
-0.166383
0.0628572
-0.175993
0.0586964
-0.184943
0.0537052
-0.193104
0.047847
-0.200345
0.0410932
-0.20653
0.0334287
-0.211528
0.0248609
-0.215221
0.0154335
-0.217536
0.00523936
-0.218442
-0.00557707
-0.217975
-0.016923
-0.21618
-0.0286655
-0.213173
-0.0404677
-0.209142
-0.0519433
-0.204342
-0.0629042
-0.199139
-0.073537
-0.082881
-0.013165
0.0673426
-0.0259485
0.071929
-0.0382365
0.0749647
-0.0501115
0.0777064
-0.0616679
0.0799629
-0.0729992
0.0817087
-0.0841757
0.0829012
-0.0952409
0.0835081
-0.106211
0.0834969
-0.117075
0.0828321
-0.127799
0.0814735
-0.13833
0.0793763
-0.148594
0.0764914
-0.158504
0.072767
-0.167957
0.0681498
-0.17684
0.0625884
-0.18503
0.0560363
-0.192395
0.0484582
-0.198803
0.0398367
-0.204125
0.030183
-0.208247
0.0195559
-0.211091
0.00808323
-0.212624
-0.00404425
-0.212892
-0.0166553
-0.211961
-0.0295964
-0.20995
-0.0424785
-0.20704
-0.0548534
-0.203498
-0.0664461
-0.199733
-0.0773017
-0.0864587
-0.011859
0.0792016
-0.0234593
0.0835293
-0.0346523
0.0861578
-0.0455027
0.0885568
-0.0560966
0.0905568
-0.0665255
0.0921377
-0.0768604
0.093236
-0.0871477
0.0937955
-0.0974076
0.0937568
-0.107634
0.0930588
-0.117799
0.0916382
-0.127852
0.0894296
-0.137727
0.0863657
-0.147339
0.082379
-0.156591
0.0774024
-0.165375
0.071372
-0.173569
0.0642309
-0.181048
0.0559363
-0.187679
0.0464679
-0.193335
0.0358391
-0.197898
0.0241186
-0.201272
0.0114579
-0.20341
-0.00190654
-0.204372
-0.015693
-0.204249
-0.02972
-0.203153
-0.0435739
-0.201257
-0.0567495
-0.198833
-0.0688703
-0.196304
-0.0798311
-0.0887364
-0.0101496
0.0893512
-0.0201778
0.0935576
-0.0299073
0.0958872
-0.0394027
0.0980522
-0.0487508
0.0999049
-0.0580411
0.101428
-0.0673401
0.102535
-0.0766899
0.103145
-0.086107
0.103174
-0.0955835
0.102535
-0.105091
0.101145
-0.11458
0.0989192
-0.123988
0.0957734
-0.133234
0.0916254
-0.142227
0.0863955
-0.150863
0.0800082
-0.159029
0.072396
-0.1666
0.0635074
-0.173449
0.0533169
-0.179446
0.0418369
-0.184466
0.029138
-0.18839
0.0153816
-0.191127
0.000830755
-0.192757
-0.0140634
-0.193415
-0.0290613
-0.193195
-0.0437943
-0.19225
-0.057694
-0.190846
-0.0702742
-0.18941
-0.0812676
-0.0898708
-0.00811057
0.0974617
-0.0162458
0.101693
-0.0241972
0.103839
-0.03205
0.105905
-0.0399007
0.107756
-0.0478402
0.109367
-0.0559261
0.110621
-0.0641897
0.111409
-0.0726366
0.111621
-0.081251
0.11115
-0.0899992
0.109893
-0.0988315
0.107752
-0.107684
0.104626
-0.116482
0.100423
-0.125137
0.0950514
-0.133557
0.0884274
-0.141634
0.0804732
-0.149254
0.0711276
-0.156293
0.0603562
-0.16262
0.0481631
-0.16809
0.0346084
-0.172556
0.019848
-0.175916
0.00419008
-0.178242
-0.0117374
-0.179693
-0.0276095
-0.18035
-0.0431381
-0.180342
-0.0577018
-0.179907
-0.0707086
-0.179473
-0.0817025
-0.089952
-0.00579922
0.103261
-0.0117684
0.107662
-0.0176608
0.109731
-0.0236143
0.111859
-0.0297467
0.113888
-0.0361518
0.115773
-0.0428724
0.117341
-0.0499214
0.118458
-0.0572861
0.118985
-0.0649361
0.1188
-0.0728293
0.117787
-0.0809113
0.115833
-0.0891169
0.112832
-0.0973722
0.108678
-0.105597
0.103277
-0.113707
0.0965375
-0.121609
0.0883746
-0.129197
0.0787157
-0.136354
0.0675132
-0.142946
0.054755
-0.148818
0.0404804
-0.15381
0.02484
-0.157843
0.00822293
-0.160928
-0.00865226
-0.163206
-0.0253315
-0.16478
-0.0415644
-0.165747
-0.0567348
-0.166288
-0.0701678
-0.166812
-0.081178
-0.089025
-0.00327555
0.106537
-0.00683542
0.111222
-0.0103972
0.113293
-0.0142136
0.115675
-0.0184363
0.118111
-0.0231584
0.120495
-0.0283952
0.122578
-0.0341306
0.124193
-0.0403249
0.12518
-0.0469264
0.125401
-0.0538819
0.124742
-0.06113
0.123082
-0.0686021
0.120304
-0.0762242
0.1163
-0.083921
0.110973
-0.0916194
0.104236
-0.0992384
0.0959937
-0.106685
0.0861624
-0.11385
0.0746782
-0.120606
0.0615109
-0.126811
0.0466858
-0.132322
0.0303508
-0.137036
0.0129363
-0.140874
-0.0048135
-0.143996
-0.02221
-0.14655
-0.03901
-0.148583
-0.0547019
-0.150174
-0.0685768
-0.151673
-0.0796788
-0.0870972
-0.000668642
0.107205
-0.00152579
0.112079
-0.00249208
0.114259
-0.00391786
0.117101
-0.00607461
0.120268
-0.00900722
0.123427
-0.0126847
0.126256
-0.017046
0.128555
-0.0220134
0.130147
-0.0275054
0.130893
-0.0334593
0.130696
-0.0398058
0.129428
-0.0464715
0.12697
-0.0533797
0.123208
-0.0604569
0.118051
-0.067646
0.111425
-0.07488
0.103228
-0.0820774
0.0933598
-0.0891364
0.0817373
-0.095937
0.0683115
-0.102364
0.0531131
-0.108304
0.0362901
-0.113636
0.0182688
-0.118163
-0.000286015
-0.122079
-0.0182943
-0.125662
-0.0354272
-0.128882
-0.0514816
-0.131673
-0.0657857
-0.134236
-0.0771164
-0.0841314
0.00198769
0.105217
0.00403129
0.110035
0.0060512
0.112239
0.00719688
0.115955
0.00719351
0.120271
0.00611272
0.124508
0.00405767
0.128311
0.00113227
0.13148
-0.0025741
0.133853
-0.00694018
0.135259
-0.0118605
0.135616
-0.0172584
0.134826
-0.0230627
0.132774
-0.0291903
0.129336
-0.0355624
0.124423
-0.0421486
0.118011
-0.0488999
0.109979
-0.0557524
0.100212
-0.0626162
0.0886011
-0.0693654
0.0750607
-0.0758979
0.0596456
-0.0821117
0.0425039
-0.0878665
0.0240235
-0.0929268
0.00477427
-0.0975398
-0.0136812
-0.102123
-0.0308439
-0.106617
-0.0469879
-0.110806
-0.0615967
-0.114611
-0.0733114
-0.0800503
0.00429022
0.100927
0.0097223
0.104603
0.0153442
0.106617
0.0191709
0.112128
0.0212731
0.118169
0.0219712
0.12381
0.021479
0.128803
0.0199689
0.13299
0.0175807
0.136242
0.0144252
0.138415
0.0106218
0.13942
0.00626318
0.139185
0.00140856
0.137629
-0.00390903
0.134654
-0.00954397
0.130058
-0.0154551
0.123922
-0.0216146
0.116139
-0.0279941
0.106592
-0.0345348
0.0951417
-0.0410951
0.081621
-0.0476157
0.0661662
-0.0539754
0.0488636
-0.0599418
0.0299899
-0.0654138
0.0102463
-0.0706854
-0.00840957
-0.0760835
-0.0254459
-0.0817817
-0.0412897
-0.0875237
-0.0558547
-0.0928391
-0.067996
-0.0747312
0.207424
0.00613422
0.206968
0.0119033
0.2063
0.0174131
0.20543
0.0227473
0.204365
0.0279704
0.203111
0.0331366
0.201674
0.0382924
0.20006
0.0434787
0.198274
0.048731
0.19632
0.0540808
0.194204
0.0595562
0.191928
0.0651832
0.189496
0.0709859
0.186913
0.0769884
0.18418
0.0832151
0.181299
0.0896923
0.17827
0.0964501
0.17509
0.103524
0.171756
0.11096
0.168261
0.118815
0.164597
0.127167
0.160751
0.136121
0.156712
0.145823
0.152473
0.15648
0.148046
0.168393
0.143511
0.182011
0.139199
0.198008
0.136652
0.217129
0.145802
0.236868
0.247122
0.213281
0.212468
0.00634914
0.212051
0.0123202
0.211442
0.0180218
0.210651
0.023539
0.209684
0.0289374
0.208549
0.0342716
0.207253
0.0395884
0.205803
0.0449288
0.204205
0.0503287
0.202467
0.0558193
0.200594
0.0614286
0.198595
0.0671823
0.196476
0.0731046
0.194246
0.0792189
0.191912
0.0855492
0.189483
0.0921214
0.186969
0.0989644
0.18438
0.106113
0.181732
0.113608
0.179044
0.121504
0.176343
0.129867
0.173676
0.138788
0.171121
0.148378
0.168817
0.158783
0.167037
0.170172
0.166349
0.182699
0.168004
0.196354
0.174303
0.210831
0.186015
0.225155
0.238424
0.194714
0.217635
0.00654136
0.217263
0.0126928
0.216719
0.018565
0.216014
0.024244
0.215156
0.0297961
0.214151
0.0352758
0.21301
0.0407302
0.211738
0.0462001
0.210346
0.051721
0.208842
0.0573237
0.207234
0.0630358
0.205535
0.0688819
0.203754
0.0748854
0.201904
0.0810684
0.2
0.0874534
0.198058
0.0940639
0.196096
0.100926
0.194141
0.108068
0.192223
0.115526
0.190385
0.123341
0.188689
0.131564
0.187224
0.140252
0.18613
0.149473
0.185623
0.15929
0.186047
0.169748
0.18791
0.180835
0.191842
0.192422
0.198314
0.204358
0.206811
0.216659
0.226983
0.218251
0.222929
0.0067087
0.222605
0.013017
0.222133
0.0190368
0.221523
0.0248546
0.220782
0.0305368
0.21992
0.0361381
0.218945
0.041705
0.217867
0.047278
0.216696
0.0528919
0.215443
0.0585766
0.214121
0.0643585
0.212741
0.0702612
0.211321
0.0763061
0.209876
0.0825134
0.208427
0.0889026
0.206997
0.0954937
0.205615
0.102307
0.204317
0.109366
0.203149
0.116694
0.202172
0.124318
0.201469
0.132268
0.201151
0.14057
0.201378
0.149246
0.202362
0.158305
0.204385
0.167725
0.207778
0.177443
0.212872
0.187328
0.22008
0.19715
0.230084
0.206655
0.213742
0.243325
0.228353
0.0068491
0.228081
0.0132888
0.227687
0.0194313
0.227178
0.0253632
0.226564
0.0311507
0.225854
0.0368479
0.225059
0.0425008
0.224187
0.0481492
0.223253
0.0538265
0.222268
0.0595618
0.221246
0.0653798
0.220205
0.0713022
0.219163
0.0773481
0.218142
0.0835348
0.217166
0.0898784
0.216266
0.0963938
0.215478
0.103096
0.214846
0.109998
0.214426
0.117113
0.21429
0.124454
0.214529
0.132029
0.215261
0.139838
0.216636
0.147871
0.218841
0.156101
0.222099
0.164467
0.22667
0.172872
0.232846
0.181152
0.240982
0.189014
0.251446
0.196191
0.201653
0.263534
0.233909
0.00696064
0.233693
0.0135045
0.233381
0.0197432
0.232982
0.025763
0.232503
0.0316293
0.231955
0.0373955
0.231349
0.0431068
0.230697
0.0488015
0.230011
0.0545121
0.229308
0.0602658
0.228602
0.0660854
0.227914
0.0719904
0.227265
0.0779972
0.22668
0.0841197
0.226189
0.0903695
0.225826
0.0967565
0.225633
0.103288
0.22566
0.109971
0.225968
0.116805
0.226632
0.123791
0.227743
0.130917
0.229413
0.138168
0.231776
0.145508
0.234989
0.152887
0.239232
0.160225
0.244699
0.167404
0.251587
0.174264
0.260033
0.180568
0.270103
0.186121
0.190441
0.281316
0.2396
0.00704157
0.239444
0.0136606
0.23922
0.0199676
0.238935
0.0260476
0.238599
0.0319652
0.238222
0.0377725
0.237816
0.0435134
0.237392
0.0492249
0.236967
0.0549378
0.236555
0.0606773
0.236176
0.0664643
0.235851
0.0723155
0.235604
0.0782442
0.235463
0.0842607
0.23546
0.0903722
0.235634
0.0965832
0.236028
0.102895
0.236694
0.109304
0.237695
0.115804
0.239104
0.122382
0.241006
0.129015
0.243501
0.135673
0.246701
0.142308
0.250732
0.148857
0.255724
0.155233
0.261802
0.161326
0.269066
0.167
0.277553
0.172081
0.28726
0.176414
0.179749
0.297951
0.24543
0.00709034
0.245337
0.0137543
0.245204
0.0201003
0.24504
0.0262118
0.244853
0.0321519
0.244654
0.0379714
0.244455
0.0437126
0.244269
0.0494109
0.244112
0.055095
0.244001
0.0607882
0.243956
0.0665089
0.244001
0.0722711
0.24416
0.0780849
0.244464
0.0839569
0.244946
0.0898899
0.245646
0.0958834
0.246608
0.101932
0.247884
0.108028
0.249534
0.114155
0.251625
0.120291
0.254232
0.126408
0.25744
0.132465
0.261338
0.13841
0.266018
0.144177
0.271567
0.149684
0.278059
0.154835
0.285539
0.159519
0.294008
0.163612
0.303432
0.166991
0.169531
0.313649
0.251402
0.00710563
0.251373
0.0137829
0.251336
0.0201375
0.251297
0.0262508
0.251265
0.0321841
0.25125
0.0379865
0.251264
0.0436984
0.251321
0.0493533
0.251439
0.054978
0.251633
0.0605934
0.251927
0.0662154
0.252343
0.0718552
0.252908
0.0775201
0.253652
0.0832128
0.254609
0.0889325
0.255819
0.0946738
0.257324
0.100427
0.259173
0.106178
0.261421
0.111907
0.264127
0.117586
0.267354
0.12318
0.271171
0.128648
0.275644
0.133937
0.280836
0.138984
0.286803
0.143717
0.293582
0.148056
0.301187
0.151914
0.309596
0.155203
0.318751
0.157836
0.159754
0.328528
0.257518
0.00708635
0.257557
0.0137443
0.257618
0.0200764
0.257707
0.0261612
0.257834
0.0320578
0.258007
0.0378134
0.258239
0.0434664
0.258544
0.0490482
0.258939
0.0545834
0.259441
0.0600906
0.260073
0.0655834
0.260858
0.0710702
0.261823
0.0765553
0.262997
0.0820385
0.264415
0.0875154
0.266111
0.0929772
0.268128
0.0984107
0.270509
0.103798
0.273301
0.109114
0.276555
0.114331
0.280322
0.119413
0.284654
0.124317
0.289597
0.128994
0.295193
0.133388
0.301472
0.137439
0.308446
0.141081
0.31611
0.144251
0.324426
0.146886
0.333332
0.14893
0.150357
0.342729
0.263782
0.00703169
0.263889
0.0136371
0.264051
0.0199147
0.264272
0.0259402
0.26456
0.03177
0.264924
0.0374493
0.265376
0.0430142
0.26593
0.0484938
0.266603
0.0539107
0.267413
0.0592811
0.26838
0.0646163
0.269528
0.0699222
0.270883
0.0752005
0.272473
0.0804485
0.274329
0.085659
0.276486
0.0908206
0.278979
0.0959176
0.281847
0.10093
0.285129
0.105832
0.288867
0.110594
0.293099
0.115181
0.297863
0.119554
0.303188
0.123668
0.3091
0.127476
0.315609
0.13093
0.322712
0.133978
0.330389
0.136574
0.338598
0.138677
0.347279
0.14025
0.141283
0.356352
0.270198
0.00694111
0.270375
0.0134602
0.270638
0.0196512
0.270992
0.0255864
0.271442
0.0313195
0.271999
0.0368932
0.272671
0.0423413
0.273474
0.0476908
0.274423
0.0529619
0.275535
0.0581689
0.276831
0.0633205
0.278332
0.0684209
0.280064
0.0734694
0.282051
0.0784612
0.284322
0.0833873
0.286909
0.0882346
0.28984
0.0929858
0.29315
0.09762
0.29687
0.102112
0.30103
0.106433
0.30566
0.110551
0.310783
0.11443
0.316417
0.118033
0.322573
0.121321
0.329249
0.124254
0.336432
0.126796
0.344093
0.128913
0.352191
0.130579
0.360669
0.131771
0.132493
0.36946
0.276768
0.00681435
0.277015
0.0132131
0.277381
0.0192853
0.277868
0.0250993
0.278481
0.030706
0.279229
0.0361455
0.280121
0.0414493
0.28117
0.046642
0.28239
0.0517417
0.283798
0.0567606
0.285413
0.0617057
0.287255
0.0665792
0.289345
0.0713788
0.291708
0.0760982
0.294369
0.080727
0.297352
0.0852514
0.300684
0.0896539
0.30439
0.0939137
0.308496
0.0980068
0.313022
0.101907
0.317989
0.105585
0.323409
0.10901
0.329291
0.112151
0.335634
0.114978
0.342428
0.11746
0.349654
0.11957
0.35728
0.121287
0.365266
0.122593
0.373558
0.123479
0.12395
0.382101
0.283496
0.00665144
0.283813
0.0128959
0.284281
0.0188172
0.284901
0.0244796
0.285676
0.0299308
0.286613
0.0352084
0.287721
0.0403413
0.289011
0.045352
0.290496
0.0502566
0.292191
0.0550654
0.294113
0.0597838
0.29628
0.0644125
0.29871
0.0689479
0.301426
0.0733829
0.304446
0.0777065
0.307793
0.0819047
0.311486
0.0859604
0.315546
0.0898541
0.319989
0.0935637
0.32483
0.0970655
0.33008
0.100335
0.335744
0.103346
0.341822
0.106073
0.348306
0.108494
0.355181
0.110585
0.362423
0.112328
0.37
0.11371
0.377872
0.114721
0.385994
0.115357
0.115629
0.394315
0.290385
0.00645266
0.290772
0.0125093
0.291341
0.018248
0.292092
0.0237288
0.293026
0.0289964
0.294149
0.0340853
0.295468
0.0390223
0.296993
0.0438276
0.298734
0.0485155
0.300705
0.0530946
0.302919
0.057569
0.305394
0.0619381
0.308144
0.0661978
0.311186
0.0703404
0.314538
0.0743548
0.318215
0.0782277
0.322233
0.0819429
0.326604
0.0854825
0.331341
0.0888271
0.33645
0.0919561
0.341936
0.0948486
0.347798
0.0974839
0.354029
0.0998425
0.360616
0.101906
0.367541
0.10366
0.374778
0.105091
0.382295
0.106193
0.390056
0.10696
0.398018
0.107395
0.107508
0.406139
0.29744
0.00621855
0.297895
0.0120542
0.298564
0.0175794
0.299443
0.0228496
0.300533
0.0279062
0.301837
0.0327811
0.303361
0.0374987
0.305111
0.042077
0.307098
0.0465287
0.309332
0.050861
0.311824
0.0550767
0.314587
0.0591748
0.317635
0.0631505
0.320979
0.0669961
0.324633
0.0707012
0.328607
0.074253
0.332913
0.0776371
0.337558
0.0808375
0.342548
0.0838374
0.347884
0.0866196
0.353566
0.089167
0.359586
0.0914634
0.365935
0.093494
0.372595
0.0952458
0.379546
0.0967087
0.386762
0.0978755
0.394212
0.0987427
0.401862
0.0993105
0.409674
0.0995826
0.0995719
0.41761
0.304664
0.00594987
0.305186
0.0115323
0.305951
0.0168137
0.306956
0.0218453
0.308197
0.0266649
0.309676
0.0313018
0.311397
0.035778
0.313364
0.0401097
0.315585
0.0443078
0.318068
0.0483785
0.320821
0.0523238
0.323854
0.056142
0.327176
0.0598285
0.330796
0.0633757
0.334723
0.0667739
0.338965
0.0700118
0.343525
0.0730765
0.348409
0.0759542
0.353615
0.0786308
0.359142
0.0810923
0.364984
0.0833252
0.37113
0.0853171
0.377567
0.0870573
0.384276
0.088537
0.391235
0.0897499
0.398418
0.0906928
0.405795
0.0913652
0.413335
0.0917701
0.421005
0.0919129
0.0918065
0.42877
0.312061
0.00564759
0.312647
0.0109454
0.313507
0.0159539
0.314633
0.0207198
0.31602
0.0252778
0.317668
0.0296541
0.319577
0.0338687
0.321751
0.0379359
0.324193
0.0418653
0.32691
0.045662
0.329906
0.0493273
0.333188
0.0528595
0.336763
0.0562539
0.340635
0.0595037
0.344809
0.0626001
0.349288
0.065533
0.354073
0.0682916
0.359163
0.0708641
0.364554
0.0732392
0.370241
0.0754055
0.376214
0.0773529
0.382458
0.0790722
0.38896
0.0805561
0.395698
0.081799
0.40265
0.082798
0.40979
0.0835523
0.417092
0.0840637
0.424525
0.0843368
0.432059
0.0843784
0.0842008
0.439665
0.319634
0.00531281
0.320284
0.0102956
0.321235
0.0150033
0.322477
0.0194779
0.324004
0.0237507
0.325812
0.0278456
0.327901
0.0317801
0.33027
0.0355669
0.332921
0.0392142
0.335856
0.0427265
0.339079
0.0461046
0.342592
0.0493466
0.346398
0.0524483
0.350498
0.0554035
0.354893
0.0582047
0.359583
0.0608432
0.364565
0.0633098
0.369834
0.0655951
0.375383
0.0676899
0.381203
0.0695856
0.387281
0.0712746
0.393603
0.0727507
0.40015
0.074009
0.406902
0.0750469
0.413837
0.0758633
0.420929
0.0764596
0.428154
0.0768392
0.435483
0.0770075
0.44289
0.0769718
0.076744
0.450347
0.327389
0.00494673
0.328099
0.00958551
0.329137
0.0139655
0.330491
0.0181244
0.332151
0.0220903
0.334113
0.0258842
0.336371
0.0295217
0.338924
0.0330138
0.341771
0.0363677
0.34491
0.039587
0.348343
0.0426723
0.352067
0.0456219
0.356084
0.0484319
0.36039
0.051097
0.364984
0.0536108
0.369861
0.055966
0.375016
0.0581553
0.38044
0.060171
0.386124
0.0620061
0.392055
0.0636542
0.39822
0.0651101
0.404601
0.0663696
0.41118
0.0674302
0.417936
0.0682908
0.424847
0.0689524
0.431889
0.0694175
0.439038
0.0696903
0.446268
0.069777
0.453555
0.0696848
0.069425
0.460874
0.33533
0.00455061
0.336098
0.00881742
0.337219
0.0128442
0.338679
0.0166645
0.340467
0.0203029
0.342573
0.023778
0.344991
0.0271032
0.347717
0.030288
0.350746
0.0333386
0.354075
0.0362579
0.357701
0.0390465
0.36162
0.0417027
0.365829
0.0442232
0.370322
0.0466036
0.375095
0.0488385
0.380139
0.0509221
0.385445
0.0528483
0.391005
0.0546115
0.396805
0.0562065
0.40283
0.0576285
0.409066
0.0588743
0.415494
0.0599414
0.422096
0.0608289
0.428849
0.0615371
0.435734
0.0620681
0.442726
0.0624252
0.449803
0.0626132
0.456942
0.0626383
0.464119
0.0625076
0.0622315
0.471312
0.343461
0.00412566
0.344284
0.0079938
0.345485
0.0116432
0.347047
0.0151032
0.348954
0.0183953
0.351197
0.0215351
0.353766
0.0245341
0.356654
0.0274005
0.359853
0.0301393
0.363358
0.032753
0.367162
0.035242
0.37126
0.0376049
0.375644
0.039839
0.380307
0.0419406
0.385241
0.0439053
0.390434
0.0457285
0.395877
0.0474057
0.401556
0.0489326
0.407457
0.0503054
0.413564
0.0515211
0.419861
0.0525776
0.426328
0.0534739
0.432947
0.0542102
0.439696
0.0547878
0.446555
0.0552094
0.453501
0.0554788
0.460514
0.055601
0.46757
0.0555818
0.474649
0.0554282
0.0551496
0.481731
0.351786
0.00367295
0.352663
0.00711684
0.353941
0.010366
0.355598
0.0134457
0.357619
0.0163739
0.359991
0.0191634
0.362702
0.0218238
0.36574
0.0243616
0.369098
0.0267813
0.372767
0.0290848
0.376736
0.0312723
0.380999
0.0333427
0.385544
0.0352937
0.390362
0.0371224
0.395442
0.0388255
0.400771
0.0403993
0.406336
0.0418404
0.412123
0.0431459
0.418115
0.044313
0.424297
0.04534
0.430648
0.0462259
0.437152
0.0469705
0.443787
0.0475749
0.450534
0.048041
0.457372
0.0483716
0.46428
0.0485709
0.471237
0.0486435
0.478224
0.0485951
0.48522
0.048432
0.0481626
0.492207
0.360312
0.00319327
0.361241
0.0061882
0.362591
0.00901552
0.36434
0.0116965
0.366469
0.0142448
0.368962
0.0166704
0.371805
0.0189808
0.374986
0.0211813
0.378491
0.0232754
0.382312
0.0252647
0.386435
0.0271492
0.390849
0.0289281
0.395543
0.0305995
0.400505
0.0321611
0.40572
0.0336104
0.411174
0.0349448
0.416853
0.0361616
0.42274
0.037259
0.428818
0.0382351
0.435069
0.0390891
0.441474
0.0398207
0.448014
0.0404304
0.454669
0.0409196
0.46142
0.0412905
0.468245
0.0415462
0.475126
0.0416903
0.482042
0.0417276
0.488974
0.0416629
0.495904
0.041502
0.0412522
0.502815
0.369043
0.0026867
0.370023
0.00520852
0.371444
0.00759411
0.373281
0.00985968
0.375512
0.0120137
0.37812
0.0140629
0.381087
0.0160129
0.384401
0.0178682
0.388045
0.019631
0.392007
0.0213026
0.396273
0.0228829
0.40083
0.0243712
0.405664
0.0257661
0.410759
0.0270658
0.416101
0.0282684
0.421674
0.029372
0.42746
0.030375
0.433444
0.0312758
0.439605
0.0320737
0.445926
0.0327681
0.452387
0.0333594
0.458969
0.0338484
0.465652
0.0342367
0.472416
0.0345264
0.479242
0.0347205
0.48611
0.0348224
0.493001
0.0348361
0.499898
0.034766
0.506783
0.0346169
0.0343949
0.513641
0.377986
0.00215192
0.379018
0.00417642
0.380509
0.00610325
0.382429
0.00793957
0.384756
0.00968645
0.387471
0.0113478
0.390556
0.0129282
0.393994
0.0144306
0.397768
0.0158567
0.401863
0.0172071
0.406264
0.0184818
0.410956
0.01968
0.415921
0.0208007
0.421144
0.0218426
0.426608
0.0228044
0.432296
0.0236846
0.438188
0.0244822
0.444268
0.0251963
0.450515
0.0258265
0.456911
0.0263727
0.463435
0.0268354
0.470068
0.0272155
0.47679
0.0275147
0.483581
0.0277349
0.490423
0.0278786
0.497296
0.0279489
0.504183
0.0279491
0.511066
0.027883
0.517929
0.0277545
0.0275689
0.524755
0.387149
0.00158403
0.38824
0.00308554
0.389802
0.00454168
0.391803
0.00593798
0.394223
0.0072665
0.397041
0.00853021
0.400236
0.00973276
0.403791
0.0108759
0.407688
0.0119603
0.411909
0.0129861
0.416437
0.0139532
0.421256
0.0148611
0.426348
0.015709
0.431694
0.016496
0.437278
0.0172211
0.443079
0.0178834
0.449079
0.0184822
0.455258
0.0190171
0.461597
0.0194877
0.468075
0.0198944
0.474673
0.0202376
0.48137
0.0205182
0.488147
0.0207376
0.494985
0.0208974
0.501864
0.0209997
0.508766
0.0210468
0.515674
0.0210414
0.52257
0.0209861
0.529441
0.0208839
0.0207387
0.536271
0.396547
0.000969474
0.397701
0.00193158
0.399328
0.00291506
0.401405
0.00386061
0.403913
0.00475912
0.406827
0.00561572
0.410127
0.00643259
0.413793
0.00720976
0.417807
0.00794707
0.422148
0.00864441
0.4268
0.00930156
0.431743
0.0099181
0.436959
0.0104934
0.442428
0.011027
0.448131
0.011518
0.454048
0.011966
0.46016
0.0123706
0.466445
0.0127314
0.472885
0.0130485
0.479457
0.0133221
0.486142
0.0135525
0.492919
0.0137406
0.49977
0.0138872
0.506674
0.0139936
0.513612
0.0140613
0.520567
0.014092
0.527521
0.0140874
0.534457
0.0140498
0.54136
0.0139812
0.0138851
0.548214
0.406262
0.000217539
0.407485
0.00070874
0.409171
0.00122876
0.411319
0.001713
0.413904
0.00217359
0.416904
0.00261611
0.420297
0.00304007
0.424062
0.00344435
0.428181
0.00382848
0.432633
0.0041922
0.437399
0.00453527
0.44246
0.00485736
0.447795
0.00515809
0.453385
0.00543706
0.459209
0.00569392
0.465247
0.00592837
0.471477
0.00614019
0.477879
0.00632927
0.484432
0.00649559
0.491115
0.0066393
0.497907
0.00676066
0.504787
0.00686007
0.511737
0.00693807
0.518735
0.00699532
0.525764
0.00703259
0.532805
0.00705076
0.539842
0.00705079
0.546858
0.00703368
0.553838
0.00700044
0.00695298
0.56077
0.415537
0.416246
0.417474
0.419187
0.421361
0.423977
0.427017
0.430461
0.43429
0.438482
0.443017
0.447875
0.453033
0.45847
0.464164
0.470092
0.476232
0.482562
0.489057
0.495697
0.502457
0.509317
0.516255
0.523251
0.530283
0.537334
0.544385
0.551419
0.558419
0.565372
0.110947
0.102333
0.0280304
0.0829169
0.0480119
-0.0199815
0.184656
0.112391
0.16606
0.101513
0.0851264
0.128945
0.220963
0.10968
0.216923
0.105553
0.0983841
0.203665
0.247581
0.105424
0.248499
0.104636
0.10201
0.244872
0.268616
0.100342
0.272239
0.101013
0.100641
0.273608
0.286747
0.0949111
0.291652
0.0961074
0.0967637
0.295529
0.30332
0.0895419
0.308585
0.0908424
0.0918731
0.313476
0.31881
0.0843814
0.324036
0.0856166
0.0867087
0.3292
0.333469
0.0794401
0.338527
0.0805593
0.0815909
0.343644
0.347471
0.0746981
0.352333
0.0756973
0.0766341
0.35729
0.360918
0.0701323
0.365594
0.071021
0.0718605
0.370368
0.373872
0.06572
0.378383
0.0665098
0.0672589
0.382985
0.386379
0.0614421
0.390745
0.0621438
0.0628107
0.395193
0.398474
0.0572832
0.402711
0.0579061
0.0584989
0.407023
0.410191
0.0532315
0.414313
0.0537836
0.0543095
0.418503
0.421564
0.0492777
0.425582
0.049766
0.0502313
0.42966
0.432634
0.0454143
0.436555
0.045845
0.0462555
0.440531
0.443444
0.0416349
0.447276
0.0420135
0.0423743
0.451157
0.454048
0.0379335
0.457797
0.038265
0.0385806
0.46159
0.464503
0.0343042
0.468176
0.0345928
0.0348674
0.471889
0.474876
0.0307404
0.478479
0.0309899
0.0312273
0.482119
0.485237
0.0272347
0.488778
0.0274486
0.027652
0.492354
0.495663
0.0237787
0.499151
0.02396
0.0241322
0.502671
0.506231
0.0203624
0.509677
0.0205135
0.020657
0.513152
0.517028
0.0169753
0.520443
0.0170984
0.0172154
0.523884
0.528127
0.0136031
0.531525
0.0136998
0.0137915
0.534949
0.53964
0.0102345
0.543033
0.0103064
0.0103747
0.54645
0.551601
0.00684718
0.555013
0.00689443
0.00693859
0.558449
0.564182
0.00343539
0.567619
0.00345796
0.00347998
0.571077
0.568807
0.572265
0.575745
-0.000770315
0.081716
0.0164706
0.0873624
0.0270653
0.0960224
0.0338074
0.105386
0.0380997
0.113876
0.0405781
0.121331
0.0416176
0.127764
0.0414803
0.133128
0.0403519
0.13737
0.038361
0.140406
0.0356242
0.142156
0.0322457
0.142563
0.0283132
0.141561
0.0238956
0.139071
0.0190167
0.134937
0.0137801
0.129159
0.00823001
0.121689
0.00237611
0.112446
-0.00381865
0.101336
-0.0102348
0.0880371
-0.0167723
0.0727037
-0.0234835
0.0555748
-0.0306098
0.0371162
-0.0377094
0.0173459
-0.0436959
-0.00242304
-0.0497772
-0.0193646
-0.0566284
-0.0344385
-0.0641332
-0.0483499
-0.0714802
-0.060649
-0.0675964
0.0800886
0.130573
0.0579694
0.109482
0.0521525
0.101839
0.0540299
0.103509
0.0577942
0.110112
0.0610742
0.118051
0.0632956
0.125542
0.0644273
0.131996
0.0645622
0.137235
0.0638029
0.141165
0.0622487
0.143711
0.0599966
0.144815
0.0571356
0.144422
0.0537377
0.142469
0.0498316
0.138843
0.0454871
0.133503
0.0407642
0.126412
0.035706
0.117504
0.0303567
0.106686
0.0246581
0.0937357
0.0186827
0.0786791
0.0124585
0.0617991
0.00581831
0.0437564
-0.00229331
0.0254575
-0.0107103
0.0059939
-0.0178573
-0.0122175
-0.0256138
-0.026682
-0.0344333
-0.0395303
-0.0439016
-0.0511808
-0.058297
0.165788
0.16845
0.131627
0.143642
0.106918
0.126549
0.0929618
0.117465
0.0874898
0.115584
0.0867996
0.118742
0.0879637
0.124378
0.0893882
0.130571
0.0903888
0.136235
0.0907225
0.140831
0.0903341
0.144099
0.089249
0.1459
0.0875226
0.146149
0.0852155
0.144776
0.0823631
0.141695
0.0790162
0.13685
0.0752296
0.130198
0.0710513
0.121682
0.0665131
0.111224
0.0615585
0.0986902
0.0561526
0.0840851
0.0502557
0.0676959
0.043799
0.0502131
0.0366201
0.0326364
0.0277154
0.0148986
0.0183098
-0.00281192
0.0095545
-0.0179267
7.9943e-05
-0.0300558
-0.0112647
-0.0398361
-0.04764
0.224866
0.188457
0.198443
0.170065
0.171814
0.153179
0.149296
0.139982
0.133331
0.131549
0.124037
0.128036
0.119828
0.128587
0.118656
0.131743
0.118873
0.136017
0.119446
0.140259
0.119821
0.143724
0.119742
0.14598
0.119112
0.146778
0.117917
0.145972
0.116161
0.143451
0.113869
0.139142
0.111078
0.132989
0.107819
0.124942
0.104102
0.11494
0.0998729
0.10292
0.0950362
0.0889217
0.0894888
0.0732434
0.0831836
0.0565183
0.0761805
0.0396395
0.0676887
0.0233904
0.057605
0.00727176
0.0474298
-0.00775148
0.0371702
-0.0197961
0.0263003
-0.0289663
-0.0361409
0.266297
0.195767
0.250992
0.185371
0.231031
0.173139
0.209745
0.161269
0.190125
0.151168
0.174337
0.143823
0.163276
0.139649
0.156609
0.13841
0.153263
0.139363
0.152
0.141521
0.151787
0.143937
0.151911
0.145856
0.151938
0.14675
0.151633
0.146277
0.150873
0.144212
0.149602
0.140413
0.147802
0.134789
0.145466
0.127278
0.142571
0.117835
0.139048
0.106443
0.13478
0.0931899
0.129644
0.0783791
0.12358
0.0625826
0.116642
0.0465775
0.10885
0.031182
0.0992648
0.0168572
0.0882897
0.00322358
0.0773179
-0.00882424
0.0662047
-0.0178531
-0.0246098
0.296646
0.19465
0.290859
0.191158
0.279434
0.184564
0.264234
0.17647
0.247333
0.168069
0.230782
0.160375
0.216272
0.154158
0.20485
0.149833
0.196794
0.147419
0.191744
0.146572
0.188976
0.146705
0.187693
0.147138
0.187209
0.147235
0.187008
0.146478
0.186739
0.14448
0.186177
0.140974
0.185182
0.135785
0.183658
0.128802
0.181523
0.11997
0.178672
0.109294
0.174972
0.0968894
0.170298
0.0830531
0.164583
0.0682977
0.157859
0.0533012
0.150247
0.0387941
0.141659
0.0254453
0.131406
0.0134769
0.120058
0.00252361
0.108813
-0.0066076
-0.0133051
0.319617
0.188509
0.320805
0.18997
0.317036
0.188333
0.30902
0.184486
0.297855
0.179234
0.284876
0.173353
0.271486
0.167548
0.258953
0.162366
0.248223
0.158148
0.239803
0.154993
0.233745
0.152763
0.229754
0.151129
0.227343
0.149646
0.225981
0.14784
0.225187
0.145275
0.224569
0.141593
0.223828
0.136525
0.222737
0.129892
0.221113
0.121594
0.218786
0.111622
0.215589
0.100086
0.211386
0.0872564
0.206102
0.0735821
0.199753
0.0596494
0.192448
0.0460995
0.184355
0.0335381
0.175398
0.0224336
0.165084
0.0128376
0.154016
0.00446075
-0.00231788
0.337925
0.179784
0.343653
0.184242
0.345748
0.186237
0.344166
0.186069
0.339263
0.184137
0.331702
0.180915
0.322347
0.176903
0.312152
0.172561
0.302038
0.168262
0.292775
0.164256
0.284888
0.16065
0.278618
0.157399
0.27394
0.154324
0.270631
0.151149
0.268354
0.147551
0.26674
0.143207
0.26543
0.137835
0.264106
0.131216
0.262489
0.123211
0.260333
0.113778
0.257422
0.102997
0.253589
0.0910896
0.248739
0.0784317
0.242871
0.0655172
0.236075
0.0528957
0.228516
0.0410968
0.220392
0.0305574
0.211693
0.0215374
0.202101
0.0140524
0.00784365
0.353451
0.169978
0.361778
0.175915
0.367847
0.180168
0.371235
0.182681
0.371826
0.183545
0.369785
0.182956
0.365501
0.181186
0.359526
0.178537
0.352496
0.175292
0.345057
0.171694
0.337795
0.167912
0.331162
0.164031
0.325445
0.160041
0.320747
0.155846
0.317017
0.151282
0.314079
0.146144
0.311691
0.140224
0.309571
0.133335
0.307436
0.125346
0.305014
0.116201
0.302061
0.105949
0.298387
0.0947638
0.293874
0.082945
0.288495
0.0708964
0.282314
0.0590768
0.275469
0.0479409
0.268145
0.037882
0.260496
0.029186
0.252544
0.0220046
0.0163595
0.36736
0.159908
0.376941
0.166335
0.38538
0.171728
0.392165
0.175896
0.396959
0.178752
0.399618
0.180297
0.400191
0.180613
0.398891
0.179836
0.396052
0.178132
0.392081
0.175664
0.387419
0.172575
0.382481
0.168969
0.377619
0.164903
0.37309
0.160376
0.369034
0.155338
0.365481
0.149698
0.362361
0.143344
0.359531
0.136165
0.356801
0.128076
0.353957
0.119045
0.35079
0.109116
0.347124
0.0984297
0.342841
0.0872279
0.3379
0.0758378
0.332337
0.0646398
0.326255
0.054023
0.319792
0.0443444
0.313076
0.035902
0.306145
0.0289357
0.0236849
0.380319
0.149957
0.390333
0.156321
0.399968
0.162093
0.40879
0.167074
0.416425
0.171118
0.422595
0.174126
0.427153
0.176055
0.430075
0.176914
0.431454
0.176754
0.431472
0.175646
0.430377
0.17367
0.428448
0.170899
0.425963
0.167387
0.423173
0.163166
0.420274
0.158237
0.417394
0.152579
0.414585
0.146152
0.411834
0.138916
0.409067
0.130843
0.406173
0.121939
0.403023
0.112266
0.399497
0.101955
0.395512
0.0912133
0.391033
0.0803163
0.386086
0.0695868
0.380743
0.0593663
0.3751
0.0499877
0.369238
0.0417636
0.363173
0.0350013
0.0300727
0.392669
0.140273
0.402682
0.146308
0.412762
0.152012
0.42261
0.157225
0.431917
0.161811
0.440399
0.165644
0.447832
0.168622
0.454066
0.17068
0.459037
0.171783
0.462757
0.171926
0.465307
0.171121
0.466815
0.16939
0.467443
0.166759
0.467361
0.163248
0.466728
0.15887
0.465676
0.15363
0.4643
0.147528
0.46265
0.140567
0.460732
0.132761
0.458518
0.124152
0.455962
0.114823
0.45301
0.104907
0.449626
0.0945972
0.445804
0.0841385
0.441571
0.073819
0.436987
0.0639504
0.432121
0.0548541
0.427026
0.0468584
0.421708
0.040319
0.0356799
0.404576
0.13089
0.41439
0.136494
0.424497
0.141905
0.434715
0.147008
0.44483
0.151696
0.454619
0.155855
0.463865
0.159377
0.472381
0.162163
0.480028
0.164137
0.486714
0.16524
0.492402
0.165433
0.497101
0.164691
0.500859
0.163001
0.503749
0.160358
0.505856
0.156762
0.507268
0.152219
0.508059
0.146738
0.508285
0.140341
0.507982
0.133064
0.507164
0.12497
0.505831
0.116156
0.503979
0.106759
0.501612
0.096964
0.49875
0.0870011
0.495431
0.0771375
0.491713
0.067669
0.487654
0.0589123
0.483305
0.0512078
0.478685
0.044939
0.0405756
0.416113
0.1218
0.42566
0.126948
0.435591
0.131974
0.445807
0.136792
0.456177
0.141325
0.466548
0.145484
0.476753
0.149172
0.486623
0.152292
0.496005
0.154755
0.504768
0.156478
0.512809
0.157392
0.52006
0.15744
0.526485
0.156577
0.532071
0.154772
0.53683
0.152003
0.540785
0.148263
0.543966
0.143557
0.546401
0.137906
0.548113
0.131351
0.549122
0.123962
0.549441
0.115837
0.549086
0.107114
0.548079
0.097971
0.546454
0.0886261
0.544259
0.079333
0.541551
0.0703766
0.538394
0.0620697
0.534845
0.054757
0.530954
0.0488293
0.0447472
0.427321
0.112981
0.436587
0.117682
0.446264
0.122296
0.456297
0.126759
0.466611
0.131011
0.477111
0.134985
0.487681
0.138602
0.498196
0.141778
0.508522
0.144428
0.518531
0.146469
0.528101
0.147822
0.537127
0.148413
0.545524
0.14818
0.553224
0.147072
0.560177
0.145049
0.566352
0.142089
0.571726
0.138183
0.576287
0.133344
0.58003
0.127609
0.582952
0.12104
0.585057
0.113731
0.586357
0.105814
0.586873
0.0974552
0.586639
0.0888602
0.585702
0.0802697
0.584122
0.0719567
0.581966
0.0642259
0.579307
0.0574155
0.57623
0.0519066
0.0481287
0.438228
0.104414
0.447224
0.108686
0.456627
0.112893
0.466405
0.116981
0.476514
0.120902
0.486896
0.124603
0.497476
0.128021
0.508167
0.131087
0.518868
0.133727
0.529472
0.135865
0.539867
0.137427
0.549943
0.138337
0.559596
0.138527
0.568731
0.137937
0.577263
0.136518
0.585118
0.134233
0.592237
0.131065
0.598567
0.127014
0.604069
0.122107
0.608714
0.116395
0.612482
0.109963
0.615367
0.102929
0.617378
0.0954445
0.618537
0.0877005
0.618886
0.0799208
0.61848
0.0723629
0.61739
0.0653162
0.615702
0.0591029
0.613528
0.0540809
0.0506375
0.448867
0.096077
0.45761
0.0999435
0.466744
0.103759
0.476249
0.107476
0.486096
0.111055
0.496247
0.114452
0.506654
0.117615
0.517256
0.120486
0.527979
0.123003
0.538742
0.125103
0.549453
0.126716
0.560012
0.127777
0.57032
0.128219
0.580275
0.127982
0.589779
0.127014
0.598739
0.125274
0.607068
0.122736
0.614689
0.119393
0.621536
0.11526
0.627553
0.110378
0.632698
0.104819
0.636943
0.0986833
0.640279
0.0921088
0.642714
0.0852657
0.644276
0.0783586
0.645014
0.0716244
0.644999
0.0653311
0.644326
0.0597765
0.643119
0.0552874
0.0522052
0.45928
0.0879536
0.467787
0.0914373
0.476666
0.0948796
0.485903
0.0982389
0.495476
0.101482
0.505358
0.10457
0.515514
0.107459
0.525899
0.110101
0.53646
0.112443
0.547133
0.11443
0.557844
0.116005
0.568513
0.117108
0.579051
0.117682
0.589362
0.117671
0.59935
0.117026
0.608918
0.115706
0.61797
0.113683
0.626417
0.110946
0.634176
0.107501
0.641174
0.10338
0.647351
0.0986417
0.652662
0.093372
0.657081
0.0876897
0.660602
0.0817452
0.66324
0.0757207
0.665035
0.0698294
0.666053
0.064313
0.66639
0.0594399
0.666175
0.0555018
0.0527953
0.469516
0.0800275
0.477804
0.0831497
0.486446
0.086238
0.495429
0.0892558
0.504736
0.0921741
0.514346
0.0949599
0.52423
0.0975751
0.534353
0.0999777
0.544672
0.102123
0.555137
0.103965
0.565688
0.105454
0.576257
0.106539
0.586769
0.10717
0.597141
0.107299
0.607283
0.106883
0.617105
0.105884
0.626512
0.104276
0.635413
0.102044
0.643721
0.0991935
0.651354
0.0957469
0.658244
0.0917515
0.664336
0.0872804
0.669591
0.0824348
0.673991
0.0773448
0.677542
0.0721698
0.680275
0.067097
0.682247
0.0623401
0.683551
0.058136
0.684313
0.0547401
0.0524083
0.479634
0.0722823
0.487721
0.0750627
0.496144
0.0778151
0.504892
0.0805077
0.513951
0.0831152
0.523301
0.0856092
0.53292
0.0879567
0.542776
0.0901217
0.552833
0.0920658
0.56305
0.0937488
0.573375
0.0951288
0.58375
0.0961629
0.594112
0.0968083
0.604387
0.0970241
0.614498
0.0967725
0.624361
0.0960214
0.633889
0.0947471
0.642997
0.0929369
0.651598
0.0905922
0.659614
0.0877314
0.666972
0.0843931
0.673614
0.0806384
0.679496
0.0765529
0.684593
0.0722476
0.688903
0.0678596
0.69245
0.0635508
0.695283
0.0595066
0.697487
0.0559324
0.699178
0.053049
0.0510758
0.4897
0.0647013
0.497605
0.0671575
0.505829
0.069591
0.514364
0.0719736
0.523195
0.0742837
0.532307
0.0764972
0.541678
0.0785855
0.551282
0.0805177
0.561087
0.0822609
0.571055
0.0837808
0.581142
0.0850416
0.591298
0.0860069
0.601466
0.0866406
0.611582
0.086908
0.621577
0.0867772
0.631378
0.0862211
0.640905
0.0852194
0.650081
0.0837611
0.658827
0.0818467
0.667067
0.0794912
0.674733
0.0767266
0.681768
0.0736038
0.688126
0.0701947
0.693781
0.0665932
0.698724
0.0629156
0.702975
0.0593002
0.706576
0.0559053
0.709602
0.0529066
0.712158
0.0504927
0.0488511
0.499789
0.0572657
0.507533
0.0594139
0.515581
0.0615433
0.523924
0.0636299
0.532553
0.0656553
0.541451
0.0675989
0.5506
0.0694365
0.559976
0.0711418
0.56955
0.0726866
0.579289
0.074042
0.589153
0.0751776
0.599097
0.0760629
0.609071
0.0766672
0.619017
0.0769616
0.628875
0.0769194
0.638578
0.076518
0.648057
0.0757404
0.657241
0.0745773
0.666058
0.0730292
0.674441
0.0711085
0.682326
0.0688416
0.689659
0.066271
0.696397
0.0634566
0.702513
0.0604772
0.707998
0.0574305
0.712865
0.054433
0.717152
0.0516182
0.720924
0.0491346
0.724276
0.0471413
0.0457977
0.509982
0.049955
0.517587
0.051809
0.525482
0.0536477
0.533662
0.0554507
0.542114
0.0572024
0.550828
0.0588858
0.559784
0.0604805
0.568961
0.0619642
0.578334
0.0633135
0.587872
0.0645038
0.59754
0.06551
0.607297
0.0663063
0.617096
0.0668675
0.626889
0.0671693
0.636618
0.0671898
0.646226
0.0669102
0.65565
0.0663165
0.664826
0.0654012
0.673691
0.0641647
0.682182
0.0626173
0.690243
0.0607808
0.697823
0.0586903
0.704884
0.0563955
0.7114
0.0539617
0.717361
0.05147
0.722776
0.0490171
0.72768
0.0467146
0.732129
0.044686
0.736206
0.0430642
0.0419842
0.520362
0.0427458
0.527853
0.0443175
0.535624
0.0458769
0.543668
0.0474068
0.551976
0.0488945
0.560536
0.050326
0.569332
0.0516843
0.578345
0.0529512
0.587551
0.054107
0.596923
0.0551318
0.606429
0.0560047
0.61603
0.0567045
0.625687
0.0572106
0.635354
0.057503
0.644979
0.0575639
0.654512
0.0573779
0.663894
0.0569339
0.67307
0.0562255
0.681981
0.0552533
0.690573
0.0540258
0.698793
0.0525607
0.706596
0.0508868
0.713947
0.0490446
0.720822
0.0470874
0.72721
0.0450817
0.73312
0.0431066
0.738581
0.0412537
0.743643
0.0396242
0.74838
0.0383274
0.0374748
0.531018
0.0356121
0.538424
0.0369112
0.546101
0.0382005
0.554042
0.039466
0.562239
0.0406976
0.570681
0.0418839
0.579354
0.0430112
0.58824
0.0440647
0.597319
0.0450288
0.606563
0.0458871
0.615945
0.0466229
0.62543
0.0472192
0.634982
0.0476595
0.644557
0.0479277
0.654111
0.0480095
0.663596
0.0478927
0.672962
0.0475685
0.682155
0.0470319
0.691126
0.0462833
0.699822
0.0453295
0.708198
0.0441849
0.716212
0.0428724
0.723832
0.0414245
0.731036
0.0398838
0.737814
0.0383035
0.744173
0.0367472
0.750139
0.0352883
0.755755
0.0340084
0.761087
0.0329954
0.0323423
0.542037
0.0285241
0.549391
0.0295579
0.557007
0.0305844
0.56488
0.0315923
0.573004
0.0325737
0.581368
0.0335198
0.589959
0.0344201
0.598761
0.0352627
0.607754
0.0360357
0.616915
0.0367261
0.626217
0.0373212
0.635629
0.0378076
0.645116
0.0381723
0.65464
0.0384033
0.664161
0.0384891
0.673633
0.0384206
0.683011
0.0381908
0.692247
0.0377959
0.701293
0.0372364
0.710106
0.0365174
0.71864
0.0356502
0.72686
0.0346525
0.734735
0.0335495
0.742245
0.0323742
0.74938
0.0311678
0.756148
0.02998
0.762568
0.0288676
0.768682
0.0278943
0.774549
0.0271282
0.0266408
0.553525
0.0214494
0.560859
0.0222235
0.568452
0.0229918
0.576298
0.0237464
0.58439
0.0244816
0.592719
0.0251908
0.601273
0.0258661
0.610036
0.0264991
0.618991
0.0270806
0.628116
0.0276014
0.637386
0.0280518
0.646771
0.0284222
0.65624
0.0287032
0.665758
0.0288856
0.675286
0.0289613
0.684783
0.0289234
0.694207
0.028767
0.703513
0.0284893
0.712659
0.0280906
0.721602
0.0275748
0.730302
0.02695
0.738725
0.0262293
0.746843
0.0254311
0.754638
0.0245797
0.7621
0.0237055
0.769235
0.0228449
0.776063
0.0220403
0.782618
0.021339
0.788953
0.0207927
0.0204593
0.565549
0.0143499
0.572906
0.0148659
0.580518
0.0153798
0.588381
0.0158839
0.596487
0.0163747
0.60483
0.0168482
0.613397
0.0172993
0.622174
0.0177222
0.631143
0.018111
0.640285
0.0184596
0.649575
0.0187615
0.658987
0.0190105
0.66849
0.0192002
0.678051
0.0193248
0.687633
0.0193788
0.697199
0.0193578
0.706708
0.0192583
0.716118
0.0190787
0.72539
0.0188192
0.734482
0.0184823
0.743359
0.0180733
0.751987
0.0176009
0.760341
0.0170772
0.768402
0.0165183
0.776164
0.0159443
0.783629
0.0153796
0.790817
0.0148525
0.79776
0.0143957
0.804508
0.0140444
0.0138367
0.578244
0.00718314
0.585663
0.00744696
0.593337
0.00770536
0.601264
0.0079577
0.609435
0.00820353
0.617842
0.00844074
0.626475
0.00866646
0.63532
0.00887774
0.644359
0.00907162
0.653574
0.00924502
0.66294
0.00939476
0.672433
0.00951763
0.682023
0.00961046
0.691678
0.00967027
0.701362
0.00969435
0.711039
0.00968043
0.720671
0.00962683
0.730217
0.00953266
0.739638
0.00939799
0.748896
0.0092241
0.757956
0.00901367
0.766786
0.00877101
0.775361
0.00850223
0.783664
0.00821541
0.791687
0.00792079
0.799436
0.00763088
0.806928
0.00736086
0.814194
0.00712965
0.821275
0.00696338
0.00691466
0.582928
0.590375
0.598081
0.606038
0.614242
0.622683
0.631349
0.640227
0.649299
0.658544
0.667938
0.677456
0.687066
0.696737
0.706431
0.716111
0.725738
0.735271
0.744669
0.753893
0.762907
0.771678
0.78018
0.788395
0.796316
0.803947
0.811308
0.818438
0.825401
)
;

boundaryField
{
    inlet
    {
        type            calculated;
        value           nonuniform List<scalar> 
45
(
-0.2
-0.2
-0.2
-0.2
-0.2
-0.2
-0.2
-0.2
-0.2
-0.2
-0.2
-0.2
-0.2
-0.2
-0.2
-0.20766
-0.212683
-0.217828
-0.223097
-0.228493
-0.23402
-0.239681
-0.245479
-0.251417
-0.257499
-0.263728
-0.270107
-0.276641
-0.283333
-0.290186
-0.297206
-0.304395
-0.311758
-0.3193
-0.327023
-0.334934
-0.343036
-0.351334
-0.359832
-0.368536
-0.377451
-0.386582
-0.395933
-0.40551
-0.415319
)
;
    }
    outlet
    {
        type            calculated;
        value           nonuniform List<scalar> 
45
(
-0.0408276
-0.111882
-0.149403
-0.172603
-0.18664
-0.194007
-0.196155
-0.194026
-0.188276
-0.179391
-0.167739
-0.153601
-0.137201
-0.118692
-0.0981582
-0.0786149
-0.0532009
-0.0219218
0.0148013
0.0546735
0.0975079
0.143029
0.191939
0.244028
0.29882
0.356785
0.416101
0.473789
0.526783
0.572848
0.611019
0.641552
0.665585
0.6847
0.70051
0.714383
0.727329
0.740019
0.752889
0.766219
0.780251
0.795135
0.811131
0.828197
0.832316
)
;
    }
    flap
    {
        type            calculated;
        value           uniform 0;
    }
    upperWall
    {
        type            calculated;
        value           uniform 0;
    }
    lowerWall
    {
        type            calculated;
        value           uniform 0;
    }
    frontAndBack
    {
        type            empty;
        value           nonuniform 0();
    }
}


// ************************************************************************* //
