/*--------------------------------*- C++ -*----------------------------------*\
  =========                 |
  \\      /  F ield         | OpenFOAM: The Open Source CFD Toolbox
   \\    /   O peration     | Website:  https://openfoam.org
    \\  /    A nd           | Version:  7
     \\/     M anipulation  |
\*---------------------------------------------------------------------------*/
FoamFile
{
    version     2.0;
    format      ascii;
    class       volScalarField;
    location    "9.96";
    object      T;
}
// * * * * * * * * * * * * * * * * * * * * * * * * * * * * * * * * * * * * * //

dimensions      [0 0 0 1 0 0 0];

internalField   nonuniform List<scalar> 
12013
(
300.146
300.443
300.746
301.054
301.363
301.672
301.978
302.281
302.577
302.867
303.15
303.424
303.69
303.946
304.194
304.432
304.66
304.88
305.091
305.294
305.488
305.675
305.855
306.027
306.193
306.352
306.506
306.654
306.797
306.936
307.07
307.201
307.328
307.452
307.575
307.695
307.815
307.935
308.055
308.176
308.3
308.428
308.56
308.699
308.845
309
309.167
309.347
309.543
309.757
309.992
310.251
310.539
310.858
311.212
311.608
312.048
312.54
313.09
313.703
314.387
315.15
316.001
316.949
318.005
319.18
320.488
321.942
323.559
325.356
327.355
329.579
332.057
334.822
337.917
341.395
345.324
349.804
354.98
361.098
368.622
300.146
300.443
300.747
301.055
301.364
301.673
301.979
302.282
302.579
302.869
303.152
303.426
303.692
303.949
304.196
304.434
304.663
304.883
305.094
305.297
305.491
305.678
305.857
306.03
306.196
306.355
306.509
306.657
306.8
306.939
307.073
307.204
307.331
307.455
307.578
307.698
307.818
307.938
308.058
308.179
308.303
308.431
308.563
308.701
308.847
309.002
309.169
309.349
309.544
309.758
309.993
310.252
310.539
310.858
311.212
311.606
312.047
312.538
313.086
313.698
314.38
315.142
315.991
316.936
317.989
319.161
320.464
321.913
323.523
325.311
327.299
329.509
331.969
334.709
337.77
341.198
345.054
349.415
354.382
360.081
366.626
300.146
300.444
300.748
301.056
301.366
301.675
301.982
302.284
302.582
302.872
303.155
303.43
303.696
303.953
304.201
304.439
304.668
304.888
305.1
305.302
305.497
305.684
305.864
306.036
306.202
306.362
306.515
306.664
306.807
306.945
307.08
307.21
307.338
307.462
307.584
307.705
307.825
307.944
308.064
308.185
308.309
308.436
308.568
308.707
308.852
309.007
309.173
309.353
309.548
309.761
309.995
310.254
310.54
310.857
311.211
311.604
312.042
312.532
313.078
313.687
314.366
315.124
315.968
316.909
317.955
319.119
320.412
321.849
323.443
325.213
327.178
329.357
331.777
334.465
337.454
340.781
344.492
348.633
353.254
358.384
363.984
300.147
300.444
300.749
301.058
301.368
301.678
301.985
302.289
302.587
302.878
303.161
303.437
303.703
303.961
304.209
304.447
304.677
304.897
305.109
305.312
305.507
305.694
305.874
306.047
306.213
306.373
306.527
306.675
306.818
306.957
307.091
307.222
307.349
307.473
307.595
307.716
307.835
307.955
308.074
308.196
308.319
308.446
308.578
308.716
308.861
309.015
309.181
309.36
309.554
309.766
310
310.257
310.542
310.857
311.209
311.6
312.036
312.522
313.064
313.669
314.343
315.095
315.932
316.863
317.899
319.049
320.327
321.744
323.314
325.054
326.981
329.112
331.47
334.076
336.957
340.139
343.647
347.505
351.721
356.279
361.108
300.147
300.446
300.751
301.061
301.372
301.683
301.991
302.295
302.594
302.886
303.17
303.446
303.714
303.972
304.22
304.46
304.69
304.911
305.123
305.327
305.522
305.71
305.89
306.063
306.229
306.389
306.543
306.691
306.835
306.973
307.108
307.238
307.365
307.49
307.612
307.732
307.851
307.97
308.09
308.211
308.334
308.461
308.592
308.729
308.874
309.027
309.192
309.37
309.563
309.774
310.006
310.262
310.544
310.858
311.206
311.594
312.026
312.508
313.044
313.643
314.31
315.052
315.878
316.797
317.817
318.949
320.204
321.593
323.129
324.827
326.701
328.766
331.039
333.539
336.28
339.28
342.55
346.093
349.899
353.936
358.137
300.148
300.447
300.754
301.065
301.377
301.689
301.999
302.304
302.604
302.897
303.183
303.46
303.728
303.987
304.237
304.477
304.708
304.929
305.142
305.347
305.542
305.731
305.911
306.084
306.251
306.411
306.565
306.714
306.858
306.996
307.131
307.261
307.388
307.512
307.634
307.754
307.874
307.992
308.111
308.232
308.354
308.48
308.611
308.747
308.891
309.044
309.208
309.384
309.576
309.785
310.015
310.268
310.548
310.858
311.203
311.586
312.013
312.489
313.018
313.608
314.265
314.995
315.807
316.708
317.707
318.814
320.039
321.392
322.884
324.527
326.333
328.315
330.484
332.854
335.432
338.227
341.24
344.463
347.878
351.452
355.133
300.148
300.449
300.758
301.07
301.384
301.697
302.009
302.316
302.617
302.912
303.199
303.478
303.747
304.008
304.258
304.5
304.732
304.954
305.168
305.373
305.57
305.758
305.94
306.113
306.28
306.441
306.596
306.744
306.888
307.027
307.161
307.292
307.419
307.543
307.664
307.784
307.903
308.021
308.14
308.26
308.382
308.507
308.637
308.772
308.915
309.066
309.229
309.403
309.593
309.8
310.027
310.277
310.553
310.86
311.199
311.577
311.997
312.464
312.985
313.563
314.207
314.922
315.715
316.594
317.567
318.643
319.83
321.137
322.574
324.15
325.876
327.759
329.809
332.031
334.431
337.009
339.76
342.672
345.726
348.892
352.13
300.149
300.452
300.762
301.077
301.393
301.708
302.022
302.331
302.634
302.931
303.22
303.501
303.772
304.034
304.286
304.529
304.762
304.986
305.201
305.407
305.605
305.794
305.976
306.151
306.318
306.48
306.634
306.784
306.927
307.066
307.201
307.331
307.458
307.582
307.703
307.823
307.941
308.059
308.177
308.296
308.417
308.542
308.67
308.805
308.946
309.096
309.256
309.429
309.616
309.82
310.044
310.29
310.561
310.862
311.196
311.566
311.978
312.435
312.944
313.509
314.136
314.831
315.602
316.454
317.395
318.433
319.574
320.827
322.2
323.699
325.332
327.104
329.022
331.087
333.299
335.657
338.151
340.77
343.494
346.299
349.155
300.15
300.456
300.768
301.085
301.404
301.722
302.038
302.35
302.656
302.955
303.247
303.53
303.803
304.067
304.321
304.566
304.801
305.027
305.243
305.45
305.649
305.84
306.023
306.198
306.367
306.528
306.684
306.833
306.978
307.117
307.251
307.382
307.508
307.632
307.753
307.872
307.99
308.107
308.224
308.343
308.463
308.586
308.713
308.846
308.985
309.133
309.291
309.461
309.645
309.846
310.065
310.307
310.573
310.867
311.193
311.555
311.956
312.401
312.896
313.444
314.052
314.724
315.468
316.288
317.191
318.185
319.273
320.465
321.764
323.177
324.708
326.361
328.138
330.039
332.063
334.203
336.452
338.797
341.222
343.707
346.229
300.152
300.46
300.776
301.096
301.418
301.739
302.059
302.374
302.683
302.986
303.28
303.566
303.842
304.109
304.365
304.612
304.849
305.077
305.295
305.504
305.705
305.897
306.081
306.258
306.427
306.59
306.746
306.896
307.04
307.179
307.314
307.444
307.571
307.694
307.815
307.934
308.051
308.167
308.283
308.401
308.52
308.641
308.767
308.898
309.035
309.18
309.336
309.502
309.683
309.879
310.094
310.329
310.589
310.875
311.192
311.543
311.932
312.364
312.841
313.37
313.955
314.601
315.313
316.096
316.957
317.9
318.93
320.052
321.271
322.591
324.013
325.541
327.174
328.912
330.749
332.681
334.699
336.791
338.945
341.145
343.373
300.154
300.466
300.785
301.109
301.435
301.761
302.084
302.403
302.716
303.023
303.321
303.61
303.89
304.159
304.419
304.669
304.909
305.139
305.36
305.571
305.773
305.967
306.153
306.331
306.501
306.665
306.822
306.973
307.117
307.257
307.392
307.522
307.649
307.772
307.892
308.01
308.126
308.242
308.357
308.473
308.59
308.71
308.834
308.962
309.097
309.24
309.391
309.554
309.73
309.922
310.13
310.359
310.611
310.889
311.195
311.534
311.909
312.324
312.782
313.289
313.847
314.463
315.14
315.882
316.695
317.583
318.549
319.597
320.731
321.952
323.263
324.663
326.152
327.728
329.385
331.119
332.922
334.784
336.693
338.638
340.606
300.156
300.472
300.796
301.125
301.456
301.786
302.115
302.439
302.757
303.068
303.37
303.664
303.948
304.221
304.485
304.738
304.982
305.215
305.438
305.652
305.857
306.053
306.241
306.42
306.592
306.757
306.915
307.067
307.212
307.352
307.487
307.617
307.744
307.866
307.986
308.103
308.219
308.333
308.447
308.561
308.677
308.795
308.916
309.042
309.174
309.313
309.461
309.62
309.791
309.976
310.178
310.399
310.642
310.909
311.204
311.529
311.888
312.284
312.721
313.202
313.732
314.314
314.952
315.65
316.411
317.239
318.137
319.108
320.153
321.274
322.472
323.745
325.093
326.513
327.999
329.548
331.152
332.803
334.492
336.209
337.944
300.159
300.48
300.81
301.144
301.481
301.817
302.152
302.481
302.805
303.122
303.43
303.729
304.018
304.296
304.565
304.822
305.07
305.307
305.534
305.751
305.959
306.157
306.347
306.529
306.703
306.869
307.028
307.181
307.327
307.467
307.602
307.733
307.859
307.981
308.1
308.216
308.331
308.444
308.556
308.669
308.782
308.898
309.017
309.14
309.268
309.404
309.547
309.701
309.866
310.045
310.239
310.452
310.685
310.94
311.222
311.531
311.872
312.248
312.661
313.115
313.613
314.159
314.755
315.405
316.112
316.878
317.706
318.597
319.552
320.573
321.659
322.808
324.02
325.291
326.617
327.994
329.415
330.874
332.365
333.878
335.407
300.162
300.49
300.826
301.167
301.511
301.855
302.196
302.533
302.864
303.187
303.502
303.807
304.102
304.386
304.66
304.923
305.175
305.417
305.648
305.869
306.081
306.283
306.476
306.66
306.836
307.004
307.164
307.318
307.465
307.606
307.742
307.872
307.998
308.119
308.238
308.353
308.466
308.578
308.688
308.799
308.91
309.023
309.139
309.259
309.383
309.514
309.653
309.801
309.96
310.131
310.317
310.52
310.742
310.985
311.251
311.544
311.866
312.219
312.606
313.031
313.496
314.003
314.556
315.157
315.807
316.51
317.266
318.077
318.943
319.865
320.842
321.873
322.955
324.086
325.263
326.481
327.736
329.023
330.334
331.665
333.009
300.165
300.501
300.845
301.195
301.547
301.899
302.249
302.594
302.933
303.265
303.587
303.9
304.202
304.494
304.774
305.043
305.302
305.549
305.785
306.011
306.227
306.433
306.629
306.816
306.995
307.165
307.327
307.482
307.63
307.772
307.908
308.038
308.164
308.285
308.403
308.517
308.629
308.738
308.847
308.955
309.064
309.174
309.287
309.403
309.523
309.649
309.782
309.924
310.075
310.239
310.416
310.608
310.818
311.047
311.298
311.572
311.873
312.203
312.564
312.958
313.387
313.855
314.363
314.913
315.506
316.145
316.83
317.563
318.342
319.169
320.041
320.959
321.92
322.922
323.961
325.034
326.138
327.268
328.419
329.587
330.766
300.17
300.515
300.868
301.228
301.59
301.952
302.311
302.667
303.016
303.357
303.688
304.01
304.321
304.621
304.91
305.187
305.452
305.706
305.948
306.18
306.401
306.611
306.812
307.002
307.184
307.357
307.521
307.678
307.827
307.97
308.106
308.236
308.362
308.482
308.599
308.712
308.822
308.93
309.036
309.142
309.248
309.355
309.463
309.575
309.691
309.811
309.938
310.073
310.217
310.372
310.539
310.72
310.917
311.131
311.365
311.621
311.901
312.206
312.538
312.901
313.295
313.722
314.185
314.684
315.221
315.797
316.413
317.069
317.765
318.501
319.276
320.088
320.936
321.818
322.732
323.674
324.641
325.631
326.638
327.66
328.692
300.175
300.531
300.896
301.266
301.64
302.014
302.385
302.752
303.113
303.465
303.808
304.141
304.462
304.772
305.07
305.356
305.63
305.892
306.142
306.38
306.607
306.822
307.028
307.222
307.408
307.583
307.75
307.909
308.06
308.203
308.34
308.47
308.595
308.715
308.831
308.942
309.051
309.157
309.261
309.363
309.466
309.569
309.674
309.781
309.891
310.006
310.127
310.254
310.39
310.535
310.692
310.861
311.044
311.244
311.461
311.697
311.954
312.234
312.538
312.869
313.227
313.614
314.032
314.482
314.964
315.479
316.029
316.612
317.229
317.88
318.563
319.278
320.023
320.796
321.595
322.418
323.263
324.126
325.005
325.897
326.798
300.181
300.55
300.928
301.312
301.699
302.087
302.473
302.854
303.228
303.594
303.95
304.295
304.629
304.95
305.26
305.556
305.84
306.111
306.369
306.615
306.849
307.071
307.282
307.481
307.671
307.85
308.019
308.18
308.333
308.477
308.615
308.745
308.87
308.989
309.103
309.213
309.32
309.423
309.524
309.624
309.723
309.823
309.923
310.025
310.13
310.238
310.352
310.472
310.599
310.734
310.88
311.037
311.206
311.39
311.589
311.805
312.04
312.295
312.571
312.87
313.193
313.541
313.915
314.317
314.746
315.204
315.69
316.206
316.749
317.321
317.92
318.546
319.196
319.871
320.567
321.284
322.018
322.769
323.533
324.309
325.094
300.189
300.572
300.965
301.365
301.769
302.173
302.575
302.972
303.363
303.744
304.116
304.476
304.824
305.16
305.482
305.791
306.087
306.368
306.637
306.891
307.133
307.362
307.579
307.784
307.978
308.161
308.334
308.497
308.651
308.797
308.935
309.066
309.19
309.308
309.421
309.53
309.634
309.735
309.833
309.93
310.025
310.12
310.215
310.312
310.411
310.513
310.619
310.731
310.849
310.974
311.109
311.253
311.408
311.576
311.757
311.954
312.166
312.396
312.645
312.913
313.201
313.512
313.845
314.201
314.58
314.984
315.412
315.864
316.34
316.839
317.362
317.906
318.472
319.057
319.662
320.283
320.92
321.57
322.233
322.906
323.587
300.197
300.598
301.01
301.428
301.851
302.274
302.695
303.111
303.52
303.921
304.31
304.688
305.053
305.405
305.743
306.066
306.375
306.669
306.948
307.213
307.464
307.702
307.925
308.137
308.336
308.523
308.699
308.865
309.021
309.168
309.307
309.438
309.562
309.679
309.79
309.897
309.999
310.097
310.192
310.284
310.376
310.466
310.556
310.647
310.74
310.835
310.934
311.037
311.146
311.261
311.384
311.515
311.657
311.808
311.972
312.149
312.34
312.546
312.767
313.006
313.262
313.537
313.83
314.144
314.477
314.831
315.205
315.599
316.013
316.447
316.9
317.372
317.862
318.368
318.89
319.427
319.976
320.538
321.111
321.693
322.282
300.207
300.629
301.061
301.502
301.946
302.392
302.835
303.274
303.705
304.127
304.538
304.936
305.321
305.691
306.047
306.386
306.71
307.018
307.31
307.587
307.848
308.094
308.326
308.544
308.749
308.941
309.121
309.29
309.448
309.596
309.736
309.866
309.99
310.106
310.215
310.32
310.419
310.514
310.605
310.694
310.781
310.866
310.951
311.036
311.122
311.21
311.301
311.396
311.495
311.6
311.711
311.83
311.957
312.094
312.24
312.398
312.568
312.751
312.947
313.157
313.383
313.624
313.882
314.156
314.446
314.754
315.079
315.421
315.78
316.155
316.546
316.953
317.375
317.811
318.26
318.722
319.196
319.679
320.172
320.674
321.182
300.219
300.664
301.122
301.587
302.058
302.529
302.999
303.463
303.92
304.367
304.802
305.224
305.632
306.024
306.399
306.757
307.098
307.422
307.729
308.018
308.29
308.546
308.787
309.012
309.223
309.42
309.604
309.776
309.936
310.086
310.226
310.357
310.479
310.594
310.702
310.803
310.9
310.991
311.079
311.163
311.245
311.325
311.404
311.483
311.563
311.644
311.727
311.813
311.902
311.997
312.097
312.203
312.316
312.438
312.568
312.707
312.857
313.018
313.19
313.375
313.572
313.783
314.007
314.245
314.497
314.763
315.044
315.339
315.648
315.971
316.307
316.657
317.019
317.393
317.779
318.175
318.581
318.996
319.42
319.85
320.288
300.233
300.706
301.192
301.687
302.188
302.69
303.189
303.684
304.171
304.647
305.11
305.559
305.992
306.408
306.806
307.186
307.546
307.887
308.209
308.512
308.797
309.064
309.314
309.547
309.764
309.966
310.154
310.329
310.492
310.643
310.783
310.914
311.035
311.148
311.254
311.352
311.445
311.533
311.617
311.696
311.773
311.848
311.921
311.994
312.066
312.14
312.214
312.292
312.372
312.456
312.545
312.639
312.739
312.846
312.96
313.083
313.214
313.354
313.505
313.665
313.836
314.019
314.212
314.418
314.635
314.865
315.106
315.359
315.624
315.901
316.189
316.489
316.798
317.118
317.448
317.787
318.134
318.49
318.852
319.221
319.596
300.249
300.754
301.274
301.803
302.339
302.876
303.411
303.94
304.461
304.971
305.466
305.946
306.408
306.851
307.275
307.677
308.059
308.419
308.758
309.076
309.374
309.653
309.912
310.153
310.377
310.585
310.777
310.955
311.119
311.271
311.412
311.541
311.661
311.772
311.875
311.971
312.06
312.144
312.223
312.298
312.369
312.438
312.505
312.571
312.636
312.702
312.769
312.837
312.908
312.982
313.06
313.143
313.23
313.323
313.423
313.529
313.643
313.765
313.894
314.033
314.181
314.338
314.504
314.681
314.867
315.064
315.27
315.487
315.713
315.95
316.196
316.451
316.715
316.988
317.27
317.559
317.855
318.158
318.468
318.783
319.104
300.267
300.811
301.369
301.939
302.514
303.092
303.668
304.237
304.798
305.345
305.877
306.392
306.887
307.36
307.811
308.239
308.644
309.024
309.382
309.716
310.028
310.318
310.587
310.837
311.067
311.28
311.476
311.657
311.823
311.975
312.115
312.243
312.361
312.47
312.57
312.662
312.747
312.826
312.9
312.97
313.035
313.098
313.159
313.218
313.276
313.334
313.393
313.453
313.515
313.579
313.646
313.718
313.793
313.873
313.959
314.051
314.148
314.253
314.364
314.483
314.609
314.744
314.886
315.037
315.196
315.364
315.54
315.725
315.918
316.119
316.328
316.545
316.77
317.003
317.242
317.488
317.74
317.999
318.263
318.532
318.806
300.289
300.876
301.48
302.096
302.718
303.343
303.966
304.581
305.186
305.777
306.35
306.903
307.434
307.941
308.423
308.878
309.307
309.71
310.086
310.437
310.763
311.065
311.344
311.602
311.838
312.056
312.255
312.438
312.604
312.757
312.895
313.022
313.138
313.243
313.339
313.427
313.508
313.582
313.65
313.714
313.774
313.83
313.884
313.937
313.988
314.038
314.089
314.14
314.193
314.248
314.306
314.366
314.431
314.499
314.572
314.65
314.733
314.822
314.917
315.018
315.125
315.24
315.361
315.489
315.624
315.767
315.917
316.073
316.237
316.408
316.586
316.771
316.962
317.159
317.363
317.572
317.786
318.006
318.231
318.46
318.693
300.314
300.952
301.609
302.278
302.955
303.634
304.31
304.978
305.633
306.273
306.892
307.488
308.059
308.602
309.116
309.601
310.056
310.481
310.877
311.244
311.584
311.898
312.186
312.451
312.693
312.914
313.116
313.299
313.466
313.617
313.754
313.878
313.99
314.092
314.183
314.267
314.342
314.411
314.474
314.531
314.585
314.635
314.682
314.727
314.771
314.814
314.857
314.9
314.945
314.991
315.039
315.09
315.144
315.201
315.263
315.328
315.398
315.473
315.553
315.639
315.73
315.827
315.929
316.038
316.153
316.273
316.4
316.533
316.673
316.818
316.969
317.125
317.287
317.455
317.628
317.805
317.988
318.175
318.366
318.561
318.76
300.343
301.041
301.758
302.489
303.228
303.969
304.706
305.434
306.147
306.841
307.511
308.154
308.767
309.349
309.898
310.413
310.895
311.343
311.758
312.142
312.495
312.819
313.116
313.386
313.633
313.856
314.059
314.242
314.408
314.557
314.69
314.811
314.918
315.015
315.102
315.179
315.249
315.312
315.368
315.42
315.467
315.51
315.551
315.589
315.626
315.662
315.697
315.733
315.769
315.807
315.847
315.889
315.933
315.981
316.032
316.086
316.145
316.208
316.275
316.347
316.423
316.505
316.592
316.684
316.781
316.883
316.991
317.103
317.221
317.345
317.473
317.606
317.743
317.886
318.033
318.184
318.339
318.498
318.661
318.827
318.996
300.377
301.143
301.931
302.733
303.544
304.356
305.163
305.958
306.735
307.489
308.215
308.908
309.568
310.19
310.775
311.321
311.83
312.3
312.734
313.132
313.497
313.83
314.133
314.408
314.656
314.881
315.083
315.264
315.426
315.571
315.701
315.816
315.919
316.01
316.09
316.162
316.225
316.282
316.332
316.377
316.417
316.454
316.488
316.519
316.549
316.578
316.607
316.636
316.665
316.695
316.727
316.761
316.798
316.836
316.878
316.923
316.972
317.024
317.081
317.141
317.206
317.274
317.348
317.425
317.508
317.594
317.686
317.782
317.882
317.987
318.096
318.209
318.326
318.447
318.573
318.701
318.834
318.969
319.108
319.25
319.395
300.416
301.262
302.131
303.016
303.909
304.802
305.688
306.558
307.406
308.226
309.012
309.76
310.467
311.131
311.752
312.329
312.863
313.354
313.804
314.215
314.589
314.928
315.235
315.511
315.76
315.982
316.181
316.359
316.517
316.656
316.78
316.889
316.985
317.07
317.144
317.209
317.265
317.315
317.359
317.397
317.431
317.462
317.489
317.515
317.538
317.561
317.584
317.606
317.629
317.653
317.679
317.706
317.735
317.767
317.801
317.838
317.879
317.922
317.97
318.02
318.075
318.133
318.196
318.262
318.332
318.406
318.484
318.566
318.651
318.741
318.834
318.931
319.032
319.135
319.243
319.353
319.466
319.582
319.701
319.823
319.947
300.462
301.399
302.362
303.342
304.329
305.315
306.289
307.243
308.169
309.06
309.909
310.714
311.47
312.177
312.833
313.438
313.995
314.503
314.966
315.387
315.766
316.108
316.415
316.69
316.936
317.154
317.348
317.519
317.67
317.803
317.919
318.021
318.11
318.187
318.254
318.312
318.362
318.405
318.442
318.474
318.503
318.527
318.549
318.569
318.588
318.606
318.623
318.64
318.658
318.677
318.697
318.719
318.743
318.769
318.798
318.829
318.863
318.9
318.94
318.984
319.03
319.08
319.134
319.191
319.251
319.315
319.382
319.453
319.527
319.605
319.685
319.769
319.856
319.945
320.038
320.133
320.231
320.331
320.434
320.538
320.645
300.514
301.558
302.629
303.717
304.812
305.901
306.975
308.021
309.032
309.998
310.915
311.777
312.582
313.328
314.016
314.646
315.221
315.743
316.214
316.639
317.02
317.36
317.664
317.933
318.172
318.383
318.569
318.732
318.875
318.999
319.107
319.201
319.282
319.352
319.411
319.462
319.506
319.543
319.574
319.601
319.624
319.644
319.662
319.678
319.692
319.706
319.72
319.734
319.749
319.764
319.781
319.799
319.82
319.842
319.866
319.893
319.923
319.956
319.991
320.029
320.07
320.114
320.161
320.211
320.264
320.321
320.38
320.442
320.507
320.575
320.645
320.719
320.795
320.873
320.954
321.037
321.122
321.209
321.299
321.39
321.483
300.575
301.742
302.937
304.149
305.366
306.572
307.754
308.901
310.002
311.047
312.031
312.949
313.8
314.582
315.296
315.945
316.533
317.061
317.535
317.958
318.334
318.668
318.964
319.224
319.453
319.654
319.83
319.983
320.115
320.231
320.33
320.415
320.488
320.55
320.603
320.648
320.686
320.719
320.746
320.769
320.788
320.805
320.82
320.834
320.846
320.858
320.87
320.883
320.896
320.91
320.925
320.942
320.961
320.982
321.004
321.029
321.057
321.087
321.119
321.154
321.191
321.232
321.275
321.32
321.368
321.419
321.473
321.529
321.587
321.648
321.711
321.776
321.844
321.914
321.985
322.059
322.134
322.211
322.29
322.37
322.451
300.645
301.953
303.291
304.645
305.998
307.334
308.636
309.89
311.084
312.209
313.259
314.229
315.118
315.928
316.661
317.321
317.912
318.439
318.908
319.323
319.689
320.011
320.294
320.542
320.758
320.947
321.11
321.252
321.374
321.48
321.57
321.648
321.714
321.77
321.818
321.858
321.893
321.922
321.946
321.968
321.986
322.002
322.017
322.03
322.043
322.056
322.068
322.082
322.096
322.111
322.127
322.145
322.164
322.185
322.208
322.233
322.261
322.29
322.322
322.356
322.392
322.431
322.471
322.514
322.56
322.607
322.657
322.709
322.763
322.819
322.876
322.936
322.997
323.06
323.125
323.191
323.259
323.327
323.398
323.469
323.541
300.725
302.195
303.697
305.211
306.717
308.195
309.626
310.992
312.28
313.482
314.59
315.604
316.523
317.35
318.091
318.75
319.335
319.852
320.307
320.707
321.057
321.363
321.63
321.861
322.063
322.237
322.388
322.518
322.631
322.727
322.81
322.882
322.943
322.995
323.04
323.078
323.112
323.14
323.166
323.188
323.208
323.226
323.243
323.259
323.275
323.291
323.307
323.324
323.341
323.36
323.379
323.4
323.423
323.447
323.472
323.5
323.529
323.56
323.593
323.628
323.665
323.703
323.744
323.786
323.83
323.876
323.924
323.974
324.025
324.077
324.131
324.187
324.243
324.301
324.361
324.421
324.482
324.545
324.608
324.672
324.737
300.817
302.473
304.16
305.854
307.53
309.162
310.728
312.207
313.586
314.855
316.01
317.054
317.99
318.82
319.553
320.198
320.765
321.261
321.695
322.073
322.401
322.687
322.935
323.15
323.336
323.497
323.637
323.758
323.862
323.952
324.031
324.099
324.158
324.21
324.255
324.295
324.33
324.362
324.391
324.418
324.442
324.466
324.488
324.51
324.532
324.554
324.576
324.599
324.622
324.646
324.671
324.697
324.725
324.753
324.784
324.815
324.848
324.882
324.918
324.955
324.994
325.034
325.076
325.119
325.164
325.209
325.256
325.304
325.354
325.404
325.456
325.508
325.561
325.616
325.671
325.727
325.783
325.84
325.898
325.956
326.014
300.923
302.79
304.686
306.582
308.443
310.239
311.941
313.528
314.99
316.308
317.488
318.536
319.463
320.277
320.989
321.611
322.152
322.622
323.029
323.382
323.688
323.953
324.182
324.381
324.554
324.704
324.834
324.948
325.047
325.135
325.212
325.28
325.34
325.395
325.444
325.489
325.53
325.568
325.604
325.638
325.67
325.702
325.733
325.763
325.793
325.823
325.854
325.884
325.915
325.947
325.979
326.013
326.046
326.081
326.117
326.153
326.191
326.23
326.269
326.31
326.351
326.394
326.437
326.482
326.527
326.573
326.62
326.667
326.716
326.764
326.814
326.864
326.914
326.965
327.017
327.069
327.121
327.173
327.226
327.278
327.331
301.042
303.15
305.283
307.401
309.462
311.428
313.257
314.924
316.425
317.762
318.944
319.981
320.887
321.674
322.356
322.945
323.454
323.893
324.272
324.599
324.881
325.126
325.338
325.522
325.684
325.825
325.949
326.059
326.157
326.245
326.324
326.396
326.461
326.522
326.578
326.631
326.68
326.727
326.773
326.816
326.859
326.9
326.941
326.982
327.022
327.061
327.101
327.141
327.181
327.221
327.261
327.301
327.342
327.383
327.425
327.467
327.51
327.553
327.596
327.64
327.684
327.729
327.774
327.82
327.866
327.912
327.959
328.006
328.053
328.1
328.148
328.195
328.243
328.291
328.339
328.387
328.434
328.482
328.53
328.577
328.625
301.176
303.555
305.953
308.314
310.577
312.674
314.584
316.299
317.82
319.157
320.322
321.332
322.203
322.952
323.595
324.147
324.619
325.025
325.373
325.674
325.934
326.16
326.357
326.529
326.682
326.818
326.939
327.048
327.147
327.238
327.322
327.4
327.472
327.541
327.606
327.668
327.727
327.785
327.841
327.895
327.948
328
328.051
328.101
328.151
328.2
328.249
328.298
328.346
328.394
328.441
328.489
328.536
328.583
328.63
328.677
328.723
328.77
328.817
328.863
328.91
328.956
329.003
329.049
329.095
329.141
329.187
329.233
329.279
329.324
329.37
329.414
329.459
329.504
329.548
329.592
329.635
329.678
329.721
329.764
329.806
301.323
303.999
306.688
309.273
311.68
313.872
315.835
317.57
319.086
320.399
321.529
322.496
323.322
324.025
324.624
325.133
325.569
325.941
326.261
326.537
326.777
326.987
327.171
327.335
327.482
327.614
327.734
327.844
327.946
328.041
328.129
328.213
328.293
328.369
328.443
328.513
328.582
328.648
328.713
328.776
328.838
328.899
328.958
329.017
329.075
329.132
329.188
329.243
329.298
329.352
329.405
329.457
329.509
329.561
329.612
329.662
329.712
329.761
329.81
329.858
329.906
329.953
330
330.047
330.093
330.138
330.183
330.227
330.271
330.315
330.357
330.4
330.442
330.483
330.523
330.564
330.603
330.642
330.681
330.719
330.756
301.463
304.436
307.355
310.091
312.591
314.831
316.807
318.529
320.015
321.288
322.373
323.294
324.074
324.735
325.294
325.769
326.173
326.519
326.817
327.075
327.3
327.498
327.674
327.831
327.973
328.102
328.222
328.332
328.435
328.533
328.625
328.712
328.796
328.877
328.955
329.031
329.105
329.176
329.246
329.315
329.382
329.447
329.512
329.575
329.637
329.699
329.759
329.818
329.876
329.933
329.99
330.045
330.1
330.154
330.207
330.259
330.31
330.361
330.411
330.46
330.509
330.557
330.604
330.65
330.695
330.74
330.784
330.828
330.87
330.912
330.954
330.994
331.034
331.073
331.112
331.149
331.186
331.223
331.259
331.294
331.328
378.727
386.648
393.327
399.167
404.365
409.028
413.218
416.966
420.288
423.183
425.639
427.633
429.13
430.08
430.417
430.049
428.845
426.609
423.009
417.386
408.094
401.822
397.027
393.11
389.783
386.884
384.311
381.998
379.894
377.965
376.182
374.524
372.974
371.517
370.141
368.838
367.598
366.414
365.281
364.193
363.145
362.134
361.155
360.207
359.285
358.387
357.512
356.657
355.821
355.001
354.196
353.406
352.628
351.863
351.108
350.363
349.627
348.9
348.181
347.47
346.766
346.068
345.377
344.693
344.014
343.342
342.676
342.015
341.361
340.712
340.07
339.433
338.802
338.178
337.56
336.948
336.342
335.743
335.15
334.565
333.986
333.414
332.85
332.293
331.744
331.202
330.668
330.143
329.625
329.117
328.616
328.125
327.643
327.17
326.706
326.252
325.808
325.373
324.949
324.534
324.129
323.734
323.35
322.976
322.611
322.257
321.913
321.579
321.255
320.941
320.636
320.341
320.055
319.779
319.511
319.252
319.001
318.759
318.525
318.298
318.079
317.867
317.662
317.463
317.271
317.085
316.904
316.729
316.56
316.395
316.234
316.078
315.926
315.778
315.634
315.493
315.355
315.22
315.087
314.958
314.83
314.704
314.581
314.459
314.339
314.22
314.103
313.987
313.872
313.758
313.645
313.533
313.422
313.311
313.202
313.092
312.984
312.876
312.77
312.664
312.56
373.999
380.874
387.08
392.672
397.727
402.301
406.434
410.147
413.448
416.333
418.79
420.793
422.309
423.29
423.672
423.372
422.276
420.228
417.009
412.352
406.21
400.906
396.487
392.751
389.525
386.689
384.159
381.875
379.794
377.882
376.113
374.465
372.923
371.473
370.104
368.805
367.569
366.389
365.258
364.173
363.127
362.118
361.141
360.194
359.273
358.377
357.502
356.648
355.813
354.993
354.19
353.4
352.623
351.858
351.103
350.358
349.623
348.896
348.178
347.466
346.762
346.065
345.374
344.69
344.012
343.339
342.673
342.013
341.358
340.71
340.067
339.431
338.8
338.176
337.558
336.946
336.34
335.741
335.149
334.563
333.984
333.413
332.848
332.291
331.742
331.2
330.667
330.141
329.624
329.115
328.615
328.124
327.641
327.169
326.705
326.251
325.807
325.372
324.947
324.532
324.128
323.733
323.349
322.975
322.61
322.256
321.912
321.578
321.254
320.94
320.636
320.34
320.055
319.778
319.51
319.251
319.001
318.758
318.524
318.298
318.078
317.866
317.661
317.463
317.271
317.085
316.904
316.729
316.559
316.395
316.234
316.078
315.927
315.779
315.634
315.493
315.355
315.22
315.088
314.958
314.83
314.705
314.581
314.459
314.339
314.22
314.103
313.987
313.872
313.758
313.646
313.533
313.422
313.312
313.202
313.093
312.984
312.877
312.77
312.664
312.56
369.93
375.805
381.375
386.561
391.347
395.739
399.748
403.376
406.622
409.477
411.924
413.938
415.484
416.52
416.988
416.819
415.926
414.204
411.549
407.914
403.515
399.247
395.398
391.988
388.963
386.259
383.821
381.603
379.572
377.697
375.958
374.334
372.811
371.377
370.02
368.732
367.505
366.333
365.209
364.129
363.088
362.083
361.11
360.166
359.248
358.354
357.482
356.63
355.796
354.978
354.176
353.387
352.611
351.847
351.093
350.349
349.615
348.889
348.17
347.46
346.756
346.059
345.369
344.684
344.006
343.334
342.668
342.008
341.354
340.706
340.063
339.427
338.796
338.172
337.554
336.942
336.336
335.737
335.145
334.56
333.981
333.409
332.845
332.288
331.739
331.197
330.663
330.138
329.621
329.112
328.612
328.121
327.638
327.166
326.702
326.248
325.804
325.369
324.944
324.53
324.125
323.731
323.346
322.972
322.608
322.254
321.91
321.577
321.253
320.938
320.634
320.339
320.053
319.777
319.509
319.25
319
318.757
318.523
318.297
318.078
317.866
317.661
317.462
317.27
317.084
316.904
316.729
316.559
316.395
316.234
316.078
315.927
315.779
315.634
315.493
315.355
315.22
315.088
314.958
314.831
314.705
314.582
314.46
314.34
314.221
314.104
313.988
313.873
313.759
313.646
313.534
313.423
313.312
313.203
313.093
312.985
312.877
312.77
312.664
312.56
366.126
371.184
376.122
380.838
385.28
389.42
393.245
396.741
399.896
402.694
405.115
407.133
408.715
409.822
410.407
410.415
409.785
408.46
406.403
403.65
400.391
397.026
393.799
390.806
388.064
385.558
383.262
381.15
379.199
377.388
375.697
374.114
372.624
371.216
369.882
368.612
367.401
366.242
365.129
364.058
363.026
362.028
361.061
360.122
359.209
358.319
357.451
356.601
355.77
354.955
354.155
353.368
352.594
351.831
351.078
350.336
349.602
348.877
348.16
347.45
346.747
346.05
345.36
344.677
343.999
343.327
342.662
342.002
341.348
340.7
340.057
339.421
338.791
338.167
337.549
336.937
336.331
335.733
335.14
334.555
333.976
333.405
332.84
332.283
331.734
331.192
330.659
330.133
329.616
329.107
328.607
328.116
327.634
327.161
326.698
326.244
325.799
325.365
324.94
324.526
324.121
323.727
323.343
322.969
322.605
322.251
321.907
321.573
321.25
320.936
320.631
320.336
320.051
319.774
319.507
319.248
318.998
318.756
318.522
318.296
318.077
317.865
317.66
317.462
317.27
317.084
316.904
316.729
316.559
316.395
316.234
316.079
315.927
315.779
315.635
315.494
315.356
315.221
315.089
314.959
314.831
314.706
314.582
314.461
314.341
314.222
314.105
313.989
313.874
313.76
313.647
313.535
313.424
313.314
313.204
313.095
312.986
312.878
312.772
312.665
312.561
362.464
366.86
371.223
375.467
379.533
383.38
386.977
390.301
393.332
396.048
398.425
400.437
402.053
403.239
403.956
404.164
403.825
402.909
401.415
399.393
396.976
394.371
391.748
389.211
386.807
384.552
382.447
380.482
378.645
376.924
375.307
373.783
372.341
370.974
369.673
368.432
367.245
366.106
365.011
363.955
362.935
361.947
360.99
360.059
359.153
358.269
357.406
356.561
355.734
354.922
354.125
353.341
352.569
351.809
351.058
350.318
349.586
348.862
348.145
347.437
346.735
346.039
345.35
344.667
343.99
343.319
342.653
341.994
341.34
340.692
340.05
339.414
338.784
338.16
337.542
336.931
336.325
335.726
335.134
334.549
333.97
333.399
332.834
332.277
331.728
331.186
330.653
330.127
329.61
329.101
328.601
328.11
327.628
327.155
326.692
326.238
325.794
325.359
324.935
324.52
324.116
323.722
323.338
322.964
322.6
322.246
321.903
321.569
321.246
320.932
320.628
320.333
320.048
319.772
319.504
319.246
318.996
318.754
318.52
318.294
318.075
317.864
317.659
317.461
317.269
317.083
316.903
316.729
316.559
316.395
316.235
316.079
315.928
315.78
315.636
315.495
315.357
315.222
315.09
314.96
314.833
314.707
314.584
314.462
314.342
314.224
314.107
313.991
313.876
313.762
313.649
313.537
313.426
313.315
313.206
313.096
312.988
312.88
312.773
312.667
312.563
358.905
362.753
366.609
370.407
374.095
377.629
380.973
384.099
386.979
389.59
391.905
393.897
395.54
396.802
397.654
398.066
398.015
397.487
396.493
395.077
393.327
391.362
389.298
387.22
385.183
383.221
381.347
379.566
377.878
376.277
374.758
373.314
371.94
370.63
369.377
368.176
367.023
365.914
364.844
363.809
362.808
361.836
360.892
359.973
359.077
358.201
357.346
356.508
355.686
354.88
354.087
353.307
352.538
351.781
351.033
350.295
349.565
348.843
348.128
347.421
346.72
346.026
345.337
344.655
343.979
343.309
342.644
341.985
341.332
340.684
340.043
339.407
338.777
338.153
337.535
336.924
336.319
335.72
335.128
334.542
333.963
333.392
332.828
332.271
331.721
331.179
330.646
330.12
329.603
329.094
328.594
328.103
327.621
327.148
326.684
326.231
325.786
325.352
324.928
324.513
324.109
323.715
323.331
322.957
322.594
322.241
321.897
321.564
321.241
320.927
320.623
320.329
320.044
319.768
319.501
319.243
318.993
318.752
318.518
318.292
318.074
317.862
317.658
317.46
317.269
317.083
316.903
316.729
316.56
316.395
316.236
316.08
315.929
315.781
315.637
315.496
315.359
315.224
315.092
314.962
314.835
314.709
314.586
314.465
314.345
314.226
314.109
313.993
313.878
313.765
313.652
313.54
313.429
313.318
313.208
313.099
312.991
312.883
312.776
312.67
312.565
355.44
358.823
362.233
365.623
368.948
372.168
375.249
378.159
380.871
383.358
385.594
387.554
389.211
390.541
391.518
392.121
392.336
392.156
391.594
390.683
389.48
388.059
386.497
384.86
383.2
381.553
379.94
378.375
376.865
375.413
374.019
372.68
371.395
370.159
368.97
367.824
366.719
365.649
364.614
363.61
362.635
361.686
360.761
359.858
358.976
358.113
357.268
356.439
355.625
354.825
354.038
353.263
352.5
351.746
351.002
350.267
349.539
348.82
348.108
347.402
346.703
346.01
345.323
344.643
343.967
343.298
342.634
341.976
341.323
340.676
340.035
339.399
338.77
338.146
337.528
336.917
336.312
335.713
335.121
334.535
333.956
333.385
332.82
332.263
331.714
331.172
330.638
330.112
329.595
329.086
328.585
328.094
327.612
327.139
326.676
326.222
325.778
325.344
324.919
324.505
324.101
323.707
323.323
322.95
322.587
322.234
321.891
321.558
321.235
320.921
320.618
320.324
320.039
319.764
319.497
319.239
318.99
318.749
318.516
318.29
318.072
317.861
317.657
317.46
317.268
317.083
316.904
316.729
316.561
316.396
316.237
316.082
315.93
315.783
315.639
315.499
315.361
315.226
315.094
314.965
314.838
314.713
314.589
314.468
314.348
314.23
314.113
313.997
313.882
313.768
313.655
313.544
313.432
313.322
313.212
313.103
312.995
312.887
312.78
312.673
312.568
352.069
355.051
358.07
361.09
364.076
366.993
369.811
372.5
375.032
377.383
379.527
381.439
383.097
384.478
385.562
386.333
386.78
386.901
386.705
386.214
385.466
384.508
383.393
382.168
380.876
379.55
378.215
376.89
375.584
374.307
373.062
371.851
370.676
369.535
368.428
367.353
366.309
365.293
364.305
363.341
362.401
361.483
360.585
359.706
358.844
357.998
357.168
356.351
355.548
354.757
353.978
353.21
352.452
351.704
350.965
350.233
349.51
348.794
348.084
347.381
346.684
345.994
345.309
344.629
343.955
343.287
342.624
341.966
341.314
340.668
340.027
339.392
338.763
338.139
337.522
336.91
336.305
335.706
335.114
334.528
333.949
333.378
332.813
332.255
331.706
331.164
330.629
330.103
329.586
329.077
328.576
328.085
327.602
327.129
326.666
326.212
325.768
325.334
324.91
324.496
324.092
323.698
323.314
322.941
322.578
322.226
321.883
321.55
321.228
320.915
320.612
320.318
320.034
319.759
319.493
319.235
318.987
318.746
318.513
318.288
318.07
317.86
317.656
317.459
317.268
317.084
316.904
316.731
316.562
316.398
316.239
316.084
315.933
315.786
315.642
315.502
315.365
315.23
315.098
314.969
314.842
314.717
314.594
314.473
314.353
314.234
314.117
314.002
313.887
313.773
313.661
313.549
313.438
313.327
313.217
313.108
313
312.892
312.785
312.678
312.573
348.8
351.433
354.106
356.793
359.466
362.098
364.661
367.13
369.479
371.685
373.725
375.577
377.219
378.633
379.801
380.711
381.353
381.724
381.832
381.69
381.322
380.758
380.033
379.182
378.238
377.229
376.178
375.104
374.02
372.937
371.863
370.801
369.756
368.73
367.724
366.737
365.77
364.823
363.894
362.984
362.09
361.213
360.35
359.503
358.668
357.846
357.037
356.238
355.45
354.672
353.904
353.145
352.395
351.654
350.921
350.195
349.476
348.764
348.058
347.358
346.664
345.976
345.293
344.615
343.943
343.276
342.614
341.958
341.307
340.661
340.021
339.386
338.757
338.134
337.517
336.905
336.3
335.701
335.108
334.522
333.943
333.371
332.806
332.248
331.698
331.155
330.621
330.094
329.576
329.067
328.566
328.075
327.592
327.119
326.655
326.201
325.757
325.323
324.899
324.485
324.081
323.688
323.305
322.932
322.569
322.217
321.874
321.542
321.22
320.908
320.605
320.312
320.028
319.754
319.488
319.232
318.983
318.743
318.511
318.286
318.069
317.859
317.656
317.46
317.269
317.085
316.906
316.733
316.565
316.401
316.242
316.088
315.937
315.79
315.647
315.507
315.37
315.236
315.104
314.975
314.848
314.723
314.6
314.479
314.359
314.241
314.124
314.009
313.894
313.78
313.668
313.556
313.445
313.334
313.225
313.115
313.007
312.899
312.792
312.685
312.579
345.642
347.968
350.335
352.724
355.112
357.478
359.8
362.055
364.222
366.28
368.208
369.987
371.598
373.024
374.251
375.267
376.064
376.639
376.994
377.137
377.084
376.852
376.466
375.948
375.324
374.616
373.844
373.024
372.171
371.295
370.407
369.511
368.615
367.721
366.832
365.951
365.078
364.214
363.36
362.515
361.681
360.856
360.04
359.233
358.435
357.645
356.864
356.089
355.323
354.563
353.811
353.065
352.326
351.594
350.868
350.149
349.436
348.73
348.029
347.333
346.642
345.957
345.277
344.602
343.932
343.267
342.606
341.951
341.301
340.656
340.017
339.383
338.754
338.131
337.513
336.902
336.297
335.697
335.104
334.518
333.938
333.366
332.8
332.242
331.691
331.148
330.613
330.086
329.567
329.057
328.556
328.064
327.581
327.108
326.644
326.19
325.746
325.312
324.887
324.474
324.07
323.677
323.294
322.921
322.559
322.207
321.865
321.534
321.212
320.9
320.598
320.306
320.023
319.749
319.484
319.228
318.98
318.741
318.509
318.285
318.069
317.86
317.657
317.461
317.271
317.087
316.909
316.736
316.569
316.406
316.247
316.093
315.943
315.796
315.653
315.514
315.377
315.243
315.112
314.983
314.856
314.731
314.609
314.488
314.368
314.25
314.133
314.018
313.903
313.79
313.677
313.565
313.454
313.344
313.234
313.125
313.016
312.908
312.801
312.694
312.588
342.608
344.663
346.758
348.879
351.009
353.131
355.227
357.279
359.268
361.177
362.988
364.684
366.248
367.667
368.928
370.018
370.932
371.665
372.216
372.59
372.793
372.838
372.74
372.514
372.177
371.747
371.239
370.667
370.045
369.382
368.688
367.971
367.237
366.49
365.734
364.973
364.209
363.444
362.679
361.914
361.152
360.392
359.634
358.879
358.128
357.38
356.635
355.893
355.155
354.42
353.689
352.962
352.239
351.52
350.805
350.095
349.39
348.691
347.995
347.305
346.619
345.938
345.261
344.589
343.921
343.258
342.6
341.946
341.298
340.654
340.015
339.381
338.753
338.13
337.513
336.901
336.296
335.696
335.103
334.516
333.936
333.362
332.796
332.237
331.685
331.142
330.606
330.078
329.559
329.048
328.547
328.054
327.571
327.097
326.633
326.178
325.734
325.3
324.876
324.462
324.058
323.665
323.283
322.911
322.549
322.197
321.856
321.525
321.204
320.893
320.592
320.3
320.018
319.745
319.481
319.225
318.978
318.74
318.509
318.286
318.07
317.861
317.66
317.464
317.275
317.092
316.914
316.742
316.575
316.412
316.254
316.101
315.951
315.805
315.662
315.523
315.387
315.253
315.122
314.993
314.867
314.742
314.62
314.499
314.38
314.262
314.145
314.03
313.915
313.802
313.69
313.578
313.467
313.356
313.247
313.138
313.029
312.921
312.813
312.706
312.599
339.711
341.525
343.378
345.259
347.155
349.054
350.941
352.801
354.62
356.382
358.073
359.678
361.183
362.576
363.846
364.982
365.977
366.827
367.528
368.082
368.491
368.763
368.905
368.928
368.844
368.663
368.399
368.062
367.662
367.21
366.714
366.18
365.616
365.026
364.416
363.788
363.146
362.493
361.83
361.159
360.481
359.799
359.112
358.421
357.727
357.031
356.332
355.633
354.932
354.23
353.528
352.827
352.125
351.425
350.727
350.03
349.335
348.645
347.957
347.274
346.594
345.917
345.245
344.577
343.912
343.252
342.596
341.944
341.297
340.655
340.017
339.384
338.756
338.133
337.516
336.904
336.298
335.698
335.104
334.517
333.936
333.362
332.794
332.234
331.682
331.137
330.6
330.072
329.552
329.04
328.538
328.045
327.561
327.087
326.622
326.167
325.723
325.288
324.864
324.45
324.047
323.654
323.272
322.9
322.539
322.188
321.847
321.517
321.197
320.886
320.586
320.295
320.014
319.742
319.478
319.224
318.978
318.74
318.51
318.288
318.073
317.865
317.664
317.47
317.281
317.099
316.922
316.75
316.584
316.422
316.265
316.112
315.962
315.817
315.675
315.536
315.4
315.266
315.136
315.007
314.881
314.757
314.635
314.514
314.395
314.277
314.161
314.046
313.931
313.818
313.706
313.594
313.483
313.373
313.263
313.154
313.045
312.937
312.829
312.722
312.615
336.963
338.563
340.2
341.866
343.552
345.248
346.942
348.623
350.279
351.898
353.467
354.976
356.411
357.762
359.02
360.175
361.22
362.149
362.96
363.649
364.219
364.671
365.01
365.241
365.372
365.411
365.365
365.243
365.053
364.803
364.499
364.148
363.757
363.33
362.871
362.386
361.876
361.345
360.796
360.231
359.65
359.057
358.453
357.837
357.213
356.58
355.939
355.291
354.637
353.978
353.314
352.645
351.974
351.299
350.623
349.945
349.267
348.589
347.912
347.237
346.565
345.895
345.228
344.565
343.905
343.248
342.595
341.945
341.3
340.659
340.023
339.39
338.763
338.141
337.524
336.912
336.305
335.705
335.11
334.522
333.94
333.365
332.796
332.235
331.682
331.136
330.598
330.068
329.547
329.035
328.531
328.037
327.553
327.078
326.613
326.158
325.713
325.278
324.854
324.44
324.037
323.644
323.263
322.891
322.53
322.18
321.84
321.511
321.191
320.882
320.582
320.292
320.012
319.741
319.478
319.225
318.98
318.743
318.514
318.293
318.079
317.872
317.672
317.479
317.291
317.11
316.933
316.763
316.597
316.436
316.279
316.126
315.978
315.833
315.691
315.553
315.417
315.284
315.154
315.026
314.9
314.777
314.654
314.534
314.415
314.298
314.181
314.066
313.952
313.839
313.727
313.615
313.504
313.394
313.284
313.175
313.066
312.958
312.85
312.742
312.635
334.378
335.787
337.231
338.705
340.201
341.712
343.229
344.744
346.246
347.727
349.176
350.583
351.94
353.236
354.463
355.613
356.68
357.658
358.541
359.329
360.018
360.609
361.103
361.504
361.814
362.039
362.183
362.253
362.253
362.19
362.069
361.895
361.674
361.409
361.105
360.766
360.395
359.994
359.567
359.117
358.644
358.151
357.639
357.111
356.566
356.007
355.435
354.85
354.253
353.646
353.029
352.403
351.769
351.129
350.482
349.83
349.175
348.516
347.855
347.193
346.53
345.869
345.21
344.553
343.897
343.245
342.596
341.95
341.307
340.668
340.033
339.402
338.775
338.153
337.536
336.924
336.317
335.716
335.121
334.532
333.949
333.372
332.803
332.24
331.685
331.138
330.599
330.068
329.546
329.032
328.528
328.033
327.547
327.072
326.606
326.15
325.705
325.27
324.846
324.432
324.029
323.637
323.255
322.885
322.524
322.175
321.836
321.507
321.188
320.88
320.581
320.292
320.013
319.743
319.482
319.23
318.986
318.75
318.522
318.302
318.09
317.884
317.685
317.492
317.306
317.125
316.95
316.78
316.615
316.455
316.299
316.147
315.999
315.854
315.713
315.575
315.44
315.308
315.178
315.051
314.925
314.802
314.68
314.56
314.441
314.324
314.208
314.093
313.979
313.866
313.754
313.642
313.531
313.421
313.311
313.202
313.093
312.985
312.877
312.769
312.661
331.969
333.207
334.479
335.78
337.105
338.448
339.803
341.163
342.521
343.869
345.2
346.504
347.776
349.006
350.188
351.314
352.379
353.377
354.303
355.153
355.926
356.619
357.231
357.764
358.219
358.598
358.903
359.138
359.306
359.411
359.458
359.449
359.389
359.281
359.129
358.936
358.705
358.439
358.14
357.811
357.453
357.068
356.659
356.226
355.772
355.297
354.802
354.29
353.761
353.215
352.655
352.082
351.496
350.898
350.29
349.672
349.046
348.414
347.775
347.132
346.486
345.837
345.187
344.538
343.89
343.243
342.599
341.957
341.317
340.681
340.048
339.418
338.793
338.172
337.555
336.943
336.336
335.734
335.138
334.548
333.964
333.386
332.815
332.251
331.695
331.146
330.605
330.073
329.55
329.035
328.529
328.033
327.547
327.07
326.604
326.147
325.702
325.267
324.842
324.428
324.026
323.634
323.252
322.882
322.522
322.174
321.835
321.507
321.19
320.883
320.585
320.298
320.019
319.751
319.491
319.24
318.997
318.763
318.536
318.317
318.106
317.901
317.703
317.512
317.326
317.147
316.973
316.804
316.639
316.48
316.325
316.174
316.026
315.883
315.742
315.605
315.471
315.339
315.209
315.082
314.957
314.834
314.713
314.593
314.474
314.357
314.242
314.127
314.013
313.9
313.788
313.677
313.566
313.456
313.346
313.237
313.128
313.019
312.911
312.803
312.695
329.745
330.832
331.949
333.095
334.266
335.457
336.664
337.882
339.104
340.326
341.54
342.742
343.924
345.08
346.205
347.291
348.335
349.329
350.271
351.156
351.98
352.742
353.439
354.071
354.637
355.137
355.573
355.946
356.257
356.509
356.704
356.845
356.934
356.973
356.966
356.915
356.822
356.689
356.519
356.313
356.074
355.804
355.503
355.173
354.817
354.434
354.027
353.597
353.144
352.671
352.177
351.665
351.136
350.59
350.029
349.455
348.868
348.269
347.661
347.044
346.42
345.791
345.156
344.519
343.88
343.241
342.603
341.966
341.331
340.698
340.068
339.441
338.817
338.197
337.581
336.969
336.362
335.759
335.162
334.571
333.986
333.407
332.835
332.269
331.711
331.161
330.619
330.085
329.56
329.044
328.537
328.039
327.552
327.074
326.607
326.15
325.704
325.269
324.844
324.43
324.028
323.636
323.255
322.886
322.527
322.179
321.841
321.514
321.198
320.892
320.596
320.309
320.032
319.765
319.506
319.257
319.016
318.783
318.557
318.34
318.13
317.926
317.73
317.539
317.355
317.177
317.004
316.836
316.673
316.514
316.36
316.209
316.063
315.92
315.78
315.644
315.51
315.378
315.249
315.123
314.998
314.875
314.754
314.635
314.517
314.4
314.284
314.17
314.056
313.943
313.831
313.72
313.609
313.499
313.389
313.28
313.171
313.062
312.954
312.846
312.737
327.718
328.669
329.649
330.656
331.688
332.741
333.812
334.898
335.994
337.096
338.199
339.298
340.389
341.465
342.523
343.558
344.564
345.536
346.471
347.366
348.215
349.017
349.769
350.468
351.115
351.707
352.244
352.727
353.156
353.531
353.853
354.124
354.345
354.518
354.645
354.726
354.764
354.76
354.716
354.634
354.514
354.36
354.17
353.948
353.695
353.411
353.098
352.757
352.39
351.996
351.578
351.137
350.674
350.189
349.685
349.163
348.623
348.067
347.498
346.915
346.321
345.718
345.106
344.487
343.863
343.236
342.606
341.977
341.347
340.719
340.093
339.469
338.847
338.229
337.614
337.002
336.395
335.793
335.196
334.604
334.017
333.437
332.863
332.297
331.737
331.185
330.641
330.106
329.579
329.061
328.553
328.054
327.566
327.087
326.619
326.162
325.715
325.279
324.854
324.441
324.038
323.647
323.267
322.898
322.539
322.192
321.856
321.53
321.215
320.91
320.615
320.33
320.055
319.789
319.532
319.284
319.044
318.812
318.589
318.372
318.164
317.962
317.766
317.577
317.394
317.217
317.045
316.878
316.716
316.559
316.405
316.256
316.11
315.968
315.829
315.693
315.56
315.429
315.301
315.174
315.05
314.928
314.807
314.688
314.57
314.454
314.338
314.224
314.11
313.998
313.886
313.774
313.664
313.554
313.444
313.334
313.225
313.117
313.008
312.899
312.791
325.896
326.726
327.582
328.465
329.371
330.3
331.248
332.212
333.19
334.179
335.175
336.174
337.172
338.166
339.152
340.125
341.081
342.016
342.927
343.81
344.662
345.479
346.259
347
347.699
348.355
348.966
349.532
350.052
350.525
350.952
351.333
351.668
351.957
352.202
352.403
352.562
352.678
352.754
352.79
352.787
352.746
352.669
352.555
352.408
352.226
352.012
351.766
351.489
351.182
350.847
350.484
350.095
349.68
349.241
348.78
348.296
347.792
347.27
346.73
346.175
345.605
345.023
344.43
343.828
343.219
342.604
341.985
341.364
340.742
340.121
339.501
338.883
338.267
337.654
337.045
336.438
335.836
335.239
334.646
334.059
333.478
332.903
332.335
331.774
331.22
330.675
330.138
329.61
329.09
328.581
328.081
327.591
327.112
326.643
326.184
325.737
325.301
324.876
324.463
324.06
323.669
323.29
322.921
322.564
322.218
321.882
321.558
321.244
320.94
320.647
320.363
320.089
319.825
319.569
319.323
319.085
318.855
318.632
318.418
318.211
318.01
317.816
317.628
317.447
317.271
317.1
316.934
316.773
316.617
316.464
316.316
316.171
316.029
315.891
315.756
315.623
315.493
315.365
315.24
315.116
314.994
314.874
314.755
314.637
314.521
314.406
314.291
314.178
314.065
313.954
313.842
313.732
313.621
313.512
313.402
313.293
313.184
313.075
312.966
312.858
324.284
325.006
325.753
326.524
327.318
328.133
328.969
329.822
330.691
331.574
332.468
333.37
334.277
335.187
336.096
337.001
337.898
338.785
339.657
340.513
341.348
342.16
342.947
343.704
344.432
345.126
345.786
346.409
346.995
347.543
348.051
348.519
348.947
349.334
349.68
349.986
350.251
350.476
350.661
350.806
350.913
350.981
351.012
351.006
350.962
350.883
350.769
350.621
350.438
350.223
349.976
349.697
349.389
349.051
348.685
348.291
347.872
347.429
346.962
346.474
345.965
345.438
344.894
344.335
343.762
343.179
342.585
341.984
341.377
340.766
340.152
339.538
338.925
338.313
337.703
337.096
336.491
335.89
335.293
334.701
334.113
333.532
332.956
332.386
331.824
331.269
330.723
330.184
329.654
329.134
328.623
328.122
327.631
327.15
326.681
326.222
325.774
325.338
324.913
324.499
324.097
323.707
323.328
322.96
322.604
322.258
321.924
321.601
321.288
320.986
320.694
320.412
320.14
319.877
319.623
319.378
319.141
318.913
318.692
318.479
318.273
318.074
317.882
317.696
317.515
317.341
317.171
317.006
316.847
316.691
316.54
316.392
316.248
316.107
315.97
315.835
315.703
315.574
315.446
315.321
315.198
315.076
314.956
314.838
314.72
314.604
314.489
314.375
314.262
314.149
314.037
313.926
313.816
313.705
313.595
313.486
313.376
313.267
313.158
313.049
312.94
322.886
323.512
324.161
324.833
325.526
326.239
326.973
327.725
328.493
329.278
330.075
330.885
331.703
332.529
333.36
334.193
335.025
335.855
336.679
337.494
338.298
339.088
339.862
340.617
341.351
342.062
342.747
343.405
344.034
344.632
345.199
345.732
346.232
346.696
347.125
347.517
347.873
348.191
348.472
348.716
348.923
349.092
349.224
349.318
349.376
349.396
349.381
349.329
349.242
349.12
348.963
348.773
348.549
348.293
348.006
347.688
347.34
346.964
346.561
346.132
345.678
345.202
344.704
344.187
343.652
343.102
342.537
341.961
341.375
340.781
340.181
339.577
338.971
338.364
337.759
337.155
336.554
335.955
335.359
334.768
334.181
333.599
333.023
332.454
331.891
331.335
330.787
330.247
329.717
329.195
328.683
328.181
327.689
327.208
326.737
326.278
325.83
325.393
324.968
324.555
324.153
323.763
323.385
323.018
322.663
322.318
321.985
321.663
321.352
321.051
320.761
320.48
320.21
319.948
319.696
319.453
319.218
318.991
318.772
318.561
318.356
318.159
317.968
317.783
317.604
317.43
317.262
317.099
316.94
316.785
316.635
316.488
316.345
316.205
316.068
315.934
315.803
315.674
315.547
315.422
315.299
315.178
315.058
314.94
314.823
314.707
314.592
314.478
314.365
314.253
314.141
314.029
313.919
313.808
313.698
313.588
313.479
313.369
313.26
313.151
313.042
321.704
322.245
322.808
323.39
323.993
324.615
325.257
325.916
326.593
327.286
327.994
328.715
329.449
330.193
330.945
331.705
332.469
333.236
334.003
334.769
335.53
336.285
337.032
337.768
338.491
339.199
339.89
340.562
341.213
341.84
342.444
343.021
343.571
344.093
344.584
345.044
345.473
345.868
346.231
346.559
346.852
347.11
347.333
347.52
347.671
347.785
347.864
347.906
347.912
347.881
347.815
347.714
347.577
347.406
347.201
346.962
346.691
346.388
346.055
345.692
345.301
344.883
344.44
343.973
343.484
342.974
342.447
341.904
341.346
340.776
340.197
339.609
339.016
338.419
337.821
337.223
336.626
336.031
335.438
334.849
334.264
333.683
333.108
332.538
331.975
331.419
330.871
330.331
329.799
329.277
328.764
328.261
327.769
327.287
326.817
326.357
325.909
325.472
325.047
324.634
324.233
323.844
323.466
323.1
322.746
322.403
322.071
321.75
321.44
321.141
320.852
320.573
320.304
320.044
319.794
319.552
319.319
319.094
318.876
318.666
318.463
318.267
318.078
317.894
317.717
317.544
317.377
317.215
317.057
316.903
316.754
316.608
316.466
316.327
316.19
316.057
315.926
315.798
315.671
315.547
315.424
315.303
315.184
315.066
314.949
314.833
314.718
314.604
314.491
314.379
314.267
314.155
314.044
313.934
313.823
313.713
313.604
313.494
313.384
313.275
313.165
320.737
321.204
321.689
322.193
322.715
323.256
323.814
324.39
324.983
325.593
326.217
326.857
327.509
328.175
328.851
329.537
330.232
330.933
331.639
332.349
333.06
333.771
334.479
335.183
335.881
336.571
337.251
337.918
338.572
339.21
339.831
340.433
341.014
341.572
342.107
342.616
343.099
343.554
343.98
344.377
344.742
345.076
345.377
345.645
345.879
346.078
346.243
346.372
346.465
346.523
346.545
346.53
346.48
346.394
346.272
346.115
345.923
345.697
345.438
345.147
344.824
344.47
344.088
343.678
343.243
342.783
342.301
341.798
341.277
340.739
340.188
339.624
339.051
338.471
337.885
337.295
336.705
336.116
335.529
334.944
334.362
333.784
333.21
332.643
332.081
331.525
330.978
330.438
329.906
329.384
328.871
328.368
327.875
327.394
326.923
326.463
326.015
325.579
325.155
324.742
324.342
323.953
323.576
323.211
322.858
322.516
322.186
321.866
321.558
321.26
320.973
320.695
320.428
320.17
319.921
319.681
319.449
319.225
319.01
318.801
318.6
318.405
318.217
318.034
317.858
317.687
317.521
317.359
317.203
317.05
316.901
316.756
316.615
316.476
316.341
316.208
316.077
315.949
315.823
315.699
315.577
315.456
315.337
315.219
315.102
314.986
314.871
314.757
314.644
314.531
314.419
314.308
314.197
314.086
313.975
313.865
313.755
313.645
313.535
313.425
313.315
319.982
320.383
320.801
321.235
321.687
322.154
322.639
323.14
323.657
324.19
324.738
325.301
325.879
326.47
327.073
327.688
328.313
328.948
329.592
330.242
330.897
331.557
332.218
332.881
333.543
334.203
334.858
335.507
336.148
336.781
337.401
338.009
338.603
339.18
339.74
340.28
340.799
341.295
341.768
342.216
342.638
343.032
343.397
343.732
344.037
344.31
344.55
344.757
344.93
345.068
345.172
345.24
345.272
345.268
345.228
345.152
345.04
344.892
344.71
344.493
344.242
343.958
343.642
343.295
342.919
342.516
342.086
341.631
341.154
340.657
340.141
339.609
339.063
338.506
337.94
337.367
336.79
336.209
335.63
335.051
334.474
333.901
333.332
332.767
332.208
331.655
331.109
330.57
330.04
329.518
329.006
328.504
328.012
327.531
327.061
326.602
326.155
325.719
325.295
324.884
324.484
324.096
323.721
323.357
323.005
322.664
322.335
322.017
321.71
321.414
321.128
320.853
320.587
320.33
320.083
319.844
319.614
319.392
319.177
318.97
318.77
318.577
318.39
318.209
318.033
317.863
317.698
317.538
317.382
317.23
317.082
316.938
316.797
316.659
316.524
316.391
316.261
316.133
316.008
315.884
315.762
315.641
315.522
315.404
315.287
315.171
315.056
314.942
314.829
314.716
314.603
314.491
314.38
314.269
314.158
314.047
313.936
313.826
313.715
313.605
313.495
319.434
319.778
320.137
320.51
320.899
321.302
321.721
322.155
322.604
323.068
323.547
324.041
324.548
325.07
325.604
326.151
326.71
327.279
327.86
328.449
329.046
329.651
330.261
330.876
331.494
332.114
332.734
333.354
333.97
334.583
335.189
335.789
336.379
336.959
337.526
338.08
338.618
339.139
339.642
340.124
340.585
341.023
341.437
341.825
342.186
342.519
342.822
343.096
343.338
343.547
343.724
343.866
343.974
344.047
344.085
344.086
344.052
343.982
343.875
343.733
343.556
343.344
343.097
342.818
342.506
342.164
341.792
341.392
340.966
340.516
340.043
339.551
339.04
338.515
337.976
337.426
336.868
336.305
335.737
335.168
334.6
334.034
333.471
332.912
332.357
331.808
331.266
330.73
330.203
329.684
329.174
328.673
328.183
327.703
327.235
326.777
326.331
325.897
325.475
325.064
324.666
324.28
323.905
323.543
323.192
322.853
322.526
322.209
321.904
321.609
321.325
321.051
320.786
320.531
320.286
320.048
319.82
319.599
319.386
319.18
318.981
318.789
318.603
318.423
318.249
318.079
317.915
317.756
317.6
317.449
317.302
317.158
317.017
316.88
316.745
316.613
316.483
316.355
316.23
316.106
315.984
315.863
315.744
315.626
315.509
315.393
315.278
315.163
315.05
314.936
314.824
314.711
314.599
314.488
314.376
314.265
314.154
314.043
313.931
313.82
313.709
319.088
319.382
319.689
320.009
320.343
320.69
321.051
321.425
321.814
322.216
322.633
323.063
323.507
323.964
324.434
324.918
325.413
325.92
326.439
326.968
327.507
328.055
328.611
329.174
329.744
330.318
330.897
331.478
332.06
332.643
333.224
333.802
334.376
334.944
335.505
336.057
336.598
337.128
337.644
338.145
338.63
339.096
339.542
339.967
340.37
340.748
341.101
341.428
341.726
341.995
342.234
342.441
342.616
342.758
342.866
342.939
342.978
342.98
342.947
342.878
342.773
342.633
342.457
342.246
342.002
341.724
341.414
341.074
340.705
340.308
339.885
339.439
338.971
338.483
337.979
337.461
336.93
336.39
335.842
335.29
334.735
334.18
333.626
333.075
332.528
331.986
331.449
330.919
330.396
329.881
329.375
328.878
328.391
327.914
327.448
326.993
326.549
326.117
325.697
325.289
324.892
324.508
324.135
323.775
323.426
323.089
322.763
322.448
322.145
321.852
321.569
321.296
321.034
320.78
320.536
320.3
320.072
319.853
319.641
319.436
319.239
319.048
318.863
318.683
318.51
318.341
318.178
318.019
317.864
317.713
317.567
317.423
317.283
317.145
317.011
316.879
316.749
316.622
316.496
316.372
316.25
316.129
316.01
315.891
315.774
315.658
315.542
315.427
315.313
315.199
315.086
314.973
314.86
314.748
314.636
314.524
314.412
314.3
314.188
314.076
313.964
318.934
319.185
319.448
319.722
320.007
320.305
320.616
320.938
321.273
321.621
321.982
322.355
322.742
323.141
323.553
323.977
324.413
324.862
325.322
325.793
326.275
326.767
327.268
327.778
328.297
328.822
329.354
329.891
330.433
330.978
331.525
332.072
332.619
333.165
333.707
334.245
334.776
335.301
335.816
336.321
336.813
337.292
337.756
338.204
338.632
339.042
339.43
339.795
340.136
340.451
340.74
341
341.231
341.432
341.601
341.737
341.84
341.91
341.944
341.943
341.907
341.836
341.729
341.586
341.409
341.197
340.952
340.674
340.365
340.026
339.658
339.263
338.844
338.402
337.94
337.459
336.963
336.454
335.933
335.405
334.871
334.333
333.793
333.255
332.719
332.187
331.659
331.137
330.621
330.113
329.612
329.121
328.639
328.166
327.705
327.253
326.813
326.385
325.967
325.562
325.168
324.787
324.417
324.059
323.712
323.377
323.053
322.741
322.439
322.148
321.867
321.596
321.335
321.083
320.84
320.605
320.379
320.161
319.95
319.747
319.55
319.36
319.175
318.997
318.824
318.656
318.493
318.335
318.18
318.03
317.883
317.74
317.6
317.462
317.328
317.196
317.066
316.938
316.812
316.688
316.566
316.444
316.325
316.206
316.088
315.971
315.855
315.74
315.625
315.51
315.396
315.283
315.169
315.056
314.943
314.83
314.718
314.605
314.492
314.379
314.266
318.965
319.179
319.403
319.637
319.882
320.137
320.403
320.681
320.969
321.269
321.58
321.904
322.239
322.586
322.944
323.315
323.697
324.091
324.497
324.913
325.34
325.778
326.227
326.684
327.151
327.627
328.11
328.6
329.097
329.599
330.106
330.616
331.129
331.643
332.157
332.671
333.181
333.688
334.191
334.686
335.174
335.652
336.12
336.574
337.015
337.441
337.849
338.239
338.609
338.957
339.282
339.582
339.857
340.104
340.323
340.512
340.67
340.797
340.891
340.951
340.978
340.97
340.928
340.85
340.738
340.591
340.41
340.195
339.947
339.668
339.358
339.02
338.654
338.262
337.848
337.412
336.957
336.485
335.999
335.502
334.996
334.483
333.965
333.445
332.924
332.406
331.891
331.38
330.875
330.377
329.885
329.402
328.927
328.461
328.006
327.56
327.126
326.702
326.289
325.888
325.499
325.121
324.754
324.399
324.056
323.724
323.403
323.093
322.793
322.504
322.225
321.956
321.697
321.446
321.205
320.972
320.747
320.53
320.32
320.118
319.922
319.732
319.549
319.371
319.198
319.031
318.868
318.71
318.556
318.405
318.259
318.115
317.975
317.838
317.703
317.571
317.441
317.312
317.186
317.062
316.939
316.817
316.696
316.577
316.458
316.341
316.224
316.108
315.992
315.877
315.762
315.647
315.533
315.419
315.305
315.191
315.077
314.963
314.849
314.735
314.62
319.171
319.354
319.545
319.746
319.955
320.173
320.401
320.639
320.887
321.145
321.414
321.693
321.983
322.283
322.595
322.917
323.251
323.595
323.95
324.316
324.693
325.08
325.477
325.884
326.301
326.727
327.161
327.604
328.054
328.511
328.975
329.443
329.916
330.393
330.872
331.353
331.835
332.316
332.795
333.271
333.742
334.208
334.666
335.116
335.556
335.984
336.399
336.8
337.184
337.551
337.899
338.226
338.53
338.812
339.068
339.298
339.5
339.673
339.817
339.93
340.011
340.059
340.074
340.056
340.004
339.918
339.798
339.644
339.458
339.239
338.988
338.707
338.397
338.06
337.697
337.311
336.902
336.475
336.03
335.571
335.099
334.618
334.129
333.635
333.137
332.639
332.141
331.647
331.156
330.671
330.191
329.719
329.255
328.799
328.353
327.915
327.488
327.072
326.666
326.271
325.887
325.514
325.152
324.801
324.462
324.134
323.816
323.509
323.213
322.927
322.65
322.383
322.126
321.878
321.638
321.406
321.183
320.967
320.758
320.557
320.362
320.173
319.99
319.813
319.64
319.473
319.311
319.153
318.998
318.848
318.701
318.558
318.417
318.279
318.144
318.011
317.881
317.752
317.625
317.5
317.376
317.254
317.132
317.012
316.893
316.774
316.656
316.539
316.422
316.306
316.19
316.074
315.959
315.843
315.728
315.612
315.497
315.382
315.266
315.151
315.035
319.544
319.7
319.864
320.035
320.214
320.402
320.597
320.801
321.014
321.236
321.468
321.708
321.958
322.218
322.488
322.768
323.057
323.357
323.667
323.987
324.317
324.657
325.007
325.367
325.736
326.114
326.501
326.896
327.3
327.711
328.13
328.554
328.985
329.421
329.861
330.305
330.751
331.198
331.647
332.095
332.541
332.984
333.424
333.858
334.285
334.704
335.114
335.513
335.899
336.271
336.628
336.969
337.291
337.592
337.873
338.131
338.365
338.573
338.755
338.909
339.034
339.129
339.194
339.227
339.228
339.197
339.133
339.036
338.907
338.746
338.553
338.33
338.077
337.795
337.487
337.153
336.795
336.416
336.018
335.602
335.171
334.728
334.274
333.812
333.345
332.874
332.402
331.929
331.458
330.99
330.528
330.071
329.621
329.178
328.744
328.318
327.901
327.494
327.097
326.71
326.334
325.968
325.613
325.268
324.935
324.611
324.298
323.996
323.703
323.421
323.147
322.884
322.629
322.383
322.145
321.916
321.694
321.479
321.272
321.071
320.877
320.689
320.507
320.33
320.158
319.991
319.829
319.67
319.516
319.365
319.218
319.074
318.933
318.795
318.659
318.526
318.394
318.265
318.137
318.011
317.886
317.763
317.64
317.519
317.398
317.279
317.16
317.041
316.923
316.805
316.688
316.571
316.454
316.337
316.22
316.103
315.986
315.869
315.752
315.635
315.517
320.075
320.209
320.349
320.496
320.65
320.811
320.979
321.154
321.337
321.528
321.728
321.935
322.151
322.375
322.609
322.851
323.102
323.362
323.632
323.91
324.198
324.495
324.802
325.117
325.442
325.775
326.117
326.467
326.826
327.192
327.566
327.946
328.333
328.727
329.125
329.528
329.935
330.345
330.757
331.171
331.586
331.999
332.411
332.821
333.226
333.626
334.02
334.406
334.783
335.149
335.503
335.845
336.171
336.481
336.773
337.047
337.3
337.531
337.739
337.922
338.08
338.211
338.314
338.389
338.435
338.45
338.435
338.389
338.312
338.204
338.066
337.897
337.699
337.472
337.218
336.938
336.633
336.306
335.957
335.589
335.204
334.804
334.392
333.969
333.538
333.101
332.659
332.216
331.771
331.329
330.888
330.451
330.019
329.594
329.176
328.765
328.362
327.968
327.583
327.207
326.841
326.485
326.139
325.802
325.476
325.159
324.853
324.556
324.268
323.991
323.722
323.462
323.21
322.968
322.733
322.506
322.286
322.073
321.868
321.668
321.475
321.288
321.106
320.93
320.759
320.592
320.429
320.271
320.117
319.966
319.818
319.674
319.532
319.393
319.256
319.122
318.989
318.859
318.73
318.603
318.477
318.352
318.228
318.106
317.984
317.863
317.742
317.622
317.502
317.383
317.264
317.145
317.026
316.908
316.789
316.67
316.551
316.432
316.313
316.194
316.075
320.756
320.871
320.992
321.119
321.251
321.39
321.534
321.686
321.844
322.008
322.18
322.359
322.546
322.739
322.941
323.151
323.368
323.593
323.827
324.069
324.319
324.578
324.845
325.12
325.404
325.695
325.995
326.303
326.618
326.942
327.272
327.609
327.953
328.304
328.659
329.021
329.386
329.756
330.129
330.505
330.883
331.262
331.64
332.018
332.395
332.768
333.137
333.501
333.859
334.209
334.55
334.881
335.2
335.506
335.799
336.075
336.335
336.577
336.798
336.999
337.178
337.334
337.465
337.571
337.651
337.703
337.728
337.724
337.692
337.631
337.541
337.422
337.275
337.101
336.899
336.672
336.42
336.144
335.847
335.529
335.194
334.841
334.475
334.096
333.706
333.309
332.904
332.496
332.085
331.672
331.26
330.85
330.444
330.041
329.643
329.252
328.867
328.489
328.12
327.759
327.406
327.063
326.728
326.402
326.086
325.778
325.48
325.191
324.911
324.639
324.376
324.121
323.875
323.636
323.405
323.181
322.964
322.754
322.551
322.353
322.162
321.976
321.795
321.62
321.449
321.282
321.12
320.962
320.807
320.656
320.508
320.362
320.22
320.08
319.943
319.807
319.674
319.542
319.412
319.283
319.156
319.029
318.904
318.78
318.656
318.533
318.411
318.289
318.168
318.047
317.926
317.805
317.684
317.563
317.442
317.321
317.2
317.079
316.958
316.836
316.715
321.578
321.679
321.783
321.893
322.008
322.128
322.253
322.384
322.521
322.663
322.812
322.967
323.128
323.296
323.47
323.651
323.839
324.034
324.236
324.446
324.662
324.887
325.118
325.357
325.603
325.857
326.118
326.386
326.662
326.944
327.234
327.529
327.832
328.14
328.454
328.773
329.097
329.425
329.758
330.093
330.431
330.772
331.113
331.455
331.796
332.137
332.475
332.81
333.14
333.466
333.785
334.096
334.399
334.691
334.973
335.242
335.498
335.738
335.962
336.169
336.358
336.526
336.674
336.8
336.903
336.982
337.036
337.066
337.069
337.047
336.998
336.923
336.821
336.694
336.541
336.363
336.161
335.937
335.69
335.424
335.138
334.836
334.518
334.186
333.843
333.489
333.128
332.76
332.387
332.011
331.634
331.256
330.88
330.505
330.135
329.768
329.407
329.051
328.702
328.36
328.025
327.697
327.378
327.066
326.762
326.466
326.179
325.9
325.629
325.366
325.11
324.863
324.623
324.39
324.164
323.944
323.732
323.525
323.325
323.13
322.941
322.757
322.578
322.403
322.233
322.068
321.906
321.747
321.593
321.441
321.293
321.147
321.004
320.863
320.724
320.588
320.453
320.32
320.188
320.058
319.929
319.801
319.674
319.548
319.423
319.298
319.173
319.049
318.926
318.802
318.679
318.556
318.433
318.31
318.186
318.063
317.939
317.815
317.691
317.567
317.443
322.535
322.623
322.715
322.81
322.911
323.015
323.124
323.238
323.357
323.48
323.609
323.743
323.883
324.028
324.179
324.335
324.498
324.666
324.841
325.022
325.209
325.402
325.602
325.808
326.021
326.24
326.466
326.698
326.936
327.18
327.431
327.687
327.95
328.217
328.49
328.769
329.051
329.338
329.629
329.924
330.221
330.521
330.823
331.126
331.429
331.732
332.035
332.335
332.633
332.927
333.217
333.501
333.779
334.05
334.312
334.564
334.805
335.035
335.251
335.453
335.64
335.811
335.964
336.099
336.215
336.31
336.384
336.436
336.466
336.473
336.457
336.417
336.354
336.267
336.157
336.024
335.868
335.691
335.493
335.276
335.041
334.788
334.52
334.237
333.942
333.636
333.321
332.998
332.668
332.334
331.996
331.656
331.316
330.976
330.638
330.302
329.969
329.64
329.317
328.998
328.685
328.378
328.078
327.784
327.497
327.217
326.944
326.678
326.419
326.167
325.922
325.683
325.452
325.226
325.007
324.794
324.587
324.386
324.189
323.999
323.813
323.631
323.455
323.282
323.114
322.949
322.788
322.631
322.476
322.325
322.176
322.03
321.886
321.745
321.605
321.467
321.331
321.197
321.064
320.932
320.801
320.671
320.542
320.414
320.287
320.16
320.033
319.907
319.781
319.655
319.529
319.403
319.277
319.151
319.025
318.899
318.772
318.645
318.517
318.39
318.263
323.615
323.693
323.774
323.858
323.946
324.038
324.133
324.233
324.336
324.444
324.556
324.672
324.793
324.919
325.049
325.184
325.324
325.469
325.62
325.775
325.936
326.102
326.273
326.45
326.632
326.82
327.013
327.211
327.415
327.625
327.839
328.059
328.283
328.513
328.747
328.985
329.228
329.474
329.725
329.978
330.234
330.493
330.754
331.016
331.279
331.543
331.807
332.069
332.33
332.589
332.845
333.097
333.344
333.585
333.82
334.048
334.268
334.478
334.677
334.866
335.042
335.206
335.355
335.489
335.607
335.708
335.792
335.857
335.904
335.931
335.938
335.925
335.892
335.838
335.763
335.668
335.553
335.419
335.266
335.094
334.906
334.701
334.482
334.248
334.002
333.745
333.478
333.202
332.919
332.63
332.336
332.039
331.74
331.439
331.138
330.838
330.539
330.242
329.949
329.659
329.373
329.092
328.815
328.543
328.277
328.017
327.762
327.513
327.269
327.032
326.8
326.574
326.353
326.138
325.928
325.724
325.524
325.329
325.139
324.954
324.773
324.596
324.423
324.253
324.087
323.925
323.766
323.609
323.456
323.305
323.157
323.01
322.866
322.724
322.584
322.445
322.308
322.172
322.038
321.904
321.771
321.64
321.509
321.379
321.249
321.119
320.99
320.862
320.733
320.604
320.476
320.347
320.218
320.089
319.959
319.829
319.699
319.568
319.436
319.304
319.171
324.803
324.872
324.944
325.019
325.097
325.177
325.261
325.348
325.439
325.533
325.63
325.731
325.836
325.944
326.056
326.173
326.293
326.417
326.546
326.678
326.815
326.957
327.102
327.252
327.407
327.566
327.729
327.897
328.069
328.245
328.426
328.611
328.8
328.993
329.19
329.391
329.595
329.803
330.013
330.226
330.442
330.66
330.88
331.102
331.324
331.547
331.771
331.993
332.215
332.436
332.654
332.87
333.082
333.291
333.494
333.692
333.883
334.068
334.244
334.412
334.57
334.718
334.855
334.98
335.092
335.19
335.275
335.345
335.399
335.437
335.459
335.464
335.452
335.423
335.376
335.312
335.231
335.133
335.019
334.888
334.743
334.583
334.409
334.222
334.023
333.814
333.595
333.367
333.132
332.89
332.643
332.391
332.136
331.878
331.619
331.359
331.098
330.839
330.58
330.324
330.07
329.818
329.57
329.326
329.085
328.848
328.615
328.387
328.163
327.943
327.728
327.517
327.311
327.109
326.911
326.718
326.528
326.342
326.161
325.983
325.808
325.637
325.469
325.305
325.143
324.984
324.827
324.673
324.522
324.372
324.225
324.079
323.936
323.793
323.653
323.514
323.376
323.239
323.103
322.968
322.833
322.7
322.567
322.435
322.302
322.171
322.039
321.908
321.776
321.645
321.513
321.381
321.249
321.117
320.984
320.85
320.715
320.58
320.443
320.305
320.166
326.074
326.136
326.2
326.266
326.335
326.406
326.48
326.556
326.635
326.717
326.801
326.888
326.978
327.072
327.168
327.267
327.369
327.475
327.584
327.696
327.811
327.93
328.052
328.178
328.306
328.439
328.575
328.714
328.856
329.002
329.152
329.304
329.46
329.619
329.78
329.945
330.112
330.282
330.455
330.629
330.806
330.985
331.164
331.346
331.528
331.71
331.893
332.076
332.259
332.44
332.62
332.798
332.974
333.146
333.315
333.48
333.64
333.795
333.944
334.086
334.221
334.348
334.466
334.575
334.675
334.763
334.841
334.908
334.962
335.004
335.032
335.047
335.049
335.037
335.01
334.97
334.915
334.847
334.765
334.669
334.561
334.44
334.307
334.163
334.009
333.844
333.671
333.49
333.301
333.106
332.906
332.7
332.49
332.278
332.062
331.845
331.626
331.407
331.187
330.968
330.75
330.533
330.317
330.103
329.892
329.683
329.476
329.273
329.072
328.874
328.679
328.487
328.299
328.113
327.931
327.751
327.574
327.401
327.23
327.062
326.896
326.733
326.572
326.414
326.258
326.104
325.952
325.802
325.653
325.506
325.361
325.217
325.075
324.933
324.793
324.654
324.516
324.378
324.242
324.105
323.97
323.835
323.7
323.566
323.432
323.298
323.164
323.03
322.895
322.761
322.627
322.492
322.356
322.22
322.083
321.945
321.807
321.666
321.524
321.381
321.235
327.385
327.44
327.497
327.556
327.616
327.679
327.743
327.81
327.878
327.948
328.021
328.096
328.173
328.252
328.333
328.416
328.502
328.591
328.681
328.775
328.87
328.968
329.069
329.172
329.277
329.385
329.495
329.608
329.724
329.841
329.962
330.084
330.209
330.336
330.465
330.596
330.729
330.864
331.001
331.139
331.279
331.42
331.562
331.705
331.848
331.992
332.136
332.28
332.423
332.566
332.708
332.848
332.986
333.123
333.256
333.387
333.514
333.637
333.756
333.87
333.979
334.082
334.179
334.268
334.351
334.425
334.491
334.549
334.597
334.636
334.665
334.684
334.692
334.69
334.677
334.653
334.618
334.572
334.516
334.448
334.371
334.283
334.186
334.079
333.963
333.84
333.708
333.57
333.425
333.274
333.117
332.956
332.791
332.622
332.451
332.276
332.1
331.922
331.743
331.563
331.383
331.202
331.022
330.842
330.663
330.485
330.308
330.133
329.959
329.786
329.615
329.445
329.277
329.111
328.947
328.785
328.624
328.465
328.307
328.152
327.997
327.845
327.694
327.544
327.395
327.248
327.103
326.958
326.814
326.672
326.53
326.389
326.249
326.11
325.971
325.833
325.695
325.558
325.421
325.285
325.148
325.012
324.876
324.74
324.605
324.469
324.333
324.196
324.06
323.923
323.785
323.647
323.509
323.369
323.229
323.087
322.944
322.8
322.652
322.503
322.349
328.673
328.722
328.772
328.823
328.876
328.93
328.986
329.043
329.102
329.161
329.223
329.286
329.35
329.416
329.484
329.553
329.624
329.696
329.77
329.846
329.923
330.002
330.083
330.165
330.249
330.335
330.422
330.511
330.602
330.694
330.788
330.883
330.98
331.078
331.178
331.279
331.381
331.484
331.588
331.693
331.799
331.906
332.013
332.121
332.229
332.338
332.446
332.554
332.661
332.768
332.874
332.979
333.082
333.184
333.284
333.382
333.477
333.569
333.658
333.744
333.826
333.904
333.977
334.046
334.109
334.167
334.219
334.264
334.303
334.336
334.361
334.378
334.388
334.391
334.385
334.372
334.35
334.32
334.283
334.237
334.183
334.122
334.054
333.978
333.895
333.806
333.711
333.609
333.503
333.391
333.275
333.154
333.029
332.902
332.771
332.637
332.501
332.362
332.222
332.081
331.938
331.794
331.65
331.504
331.359
331.213
331.067
330.921
330.775
330.629
330.484
330.339
330.194
330.05
329.906
329.763
329.62
329.478
329.336
329.195
329.055
328.915
328.775
328.636
328.498
328.36
328.222
328.084
327.947
327.811
327.674
327.538
327.401
327.265
327.13
326.994
326.858
326.722
326.586
326.45
326.314
326.178
326.042
325.905
325.768
325.631
325.493
325.355
325.216
325.077
324.938
324.797
324.656
324.514
324.37
324.225
324.079
323.93
323.778
323.622
323.462
329.848
329.891
329.935
329.979
330.025
330.071
330.119
330.167
330.216
330.267
330.318
330.37
330.423
330.477
330.532
330.589
330.646
330.704
330.763
330.823
330.885
330.947
331.01
331.074
331.139
331.206
331.273
331.341
331.41
331.48
331.551
331.623
331.695
331.768
331.842
331.917
331.992
332.068
332.145
332.221
332.298
332.376
332.453
332.531
332.609
332.686
332.764
332.84
332.917
332.993
333.068
333.142
333.215
333.286
333.357
333.425
333.492
333.557
333.619
333.679
333.737
333.792
333.843
333.891
333.936
333.977
334.014
334.047
334.075
334.099
334.118
334.132
334.14
334.144
334.141
334.134
334.12
334.101
334.077
334.047
334.011
333.97
333.923
333.872
333.815
333.753
333.687
333.616
333.541
333.462
333.379
333.292
333.202
333.109
333.013
332.915
332.814
332.711
332.605
332.498
332.389
332.278
332.166
332.053
331.938
331.822
331.705
331.587
331.469
331.349
331.229
331.108
330.986
330.864
330.741
330.617
330.493
330.369
330.244
330.119
329.993
329.866
329.74
329.612
329.485
329.357
329.228
329.1
328.97
328.841
328.71
328.58
328.449
328.317
328.185
328.053
327.92
327.787
327.653
327.518
327.383
327.248
327.112
326.975
326.838
326.7
326.562
326.423
326.283
326.143
326.002
325.859
325.716
325.572
325.426
325.279
325.129
324.977
324.821
324.661
324.494
330.793
330.831
330.869
330.908
330.948
330.988
331.028
331.069
331.111
331.153
331.196
331.239
331.283
331.327
331.372
331.418
331.464
331.51
331.558
331.605
331.654
331.702
331.752
331.802
331.852
331.903
331.954
332.006
332.058
332.11
332.163
332.217
332.27
332.324
332.378
332.433
332.487
332.542
332.597
332.651
332.706
332.761
332.816
332.87
332.924
332.978
333.032
333.085
333.137
333.189
333.24
333.29
333.34
333.388
333.435
333.481
333.526
333.569
333.611
333.65
333.688
333.724
333.758
333.79
333.82
333.846
333.871
333.892
333.911
333.926
333.939
333.948
333.954
333.956
333.955
333.95
333.941
333.929
333.912
333.892
333.869
333.841
333.81
333.775
333.737
333.695
333.65
333.601
333.55
333.495
333.437
333.376
333.312
333.246
333.177
333.105
333.031
332.955
332.877
332.797
332.714
332.63
332.543
332.455
332.365
332.274
332.18
332.086
331.989
331.891
331.792
331.691
331.588
331.485
331.379
331.273
331.165
331.056
330.946
330.834
330.721
330.608
330.492
330.376
330.259
330.14
330.021
329.9
329.778
329.655
329.532
329.407
329.281
329.154
329.026
328.898
328.768
328.638
328.506
328.374
328.241
328.107
327.972
327.836
327.7
327.562
327.424
327.284
327.144
327.003
326.861
326.718
326.573
326.428
326.281
326.132
325.98
325.826
325.668
325.504
325.333
331.362
331.397
331.432
331.467
331.502
331.538
331.574
331.611
331.648
331.685
331.722
331.76
331.798
331.837
331.876
331.915
331.954
331.994
332.034
332.074
332.114
332.155
332.196
332.237
332.279
332.32
332.362
332.404
332.446
332.489
332.531
332.573
332.616
332.658
332.7
332.743
332.785
332.827
332.87
332.911
332.953
332.995
333.036
333.077
333.117
333.157
333.196
333.235
333.274
333.311
333.348
333.385
333.42
333.455
333.488
333.521
333.552
333.583
333.612
333.639
333.666
333.69
333.714
333.735
333.755
333.773
333.79
333.804
333.816
333.826
333.834
333.84
333.844
333.845
333.843
333.839
333.832
333.823
333.811
333.797
333.779
333.759
333.737
333.711
333.683
333.653
333.619
333.583
333.545
333.504
333.46
333.414
333.366
333.315
333.261
333.206
333.148
333.088
333.025
332.961
332.894
332.825
332.754
332.68
332.605
332.528
332.449
332.368
332.284
332.199
332.112
332.024
331.933
331.84
331.746
331.65
331.552
331.452
331.351
331.248
331.143
331.037
330.929
330.82
330.709
330.596
330.483
330.367
330.25
330.132
330.013
329.892
329.769
329.646
329.521
329.395
329.268
329.14
329.01
328.879
328.748
328.615
328.481
328.346
328.21
328.072
327.934
327.795
327.655
327.514
327.371
327.228
327.083
326.937
326.789
326.639
326.487
326.332
326.172
326.007
325.833
312.355
312.056
311.761
311.472
311.188
310.91
310.639
310.375
310.119
309.869
309.627
309.392
309.164
308.943
308.728
308.52
308.317
308.12
307.928
307.742
307.56
307.383
307.21
307.041
306.875
306.713
306.554
306.399
306.248
306.099
305.955
305.815
305.679
305.548
305.423
305.305
305.194
305.09
304.997
304.913
304.84
304.78
304.731
304.696
304.672
304.66
304.657
304.66
304.666
304.673
304.676
312.355
312.056
311.761
311.472
311.188
310.91
310.639
310.376
310.119
309.87
309.628
309.393
309.165
308.943
308.728
308.52
308.317
308.12
307.929
307.742
307.56
307.383
307.21
307.041
306.875
306.713
306.555
306.4
306.248
306.1
305.955
305.815
305.68
305.549
305.424
305.305
305.194
305.091
304.997
304.913
304.841
304.78
304.732
304.697
304.673
304.661
304.658
304.661
304.667
304.674
304.677
312.356
312.057
311.762
311.473
311.189
310.911
310.64
310.376
310.12
309.87
309.628
309.393
309.165
308.944
308.729
308.521
308.318
308.121
307.929
307.743
307.561
307.384
307.211
307.041
306.876
306.714
306.555
306.4
306.249
306.101
305.956
305.816
305.68
305.55
305.425
305.306
305.195
305.092
304.998
304.915
304.842
304.782
304.734
304.698
304.675
304.663
304.66
304.663
304.669
304.676
304.679
312.357
312.058
311.763
311.474
311.19
310.912
310.641
310.378
310.121
309.872
309.63
309.395
309.166
308.945
308.73
308.522
308.319
308.122
307.93
307.744
307.562
307.385
307.212
307.043
306.877
306.715
306.557
306.402
306.25
306.102
305.958
305.818
305.682
305.552
305.427
305.308
305.197
305.094
305.001
304.917
304.845
304.785
304.737
304.701
304.678
304.666
304.663
304.666
304.673
304.68
304.683
312.359
312.06
311.766
311.476
311.192
310.914
310.643
310.379
310.123
309.874
309.631
309.396
309.168
308.947
308.732
308.523
308.321
308.124
307.932
307.746
307.564
307.387
307.214
307.044
306.879
306.717
306.559
306.404
306.252
306.104
305.96
305.82
305.685
305.554
305.429
305.311
305.2
305.098
305.004
304.921
304.849
304.788
304.741
304.706
304.683
304.671
304.668
304.672
304.678
304.685
304.689
312.362
312.063
311.769
311.479
311.195
310.917
310.646
310.382
310.126
309.876
309.634
309.399
309.171
308.949
308.735
308.526
308.323
308.126
307.935
307.748
307.567
307.389
307.216
307.047
306.882
306.72
306.562
306.407
306.255
306.107
305.963
305.824
305.688
305.558
305.433
305.315
305.205
305.102
305.009
304.926
304.854
304.794
304.747
304.712
304.689
304.678
304.675
304.679
304.686
304.693
304.696
312.366
312.067
311.773
311.483
311.199
310.921
310.65
310.386
310.129
309.88
309.638
309.403
309.175
308.953
308.738
308.53
308.327
308.13
307.939
307.752
307.57
307.393
307.22
307.051
306.886
306.724
306.566
306.411
306.26
306.112
305.968
305.829
305.693
305.563
305.439
305.321
305.211
305.108
305.015
304.933
304.861
304.801
304.754
304.72
304.698
304.686
304.684
304.688
304.696
304.703
304.707
312.372
312.073
311.778
311.489
311.204
310.927
310.655
310.392
310.135
309.885
309.643
309.408
309.18
308.958
308.743
308.535
308.332
308.135
307.944
307.757
307.575
307.398
307.225
307.056
306.891
306.73
306.572
306.417
306.266
306.118
305.975
305.835
305.7
305.571
305.447
305.329
305.219
305.117
305.024
304.942
304.871
304.811
304.765
304.731
304.709
304.698
304.696
304.701
304.709
304.716
304.72
312.379
312.081
311.786
311.496
311.212
310.934
310.663
310.399
310.142
309.892
309.65
309.415
309.187
308.965
308.75
308.541
308.339
308.142
307.95
307.764
307.582
307.405
307.232
307.064
306.899
306.737
306.579
306.425
306.274
306.127
305.983
305.844
305.71
305.58
305.457
305.339
305.229
305.128
305.036
304.954
304.883
304.824
304.778
304.744
304.723
304.712
304.711
304.716
304.725
304.733
304.737
312.389
312.091
311.796
311.506
311.222
310.944
310.672
310.408
310.151
309.902
309.659
309.424
309.196
308.974
308.759
308.551
308.348
308.151
307.959
307.773
307.592
307.415
307.242
307.073
306.908
306.747
306.589
306.435
306.285
306.138
305.995
305.856
305.722
305.593
305.469
305.353
305.243
305.142
305.05
304.968
304.898
304.84
304.794
304.761
304.74
304.73
304.73
304.736
304.745
304.754
304.758
312.402
312.104
311.809
311.519
311.235
310.956
310.685
310.421
310.164
309.914
309.672
309.436
309.208
308.986
308.771
308.562
308.36
308.163
307.971
307.785
307.604
307.427
307.254
307.086
306.921
306.76
306.603
306.449
306.298
306.152
306.009
305.871
305.737
305.608
305.486
305.369
305.26
305.16
305.068
304.987
304.917
304.859
304.814
304.782
304.762
304.753
304.753
304.76
304.77
304.779
304.783
312.418
312.121
311.826
311.536
311.251
310.973
310.701
310.437
310.18
309.93
309.687
309.452
309.223
309.002
308.786
308.578
308.375
308.178
307.987
307.8
307.619
307.442
307.27
307.102
306.937
306.777
306.619
306.466
306.316
306.17
306.028
305.89
305.756
305.628
305.506
305.39
305.282
305.182
305.091
305.01
304.941
304.884
304.839
304.807
304.788
304.78
304.781
304.789
304.8
304.81
304.814
312.44
312.143
311.848
311.558
311.273
310.994
310.722
310.458
310.2
309.95
309.707
309.472
309.243
309.021
308.806
308.597
308.394
308.197
308.006
307.82
307.639
307.462
307.29
307.122
306.958
306.797
306.641
306.488
306.338
306.193
306.051
305.913
305.781
305.653
305.531
305.416
305.308
305.209
305.119
305.038
304.97
304.913
304.869
304.838
304.819
304.812
304.815
304.824
304.836
304.847
304.852
312.467
312.171
311.876
311.585
311.3
311.021
310.749
310.484
310.226
309.976
309.733
309.497
309.268
309.046
308.831
308.622
308.419
308.222
308.031
307.845
307.664
307.487
307.315
307.148
306.984
306.824
306.667
306.515
306.366
306.221
306.08
305.943
305.811
305.684
305.563
305.448
305.341
305.242
305.152
305.073
305.005
304.949
304.905
304.875
304.857
304.851
304.855
304.866
304.879
304.891
304.896
312.502
312.206
311.91
311.619
311.334
311.055
310.782
310.517
310.259
310.009
309.765
309.529
309.3
309.078
308.862
308.653
308.45
308.253
308.062
307.876
307.695
307.519
307.347
307.179
307.016
306.856
306.7
306.548
306.4
306.255
306.115
305.979
305.847
305.721
305.601
305.487
305.38
305.282
305.193
305.114
305.046
304.991
304.949
304.919
304.903
304.898
304.903
304.915
304.93
304.943
304.948
312.546
312.249
311.954
311.663
311.377
311.097
310.824
310.559
310.3
310.049
309.806
309.569
309.34
309.117
308.901
308.692
308.489
308.292
308.1
307.914
307.733
307.557
307.386
307.218
307.055
306.896
306.741
306.589
306.442
306.298
306.158
306.022
305.892
305.766
305.646
305.533
305.427
305.33
305.241
305.163
305.096
305.042
305
304.972
304.956
304.953
304.959
304.973
304.989
305.003
305.009
312.6
312.304
312.008
311.716
311.43
311.149
310.876
310.61
310.351
310.1
309.855
309.618
309.389
309.166
308.949
308.74
308.536
308.339
308.148
307.961
307.781
307.605
307.433
307.266
307.104
306.945
306.79
306.639
306.492
306.349
306.21
306.075
305.945
305.82
305.701
305.589
305.484
305.387
305.299
305.222
305.156
305.102
305.061
305.033
305.019
305.017
305.025
305.041
305.059
305.074
305.08
312.668
312.371
312.075
311.782
311.495
311.214
310.94
310.673
310.414
310.162
309.917
309.679
309.449
309.225
309.009
308.799
308.595
308.397
308.205
308.019
307.838
307.662
307.491
307.324
307.162
307.004
306.849
306.699
306.553
306.41
306.272
306.138
306.009
305.885
305.767
305.655
305.551
305.455
305.368
305.291
305.226
305.173
305.132
305.106
305.093
305.092
305.102
305.119
305.139
305.156
305.162
312.75
312.454
312.157
311.863
311.575
311.294
311.019
310.751
310.491
310.238
309.992
309.754
309.522
309.298
309.081
308.87
308.666
308.468
308.276
308.089
307.908
307.732
307.561
307.394
307.232
307.075
306.921
306.771
306.625
306.484
306.346
306.213
306.085
305.962
305.845
305.734
305.631
305.535
305.449
305.373
305.308
305.255
305.216
305.191
305.179
305.18
305.191
305.21
305.231
305.249
305.256
312.852
312.554
312.256
311.962
311.673
311.39
311.114
310.846
310.584
310.33
310.083
309.844
309.611
309.386
309.168
308.956
308.751
308.553
308.36
308.173
307.992
307.816
307.645
307.478
307.317
307.159
307.006
306.857
306.712
306.571
306.434
306.302
306.175
306.053
305.937
305.827
305.724
305.63
305.544
305.468
305.404
305.352
305.313
305.289
305.278
305.28
305.293
305.314
305.337
305.356
305.363
312.975
312.676
312.377
312.082
311.791
311.507
311.23
310.96
310.697
310.441
310.193
309.952
309.719
309.492
309.273
309.06
308.854
308.655
308.461
308.274
308.092
307.916
307.745
307.578
307.417
307.26
307.107
306.958
306.814
306.674
306.538
306.407
306.281
306.16
306.044
305.935
305.834
305.74
305.655
305.58
305.516
305.464
305.426
305.402
305.392
305.395
305.41
305.432
305.456
305.476
305.484
313.123
312.823
312.523
312.225
311.933
311.648
311.369
311.097
310.832
310.575
310.325
310.083
309.847
309.619
309.398
309.184
308.977
308.777
308.582
308.394
308.212
308.035
307.863
307.697
307.535
307.378
307.226
307.078
306.934
306.795
306.66
306.53
306.405
306.285
306.17
306.062
305.961
305.868
305.784
305.709
305.646
305.594
305.556
305.533
305.523
305.527
305.543
305.566
305.591
305.611
305.62
313.301
312.999
312.697
312.398
312.104
311.816
311.535
311.261
310.994
310.735
310.483
310.238
310.001
309.771
309.548
309.332
309.123
308.921
308.726
308.536
308.353
308.175
308.003
307.837
307.675
307.518
307.366
307.219
307.076
306.937
306.803
306.674
306.55
306.431
306.317
306.21
306.11
306.017
305.933
305.859
305.795
305.744
305.706
305.682
305.672
305.677
305.693
305.716
305.742
305.762
305.771
313.514
313.209
312.904
312.602
312.306
312.016
311.732
311.456
311.186
310.924
310.67
310.423
310.183
309.951
309.725
309.508
309.297
309.093
308.895
308.704
308.52
308.341
308.169
308.001
307.839
307.683
307.531
307.384
307.241
307.103
306.97
306.842
306.718
306.6
306.487
306.381
306.281
306.189
306.105
306.031
305.967
305.915
305.876
305.852
305.842
305.845
305.861
305.884
305.91
305.93
305.938
313.766
313.458
313.15
312.845
312.546
312.253
311.966
311.686
311.414
311.149
310.891
310.641
310.398
310.163
309.935
309.714
309.501
309.294
309.095
308.902
308.716
308.536
308.362
308.194
308.032
307.875
307.723
307.576
307.433
307.296
307.164
307.036
306.913
306.796
306.684
306.578
306.479
306.387
306.303
306.228
306.163
306.111
306.071
306.045
306.033
306.035
306.049
306.071
306.095
306.114
306.122
314.064
313.752
313.44
313.131
312.828
312.532
312.241
311.958
311.682
311.413
311.152
310.898
310.651
310.413
310.181
309.957
309.741
309.532
309.329
309.134
308.946
308.764
308.589
308.419
308.256
308.098
307.946
307.799
307.657
307.519
307.387
307.26
307.138
307.021
306.91
306.805
306.705
306.613
306.528
306.453
306.387
306.332
306.291
306.262
306.248
306.247
306.257
306.276
306.298
306.315
306.323
314.414
314.096
313.78
313.467
313.16
312.859
312.565
312.277
311.997
311.723
311.458
311.199
310.949
310.705
310.47
310.242
310.022
309.809
309.603
309.405
309.214
309.03
308.852
308.681
308.516
308.357
308.204
308.057
307.914
307.777
307.645
307.518
307.396
307.28
307.169
307.063
306.964
306.871
306.785
306.708
306.64
306.583
306.538
306.506
306.487
306.482
306.488
306.502
306.52
306.534
306.54
314.823
314.499
314.177
313.86
313.548
313.242
312.942
312.649
312.364
312.086
311.815
311.551
311.295
311.047
310.807
310.574
310.349
310.132
309.922
309.72
309.526
309.339
309.158
308.985
308.818
308.657
308.502
308.354
308.21
308.073
307.94
307.813
307.691
307.574
307.463
307.357
307.257
307.163
307.075
306.996
306.925
306.865
306.816
306.779
306.754
306.742
306.741
306.749
306.76
306.77
306.775
315.299
314.967
314.639
314.315
313.998
313.686
313.381
313.082
312.791
312.507
312.23
311.96
311.698
311.444
311.198
310.96
310.729
310.507
310.293
310.086
309.887
309.695
309.511
309.335
309.165
309.002
308.845
308.694
308.55
308.411
308.277
308.149
308.026
307.909
307.797
307.69
307.588
307.492
307.402
307.319
307.245
307.18
307.125
307.081
307.049
307.029
307.018
307.017
307.02
307.024
307.026
315.848
315.508
315.172
314.842
314.517
314.199
313.887
313.582
313.284
312.993
312.709
312.433
312.164
311.904
311.651
311.406
311.169
310.94
310.72
310.507
310.303
310.106
309.918
309.737
309.563
309.396
309.236
309.083
308.936
308.795
308.659
308.529
308.405
308.286
308.172
308.063
307.959
307.86
307.767
307.68
307.601
307.53
307.468
307.416
307.374
307.342
307.32
307.307
307.299
307.295
307.293
316.479
316.128
315.784
315.446
315.114
314.788
314.469
314.157
313.851
313.552
313.261
312.976
312.7
312.431
312.171
311.918
311.674
311.438
311.21
310.991
310.78
310.577
310.382
310.196
310.017
309.845
309.681
309.524
309.373
309.228
309.09
308.957
308.83
308.708
308.592
308.48
308.372
308.269
308.171
308.079
307.994
307.915
307.845
307.783
307.729
307.684
307.648
307.619
307.598
307.583
307.575
317.196
316.834
316.48
316.134
315.794
315.46
315.132
314.811
314.497
314.189
313.889
313.596
313.311
313.033
312.764
312.502
312.249
312.005
311.769
311.541
311.322
311.112
310.91
310.716
310.531
310.353
310.183
310.02
309.864
309.715
309.572
309.435
309.304
309.178
309.057
308.941
308.828
308.72
308.617
308.518
308.425
308.338
308.257
308.182
308.115
308.055
308.002
307.955
307.917
307.889
307.873
318.002
317.629
317.266
316.909
316.56
316.217
315.88
315.549
315.226
314.909
314.599
314.296
314.001
313.714
313.434
313.163
312.9
312.646
312.4
312.163
311.935
311.715
311.504
311.302
311.108
310.923
310.745
310.575
310.412
310.257
310.107
309.964
309.827
309.696
309.569
309.447
309.328
309.213
309.102
308.995
308.893
308.795
308.702
308.614
308.531
308.454
308.381
308.315
308.257
308.212
308.186
318.897
318.514
318.14
317.774
317.414
317.06
316.713
316.373
316.039
315.711
315.391
315.078
314.772
314.474
314.183
313.901
313.627
313.362
313.105
312.857
312.618
312.388
312.167
311.954
311.75
311.555
311.368
311.188
311.017
310.853
310.695
310.544
310.399
310.26
310.125
309.995
309.868
309.745
309.625
309.508
309.395
309.285
309.179
309.075
308.975
308.878
308.785
308.696
308.616
308.552
308.514
319.877
319.484
319.099
318.721
318.35
317.986
317.628
317.276
316.931
316.593
316.261
315.936
315.619
315.309
315.007
314.713
314.427
314.149
313.88
313.62
313.369
313.126
312.893
312.669
312.453
312.246
312.047
311.857
311.674
311.499
311.331
311.17
311.015
310.866
310.721
310.581
310.444
310.31
310.179
310.051
309.926
309.802
309.681
309.561
309.442
309.325
309.209
309.097
308.993
308.907
308.855
320.929
320.524
320.128
319.738
319.356
318.98
318.61
318.247
317.89
317.54
317.196
316.86
316.53
316.208
315.893
315.586
315.288
314.997
314.715
314.442
314.177
313.921
313.674
313.436
313.207
312.986
312.774
312.571
312.375
312.187
312.007
311.833
311.666
311.505
311.348
311.195
311.046
310.9
310.756
310.615
310.475
310.337
310.2
310.062
309.924
309.786
309.647
309.51
309.382
309.273
309.205
322.025
321.609
321.2
320.799
320.404
320.016
319.634
319.259
318.89
318.528
318.172
317.823
317.481
317.147
316.819
316.499
316.187
315.883
315.588
315.3
315.021
314.751
314.49
314.237
313.993
313.758
313.531
313.312
313.102
312.9
312.704
312.516
312.335
312.16
311.989
311.822
311.659
311.499
311.341
311.185
311.03
310.876
310.721
310.566
310.409
310.25
310.088
309.928
309.774
309.642
309.556
323.119
322.69
322.269
321.856
321.449
321.049
320.655
320.268
319.888
319.514
319.146
318.785
318.431
318.084
317.744
317.412
317.087
316.769
316.46
316.159
315.866
315.581
315.305
315.037
314.778
314.527
314.285
314.051
313.825
313.607
313.396
313.192
312.995
312.804
312.618
312.436
312.258
312.082
311.909
311.738
311.567
311.397
311.226
311.053
310.877
310.698
310.516
310.333
310.156
310.001
309.897
324.133
323.694
323.261
322.836
322.418
322.007
321.603
321.205
320.813
320.428
320.05
319.678
319.314
318.955
318.604
318.26
317.923
317.594
317.272
316.958
316.652
316.354
316.064
315.782
315.509
315.243
314.986
314.737
314.495
314.262
314.036
313.816
313.604
313.397
313.196
312.998
312.805
312.614
312.426
312.24
312.054
311.868
311.682
311.493
311.301
311.104
310.904
310.702
310.505
310.329
310.208
324.958
324.509
324.067
323.633
323.206
322.786
322.373
321.966
321.566
321.173
320.786
320.406
320.032
319.665
319.305
318.952
318.606
318.267
317.935
317.611
317.295
316.986
316.684
316.391
316.106
315.828
315.558
315.296
315.042
314.795
314.556
314.324
314.098
313.878
313.663
313.452
313.246
313.042
312.842
312.643
312.445
312.246
312.047
311.846
311.641
311.431
311.217
311.001
310.788
310.595
310.46
325.45
324.995
324.548
324.109
323.676
323.251
322.833
322.421
322.016
321.617
321.225
320.84
320.462
320.09
319.724
319.366
319.014
318.67
318.332
318.002
317.68
317.364
317.056
316.756
316.463
316.178
315.901
315.632
315.369
315.115
314.867
314.626
314.392
314.164
313.941
313.722
313.508
313.297
313.088
312.882
312.676
312.471
312.265
312.056
311.844
311.627
311.405
311.181
310.959
310.756
310.612
)
;

boundaryField
{
    inlet
    {
        type            fixedValue;
        value           uniform 300;
    }
    outlet
    {
        type            zeroGradient;
    }
    top
    {
        type            zeroGradient;
    }
    slip-bottom
    {
        type            zeroGradient;
    }
    bottom
    {
        type            zeroGradient;
    }
    interface
    {
        type            fixedGradient;
        gradient        nonuniform List<scalar> 
161
(
2999.99
2999.99
2999.99
2999.99
2999.99
2999.99
2999.99
2999.99
2999.99
2999.99
2999.99
2999.99
2999.99
2999.99
2999.99
2999.99
2999.99
2999.99
2999.99
2999.99
-2.55795e-13
-2.55795e-13
-2.55795e-13
-2.55795e-13
-2.55795e-13
-2.55795e-13
-2.55795e-13
-2.55795e-13
-2.55795e-13
-2.55795e-13
-2.55795e-13
-2.55795e-13
-2.55795e-13
-2.55795e-13
-2.55795e-13
-2.55795e-13
-2.55795e-13
-2.55795e-13
-2.55795e-13
-2.55795e-13
-2.01794e-12
-2.01794e-12
-2.01794e-12
-2.01794e-12
-2.01794e-12
-2.01794e-12
-2.01794e-12
-2.01794e-12
-2.01794e-12
-2.01794e-12
-2.01794e-12
-2.01794e-12
-2.01794e-12
-2.01794e-12
-2.01794e-12
-2.01794e-12
-5.96856e-13
-5.96856e-13
-5.96856e-13
-5.96856e-13
-5.96856e-13
-5.96856e-13
-5.96856e-13
-5.96856e-13
-5.96856e-13
-5.96856e-13
-5.96856e-13
-5.96856e-13
-5.96856e-13
-5.96856e-13
-5.96856e-13
5.68434e-14
5.68434e-14
5.68434e-14
5.68434e-14
5.68434e-14
5.68434e-14
5.68434e-14
5.68434e-14
5.68434e-14
5.68434e-14
5.68434e-14
5.68434e-14
8.52651e-14
8.52651e-14
8.52651e-14
8.52651e-14
8.52651e-14
8.52651e-14
8.52651e-14
8.52651e-14
8.52651e-14
8.52651e-14
8.52651e-14
-2.84217e-13
-2.84217e-13
-2.84217e-13
-2.84217e-13
-2.84217e-13
-2.84217e-13
-2.84217e-13
-2.84217e-13
-2.84217e-13
-2.84217e-13
6.25278e-13
6.25278e-13
6.25278e-13
6.25278e-13
6.25278e-13
6.25278e-13
6.25278e-13
6.25278e-13
6.25278e-13
1.98952e-13
1.98952e-13
1.98952e-13
1.98952e-13
1.98952e-13
1.98952e-13
1.98952e-13
1.98952e-13
1.13687e-13
1.13687e-13
1.13687e-13
1.13687e-13
1.13687e-13
1.13687e-13
1.13687e-13
1.13687e-13
8.52651e-13
8.52651e-13
8.52651e-13
8.52651e-13
8.52651e-13
8.52651e-13
8.52651e-13
5.68434e-14
5.68434e-14
5.68434e-14
5.68434e-14
5.68434e-14
5.68434e-14
5.68434e-14
1.98952e-12
1.98952e-12
1.98952e-12
1.98952e-12
1.98952e-12
1.98952e-12
2.03215e-12
2.03215e-12
2.03215e-12
2.03215e-12
2.03215e-12
2.03215e-12
1.22213e-12
1.22213e-12
1.22213e-12
1.22213e-12
1.22213e-12
1.22213e-12
)
;
    }
    defaultFaces
    {
        type            empty;
    }
}


// ************************************************************************* //
