/*--------------------------------*- C++ -*----------------------------------*\
  =========                 |
  \\      /  F ield         | OpenFOAM: The Open Source CFD Toolbox
   \\    /   O peration     | Website:  https://openfoam.org
    \\  /    A nd           | Version:  7
     \\/     M anipulation  |
\*---------------------------------------------------------------------------*/
FoamFile
{
    version     2.0;
    format      ascii;
    class       volScalarField;
    location    "7.67";
    object      T;
}
// * * * * * * * * * * * * * * * * * * * * * * * * * * * * * * * * * * * * * //

dimensions      [0 0 0 1 0 0 0];

internalField   nonuniform List<scalar> 
12013
(
300.125
300.378
300.638
300.901
301.166
301.431
301.695
301.955
302.212
302.464
302.71
302.95
303.183
303.409
303.628
303.839
304.043
304.239
304.429
304.611
304.787
304.956
305.119
305.276
305.428
305.574
305.716
305.854
305.987
306.116
306.243
306.366
306.488
306.608
306.726
306.845
306.963
307.082
307.204
307.328
307.457
307.59
307.73
307.878
308.036
308.205
308.387
308.585
308.801
309.038
309.299
309.586
309.905
310.257
310.648
311.083
311.566
312.103
312.7
313.363
314.1
314.919
315.827
316.835
317.952
319.191
320.562
322.081
323.763
325.626
327.69
329.979
332.52
335.347
338.501
342.034
346.015
350.542
355.761
361.915
369.468
300.125
300.378
300.638
300.901
301.167
301.432
301.696
301.956
302.213
302.465
302.712
302.952
303.185
303.411
303.63
303.841
304.045
304.241
304.431
304.613
304.789
304.958
305.121
305.279
305.43
305.577
305.719
305.856
305.989
306.119
306.245
306.369
306.491
306.61
306.729
306.847
306.966
307.085
307.206
307.331
307.459
307.592
307.732
307.88
308.038
308.206
308.389
308.587
308.802
309.039
309.299
309.587
309.905
310.257
310.647
311.081
311.564
312.1
312.695
313.358
314.093
314.91
315.816
316.821
317.936
319.17
320.537
322.051
323.726
325.58
327.633
329.908
332.43
335.232
338.351
341.834
345.742
350.15
355.159
360.894
367.466
300.125
300.379
300.639
300.902
301.168
301.433
301.697
301.959
302.216
302.468
302.715
302.955
303.189
303.415
303.634
303.845
304.049
304.246
304.436
304.618
304.794
304.964
305.127
305.284
305.436
305.583
305.725
305.862
305.995
306.125
306.251
306.375
306.496
306.616
306.735
306.853
306.971
307.091
307.212
307.336
307.464
307.597
307.737
307.885
308.042
308.21
308.392
308.59
308.805
309.041
309.301
309.588
309.904
310.256
310.645
311.078
311.558
312.092
312.686
313.345
314.078
314.89
315.792
316.792
317.899
319.126
320.483
321.984
323.644
325.48
327.508
329.752
332.234
334.983
338.03
341.412
345.173
349.361
354.023
359.187
364.814
300.125
300.38
300.64
300.904
301.17
301.436
301.701
301.962
302.22
302.473
302.72
302.961
303.195
303.421
303.641
303.852
304.057
304.254
304.444
304.627
304.803
304.973
305.136
305.294
305.446
305.592
305.734
305.872
306.005
306.135
306.261
306.385
306.506
306.626
306.744
306.862
306.981
307.1
307.221
307.345
307.473
307.606
307.745
307.892
308.049
308.217
308.398
308.595
308.81
309.045
309.304
309.589
309.904
310.254
310.641
311.072
311.549
312.08
312.67
313.325
314.052
314.858
315.753
316.743
317.84
319.053
320.394
321.875
323.511
325.315
327.306
329.501
331.92
334.587
337.525
340.76
344.319
348.221
352.477
357.068
361.923
300.126
300.381
300.642
300.906
301.173
301.44
301.705
301.968
302.226
302.48
302.728
302.969
303.204
303.431
303.651
303.863
304.068
304.266
304.456
304.639
304.816
304.986
305.149
305.307
305.459
305.606
305.749
305.886
306.02
306.149
306.276
306.399
306.521
306.64
306.759
306.876
306.995
307.114
307.234
307.358
307.486
307.618
307.757
307.904
308.06
308.227
308.407
308.603
308.817
309.051
309.308
309.591
309.904
310.251
310.636
311.063
311.537
312.063
312.647
313.296
314.015
314.812
315.695
316.673
317.753
318.947
320.265
321.718
323.319
325.081
327.018
329.146
331.48
334.038
336.836
339.888
343.207
346.794
350.638
354.707
358.933
300.126
300.382
300.644
300.91
301.178
301.445
301.712
301.975
302.235
302.489
302.738
302.98
303.216
303.444
303.665
303.878
304.084
304.282
304.473
304.657
304.833
305.004
305.168
305.326
305.479
305.626
305.768
305.906
306.04
306.169
306.296
306.419
306.541
306.66
306.778
306.896
307.014
307.133
307.253
307.376
307.503
307.635
307.773
307.919
308.075
308.241
308.42
308.614
308.826
309.058
309.313
309.594
309.905
310.248
310.629
311.051
311.52
312.04
312.616
313.256
313.964
314.749
315.618
316.577
317.637
318.805
320.092
321.508
323.064
324.77
326.639
328.682
330.912
333.339
335.972
338.818
341.877
345.143
348.596
352.2
355.905
300.127
300.384
300.647
300.914
301.183
301.453
301.72
301.985
302.246
302.502
302.752
302.996
303.232
303.462
303.683
303.898
304.104
304.303
304.495
304.679
304.857
305.028
305.193
305.351
305.504
305.652
305.794
305.932
306.066
306.196
306.322
306.446
306.567
306.687
306.805
306.922
307.04
307.158
307.278
307.4
307.527
307.658
307.795
307.94
308.094
308.259
308.437
308.63
308.839
309.069
309.321
309.599
309.906
310.245
310.62
311.037
311.498
312.009
312.576
313.204
313.9
314.668
315.518
316.455
317.487
318.624
319.872
321.242
322.741
324.38
326.167
328.11
330.218
332.497
334.95
337.577
340.374
343.327
346.417
349.613
352.875
300.127
300.386
300.651
300.92
301.191
301.462
301.731
301.998
302.261
302.518
302.77
303.015
303.253
303.484
303.707
303.923
304.131
304.331
304.524
304.709
304.888
305.059
305.225
305.384
305.537
305.685
305.828
305.967
306.1
306.23
306.357
306.481
306.602
306.721
306.839
306.956
307.073
307.191
307.31
307.432
307.558
307.688
307.824
307.968
308.12
308.283
308.459
308.65
308.857
309.083
309.332
309.606
309.907
310.241
310.61
311.019
311.471
311.972
312.527
313.141
313.819
314.568
315.394
316.303
317.303
318.4
319.603
320.917
322.35
323.911
325.603
327.435
329.409
331.528
333.793
336.198
338.736
341.395
344.153
346.988
349.868
300.128
300.389
300.656
300.927
301.2
301.474
301.745
302.014
302.279
302.539
302.793
303.04
303.28
303.513
303.738
303.955
304.164
304.366
304.56
304.747
304.926
305.099
305.265
305.425
305.579
305.728
305.871
306.01
306.144
306.274
306.401
306.524
306.645
306.764
306.882
306.999
307.115
307.232
307.351
307.472
307.597
307.726
307.861
308.003
308.153
308.314
308.488
308.675
308.879
309.102
309.346
309.615
309.911
310.238
310.599
310.998
311.44
311.929
312.468
313.065
313.723
314.448
315.246
316.122
317.083
318.135
319.283
320.534
321.893
323.366
324.955
326.665
328.497
330.452
332.525
334.712
337.004
339.387
341.845
344.359
346.905
300.13
300.393
300.662
300.936
301.212
301.488
301.763
302.035
302.302
302.565
302.821
303.071
303.313
303.548
303.775
303.995
304.206
304.409
304.605
304.793
304.974
305.148
305.316
305.477
305.632
305.781
305.925
306.064
306.199
306.329
306.456
306.579
306.7
306.819
306.936
307.052
307.168
307.285
307.402
307.522
307.646
307.773
307.906
308.047
308.195
308.354
308.524
308.708
308.908
309.127
309.366
309.628
309.917
310.236
310.587
310.976
311.405
311.878
312.401
312.977
313.611
314.308
315.074
315.912
316.829
317.829
318.917
320.098
321.375
322.752
324.231
325.814
327.501
329.289
331.174
333.151
335.21
337.339
339.526
341.754
344.006
300.131
300.397
300.67
300.947
301.227
301.506
301.784
302.059
302.33
302.596
302.856
303.109
303.354
303.592
303.822
304.044
304.257
304.463
304.661
304.851
305.034
305.209
305.378
305.54
305.696
305.846
305.991
306.131
306.266
306.397
306.523
306.647
306.768
306.886
307.003
307.118
307.234
307.349
307.466
307.585
307.706
307.832
307.964
308.101
308.247
308.403
308.57
308.75
308.945
309.158
309.391
309.647
309.927
310.236
310.577
310.952
311.366
311.823
312.325
312.877
313.485
314.15
314.879
315.675
316.543
317.486
318.508
319.613
320.803
322.08
323.445
324.899
326.439
328.063
329.767
331.544
333.386
335.284
337.225
339.198
341.189
300.133
300.403
300.68
300.961
301.244
301.528
301.81
302.09
302.365
302.635
302.898
303.155
303.404
303.645
303.879
304.103
304.32
304.528
304.729
304.921
305.106
305.284
305.454
305.618
305.775
305.926
306.072
306.213
306.348
306.479
306.606
306.73
306.85
306.969
307.085
307.2
307.314
307.429
307.544
307.661
307.781
307.905
308.034
308.169
308.312
308.464
308.627
308.802
308.992
309.199
309.425
309.672
309.943
310.241
310.569
310.93
311.327
311.764
312.243
312.77
313.346
313.977
314.665
315.415
316.229
317.111
318.063
319.088
320.188
321.362
322.612
323.937
325.334
326.8
328.331
329.921
331.563
333.248
334.969
336.713
338.472
300.135
300.41
300.691
300.977
301.265
301.554
301.842
302.126
302.406
302.681
302.95
303.211
303.464
303.71
303.947
304.176
304.396
304.607
304.811
305.006
305.194
305.374
305.546
305.712
305.871
306.023
306.17
306.312
306.448
306.579
306.707
306.83
306.951
307.069
307.184
307.298
307.412
307.525
307.639
307.755
307.873
307.994
308.12
308.253
308.392
308.54
308.698
308.868
309.052
309.252
309.469
309.707
309.968
310.254
310.567
310.911
311.29
311.704
312.159
312.656
313.2
313.793
314.438
315.138
315.895
316.713
317.593
318.536
319.543
320.615
321.75
322.949
324.207
325.523
326.891
328.308
329.766
331.259
332.78
334.32
335.872
300.138
300.418
300.705
300.997
301.291
301.586
301.879
302.17
302.456
302.737
303.011
303.278
303.537
303.787
304.029
304.262
304.487
304.703
304.91
305.108
305.299
305.482
305.657
305.825
305.986
306.14
306.288
306.431
306.568
306.7
306.828
306.951
307.072
307.189
307.304
307.417
307.53
307.642
307.754
307.868
307.983
308.102
308.225
308.354
308.489
308.633
308.786
308.95
309.127
309.319
309.527
309.755
310.004
310.276
310.574
310.9
311.257
311.648
312.076
312.542
313.051
313.603
314.202
314.85
315.55
316.301
317.107
317.968
318.883
319.854
320.878
321.955
323.082
324.256
325.473
326.729
328.02
329.338
330.68
332.037
333.404
300.141
300.428
300.721
301.02
301.322
301.624
301.924
302.222
302.515
302.803
303.084
303.358
303.623
303.879
304.127
304.366
304.596
304.816
305.028
305.231
305.425
305.611
305.79
305.96
306.123
306.28
306.43
306.574
306.712
306.845
306.973
307.097
307.217
307.334
307.448
307.56
307.671
307.782
307.892
308.004
308.117
308.233
308.353
308.477
308.608
308.746
308.894
309.051
309.221
309.404
309.603
309.819
310.054
310.312
310.593
310.9
311.235
311.601
312
312.433
312.905
313.415
313.967
314.563
315.202
315.888
316.62
317.399
318.225
319.097
320.015
320.977
321.98
323.022
324.1
325.21
326.347
327.509
328.689
329.882
331.085
300.145
300.439
300.741
301.048
301.358
301.668
301.978
302.284
302.586
302.882
303.171
303.452
303.725
303.989
304.244
304.489
304.725
304.951
305.168
305.376
305.575
305.766
305.947
306.121
306.287
306.446
306.598
306.743
306.883
307.016
307.145
307.269
307.389
307.506
307.619
307.731
307.84
307.949
308.057
308.166
308.277
308.389
308.505
308.626
308.752
308.885
309.025
309.176
309.337
309.511
309.699
309.903
310.125
310.366
310.629
310.916
311.228
311.567
311.936
312.337
312.77
313.238
313.742
314.284
314.865
315.485
316.145
316.845
317.585
318.364
319.181
320.034
320.922
321.843
322.793
323.77
324.77
325.789
326.824
327.872
328.927
300.149
300.453
300.764
301.081
301.401
301.721
302.041
302.357
302.669
302.975
303.274
303.564
303.846
304.119
304.382
304.635
304.878
305.111
305.335
305.549
305.753
305.948
306.134
306.312
306.481
306.643
306.797
306.944
307.085
307.22
307.349
307.474
307.594
307.71
307.822
307.933
308.041
308.147
308.254
308.36
308.467
308.576
308.688
308.804
308.925
309.051
309.186
309.328
309.481
309.644
309.821
310.012
310.22
310.445
310.689
310.954
311.243
311.555
311.894
312.26
312.655
313.081
313.538
314.027
314.55
315.106
315.697
316.322
316.98
317.671
318.394
319.147
319.929
320.739
321.573
322.429
323.304
324.197
325.103
326.019
326.943
300.155
300.469
300.791
301.119
301.451
301.784
302.115
302.444
302.767
303.085
303.395
303.696
303.989
304.272
304.544
304.807
305.059
305.3
305.531
305.752
305.962
306.163
306.354
306.536
306.71
306.874
307.031
307.181
307.323
307.46
307.59
307.714
307.834
307.95
308.062
308.171
308.277
308.382
308.485
308.589
308.693
308.798
308.906
309.016
309.131
309.252
309.379
309.513
309.656
309.81
309.975
310.153
310.345
310.553
310.778
311.022
311.286
311.571
311.879
312.212
312.569
312.953
313.364
313.803
314.27
314.766
315.291
315.844
316.426
317.035
317.671
318.333
319.019
319.727
320.456
321.203
321.968
322.746
323.537
324.337
325.143
300.161
300.488
300.823
301.165
301.51
301.857
302.203
302.545
302.883
303.214
303.537
303.852
304.157
304.452
304.736
305.009
305.271
305.522
305.761
305.99
306.208
306.415
306.612
306.799
306.977
307.146
307.306
307.458
307.602
307.74
307.871
307.996
308.116
308.231
308.342
308.45
308.554
308.657
308.758
308.858
308.958
309.059
309.162
309.268
309.377
309.49
309.61
309.736
309.869
310.012
310.165
310.329
310.506
310.697
310.903
311.125
311.365
311.624
311.902
312.201
312.522
312.866
313.233
313.623
314.038
314.477
314.94
315.427
315.938
316.473
317.029
317.608
318.206
318.823
319.458
320.108
320.773
321.45
322.138
322.834
323.537
300.168
300.51
300.861
301.218
301.58
301.943
302.305
302.664
303.018
303.365
303.704
304.034
304.353
304.662
304.96
305.245
305.519
305.781
306.031
306.269
306.495
306.709
306.913
307.106
307.289
307.462
307.625
307.78
307.927
308.066
308.198
308.324
308.444
308.559
308.669
308.775
308.877
308.977
309.075
309.172
309.269
309.366
309.464
309.563
309.666
309.773
309.884
310.002
310.125
310.257
310.398
310.548
310.71
310.884
311.071
311.272
311.488
311.721
311.971
312.238
312.524
312.829
313.154
313.499
313.865
314.251
314.658
315.084
315.531
315.997
316.482
316.985
317.505
318.04
318.591
319.155
319.731
320.318
320.915
321.519
322.129
300.177
300.536
300.905
301.281
301.661
302.043
302.425
302.803
303.176
303.541
303.899
304.246
304.583
304.908
305.221
305.521
305.808
306.083
306.344
306.592
306.828
307.051
307.262
307.462
307.65
307.828
307.996
308.154
308.303
308.444
308.577
308.704
308.823
308.937
309.046
309.151
309.251
309.349
309.444
309.537
309.63
309.722
309.815
309.909
310.005
310.105
310.208
310.316
310.431
310.551
310.68
310.817
310.963
311.12
311.289
311.47
311.663
311.871
312.093
312.33
312.583
312.853
313.139
313.442
313.763
314.1
314.455
314.827
315.215
315.62
316.04
316.476
316.926
317.389
317.865
318.352
318.85
319.358
319.873
320.396
320.925
300.187
300.566
300.956
301.354
301.756
302.161
302.564
302.965
303.36
303.747
304.126
304.494
304.85
305.194
305.524
305.841
306.144
306.433
306.707
306.967
307.213
307.446
307.666
307.872
308.067
308.25
308.422
308.584
308.736
308.878
309.013
309.14
309.26
309.373
309.481
309.583
309.682
309.776
309.868
309.958
310.046
310.134
310.221
310.309
310.399
310.491
310.587
310.686
310.79
310.9
311.017
311.14
311.272
311.413
311.564
311.725
311.897
312.081
312.277
312.487
312.709
312.946
313.196
313.461
313.74
314.034
314.342
314.664
315.001
315.35
315.714
316.089
316.477
316.877
317.287
317.707
318.136
318.573
319.018
319.469
319.925
300.198
300.601
301.016
301.439
301.867
302.298
302.727
303.154
303.574
303.987
304.39
304.781
305.16
305.525
305.876
306.212
306.532
306.837
307.125
307.399
307.657
307.9
308.128
308.343
308.545
308.733
308.91
309.075
309.23
309.375
309.511
309.638
309.758
309.87
309.977
310.077
310.173
310.265
310.354
310.439
310.523
310.606
310.688
310.77
310.853
310.938
311.025
311.116
311.21
311.309
311.414
311.525
311.643
311.768
311.902
312.045
312.197
312.359
312.531
312.715
312.909
313.116
313.334
313.564
313.806
314.06
314.327
314.605
314.895
315.196
315.509
315.832
316.166
316.509
316.861
317.222
317.591
317.967
318.349
318.737
319.131
300.212
300.643
301.086
301.538
301.996
302.457
302.917
303.373
303.823
304.265
304.696
305.114
305.519
305.908
306.282
306.639
306.978
307.301
307.606
307.893
308.164
308.418
308.657
308.88
309.089
309.283
309.465
309.634
309.792
309.939
310.076
310.203
310.323
310.434
310.539
310.638
310.731
310.82
310.905
310.986
311.065
311.143
311.219
311.295
311.372
311.449
311.528
311.61
311.695
311.784
311.878
311.976
312.081
312.192
312.31
312.435
312.568
312.71
312.861
313.021
313.19
313.369
313.558
313.757
313.966
314.186
314.415
314.654
314.904
315.163
315.431
315.708
315.994
316.288
316.59
316.9
317.216
317.538
317.866
318.2
318.538
300.228
300.691
301.167
301.653
302.146
302.642
303.137
303.628
304.112
304.587
305.05
305.499
305.932
306.349
306.748
307.128
307.489
307.831
308.153
308.457
308.741
309.008
309.257
309.489
309.705
309.906
310.092
310.266
310.426
310.575
310.712
310.84
310.959
311.07
311.172
311.269
311.359
311.444
311.525
311.602
311.677
311.749
311.82
311.889
311.959
312.029
312.101
312.174
312.25
312.329
312.412
312.499
312.591
312.688
312.791
312.901
313.017
313.141
313.271
313.41
313.557
313.711
313.874
314.046
314.226
314.414
314.612
314.817
315.031
315.253
315.482
315.72
315.964
316.216
316.475
316.739
317.01
317.286
317.567
317.853
318.143
300.246
300.747
301.262
301.787
302.32
302.856
303.392
303.922
304.446
304.958
305.458
305.941
306.407
306.855
307.281
307.687
308.072
308.435
308.776
309.096
309.395
309.674
309.934
310.175
310.399
310.606
310.797
310.973
311.136
311.286
311.425
311.553
311.67
311.779
311.88
311.973
312.06
312.142
312.219
312.291
312.361
312.427
312.492
312.556
312.619
312.682
312.746
312.811
312.878
312.947
313.02
313.096
313.177
313.261
313.351
313.446
313.547
313.654
313.767
313.886
314.013
314.146
314.286
314.434
314.588
314.75
314.919
315.095
315.278
315.467
315.664
315.867
316.076
316.291
316.512
316.738
316.969
317.205
317.446
317.69
317.939
300.267
300.811
301.371
301.943
302.522
303.105
303.687
304.263
304.831
305.386
305.927
306.449
306.951
307.432
307.889
308.323
308.732
309.117
309.479
309.816
310.13
310.422
310.692
310.943
311.173
311.386
311.582
311.761
311.926
312.077
312.216
312.343
312.459
312.566
312.664
312.754
312.837
312.915
312.987
313.055
313.119
313.18
313.239
313.296
313.353
313.409
313.465
313.522
313.581
313.642
313.705
313.771
313.841
313.914
313.992
314.074
314.161
314.253
314.35
314.453
314.561
314.676
314.796
314.922
315.055
315.193
315.338
315.488
315.645
315.807
315.975
316.148
316.327
316.511
316.699
316.893
317.09
317.292
317.498
317.707
317.92
300.292
300.887
301.499
302.123
302.756
303.393
304.028
304.656
305.274
305.878
306.464
307.029
307.571
308.088
308.578
309.042
309.478
309.886
310.268
310.622
310.952
311.256
311.537
311.796
312.033
312.251
312.45
312.632
312.797
312.949
313.086
313.212
313.326
313.43
313.524
313.611
313.69
313.763
313.831
313.893
313.952
314.008
314.061
314.112
314.162
314.211
314.26
314.31
314.361
314.414
314.468
314.525
314.585
314.648
314.715
314.785
314.86
314.939
315.022
315.11
315.203
315.301
315.405
315.513
315.626
315.745
315.869
315.997
316.131
316.27
316.414
316.562
316.715
316.872
317.033
317.199
317.368
317.54
317.716
317.895
318.077
300.321
300.974
301.646
302.332
303.027
303.725
304.421
305.109
305.784
306.441
307.078
307.69
308.274
308.83
309.356
309.85
310.314
310.746
311.148
311.52
311.863
312.18
312.47
312.736
312.978
313.2
313.401
313.584
313.75
313.9
314.036
314.159
314.27
314.371
314.461
314.544
314.618
314.686
314.749
314.806
314.859
314.909
314.957
315.002
315.045
315.088
315.131
315.174
315.218
315.263
315.31
315.358
315.41
315.464
315.521
315.581
315.645
315.713
315.784
315.86
315.94
316.024
316.112
316.205
316.303
316.404
316.51
316.621
316.736
316.855
316.978
317.105
317.236
317.371
317.509
317.651
317.796
317.944
318.094
318.248
318.404
300.355
301.076
301.817
302.574
303.34
304.109
304.874
305.628
306.366
307.084
307.776
308.439
309.069
309.667
310.229
310.755
311.246
311.701
312.122
312.51
312.867
313.193
313.491
313.763
314.009
314.233
314.435
314.617
314.782
314.93
315.063
315.182
315.289
315.385
315.471
315.549
315.619
315.682
315.739
315.791
315.838
315.883
315.924
315.964
316.002
316.039
316.076
316.113
316.15
316.188
316.228
316.27
316.314
316.36
316.409
316.461
316.516
316.574
316.636
316.701
316.77
316.842
316.918
316.998
317.082
317.17
317.262
317.357
317.456
317.558
317.664
317.774
317.887
318.003
318.122
318.244
318.368
318.495
318.625
318.757
318.891
300.393
301.193
302.016
302.854
303.702
304.551
305.394
306.223
307.032
307.815
308.567
309.284
309.963
310.603
311.201
311.759
312.276
312.753
313.192
313.594
313.961
314.295
314.599
314.873
315.121
315.344
315.545
315.725
315.887
316.031
316.16
316.275
316.377
316.468
316.549
316.621
316.686
316.743
316.795
316.842
316.885
316.924
316.96
316.995
317.028
317.06
317.091
317.123
317.155
317.188
317.223
317.259
317.296
317.336
317.379
317.424
317.471
317.522
317.575
317.632
317.692
317.755
317.822
317.891
317.964
318.041
318.12
318.203
318.289
318.378
318.47
318.565
318.663
318.763
318.866
318.972
319.08
319.19
319.302
319.416
319.532
300.438
301.329
302.245
303.177
304.118
305.059
305.989
306.902
307.788
308.642
309.458
310.232
310.961
311.643
312.277
312.864
313.405
313.901
314.354
314.767
315.141
315.479
315.785
316.059
316.306
316.527
316.724
316.9
317.056
317.195
317.319
317.428
317.524
317.61
317.685
317.752
317.812
317.864
317.911
317.953
317.992
318.027
318.059
318.089
318.118
318.146
318.174
318.202
318.23
318.259
318.289
318.321
318.354
318.39
318.427
318.467
318.509
318.554
318.602
318.652
318.705
318.761
318.82
318.882
318.946
319.013
319.084
319.157
319.232
319.31
319.391
319.475
319.56
319.648
319.738
319.83
319.925
320.021
320.118
320.218
320.318
300.49
301.487
302.509
303.55
304.597
305.64
306.669
307.673
308.644
309.573
310.456
311.287
312.065
312.787
313.454
314.067
314.628
315.138
315.6
316.019
316.395
316.734
317.037
317.309
317.551
317.766
317.957
318.127
318.277
318.409
318.526
318.63
318.72
318.8
318.87
318.932
318.987
319.035
319.078
319.117
319.152
319.183
319.213
319.241
319.267
319.293
319.318
319.344
319.37
319.397
319.425
319.454
319.485
319.517
319.552
319.589
319.628
319.669
319.712
319.758
319.806
319.857
319.911
319.966
320.025
320.085
320.149
320.214
320.282
320.352
320.424
320.498
320.574
320.652
320.731
320.813
320.896
320.98
321.066
321.153
321.241
300.55
301.668
302.814
303.978
305.145
306.305
307.442
308.546
309.606
310.613
311.563
312.451
313.274
314.032
314.726
315.358
315.932
316.449
316.915
317.334
317.708
318.042
318.339
318.603
318.837
319.045
319.228
319.389
319.532
319.657
319.767
319.864
319.949
320.024
320.09
320.148
320.199
320.244
320.285
320.321
320.355
320.385
320.414
320.441
320.467
320.492
320.518
320.543
320.569
320.596
320.623
320.652
320.683
320.715
320.748
320.784
320.821
320.861
320.902
320.946
320.991
321.039
321.089
321.141
321.195
321.251
321.309
321.369
321.431
321.495
321.56
321.627
321.696
321.766
321.837
321.91
321.984
322.059
322.135
322.212
322.29
300.62
301.877
303.164
304.468
305.772
307.059
308.315
309.525
310.677
311.764
312.778
313.716
314.578
315.364
316.077
316.72
317.297
317.815
318.276
318.688
319.053
319.377
319.664
319.918
320.142
320.339
320.512
320.665
320.799
320.917
321.021
321.113
321.193
321.264
321.327
321.383
321.433
321.478
321.518
321.555
321.589
321.621
321.651
321.68
321.708
321.735
321.763
321.79
321.818
321.847
321.877
321.908
321.94
321.973
322.008
322.045
322.083
322.122
322.164
322.207
322.252
322.298
322.346
322.396
322.448
322.501
322.556
322.612
322.67
322.729
322.789
322.851
322.913
322.977
323.042
323.108
323.175
323.242
323.31
323.379
323.449
300.699
302.117
303.565
305.027
306.483
307.911
309.293
310.613
311.858
313.019
314.09
315.069
315.958
316.761
317.481
318.123
318.694
319.201
319.65
320.048
320.398
320.708
320.98
321.22
321.432
321.618
321.782
321.926
322.054
322.166
322.265
322.354
322.432
322.502
322.564
322.621
322.672
322.719
322.762
322.802
322.839
322.875
322.91
322.943
322.975
323.008
323.04
323.072
323.105
323.138
323.172
323.207
323.242
323.279
323.317
323.356
323.396
323.438
323.481
323.525
323.57
323.617
323.665
323.714
323.764
323.816
323.869
323.922
323.977
324.033
324.089
324.147
324.205
324.264
324.323
324.383
324.444
324.505
324.566
324.628
324.69
300.79
302.39
304.022
305.662
307.285
308.864
310.379
311.808
313.139
314.366
315.478
316.479
317.376
318.176
318.887
319.516
320.071
320.56
320.991
321.37
321.702
321.995
322.252
322.479
322.678
322.854
323.009
323.147
323.269
323.378
323.475
323.563
323.641
323.713
323.778
323.838
323.894
323.945
323.994
324.04
324.084
324.126
324.168
324.208
324.247
324.286
324.325
324.364
324.403
324.443
324.482
324.522
324.563
324.605
324.647
324.689
324.733
324.777
324.823
324.869
324.916
324.963
325.012
325.061
325.111
325.162
325.213
325.265
325.317
325.37
325.423
325.477
325.531
325.586
325.641
325.696
325.751
325.806
325.862
325.918
325.973
300.893
302.701
304.539
306.377
308.181
309.92
311.569
313.093
314.483
315.741
316.869
317.875
318.765
319.552
320.243
320.85
321.382
321.848
322.256
322.613
322.926
323.2
323.442
323.655
323.843
324.011
324.159
324.292
324.412
324.52
324.618
324.707
324.789
324.865
324.936
325.002
325.064
325.123
325.179
325.234
325.286
325.337
325.386
325.435
325.483
325.53
325.577
325.623
325.67
325.716
325.762
325.809
325.855
325.901
325.948
325.995
326.042
326.09
326.138
326.186
326.235
326.283
326.332
326.382
326.431
326.481
326.531
326.581
326.631
326.682
326.732
326.783
326.833
326.884
326.934
326.984
327.034
327.084
327.134
327.184
327.233
301.008
303.05
305.118
307.172
309.173
311.054
312.792
314.376
315.802
317.075
318.203
319.196
320.066
320.827
321.49
322.068
322.57
323.008
323.39
323.723
324.015
324.272
324.499
324.7
324.879
325.039
325.183
325.314
325.433
325.542
325.642
325.736
325.823
325.905
325.982
326.056
326.126
326.194
326.259
326.322
326.383
326.443
326.501
326.558
326.615
326.67
326.725
326.779
326.832
326.885
326.937
326.989
327.041
327.092
327.143
327.194
327.244
327.294
327.344
327.394
327.444
327.493
327.543
327.592
327.641
327.689
327.738
327.786
327.834
327.882
327.929
327.976
328.023
328.069
328.115
328.16
328.206
328.25
328.295
328.339
328.382
301.132
303.427
305.748
308.02
310.164
312.147
313.95
315.569
317.007
318.274
319.382
320.347
321.184
321.909
322.537
323.079
323.549
323.957
324.313
324.623
324.896
325.136
325.349
325.54
325.711
325.866
326.007
326.136
326.255
326.366
326.47
326.568
326.66
326.748
326.831
326.912
326.989
327.064
327.137
327.207
327.276
327.343
327.409
327.473
327.536
327.598
327.659
327.719
327.778
327.836
327.893
327.949
328.004
328.059
328.113
328.166
328.219
328.271
328.322
328.373
328.423
328.473
328.522
328.571
328.619
328.666
328.713
328.759
328.805
328.85
328.894
328.938
328.981
329.024
329.066
329.107
329.148
329.188
329.228
329.267
329.305
301.245
303.78
306.319
308.735
310.977
313.018
314.849
316.471
317.895
319.137
320.213
321.142
321.943
322.633
323.226
323.737
324.179
324.562
324.896
325.188
325.445
325.673
325.876
326.059
326.224
326.374
326.513
326.641
326.76
326.872
326.977
327.077
327.173
327.264
327.351
327.436
327.517
327.596
327.673
327.748
327.821
327.892
327.962
328.03
328.097
328.162
328.226
328.289
328.351
328.412
328.471
328.53
328.588
328.644
328.7
328.755
328.808
328.861
328.913
328.965
329.015
329.065
329.114
329.162
329.209
329.255
329.301
329.345
329.389
329.433
329.475
329.517
329.558
329.598
329.638
329.676
329.714
329.752
329.788
329.824
329.859
379.593
387.52
394.198
400.03
405.215
409.86
414.027
417.749
421.041
423.903
426.324
428.281
429.738
430.648
430.944
430.534
429.289
427.012
423.373
417.712
408.383
402.075
397.246
393.295
389.935
387.004
384.399
382.055
379.92
377.959
376.146
374.457
372.875
371.386
369.978
368.642
367.369
366.152
364.984
363.861
362.777
361.729
360.713
359.726
358.765
357.828
356.911
356.014
355.135
354.271
353.422
352.586
351.761
350.948
350.144
349.35
348.564
347.786
347.015
346.252
345.494
344.743
343.998
343.258
342.524
341.796
341.073
340.356
339.644
338.938
338.237
337.542
336.853
336.17
335.493
334.823
334.159
333.501
332.851
332.208
331.573
330.945
330.325
329.714
329.111
328.518
327.934
327.359
326.794
326.24
325.696
325.163
324.64
324.129
323.63
323.142
322.666
322.202
321.75
321.31
320.882
320.466
320.063
319.672
319.293
318.925
318.57
318.226
317.894
317.573
317.264
316.965
316.676
316.398
316.13
315.872
315.623
315.382
315.151
314.928
314.713
314.506
314.306
314.112
313.926
313.746
313.571
313.403
313.24
313.081
312.928
312.779
312.634
312.493
312.355
312.221
312.09
311.962
311.837
311.715
311.595
311.477
311.361
311.247
311.135
311.024
310.915
310.808
310.702
310.597
310.493
310.39
310.289
310.188
310.089
309.99
309.893
309.796
309.701
309.607
309.515
374.858
381.741
387.948
393.534
398.576
403.133
407.244
410.931
414.202
417.054
419.475
421.441
422.918
423.858
424.199
423.857
422.72
420.631
417.373
412.677
406.498
401.158
396.705
392.935
389.676
386.808
384.247
381.932
379.82
377.877
376.076
374.398
372.824
371.342
369.941
368.609
367.34
366.126
364.962
363.841
362.76
361.713
360.699
359.714
358.754
357.817
356.902
356.006
355.127
354.264
353.415
352.58
351.756
350.943
350.14
349.346
348.56
347.782
347.012
346.248
345.491
344.74
343.995
343.255
342.522
341.793
341.071
340.353
339.642
338.935
338.235
337.54
336.851
336.168
335.491
334.821
334.157
333.499
332.849
332.206
331.571
330.943
330.323
329.712
329.109
328.516
327.932
327.357
326.792
326.238
325.694
325.161
324.639
324.128
323.628
323.14
322.664
322.2
321.748
321.308
320.88
320.465
320.062
319.67
319.291
318.924
318.569
318.225
317.893
317.572
317.263
316.964
316.676
316.397
316.129
315.871
315.622
315.382
315.151
314.928
314.713
314.505
314.305
314.112
313.926
313.746
313.571
313.403
313.24
313.081
312.928
312.779
312.634
312.493
312.355
312.221
312.09
311.963
311.838
311.715
311.595
311.477
311.361
311.247
311.135
311.024
310.916
310.808
310.702
310.597
310.493
310.391
310.289
310.189
310.089
309.991
309.893
309.797
309.701
309.607
309.515
370.779
376.663
382.236
387.416
392.192
396.568
400.555
404.158
407.376
410.198
412.61
414.586
416.093
417.088
417.515
417.304
416.368
414.606
411.911
408.237
403.801
399.497
395.613
392.171
389.113
386.377
383.908
381.659
379.597
377.691
375.921
374.266
372.712
371.246
369.858
368.537
367.277
366.071
364.913
363.798
362.722
361.68
360.669
359.687
358.73
357.796
356.883
355.988
355.111
354.25
353.402
352.568
351.745
350.933
350.131
349.337
348.552
347.775
347.005
346.242
345.485
344.734
343.989
343.25
342.517
341.789
341.066
340.349
339.637
338.931
338.231
337.536
336.847
336.164
335.487
334.817
334.153
333.495
332.845
332.202
331.567
330.939
330.319
329.708
329.106
328.512
327.928
327.353
326.789
326.234
325.69
325.157
324.635
324.124
323.624
323.137
322.661
322.197
321.745
321.305
320.877
320.462
320.059
319.668
319.289
318.922
318.566
318.223
317.891
317.57
317.261
316.962
316.674
316.396
316.128
315.87
315.621
315.381
315.15
314.927
314.712
314.505
314.305
314.112
313.926
313.745
313.571
313.403
313.24
313.081
312.928
312.779
312.634
312.493
312.356
312.222
312.091
311.963
311.838
311.716
311.595
311.478
311.362
311.248
311.136
311.025
310.916
310.809
310.703
310.598
310.494
310.391
310.29
310.189
310.09
309.991
309.894
309.797
309.702
309.608
309.516
366.959
372.029
376.97
381.683
386.116
390.242
394.047
397.518
400.646
403.412
405.799
407.779
409.322
410.389
410.932
410.897
410.226
408.859
406.762
403.97
400.674
397.273
394.012
390.986
388.211
385.673
383.347
381.204
379.223
377.38
375.66
374.045
372.524
371.085
369.719
368.417
367.173
365.981
364.834
363.728
362.66
361.625
360.621
359.644
358.692
357.762
356.852
355.961
355.086
354.227
353.382
352.549
351.728
350.918
350.117
349.325
348.541
347.764
346.995
346.232
345.476
344.726
343.982
343.243
342.51
341.782
341.06
340.343
339.631
338.925
338.225
337.53
336.841
336.158
335.482
334.811
334.147
333.49
332.84
332.197
331.561
330.933
330.314
329.702
329.1
328.506
327.922
327.348
326.783
326.228
325.685
325.151
324.629
324.118
323.619
323.131
322.656
322.192
321.74
321.3
320.873
320.457
320.054
319.663
319.285
318.918
318.563
318.22
317.888
317.567
317.258
316.96
316.672
316.394
316.126
315.868
315.619
315.38
315.149
314.926
314.711
314.504
314.304
314.111
313.925
313.745
313.571
313.403
313.24
313.082
312.928
312.779
312.635
312.494
312.356
312.223
312.092
311.964
311.839
311.717
311.597
311.479
311.363
311.249
311.137
311.026
310.918
310.81
310.704
310.599
310.495
310.393
310.291
310.191
310.091
309.993
309.895
309.799
309.703
309.609
309.517
363.278
367.687
372.055
376.298
380.356
384.19
387.769
391.071
394.075
396.761
399.104
401.079
402.657
403.802
404.478
404.644
404.263
403.305
401.771
399.71
397.255
394.615
391.958
389.387
386.951
384.665
382.529
380.533
378.666
376.915
375.267
373.713
372.24
370.842
369.51
368.237
367.017
365.845
364.716
363.626
362.57
361.546
360.551
359.582
358.637
357.713
356.809
355.923
355.052
354.197
353.354
352.525
351.706
350.897
350.098
349.308
348.525
347.75
346.982
346.221
345.465
344.716
343.972
343.234
342.501
341.774
341.052
340.335
339.624
338.918
338.218
337.523
336.835
336.152
335.475
334.804
334.14
333.483
332.833
332.19
331.554
330.926
330.307
329.695
329.093
328.499
327.915
327.34
326.775
326.221
325.677
325.144
324.622
324.111
323.612
323.124
322.648
322.185
321.733
321.294
320.866
320.451
320.048
319.658
319.279
318.913
318.558
318.215
317.884
317.563
317.254
316.956
316.668
316.391
316.124
315.866
315.617
315.378
315.147
314.925
314.71
314.503
314.304
314.111
313.925
313.745
313.572
313.403
313.24
313.082
312.929
312.78
312.636
312.495
312.358
312.224
312.093
311.966
311.841
311.718
311.598
311.481
311.365
311.251
311.139
311.028
310.92
310.812
310.706
310.601
310.497
310.395
310.293
310.193
310.093
309.995
309.897
309.801
309.705
309.611
309.518
359.697
363.557
367.419
371.218
374.901
378.423
381.752
384.856
387.712
390.293
392.576
394.533
396.138
397.361
398.172
398.543
398.449
397.88
396.846
395.391
393.603
391.602
389.503
387.391
385.323
383.329
381.425
379.614
377.895
376.264
374.715
373.242
371.838
370.497
369.213
367.981
366.796
365.653
364.55
363.481
362.445
361.437
360.456
359.499
358.563
357.648
356.752
355.872
355.007
354.156
353.319
352.493
351.677
350.872
350.075
349.287
348.507
347.733
346.967
346.207
345.452
344.704
343.961
343.224
342.492
341.765
341.043
340.327
339.616
338.911
338.211
337.516
336.827
336.145
335.468
334.797
334.133
333.476
332.825
332.182
331.546
330.918
330.298
329.687
329.084
328.49
327.906
327.331
326.766
326.212
325.668
325.135
324.613
324.102
323.603
323.115
322.64
322.176
321.725
321.285
320.858
320.444
320.041
319.651
319.272
318.906
318.552
318.209
317.878
317.558
317.25
316.952
316.665
316.388
316.12
315.863
315.615
315.376
315.145
314.923
314.709
314.503
314.303
314.111
313.925
313.746
313.572
313.404
313.241
313.084
312.931
312.782
312.638
312.497
312.36
312.226
312.096
311.968
311.843
311.721
311.601
311.483
311.368
311.254
311.142
311.031
310.923
310.815
310.709
310.604
310.501
310.398
310.297
310.196
310.097
309.998
309.9
309.804
309.708
309.614
309.521
356.204
359.6
363.018
366.41
369.731
372.942
376.009
378.901
381.589
384.049
386.255
388.181
389.802
391.093
392.03
392.593
392.766
392.546
391.943
390.993
389.752
388.295
386.698
385.028
383.335
381.656
380.012
378.418
376.878
375.397
373.973
372.605
371.289
370.024
368.804
367.627
366.49
365.389
364.321
363.283
362.273
361.288
360.327
359.387
358.466
357.563
356.677
355.806
354.949
354.106
353.274
352.453
351.642
350.84
350.047
349.262
348.485
347.714
346.949
346.191
345.438
344.691
343.949
343.213
342.482
341.756
341.035
340.319
339.608
338.903
338.203
337.509
336.82
336.137
335.46
334.79
334.126
333.468
332.817
332.174
331.538
330.909
330.289
329.677
329.074
328.48
327.896
327.321
326.756
326.201
325.657
325.124
324.602
324.091
323.592
323.105
322.629
322.166
321.714
321.275
320.849
320.434
320.032
319.642
319.264
318.899
318.545
318.203
317.872
317.553
317.244
316.947
316.66
316.384
316.117
315.86
315.612
315.374
315.144
314.922
314.708
314.502
314.303
314.111
313.926
313.747
313.573
313.406
313.243
313.086
312.933
312.785
312.64
312.5
312.363
312.229
312.099
311.972
311.847
311.725
311.605
311.487
311.372
311.258
311.146
311.036
310.927
310.82
310.713
310.609
310.505
310.403
310.301
310.201
310.101
310.002
309.905
309.808
309.712
309.618
309.524
352.801
355.797
358.825
361.848
364.832
367.742
370.548
373.22
375.732
378.057
380.172
382.053
383.676
385.021
386.067
386.798
387.206
387.286
387.05
386.521
385.735
384.74
383.589
382.33
381.006
379.648
378.283
376.927
375.592
374.285
373.011
371.771
370.566
369.396
368.259
367.154
366.079
365.031
364.011
363.014
362.04
361.087
360.153
359.236
358.336
357.452
356.581
355.723
354.877
354.042
353.218
352.404
351.599
350.803
350.015
349.234
348.459
347.691
346.93
346.174
345.423
344.678
343.937
343.202
342.472
341.747
341.027
340.312
339.602
338.897
338.197
337.503
336.814
336.131
335.454
334.783
334.118
333.461
332.809
332.166
331.529
330.9
330.28
329.668
329.064
328.47
327.885
327.309
326.744
326.189
325.645
325.112
324.59
324.079
323.58
323.092
322.617
322.154
321.703
321.264
320.838
320.424
320.022
319.633
319.255
318.89
318.537
318.195
317.865
317.546
317.239
316.942
316.656
316.38
316.114
315.857
315.61
315.372
315.142
314.921
314.708
314.502
314.304
314.112
313.927
313.749
313.576
313.408
313.246
313.089
312.937
312.788
312.644
312.504
312.367
312.234
312.104
311.977
311.852
311.73
311.61
311.493
311.377
311.264
311.152
311.042
310.933
310.826
310.72
310.615
310.511
310.409
310.307
310.207
310.107
310.009
309.911
309.814
309.718
309.624
309.53
349.495
352.142
354.825
357.517
360.19
362.816
365.37
367.824
370.155
372.339
374.352
376.174
377.784
379.164
380.296
381.167
381.771
382.103
382.172
381.991
381.586
380.985
380.225
379.34
378.363
377.322
376.24
375.136
374.022
372.91
371.806
370.716
369.642
368.587
367.551
366.534
365.537
364.559
363.599
362.656
361.729
360.817
359.92
359.035
358.164
357.303
356.454
355.614
354.784
353.962
353.149
352.345
351.548
350.759
349.976
349.2
348.431
347.667
346.908
346.155
345.407
344.664
343.926
343.192
342.464
341.74
341.02
340.306
339.596
338.892
338.192
337.498
336.809
336.126
335.449
334.778
334.113
333.454
332.803
332.158
331.521
330.892
330.271
329.658
329.054
328.459
327.873
327.298
326.732
326.177
325.632
325.099
324.577
324.066
323.567
323.079
322.604
322.141
321.69
321.252
320.826
320.412
320.011
319.622
319.245
318.881
318.528
318.187
317.858
317.54
317.233
316.937
316.651
316.376
316.11
315.855
315.608
315.371
315.142
314.921
314.709
314.504
314.306
314.115
313.93
313.752
313.579
313.412
313.251
313.094
312.942
312.794
312.65
312.51
312.374
312.241
312.111
311.984
311.859
311.738
311.618
311.501
311.385
311.272
311.16
311.05
310.941
310.834
310.728
310.623
310.519
310.417
310.315
310.215
310.115
310.017
309.919
309.822
309.726
309.631
309.537
346.294
348.635
351.013
353.408
355.798
358.161
360.475
362.719
364.87
366.908
368.812
370.564
372.145
373.539
374.732
375.712
376.473
377.01
377.327
377.433
377.342
377.075
376.653
376.101
375.444
374.704
373.9
373.05
372.166
371.262
370.344
369.42
368.495
367.572
366.655
365.744
364.841
363.947
363.062
362.186
361.319
360.46
359.61
358.768
357.933
357.105
356.285
355.47
354.662
353.859
353.063
352.271
351.485
350.705
349.931
349.162
348.398
347.64
346.886
346.136
345.392
344.651
343.916
343.184
342.457
341.734
341.016
340.303
339.594
338.89
338.19
337.496
336.807
336.124
335.446
334.775
334.109
333.45
332.798
332.153
331.515
330.885
330.263
329.649
329.044
328.449
327.863
327.286
326.72
326.164
325.619
325.086
324.563
324.052
323.553
323.066
322.591
322.128
321.677
321.239
320.814
320.401
320
319.611
319.235
318.871
318.519
318.179
317.85
317.533
317.227
316.932
316.647
316.373
316.108
315.853
315.608
315.371
315.143
314.923
314.711
314.506
314.309
314.119
313.935
313.757
313.585
313.419
313.258
313.101
312.949
312.802
312.659
312.519
312.383
312.25
312.12
311.994
311.869
311.748
311.628
311.511
311.396
311.282
311.171
311.061
310.952
310.845
310.739
310.634
310.53
310.428
310.326
310.226
310.126
310.028
309.93
309.833
309.737
309.642
309.547
343.211
345.282
347.388
349.517
351.65
353.772
355.863
357.905
359.881
361.773
363.564
365.235
366.773
368.163
369.391
370.449
371.328
372.025
372.54
372.877
373.045
373.054
372.921
372.661
372.291
371.829
371.289
370.687
370.034
369.342
368.619
367.873
367.11
366.335
365.551
364.761
363.968
363.173
362.377
361.582
360.788
359.995
359.204
358.415
357.628
356.842
356.059
355.278
354.499
353.722
352.948
352.176
351.407
350.64
349.876
349.117
348.361
347.609
346.861
346.116
345.376
344.639
343.907
343.178
342.453
341.732
341.015
340.303
339.595
338.891
338.192
337.498
336.809
336.125
335.447
334.775
334.109
333.449
332.796
332.15
331.511
330.88
330.257
329.642
329.036
328.44
327.853
327.276
326.709
326.153
325.607
325.073
324.55
324.039
323.539
323.052
322.577
322.115
321.664
321.227
320.802
320.389
319.989
319.601
319.226
318.863
318.511
318.172
317.844
317.528
317.223
316.928
316.645
316.371
316.107
315.853
315.609
315.373
315.146
314.927
314.715
314.512
314.315
314.126
313.942
313.765
313.594
313.428
313.267
313.111
312.96
312.813
312.67
312.531
312.395
312.263
312.133
312.007
311.883
311.761
311.642
311.525
311.41
311.297
311.185
311.075
310.966
310.859
310.753
310.649
310.545
310.443
310.341
310.24
310.141
310.042
309.944
309.847
309.751
309.655
309.56
340.258
342.088
343.954
345.844
347.746
349.646
351.531
353.384
355.193
356.941
358.614
360.198
361.68
363.046
364.287
365.393
366.356
367.172
367.84
368.359
368.734
368.971
369.079
369.068
368.951
368.738
368.443
368.075
367.645
367.164
366.638
366.076
365.483
364.865
364.226
363.57
362.899
362.217
361.524
360.823
360.115
359.4
358.681
357.956
357.228
356.496
355.76
355.022
354.281
353.538
352.794
352.048
351.301
350.554
349.807
349.061
348.316
347.573
346.832
346.095
345.36
344.628
343.899
343.174
342.451
341.733
341.018
340.307
339.6
338.897
338.198
337.504
336.815
336.131
335.453
334.78
334.113
333.452
332.798
332.15
331.51
330.878
330.254
329.638
329.031
328.434
327.846
327.268
326.7
326.143
325.597
325.062
324.538
324.027
323.527
323.04
322.565
322.103
321.653
321.215
320.791
320.379
319.979
319.592
319.218
318.855
318.505
318.167
317.84
317.525
317.22
316.927
316.644
316.372
316.109
315.856
315.613
315.378
315.152
314.933
314.723
314.52
314.325
314.136
313.953
313.777
313.606
313.441
313.281
313.126
312.975
312.828
312.686
312.547
312.412
312.279
312.15
312.024
311.9
311.779
311.66
311.543
311.428
311.315
311.204
311.094
310.985
310.878
310.772
310.668
310.564
310.461
310.36
310.259
310.16
310.061
309.963
309.866
309.769
309.673
309.578
337.448
339.065
340.716
342.392
344.086
345.785
347.479
349.156
350.804
352.412
353.968
355.458
356.873
358.202
359.434
360.561
361.577
362.476
363.255
363.912
364.449
364.868
365.174
365.373
365.472
365.478
365.401
365.249
365.029
364.749
364.416
364.037
363.617
363.162
362.675
362.161
361.623
361.064
360.486
359.89
359.28
358.656
358.02
357.372
356.714
356.046
355.369
354.684
353.991
353.291
352.586
351.874
351.158
350.438
349.714
348.987
348.259
347.529
346.799
346.07
345.342
344.616
343.893
343.172
342.453
341.738
341.025
340.316
339.61
338.908
338.21
337.517
336.827
336.143
335.464
334.79
334.122
333.46
332.805
332.156
331.515
330.881
330.256
329.638
329.03
328.431
327.842
327.263
326.694
326.136
325.589
325.053
324.53
324.018
323.518
323.031
322.556
322.093
321.644
321.207
320.783
320.371
319.972
319.586
319.213
318.851
318.502
318.165
317.839
317.525
317.222
316.929
316.648
316.377
316.115
315.863
315.621
315.387
315.162
314.945
314.736
314.534
314.339
314.151
313.969
313.794
313.624
313.459
313.3
313.145
312.995
312.849
312.707
312.568
312.433
312.302
312.173
312.047
311.924
311.802
311.684
311.567
311.452
311.339
311.228
311.118
311.009
310.902
310.797
310.692
310.588
310.486
310.384
310.284
310.184
310.085
309.987
309.889
309.793
309.696
309.601
334.794
336.22
337.679
339.165
340.67
342.186
343.706
345.219
346.717
348.19
349.628
351.022
352.361
353.638
354.843
355.97
357.01
357.96
358.815
359.573
360.231
360.791
361.255
361.624
361.903
362.097
362.211
362.25
362.221
362.128
361.978
361.776
361.526
361.233
360.901
360.534
360.135
359.706
359.251
358.771
358.269
357.746
357.204
356.643
356.066
355.473
354.866
354.244
353.61
352.964
352.307
351.639
350.962
350.276
349.583
348.883
348.178
347.468
346.755
346.039
345.321
344.604
343.887
343.172
342.458
341.746
341.037
340.33
339.626
338.926
338.229
337.535
336.846
336.162
335.482
334.808
334.139
333.476
332.819
332.169
331.526
330.891
330.264
329.645
329.035
328.435
327.844
327.263
326.693
326.134
325.586
325.05
324.525
324.013
323.513
323.025
322.55
322.088
321.639
321.202
320.779
320.368
319.97
319.585
319.212
318.852
318.503
318.167
317.843
317.53
317.228
316.937
316.657
316.387
316.127
315.876
315.635
315.402
315.178
314.962
314.754
314.553
314.359
314.172
313.992
313.817
313.648
313.484
313.325
313.171
313.022
312.876
312.735
312.597
312.462
312.331
312.202
312.077
311.954
311.833
311.714
311.598
311.483
311.37
311.259
311.149
311.041
310.934
310.828
310.723
310.619
310.517
310.415
310.314
310.215
310.115
310.017
309.92
309.823
309.726
309.63
332.308
333.564
334.852
336.166
337.501
338.852
340.212
341.573
342.93
344.273
345.596
346.891
348.149
349.363
350.527
351.633
352.675
353.649
354.549
355.373
356.118
356.782
357.366
357.869
358.294
358.643
358.919
359.124
359.263
359.34
359.358
359.321
359.233
359.097
358.917
358.697
358.438
358.144
357.817
357.459
357.073
356.659
356.219
355.756
355.269
354.762
354.234
353.686
353.121
352.538
351.939
351.324
350.696
350.054
349.401
348.736
348.062
347.379
346.689
345.993
345.291
344.587
343.879
343.172
342.464
341.758
341.053
340.349
339.648
338.95
338.254
337.562
336.873
336.189
335.509
334.834
334.164
333.5
332.841
332.19
331.545
330.909
330.28
329.659
329.048
328.446
327.853
327.271
326.7
326.14
325.591
325.053
324.528
324.015
323.515
323.027
322.552
322.09
321.641
321.205
320.781
320.371
319.974
319.59
319.218
318.859
318.512
318.177
317.854
317.542
317.241
316.952
316.673
316.404
316.145
315.896
315.656
315.425
315.202
314.987
314.78
314.581
314.388
314.202
314.022
313.848
313.68
313.517
313.359
313.206
313.057
312.912
312.771
312.633
312.499
312.368
312.24
312.115
311.992
311.872
311.753
311.637
311.522
311.409
311.298
311.189
311.08
310.973
310.867
310.763
310.659
310.556
310.454
310.354
310.254
310.154
310.056
309.958
309.861
309.764
309.668
330.001
331.106
332.24
333.401
334.583
335.784
336.997
338.219
339.443
340.663
341.873
343.068
344.241
345.385
346.495
347.565
348.59
349.564
350.483
351.345
352.144
352.88
353.551
354.156
354.694
355.166
355.574
355.919
356.202
356.426
356.593
356.706
356.767
356.78
356.745
356.666
356.546
356.386
356.188
355.955
355.688
355.388
355.058
354.699
354.311
353.897
353.457
352.993
352.506
351.996
351.465
350.914
350.343
349.755
349.15
348.53
347.895
347.248
346.589
345.92
345.242
344.556
343.865
343.17
342.471
341.772
341.073
340.374
339.677
338.981
338.288
337.597
336.91
336.225
335.545
334.87
334.199
333.534
332.875
332.222
331.576
330.937
330.306
329.684
329.071
328.467
327.873
327.289
326.716
326.155
325.605
325.066
324.54
324.027
323.526
323.038
322.562
322.1
321.652
321.216
320.793
320.384
319.988
319.604
319.233
318.875
318.529
318.196
317.874
317.564
317.265
316.976
316.699
316.432
316.174
315.926
315.688
315.458
315.236
315.023
314.817
314.618
314.427
314.242
314.063
313.89
313.723
313.561
313.403
313.251
313.102
312.958
312.818
312.681
312.547
312.416
312.289
312.164
312.041
311.921
311.803
311.686
311.572
311.459
311.348
311.238
311.13
311.023
310.917
310.812
310.708
310.606
310.504
310.403
310.302
310.203
310.104
310.006
309.908
309.811
309.715
327.884
328.854
329.851
330.874
331.919
332.983
334.063
335.155
336.255
337.358
338.46
339.556
340.641
341.709
342.757
343.778
344.769
345.725
346.642
347.516
348.344
349.124
349.852
350.527
351.149
351.715
352.226
352.683
353.085
353.433
353.728
353.973
354.167
354.314
354.413
354.468
354.479
354.448
354.377
354.268
354.121
353.938
353.72
353.469
353.186
352.871
352.527
352.153
351.752
351.323
350.869
350.39
349.887
349.362
348.815
348.248
347.662
347.059
346.44
345.806
345.159
344.501
343.833
343.156
342.473
341.786
341.095
340.403
339.711
339.019
338.329
337.641
336.955
336.272
335.593
334.917
334.246
333.581
332.92
332.266
331.618
330.978
330.346
329.722
329.107
328.501
327.905
327.32
326.746
326.183
325.631
325.092
324.565
324.051
323.549
323.061
322.585
322.124
321.675
321.24
320.818
320.409
320.013
319.631
319.261
318.904
318.56
318.227
317.907
317.598
317.3
317.014
316.738
316.472
316.216
315.969
315.732
315.503
315.283
315.071
314.866
314.669
314.479
314.295
314.117
313.945
313.778
313.617
313.461
313.309
313.161
313.017
312.877
312.741
312.608
312.477
312.35
312.225
312.103
311.983
311.865
311.749
311.634
311.521
311.41
311.301
311.192
311.085
310.979
310.874
310.77
310.667
310.565
310.463
310.363
310.263
310.164
310.066
309.968
309.87
309.773
325.966
326.815
327.69
328.588
329.509
330.45
331.409
332.382
333.366
334.359
335.357
336.356
337.352
338.341
339.319
340.283
341.228
342.151
343.048
343.914
344.748
345.547
346.307
347.026
347.703
348.336
348.923
349.465
349.96
350.408
350.81
351.165
351.474
351.738
351.957
352.133
352.265
352.355
352.405
352.414
352.384
352.316
352.211
352.07
351.893
351.681
351.437
351.159
350.85
350.509
350.139
349.74
349.313
348.859
348.379
347.874
347.346
346.797
346.226
345.636
345.029
344.406
343.769
343.119
342.459
341.79
341.114
340.433
339.749
339.064
338.379
337.694
337.011
336.331
335.653
334.978
334.307
333.641
332.98
332.325
331.676
331.035
330.401
329.775
329.158
328.551
327.954
327.367
326.791
326.227
325.674
325.134
324.606
324.091
323.589
323.1
322.625
322.163
321.714
321.279
320.858
320.45
320.055
319.674
319.305
318.949
318.606
318.275
317.956
317.648
317.352
317.067
316.792
316.528
316.273
316.028
315.792
315.565
315.346
315.135
314.932
314.736
314.546
314.363
314.187
314.015
313.85
313.689
313.534
313.382
313.235
313.092
312.953
312.817
312.684
312.554
312.427
312.302
312.18
312.06
311.942
311.826
311.711
311.599
311.488
311.378
311.269
311.162
311.056
310.95
310.846
310.743
310.64
310.539
310.438
310.338
310.238
310.139
310.041
309.943
309.846
324.254
324.995
325.76
326.548
327.357
328.187
329.034
329.898
330.775
331.665
332.563
333.468
334.376
335.284
336.19
337.089
337.98
338.857
339.719
340.562
341.384
342.18
342.95
343.69
344.398
345.072
345.711
346.313
346.877
347.402
347.886
348.331
348.734
349.097
349.419
349.7
349.94
350.14
350.299
350.419
350.5
350.542
350.546
350.512
350.441
350.333
350.189
350.01
349.797
349.549
349.268
348.955
348.61
348.234
347.829
347.394
346.933
346.445
345.931
345.395
344.836
344.257
343.659
343.045
342.415
341.772
341.119
340.456
339.786
339.111
338.433
337.755
337.077
336.4
335.725
335.052
334.383
333.717
333.057
332.401
331.752
331.11
330.475
329.848
329.23
328.621
328.022
327.434
326.857
326.291
325.737
325.196
324.667
324.152
323.649
323.16
322.684
322.222
321.774
321.34
320.919
320.511
320.118
319.737
319.369
319.015
318.673
318.343
318.025
317.719
317.424
317.14
316.867
316.604
316.351
316.107
315.873
315.647
315.429
315.219
315.017
314.822
314.634
314.452
314.276
314.105
313.941
313.781
313.626
313.475
313.328
313.186
313.047
312.911
312.778
312.649
312.522
312.397
312.275
312.155
312.037
311.921
311.807
311.694
311.583
311.473
311.364
311.256
311.15
311.044
310.939
310.836
310.733
310.631
310.529
310.429
310.329
310.229
310.13
310.032
309.934
322.753
323.398
324.066
324.754
325.463
326.191
326.938
327.701
328.48
329.273
330.078
330.892
331.714
332.542
333.373
334.203
335.032
335.856
336.673
337.479
338.273
339.052
339.813
340.553
341.272
341.966
342.633
343.272
343.882
344.46
345.006
345.518
345.995
346.437
346.843
347.212
347.544
347.839
348.096
348.315
348.496
348.64
348.746
348.814
348.845
348.838
348.794
348.713
348.596
348.443
348.254
348.03
347.772
347.48
347.155
346.797
346.409
345.99
345.542
345.067
344.565
344.038
343.489
342.918
342.327
341.719
341.096
340.459
339.811
339.154
338.49
337.821
337.151
336.479
335.809
335.14
334.473
333.81
333.151
332.496
331.847
331.205
330.569
329.942
329.323
328.713
328.114
327.524
326.946
326.379
325.825
325.283
324.753
324.237
323.734
323.245
322.769
322.307
321.859
321.425
321.005
320.598
320.205
319.825
319.458
319.105
318.764
318.435
318.119
317.814
317.52
317.238
316.966
316.704
316.452
316.21
315.976
315.752
315.535
315.327
315.125
314.931
314.744
314.563
314.388
314.218
314.054
313.895
313.74
313.59
313.444
313.302
313.163
313.028
312.895
312.766
312.639
312.515
312.392
312.272
312.154
312.038
311.923
311.81
311.699
311.588
311.479
311.371
311.264
311.158
311.053
310.949
310.845
310.743
310.641
310.539
310.439
310.339
310.239
310.14
310.042
321.466
322.026
322.606
323.206
323.825
324.462
325.118
325.79
326.478
327.181
327.898
328.627
329.366
330.115
330.87
331.63
332.394
333.159
333.922
334.683
335.438
336.185
336.922
337.647
338.358
339.053
339.729
340.385
341.019
341.63
342.215
342.774
343.304
343.805
344.276
344.715
345.121
345.495
345.834
346.139
346.409
346.643
346.841
347.003
347.128
347.216
347.267
347.282
347.259
347.199
347.102
346.969
346.799
346.594
346.352
346.076
345.766
345.423
345.047
344.639
344.202
343.736
343.243
342.724
342.181
341.616
341.032
340.429
339.811
339.18
338.537
337.886
337.229
336.566
335.903
335.24
334.579
333.919
333.263
332.611
331.964
331.322
330.688
330.061
329.442
328.832
328.232
327.642
327.063
326.496
325.941
325.398
324.868
324.352
323.849
323.359
322.883
322.422
321.974
321.54
321.12
320.714
320.322
319.943
319.577
319.225
318.885
318.557
318.242
317.938
317.646
317.364
317.094
316.833
316.582
316.341
316.109
315.885
315.67
315.462
315.262
315.069
314.882
314.702
314.527
314.358
314.195
314.036
313.882
313.732
313.586
313.444
313.306
313.171
313.038
312.909
312.782
312.657
312.535
312.415
312.297
312.18
312.065
311.952
311.839
311.729
311.619
311.51
311.403
311.296
311.19
311.086
310.981
310.878
310.775
310.673
310.572
310.471
310.37
310.271
310.171
320.393
320.878
321.381
321.902
322.441
322.996
323.569
324.159
324.764
325.385
326.02
326.668
327.329
328
328.682
329.372
330.069
330.771
331.476
332.184
332.892
333.597
334.3
334.996
335.686
336.365
337.034
337.689
338.33
338.954
339.559
340.145
340.709
341.249
341.765
342.256
342.719
343.154
343.559
343.934
344.278
344.589
344.867
345.111
345.321
345.495
345.634
345.737
345.803
345.832
345.825
345.78
345.698
345.58
345.424
345.231
345.002
344.738
344.439
344.105
343.738
343.339
342.909
342.449
341.962
341.449
340.911
340.352
339.772
339.174
338.561
337.935
337.299
336.655
336.005
335.351
334.697
334.044
333.393
332.746
332.102
331.464
330.831
330.206
329.588
328.979
328.38
327.79
327.212
326.645
326.09
325.547
325.017
324.501
323.998
323.508
323.033
322.571
322.124
321.691
321.271
320.866
320.474
320.096
319.731
319.379
319.04
318.714
318.399
318.097
317.805
317.525
317.256
316.996
316.746
316.506
316.275
316.052
315.837
315.631
315.431
315.239
315.053
314.873
314.699
314.531
314.367
314.209
314.055
313.906
313.76
313.618
313.479
313.344
313.212
313.082
312.955
312.83
312.708
312.587
312.468
312.351
312.236
312.122
312.009
311.898
311.787
311.678
311.57
311.462
311.356
311.25
311.145
311.041
310.937
310.834
310.731
310.63
310.528
310.427
310.327
319.534
319.953
320.387
320.838
321.306
321.789
322.288
322.803
323.333
323.878
324.438
325.011
325.598
326.196
326.807
327.427
328.057
328.696
329.341
329.992
330.647
331.304
331.963
332.621
333.278
333.93
334.578
335.218
335.849
336.47
337.078
337.673
338.253
338.815
339.358
339.882
340.384
340.862
341.316
341.745
342.146
342.52
342.863
343.177
343.459
343.708
343.925
344.107
344.254
344.366
344.442
344.481
344.484
344.449
344.377
344.268
344.121
343.937
343.716
343.459
343.167
342.839
342.478
342.085
341.66
341.205
340.722
340.213
339.679
339.124
338.549
337.957
337.35
336.73
336.102
335.465
334.825
334.182
333.539
332.899
332.262
331.628
331
330.378
329.764
329.157
328.56
327.972
327.395
326.829
326.275
325.733
325.204
324.688
324.185
323.697
323.222
322.761
322.314
321.882
321.463
321.058
320.667
320.29
319.926
319.575
319.237
318.911
318.598
318.296
318.005
317.726
317.457
317.199
316.95
316.71
316.48
316.258
316.044
315.837
315.639
315.446
315.261
315.082
314.908
314.74
314.577
314.419
314.265
314.115
313.97
313.828
313.689
313.553
313.421
313.291
313.163
313.038
312.915
312.794
312.675
312.557
312.441
312.326
312.213
312.1
311.989
311.879
311.77
311.661
311.554
311.447
311.341
311.235
311.13
311.026
310.922
310.819
310.717
310.615
310.513
318.885
319.245
319.62
320.009
320.413
320.832
321.265
321.713
322.175
322.652
323.143
323.647
324.165
324.696
325.238
325.793
326.358
326.933
327.517
328.109
328.709
329.314
329.924
330.537
331.152
331.768
332.384
332.997
333.606
334.21
334.808
335.397
335.976
336.543
337.098
337.637
338.16
338.666
339.152
339.618
340.061
340.48
340.874
341.242
341.583
341.894
342.176
342.426
342.644
342.829
342.98
343.096
343.176
343.22
343.228
343.198
343.131
343.027
342.885
342.705
342.489
342.236
341.947
341.623
341.265
340.875
340.453
340.001
339.521
339.016
338.487
337.936
337.367
336.781
336.181
335.57
334.951
334.326
333.697
333.068
332.44
331.815
331.194
330.578
329.969
329.367
328.774
328.189
327.615
327.052
326.5
325.96
325.432
324.918
324.417
323.929
323.455
322.996
322.55
322.118
321.7
321.297
320.907
320.53
320.167
319.817
319.48
319.155
318.842
318.541
318.251
317.973
317.705
317.447
317.199
316.96
316.73
316.508
316.295
316.089
315.89
315.698
315.513
315.334
315.16
314.992
314.829
314.671
314.517
314.367
314.221
314.079
313.94
313.804
313.671
313.54
313.412
313.287
313.163
313.041
312.921
312.802
312.685
312.569
312.455
312.342
312.229
312.118
312.008
311.898
311.789
311.681
311.574
311.467
311.361
311.255
311.15
311.045
310.941
310.837
310.734
318.44
318.75
319.072
319.408
319.756
320.118
320.493
320.881
321.283
321.698
322.127
322.568
323.023
323.49
323.97
324.461
324.964
325.478
326.002
326.536
327.079
327.63
328.188
328.752
329.321
329.894
330.47
331.047
331.625
332.202
332.776
333.347
333.912
334.471
335.021
335.562
336.091
336.608
337.11
337.596
338.065
338.515
338.944
339.352
339.736
340.095
340.428
340.733
341.009
341.256
341.471
341.654
341.803
341.919
341.999
342.043
342.051
342.022
341.956
341.852
341.711
341.532
341.316
341.064
340.777
340.454
340.097
339.708
339.288
338.839
338.363
337.862
337.337
336.793
336.23
335.653
335.063
334.464
333.857
333.246
332.632
332.02
331.409
330.803
330.202
329.608
329.021
328.442
327.873
327.314
326.766
326.229
325.705
325.193
324.695
324.209
323.738
323.28
322.835
322.405
321.989
321.586
321.198
320.822
320.46
320.111
319.775
319.451
319.139
318.839
318.55
318.272
318.004
317.747
317.499
317.261
317.031
316.81
316.597
316.391
316.192
316.001
315.815
315.636
315.463
315.294
315.131
314.972
314.818
314.668
314.522
314.379
314.239
314.102
313.969
313.837
313.709
313.582
313.457
313.334
313.213
313.094
312.975
312.858
312.743
312.628
312.515
312.402
312.29
312.179
312.069
311.959
311.85
311.741
311.633
311.526
311.419
311.313
311.207
311.101
310.996
318.194
318.46
318.736
319.025
319.325
319.636
319.96
320.296
320.644
321.004
321.377
321.762
322.159
322.568
322.99
323.423
323.868
324.324
324.791
325.268
325.755
326.251
326.756
327.269
327.789
328.315
328.847
329.383
329.922
330.463
331.006
331.549
332.09
332.628
333.162
333.691
334.213
334.727
335.23
335.723
336.202
336.667
337.116
337.548
337.961
338.353
338.723
339.069
339.39
339.685
339.952
340.19
340.398
340.574
340.718
340.828
340.903
340.943
340.947
340.914
340.845
340.738
340.594
340.414
340.196
339.943
339.654
339.331
338.975
338.587
338.169
337.723
337.251
336.755
336.237
335.701
335.148
334.582
334.005
333.42
332.83
332.237
331.642
331.049
330.461
329.877
329.3
328.73
328.169
327.616
327.075
326.544
326.024
325.517
325.022
324.54
324.072
323.617
323.175
322.747
322.333
321.933
321.546
321.172
320.811
320.463
320.128
319.805
319.494
319.195
318.907
318.63
318.363
318.106
317.858
317.62
317.391
317.17
316.957
316.751
316.552
316.361
316.175
315.996
315.822
315.653
315.489
315.33
315.175
315.024
314.877
314.734
314.593
314.456
314.321
314.189
314.059
313.931
313.805
313.681
313.559
313.438
313.318
313.2
313.083
312.966
312.851
312.737
312.623
312.51
312.398
312.287
312.176
312.065
311.955
311.846
311.737
311.629
311.52
311.413
311.306
318.138
318.366
318.603
318.851
319.109
319.377
319.656
319.945
320.246
320.558
320.881
321.215
321.561
321.918
322.287
322.667
323.058
323.46
323.873
324.296
324.73
325.173
325.626
326.087
326.557
327.035
327.519
328.01
328.507
329.008
329.512
330.019
330.528
331.037
331.546
332.052
332.555
333.054
333.547
334.033
334.509
334.976
335.431
335.873
336.299
336.71
337.102
337.476
337.828
338.158
338.463
338.744
338.997
339.222
339.418
339.583
339.716
339.816
339.883
339.914
339.911
339.871
339.795
339.682
339.533
339.348
339.127
338.871
338.58
338.256
337.9
337.513
337.098
336.657
336.19
335.702
335.194
334.669
334.13
333.579
333.019
332.452
331.882
331.31
330.739
330.17
329.607
329.049
328.499
327.957
327.425
326.902
326.39
325.889
325.401
324.925
324.461
324.01
323.573
323.149
322.738
322.34
321.955
321.584
321.225
320.88
320.546
320.225
319.915
319.617
319.329
319.053
318.787
318.53
318.283
318.045
317.816
317.595
317.382
317.176
316.978
316.786
316.6
316.42
316.245
316.076
315.912
315.752
315.596
315.444
315.296
315.152
315.01
314.872
314.736
314.602
314.471
314.342
314.215
314.089
313.965
313.842
313.721
313.601
313.482
313.364
313.247
313.131
313.015
312.9
312.786
312.672
312.559
312.447
312.334
312.223
312.111
312
311.89
311.779
311.669
318.265
318.46
318.663
318.876
319.097
319.328
319.568
319.817
320.077
320.346
320.625
320.915
321.215
321.526
321.847
322.179
322.521
322.873
323.236
323.609
323.993
324.386
324.788
325.2
325.621
326.05
326.487
326.931
327.382
327.84
328.302
328.769
329.24
329.714
330.189
330.666
331.142
331.616
332.088
332.556
333.018
333.475
333.923
334.361
334.789
335.205
335.606
335.992
336.362
336.712
337.043
337.352
337.639
337.9
338.136
338.344
338.524
338.674
338.792
338.879
338.932
338.952
338.937
338.887
338.802
338.682
338.526
338.334
338.108
337.849
337.556
337.231
336.877
336.493
336.083
335.648
335.191
334.713
334.218
333.709
333.186
332.655
332.116
331.572
331.027
330.481
329.936
329.396
328.861
328.333
327.813
327.302
326.801
326.31
325.83
325.362
324.906
324.462
324.03
323.611
323.205
322.812
322.431
322.063
321.708
321.365
321.033
320.714
320.406
320.11
319.824
319.548
319.283
319.028
318.781
318.544
318.315
318.094
317.881
317.675
317.476
317.284
317.097
316.917
316.742
316.572
316.407
316.246
316.089
315.936
315.787
315.641
315.499
315.359
315.221
315.086
314.953
314.823
314.694
314.566
314.441
314.316
314.193
314.071
313.95
313.83
313.711
313.592
313.474
313.357
313.24
313.124
313.008
312.893
312.778
312.664
312.549
312.436
312.322
312.209
312.096
318.565
318.732
318.907
319.089
319.279
319.478
319.684
319.899
320.123
320.355
320.597
320.847
321.107
321.376
321.655
321.944
322.242
322.55
322.867
323.194
323.531
323.877
324.233
324.597
324.971
325.353
325.743
326.141
326.547
326.959
327.378
327.802
328.232
328.666
329.104
329.544
329.986
330.429
330.872
331.314
331.753
332.189
332.62
333.045
333.462
333.87
334.269
334.655
335.028
335.387
335.729
336.054
336.36
336.645
336.907
337.146
337.36
337.548
337.707
337.838
337.939
338.009
338.047
338.052
338.023
337.961
337.865
337.735
337.571
337.373
337.143
336.88
336.586
336.263
335.911
335.534
335.131
334.706
334.262
333.799
333.322
332.832
332.331
331.823
331.31
330.794
330.277
329.761
329.248
328.739
328.236
327.741
327.254
326.777
326.309
325.852
325.406
324.971
324.548
324.137
323.737
323.35
322.975
322.613
322.262
321.923
321.595
321.279
320.974
320.68
320.396
320.122
319.859
319.604
319.359
319.122
318.894
318.674
318.461
318.255
318.056
317.863
317.676
317.495
317.319
317.149
316.982
316.821
316.663
316.509
316.359
316.211
316.067
315.925
315.787
315.65
315.515
315.383
315.252
315.123
314.995
314.868
314.743
314.619
314.495
314.373
314.251
314.13
314.009
313.889
313.77
313.651
313.532
313.414
313.296
313.178
313.061
312.944
312.827
312.71
312.594
319.03
319.174
319.324
319.481
319.645
319.815
319.993
320.179
320.371
320.572
320.78
320.997
321.222
321.455
321.697
321.947
322.206
322.474
322.75
323.036
323.33
323.633
323.945
324.266
324.595
324.932
325.278
325.631
325.992
326.36
326.735
327.116
327.503
327.895
328.292
328.693
329.098
329.504
329.913
330.322
330.73
331.138
331.543
331.945
332.342
332.733
333.118
333.493
333.859
334.213
334.555
334.883
335.195
335.491
335.767
336.024
336.26
336.473
336.661
336.825
336.961
337.07
337.15
337.201
337.22
337.209
337.165
337.09
336.982
336.842
336.67
336.467
336.233
335.969
335.677
335.358
335.013
334.644
334.253
333.843
333.416
332.973
332.518
332.052
331.578
331.098
330.615
330.131
329.646
329.164
328.686
328.212
327.745
327.285
326.833
326.391
325.959
325.537
325.125
324.724
324.335
323.957
323.59
323.234
322.89
322.557
322.234
321.923
321.622
321.332
321.051
320.78
320.519
320.267
320.023
319.788
319.561
319.341
319.129
318.923
318.724
318.531
318.344
318.163
317.986
317.815
317.648
317.485
317.326
317.171
317.019
316.87
316.724
316.581
316.441
316.302
316.165
316.031
315.898
315.766
315.636
315.507
315.38
315.253
315.127
315.002
314.877
314.753
314.63
314.507
314.384
314.262
314.14
314.018
313.897
313.776
313.655
313.534
313.413
313.293
313.173
319.651
319.776
319.906
320.041
320.183
320.33
320.483
320.643
320.81
320.983
321.163
321.351
321.545
321.747
321.956
322.173
322.397
322.63
322.87
323.118
323.374
323.638
323.91
324.19
324.478
324.774
325.077
325.388
325.706
326.032
326.363
326.702
327.046
327.396
327.751
328.111
328.475
328.842
329.213
329.585
329.958
330.332
330.705
331.077
331.446
331.812
332.173
332.529
332.877
333.217
333.548
333.867
334.175
334.469
334.748
335.01
335.255
335.481
335.686
335.87
336.031
336.167
336.278
336.363
336.42
336.45
336.45
336.421
336.362
336.273
336.154
336.006
335.828
335.621
335.386
335.124
334.836
334.525
334.19
333.835
333.461
333.07
332.665
332.247
331.819
331.382
330.939
330.493
330.044
329.595
329.147
328.702
328.261
327.825
327.396
326.974
326.56
326.154
325.758
325.372
324.995
324.629
324.273
323.928
323.592
323.268
322.953
322.648
322.353
322.068
321.793
321.526
321.268
321.019
320.779
320.546
320.32
320.102
319.891
319.687
319.488
319.296
319.109
318.927
318.75
318.578
318.411
318.247
318.087
317.93
317.777
317.627
317.48
317.335
317.192
317.051
316.913
316.776
316.641
316.507
316.374
316.243
316.112
315.983
315.854
315.726
315.599
315.471
315.345
315.219
315.093
314.967
314.841
314.716
314.59
314.465
314.34
314.215
314.091
313.966
313.842
320.422
320.53
320.643
320.76
320.883
321.01
321.143
321.282
321.426
321.576
321.732
321.894
322.062
322.236
322.417
322.605
322.799
323
323.208
323.423
323.645
323.874
324.11
324.354
324.604
324.861
325.126
325.397
325.675
325.959
326.25
326.547
326.849
327.158
327.471
327.79
328.112
328.439
328.769
329.102
329.436
329.773
330.11
330.447
330.782
331.117
331.448
331.776
332.099
332.416
332.726
333.028
333.32
333.602
333.872
334.129
334.372
334.6
334.81
335.002
335.175
335.327
335.458
335.566
335.65
335.71
335.744
335.752
335.733
335.687
335.613
335.513
335.384
335.229
335.048
334.84
334.608
334.352
334.074
333.774
333.456
333.119
332.767
332.401
332.023
331.634
331.238
330.835
330.428
330.018
329.607
329.197
328.788
328.383
327.982
327.586
327.197
326.814
326.439
326.072
325.713
325.363
325.022
324.69
324.367
324.053
323.749
323.453
323.167
322.89
322.621
322.361
322.109
321.864
321.628
321.399
321.176
320.961
320.752
320.549
320.353
320.161
319.975
319.794
319.617
319.445
319.277
319.112
318.952
318.794
318.64
318.488
318.339
318.192
318.048
317.905
317.765
317.626
317.488
317.352
317.217
317.082
316.949
316.817
316.685
316.554
316.423
316.293
316.162
316.033
315.903
315.773
315.644
315.514
315.385
315.255
315.126
314.996
314.867
314.738
314.609
321.332
321.427
321.525
321.627
321.734
321.845
321.961
322.081
322.206
322.336
322.471
322.611
322.757
322.908
323.064
323.226
323.394
323.568
323.747
323.933
324.124
324.322
324.526
324.736
324.952
325.174
325.402
325.637
325.877
326.123
326.375
326.633
326.895
327.163
327.436
327.714
327.996
328.281
328.57
328.862
329.157
329.453
329.751
330.05
330.349
330.647
330.944
331.238
331.529
331.817
332.099
332.376
332.645
332.907
333.159
333.401
333.632
333.85
334.055
334.245
334.419
334.576
334.715
334.835
334.935
335.014
335.071
335.106
335.117
335.105
335.068
335.007
334.921
334.811
334.677
334.519
334.338
334.134
333.91
333.664
333.4
333.118
332.821
332.508
332.183
331.846
331.5
331.146
330.786
330.421
330.053
329.684
329.314
328.945
328.579
328.215
327.856
327.502
327.153
326.81
326.474
326.145
325.824
325.51
325.204
324.906
324.615
324.333
324.058
323.792
323.533
323.281
323.037
322.8
322.569
322.346
322.129
321.917
321.712
321.513
321.318
321.129
320.944
320.765
320.589
320.417
320.249
320.085
319.924
319.766
319.61
319.457
319.307
319.159
319.013
318.868
318.726
318.584
318.444
318.306
318.168
318.031
317.895
317.759
317.625
317.49
317.356
317.222
317.088
316.955
316.821
316.687
316.554
316.42
316.286
316.151
316.017
315.882
315.747
315.613
315.478
322.37
322.453
322.54
322.63
322.723
322.82
322.921
323.026
323.135
323.248
323.365
323.486
323.612
323.742
323.877
324.017
324.161
324.311
324.465
324.624
324.789
324.958
325.133
325.313
325.498
325.688
325.883
326.084
326.289
326.5
326.715
326.935
327.16
327.39
327.624
327.862
328.103
328.349
328.597
328.848
329.102
329.358
329.616
329.875
330.134
330.394
330.652
330.91
331.166
331.419
331.668
331.913
332.153
332.388
332.615
332.834
333.045
333.246
333.436
333.614
333.78
333.932
334.07
334.192
334.297
334.385
334.455
334.506
334.537
334.548
334.539
334.508
334.457
334.384
334.29
334.174
334.038
333.882
333.706
333.512
333.3
333.071
332.826
332.567
332.295
332.012
331.719
331.416
331.107
330.791
330.471
330.147
329.822
329.495
329.169
328.844
328.52
328.2
327.884
327.571
327.264
326.961
326.665
326.374
326.089
325.811
325.539
325.274
325.015
324.762
324.517
324.277
324.044
323.816
323.595
323.379
323.169
322.965
322.765
322.57
322.38
322.195
322.013
321.836
321.662
321.492
321.325
321.162
321.001
320.843
320.687
320.534
320.383
320.234
320.086
319.94
319.796
319.652
319.51
319.369
319.229
319.089
318.951
318.812
318.674
318.536
318.399
318.261
318.124
317.986
317.849
317.711
317.573
317.434
317.295
317.156
317.016
316.875
316.734
316.593
316.451
323.52
323.593
323.669
323.749
323.831
323.916
324.004
324.095
324.19
324.288
324.39
324.495
324.603
324.715
324.831
324.951
325.075
325.202
325.334
325.47
325.61
325.754
325.902
326.054
326.211
326.372
326.537
326.706
326.879
327.057
327.238
327.424
327.613
327.806
328.002
328.202
328.406
328.612
328.821
329.032
329.246
329.462
329.679
329.898
330.117
330.336
330.556
330.774
330.992
331.207
331.421
331.631
331.837
332.039
332.236
332.427
332.612
332.789
332.957
333.117
333.266
333.405
333.533
333.647
333.749
333.837
333.91
333.968
334.01
334.036
334.044
334.036
334.009
333.965
333.902
333.822
333.724
333.608
333.476
333.327
333.162
332.982
332.787
332.58
332.36
332.129
331.888
331.638
331.38
331.116
330.846
330.571
330.294
330.013
329.732
329.45
329.168
328.888
328.609
328.332
328.058
327.788
327.521
327.259
327.001
326.747
326.499
326.255
326.016
325.782
325.553
325.33
325.111
324.897
324.688
324.483
324.283
324.087
323.896
323.708
323.525
323.345
323.169
322.996
322.826
322.659
322.494
322.333
322.174
322.017
321.862
321.709
321.557
321.408
321.26
321.113
320.967
320.822
320.678
320.535
320.393
320.251
320.109
319.968
319.827
319.686
319.546
319.405
319.264
319.122
318.981
318.839
318.696
318.553
318.409
318.264
318.119
317.972
317.824
317.675
317.524
324.754
324.819
324.887
324.956
325.029
325.103
325.18
325.26
325.342
325.427
325.514
325.605
325.698
325.794
325.893
325.995
326.099
326.207
326.319
326.433
326.55
326.671
326.795
326.922
327.053
327.186
327.323
327.463
327.607
327.753
327.903
328.056
328.211
328.37
328.531
328.695
328.862
329.031
329.202
329.375
329.55
329.726
329.904
330.083
330.262
330.442
330.622
330.801
330.98
331.157
331.333
331.507
331.677
331.845
332.008
332.168
332.322
332.47
332.613
332.748
332.876
332.996
333.107
333.208
333.299
333.379
333.448
333.505
333.55
333.581
333.6
333.604
333.594
333.57
333.531
333.478
333.41
333.328
333.231
333.121
332.997
332.86
332.711
332.55
332.379
332.197
332.006
331.807
331.6
331.386
331.166
330.942
330.714
330.482
330.248
330.012
329.775
329.538
329.301
329.064
328.829
328.595
328.364
328.134
327.907
327.684
327.463
327.245
327.031
326.82
326.613
326.409
326.208
326.012
325.818
325.628
325.441
325.258
325.078
324.9
324.726
324.554
324.385
324.218
324.054
323.892
323.732
323.574
323.418
323.264
323.111
322.959
322.809
322.66
322.512
322.365
322.219
322.074
321.929
321.784
321.64
321.496
321.353
321.209
321.066
320.922
320.778
320.634
320.49
320.345
320.2
320.054
319.907
319.759
319.611
319.461
319.31
319.157
319.002
318.845
318.685
326.029
326.087
326.147
326.208
326.271
326.336
326.403
326.472
326.543
326.616
326.69
326.767
326.846
326.927
327.011
327.096
327.184
327.274
327.366
327.461
327.558
327.657
327.759
327.863
327.97
328.078
328.19
328.303
328.419
328.537
328.657
328.78
328.904
329.031
329.16
329.29
329.423
329.557
329.692
329.829
329.967
330.106
330.247
330.387
330.529
330.67
330.811
330.952
331.093
331.232
331.371
331.507
331.642
331.774
331.903
332.03
332.152
332.271
332.384
332.493
332.597
332.694
332.784
332.868
332.944
333.011
333.07
333.121
333.161
333.192
333.213
333.223
333.223
333.211
333.189
333.155
333.11
333.053
332.985
332.906
332.817
332.717
332.607
332.487
332.358
332.22
332.075
331.922
331.762
331.597
331.425
331.249
331.069
330.885
330.698
330.509
330.317
330.125
329.931
329.736
329.542
329.348
329.154
328.961
328.769
328.578
328.389
328.201
328.016
327.831
327.649
327.469
327.291
327.115
326.941
326.769
326.599
326.431
326.265
326.101
325.938
325.777
325.618
325.461
325.305
325.15
324.997
324.844
324.693
324.543
324.394
324.246
324.098
323.951
323.805
323.659
323.513
323.368
323.223
323.078
322.934
322.789
322.644
322.499
322.353
322.208
322.061
321.915
321.768
321.62
321.471
321.322
321.172
321.02
320.867
320.713
320.557
320.398
320.237
320.072
319.904
327.283
327.334
327.386
327.439
327.494
327.55
327.607
327.666
327.726
327.788
327.851
327.915
327.981
328.049
328.118
328.188
328.26
328.334
328.409
328.486
328.564
328.644
328.725
328.808
328.893
328.979
329.067
329.156
329.247
329.339
329.433
329.528
329.625
329.723
329.822
329.922
330.023
330.126
330.229
330.333
330.438
330.543
330.649
330.755
330.861
330.968
331.074
331.179
331.285
331.389
331.492
331.594
331.694
331.793
331.89
331.984
332.075
332.164
332.249
332.331
332.408
332.482
332.55
332.614
332.672
332.725
332.771
332.811
332.844
332.87
332.889
332.9
332.903
332.899
332.886
332.864
332.835
332.797
332.751
332.696
332.634
332.563
332.485
332.399
332.306
332.206
332.1
331.988
331.87
331.747
331.619
331.486
331.35
331.21
331.067
330.922
330.774
330.624
330.472
330.319
330.165
330.009
329.854
329.698
329.541
329.385
329.229
329.073
328.917
328.762
328.607
328.453
328.3
328.147
327.995
327.844
327.693
327.543
327.394
327.245
327.097
326.95
326.803
326.657
326.512
326.366
326.222
326.077
325.933
325.789
325.646
325.502
325.359
325.216
325.073
324.929
324.786
324.642
324.498
324.354
324.21
324.065
323.92
323.774
323.627
323.481
323.333
323.185
323.036
322.886
322.735
322.583
322.429
322.275
322.119
321.96
321.8
321.637
321.47
321.299
321.122
328.426
328.47
328.515
328.561
328.608
328.656
328.704
328.754
328.804
328.856
328.908
328.961
329.015
329.07
329.126
329.184
329.241
329.3
329.36
329.421
329.483
329.546
329.61
329.674
329.74
329.806
329.874
329.942
330.011
330.081
330.152
330.224
330.296
330.369
330.442
330.516
330.591
330.666
330.742
330.818
330.894
330.97
331.047
331.123
331.199
331.275
331.351
331.426
331.501
331.574
331.647
331.719
331.79
331.859
331.927
331.993
332.057
332.118
332.178
332.235
332.289
332.34
332.388
332.432
332.473
332.51
332.543
332.571
332.595
332.614
332.628
332.637
332.64
332.638
332.63
332.616
332.597
332.572
332.541
332.504
332.461
332.413
332.359
332.3
332.235
332.165
332.091
332.012
331.928
331.84
331.749
331.653
331.554
331.452
331.347
331.24
331.13
331.017
330.903
330.787
330.669
330.549
330.428
330.306
330.183
330.059
329.934
329.808
329.681
329.554
329.426
329.297
329.168
329.039
328.909
328.778
328.647
328.516
328.385
328.253
328.12
327.987
327.854
327.721
327.587
327.452
327.318
327.182
327.047
326.91
326.774
326.636
326.499
326.36
326.221
326.082
325.942
325.801
325.659
325.517
325.374
325.23
325.086
324.94
324.794
324.647
324.499
324.35
324.199
324.048
323.896
323.742
323.587
323.43
323.272
323.111
322.948
322.782
322.611
322.435
322.251
329.343
329.382
329.421
329.461
329.501
329.542
329.583
329.625
329.668
329.711
329.754
329.798
329.843
329.888
329.933
329.979
330.026
330.073
330.121
330.169
330.218
330.267
330.317
330.367
330.417
330.468
330.52
330.572
330.624
330.676
330.729
330.782
330.836
330.889
330.943
330.997
331.051
331.105
331.159
331.213
331.268
331.321
331.375
331.429
331.482
331.534
331.587
331.638
331.689
331.74
331.789
331.838
331.885
331.932
331.977
332.021
332.063
332.104
332.143
332.18
332.216
332.249
332.28
332.309
332.335
332.359
332.38
332.398
332.413
332.425
332.433
332.438
332.44
332.438
332.432
332.423
332.409
332.392
332.371
332.346
332.316
332.284
332.247
332.206
332.162
332.114
332.063
332.008
331.95
331.888
331.823
331.756
331.685
331.612
331.536
331.458
331.377
331.294
331.208
331.121
331.031
330.94
330.847
330.752
330.655
330.557
330.457
330.355
330.252
330.148
330.042
329.935
329.826
329.716
329.605
329.492
329.379
329.264
329.147
329.03
328.911
328.792
328.671
328.548
328.425
328.301
328.175
328.048
327.921
327.792
327.662
327.531
327.398
327.265
327.131
326.995
326.859
326.721
326.582
326.442
326.301
326.159
326.016
325.872
325.726
325.579
325.431
325.282
325.132
324.98
324.827
324.673
324.517
324.359
324.2
324.037
323.873
323.704
323.531
323.351
323.163
329.894
329.93
329.965
330.001
330.037
330.074
330.111
330.148
330.185
330.223
330.261
330.299
330.338
330.377
330.416
330.456
330.496
330.536
330.576
330.617
330.658
330.699
330.74
330.781
330.823
330.865
330.907
330.949
330.991
331.033
331.075
331.117
331.159
331.202
331.244
331.286
331.328
331.37
331.411
331.453
331.494
331.534
331.575
331.615
331.654
331.693
331.732
331.77
331.807
331.843
331.879
331.914
331.948
331.981
332.013
332.043
332.073
332.101
332.128
332.154
332.178
332.2
332.221
332.24
332.258
332.273
332.287
332.298
332.307
332.314
332.319
332.321
332.321
332.319
332.313
332.306
332.295
332.281
332.265
332.246
332.225
332.2
332.173
332.143
332.11
332.074
332.036
331.995
331.951
331.904
331.855
331.804
331.75
331.693
331.634
331.573
331.509
331.443
331.375
331.304
331.232
331.157
331.08
331.001
330.92
330.837
330.752
330.665
330.576
330.485
330.392
330.298
330.201
330.103
330.003
329.902
329.798
329.693
329.586
329.478
329.367
329.256
329.142
329.027
328.911
328.792
328.673
328.551
328.429
328.305
328.179
328.052
327.923
327.793
327.662
327.529
327.395
327.26
327.123
326.985
326.845
326.704
326.562
326.419
326.274
326.128
325.98
325.831
325.681
325.529
325.376
325.221
325.065
324.907
324.747
324.584
324.419
324.249
324.075
323.894
323.703
309.336
309.077
308.825
308.578
308.338
308.105
307.879
307.658
307.443
307.232
307.025
306.82
306.617
306.416
306.214
306.012
305.809
305.604
305.397
305.187
304.975
304.761
304.543
304.322
304.098
303.872
303.644
303.413
303.182
302.95
302.719
302.489
302.261
302.038
301.82
301.61
301.408
301.218
301.04
300.877
300.729
300.598
300.484
300.387
300.305
300.239
300.186
300.146
300.116
300.096
300.086
309.337
309.078
308.825
308.578
308.339
308.106
307.879
307.659
307.443
307.232
307.025
306.821
306.618
306.416
306.214
306.012
305.809
305.604
305.397
305.188
304.976
304.761
304.543
304.322
304.099
303.872
303.644
303.414
303.182
302.951
302.719
302.489
302.262
302.038
301.821
301.61
301.409
301.218
301.04
300.877
300.729
300.598
300.484
300.387
300.306
300.239
300.186
300.146
300.116
300.096
300.086
309.338
309.078
308.826
308.579
308.339
308.106
307.88
307.659
307.444
307.233
307.026
306.821
306.619
306.417
306.215
306.013
305.81
305.605
305.398
305.189
304.977
304.762
304.544
304.324
304.1
303.874
303.645
303.415
303.184
302.952
302.721
302.49
302.263
302.04
301.822
301.611
301.41
301.219
301.041
300.878
300.73
300.599
300.485
300.387
300.306
300.239
300.187
300.146
300.116
300.096
300.086
309.339
309.08
308.827
308.581
308.341
308.108
307.881
307.661
307.445
307.235
307.027
306.823
306.62
306.418
306.217
306.015
305.812
305.607
305.4
305.191
304.979
304.764
304.546
304.326
304.102
303.876
303.648
303.418
303.186
302.954
302.723
302.493
302.265
302.042
301.824
301.613
301.411
301.221
301.043
300.879
300.731
300.6
300.485
300.388
300.306
300.24
300.187
300.146
300.116
300.096
300.086
309.341
309.082
308.829
308.583
308.343
308.11
307.883
307.663
307.448
307.237
307.03
306.825
306.622
306.421
306.219
306.017
305.814
305.61
305.403
305.194
304.982
304.768
304.55
304.329
304.106
303.88
303.651
303.421
303.19
302.958
302.727
302.497
302.269
302.045
301.827
301.616
301.414
301.223
301.045
300.881
300.733
300.601
300.486
300.389
300.307
300.24
300.187
300.146
300.116
300.097
300.087
309.344
309.085
308.833
308.586
308.346
308.113
307.887
307.666
307.451
307.24
307.033
306.829
306.626
306.424
306.223
306.021
305.818
305.614
305.407
305.199
304.987
304.772
304.555
304.334
304.111
303.885
303.657
303.427
303.196
302.964
302.732
302.502
302.274
302.05
301.832
301.621
301.418
301.227
301.048
300.884
300.735
300.603
300.488
300.39
300.308
300.241
300.188
300.147
300.117
300.097
300.087
309.349
309.09
308.837
308.591
308.351
308.117
307.891
307.67
307.455
307.245
307.038
306.833
306.631
306.43
306.228
306.027
305.824
305.62
305.414
305.205
304.994
304.779
304.562
304.342
304.119
303.893
303.665
303.435
303.204
302.972
302.74
302.51
302.282
302.057
301.839
301.627
301.424
301.232
301.053
300.888
300.738
300.606
300.49
300.392
300.31
300.242
300.189
300.147
300.117
300.097
300.087
309.355
309.096
308.843
308.597
308.357
308.124
307.897
307.677
307.462
307.251
307.044
306.84
306.638
306.437
306.236
306.035
305.832
305.628
305.422
305.214
305.003
304.789
304.572
304.352
304.129
303.903
303.675
303.445
303.214
302.982
302.75
302.52
302.291
302.067
301.847
301.635
301.432
301.239
301.059
300.893
300.743
300.61
300.493
300.394
300.311
300.244
300.19
300.148
300.118
300.098
300.088
309.363
309.105
308.852
308.605
308.365
308.132
307.905
307.685
307.47
307.26
307.053
306.849
306.647
306.446
306.246
306.045
305.843
305.639
305.434
305.226
305.015
304.802
304.585
304.365
304.143
303.917
303.689
303.46
303.228
302.996
302.764
302.533
302.304
302.079
301.859
301.646
301.441
301.248
301.066
300.9
300.748
300.614
300.497
300.397
300.314
300.246
300.191
300.149
300.119
300.098
300.088
309.374
309.116
308.863
308.616
308.376
308.143
307.916
307.696
307.481
307.271
307.065
306.861
306.66
306.459
306.259
306.059
305.857
305.654
305.449
305.242
305.032
304.818
304.602
304.383
304.161
303.935
303.708
303.478
303.246
303.014
302.782
302.55
302.321
302.095
301.874
301.659
301.454
301.259
301.076
300.908
300.756
300.62
300.502
300.401
300.317
300.248
300.193
300.151
300.12
300.099
300.089
309.389
309.131
308.877
308.63
308.39
308.157
307.93
307.71
307.496
307.286
307.08
306.877
306.676
306.476
306.276
306.076
305.875
305.673
305.469
305.262
305.052
304.84
304.624
304.405
304.183
303.958
303.731
303.501
303.269
303.037
302.804
302.572
302.341
302.114
301.892
301.676
301.469
301.272
301.088
300.918
300.764
300.627
300.508
300.405
300.32
300.251
300.195
300.152
300.121
300.1
300.09
309.407
309.149
308.896
308.649
308.408
308.175
307.949
307.729
307.515
307.305
307.099
306.897
306.696
306.497
306.298
306.099
305.899
305.697
305.493
305.287
305.078
304.867
304.652
304.433
304.212
303.987
303.76
303.53
303.298
303.065
302.831
302.598
302.367
302.139
301.915
301.697
301.488
301.289
301.103
300.931
300.775
300.636
300.515
300.411
300.325
300.254
300.198
300.154
300.122
300.101
300.09
309.431
309.173
308.92
308.672
308.432
308.198
307.972
307.752
307.538
307.329
307.124
306.922
306.722
306.523
306.325
306.127
305.928
305.727
305.524
305.319
305.111
304.9
304.686
304.468
304.247
304.023
303.795
303.565
303.333
303.1
302.865
302.631
302.398
302.168
301.943
301.723
301.512
301.31
301.121
300.947
300.788
300.647
300.523
300.418
300.33
300.258
300.201
300.157
300.124
300.103
300.092
309.461
309.204
308.95
308.702
308.461
308.228
308.002
307.782
307.568
307.359
307.155
306.953
306.754
306.556
306.359
306.162
305.964
305.764
305.562
305.358
305.151
304.941
304.728
304.511
304.29
304.066
303.839
303.609
303.376
303.142
302.907
302.671
302.437
302.205
301.977
301.754
301.54
301.336
301.143
300.966
300.804
300.66
300.534
300.426
300.336
300.263
300.204
300.159
300.126
300.104
300.093
309.499
309.241
308.987
308.739
308.498
308.265
308.038
307.819
307.605
307.397
307.193
306.992
306.794
306.597
306.401
306.205
306.008
305.81
305.609
305.406
305.2
304.991
304.779
304.562
304.342
304.119
303.892
303.661
303.428
303.193
302.957
302.719
302.483
302.248
302.017
301.792
301.574
301.366
301.17
300.988
300.823
300.676
300.546
300.436
300.344
300.269
300.209
300.163
300.129
300.106
300.095
309.547
309.289
309.034
308.785
308.544
308.31
308.084
307.864
307.651
307.443
307.24
307.04
306.843
306.647
306.452
306.257
306.062
305.865
305.666
305.464
305.26
305.052
304.84
304.625
304.406
304.182
303.955
303.725
303.491
303.255
303.016
302.777
302.538
302.301
302.066
301.837
301.615
301.402
301.202
301.015
300.846
300.694
300.561
300.448
300.353
300.276
300.214
300.167
300.132
300.108
300.097
309.606
309.347
309.091
308.842
308.6
308.366
308.139
307.92
307.707
307.5
307.297
307.098
306.902
306.708
306.514
306.321
306.127
305.931
305.734
305.534
305.331
305.125
304.914
304.7
304.481
304.258
304.031
303.8
303.566
303.328
303.088
302.846
302.604
302.363
302.124
301.89
301.663
301.445
301.239
301.048
300.873
300.716
300.579
300.462
300.364
300.284
300.221
300.171
300.135
300.111
300.099
309.678
309.418
309.161
308.911
308.668
308.434
308.207
307.988
307.775
307.568
307.366
307.168
306.973
306.78
306.588
306.397
306.204
306.011
305.815
305.617
305.416
305.211
305.002
304.789
304.571
304.348
304.121
303.89
303.654
303.415
303.172
302.928
302.682
302.437
302.193
301.954
301.72
301.496
301.284
301.086
300.905
300.742
300.6
300.478
300.376
300.294
300.228
300.177
300.139
300.114
300.102
309.765
309.504
309.246
308.995
308.751
308.516
308.289
308.069
307.857
307.65
307.449
307.252
307.059
306.867
306.677
306.487
306.297
306.105
305.912
305.716
305.517
305.314
305.106
304.894
304.677
304.455
304.227
303.995
303.758
303.517
303.272
303.024
302.774
302.524
302.274
302.028
301.788
301.556
301.336
301.131
300.942
300.773
300.625
300.497
300.391
300.305
300.237
300.183
300.144
300.118
300.105
309.872
309.609
309.349
309.096
308.851
308.615
308.387
308.167
307.955
307.749
307.548
307.352
307.16
306.97
306.782
306.594
306.406
306.217
306.026
305.832
305.635
305.434
305.228
305.018
304.801
304.58
304.352
304.119
303.881
303.637
303.389
303.137
302.882
302.626
302.37
302.116
301.868
301.627
301.398
301.184
300.986
300.809
300.653
300.52
300.409
300.319
300.247
300.191
300.15
300.122
300.108
310
309.735
309.473
309.218
308.971
308.733
308.505
308.284
308.071
307.866
307.666
307.471
307.28
307.092
306.906
306.721
306.535
306.349
306.16
305.969
305.775
305.576
305.372
305.162
304.947
304.726
304.498
304.264
304.024
303.778
303.526
303.27
303.009
302.746
302.482
302.219
301.961
301.711
301.471
301.246
301.038
300.852
300.687
300.546
300.429
300.334
300.258
300.2
300.156
300.128
300.113
310.153
309.885
309.62
309.363
309.114
308.874
308.644
308.423
308.21
308.004
307.805
307.611
307.422
307.236
307.052
306.869
306.687
306.503
306.317
306.129
305.937
305.741
305.539
305.331
305.117
304.896
304.669
304.434
304.191
303.942
303.686
303.424
303.157
302.885
302.612
302.34
302.07
301.808
301.556
301.318
301.099
300.901
300.727
300.577
300.454
300.353
300.272
300.21
300.164
300.133
300.117
310.336
310.064
309.796
309.535
309.284
309.042
308.81
308.587
308.373
308.168
307.969
307.776
307.588
307.404
307.223
307.043
306.863
306.683
306.5
306.315
306.127
305.933
305.733
305.527
305.314
305.094
304.866
304.629
304.385
304.132
303.871
303.603
303.328
303.048
302.764
302.48
302.198
301.921
301.655
301.404
301.171
300.96
300.774
300.614
300.482
300.374
300.288
300.222
300.173
300.14
300.123
310.554
310.277
310.004
309.74
309.485
309.24
309.005
308.781
308.566
308.36
308.161
307.969
307.783
307.601
307.422
307.245
307.068
306.891
306.712
306.531
306.345
306.155
305.958
305.754
305.542
305.322
305.093
304.856
304.608
304.352
304.085
303.81
303.527
303.236
302.941
302.643
302.346
302.054
301.771
301.503
301.254
301.028
300.828
300.657
300.515
300.399
300.307
300.236
300.183
300.148
300.13
310.811
310.528
310.25
309.981
309.721
309.473
309.236
309.009
308.792
308.585
308.386
308.195
308.01
307.83
307.653
307.479
307.306
307.132
306.957
306.779
306.597
306.41
306.215
306.013
305.803
305.584
305.355
305.115
304.865
304.604
304.332
304.049
303.756
303.454
303.145
302.832
302.518
302.208
301.906
301.619
301.351
301.108
300.892
300.707
300.554
300.429
300.329
300.252
300.195
300.157
300.137
311.115
310.825
310.54
310.265
310
309.747
309.506
309.276
309.057
308.848
308.648
308.457
308.273
308.095
307.921
307.749
307.58
307.41
307.238
307.065
306.886
306.702
306.51
306.311
306.102
305.883
305.654
305.412
305.159
304.893
304.614
304.323
304.019
303.704
303.38
303.05
302.717
302.386
302.063
301.754
301.465
301.201
300.966
300.766
300.599
300.463
300.355
300.271
300.209
300.168
300.146
311.472
311.173
310.881
310.598
310.327
310.068
309.822
309.587
309.365
309.154
308.953
308.761
308.577
308.4
308.228
308.06
307.893
307.727
307.56
307.39
307.215
307.035
306.846
306.649
306.441
306.223
305.993
305.75
305.493
305.222
304.936
304.635
304.32
303.991
303.65
303.301
302.947
302.593
302.245
301.911
301.597
301.309
301.053
300.835
300.652
300.503
300.384
300.292
300.225
300.18
300.156
311.89
311.581
311.279
310.988
310.71
310.443
310.191
309.951
309.724
309.509
309.306
309.112
308.928
308.752
308.582
308.415
308.252
308.089
307.926
307.759
307.589
307.411
307.225
307.03
306.825
306.607
306.377
306.132
305.872
305.595
305.301
304.99
304.662
304.318
303.959
303.589
303.211
302.831
302.456
302.093
301.75
301.436
301.155
300.915
300.714
300.55
300.419
300.318
300.243
300.194
300.168
312.379
312.057
311.744
311.443
311.155
310.88
310.62
310.373
310.14
309.92
309.713
309.517
309.331
309.155
308.985
308.82
308.659
308.499
308.339
308.176
308.009
307.834
307.651
307.459
307.255
307.038
306.807
306.56
306.296
306.014
305.713
305.392
305.05
304.689
304.311
303.917
303.513
303.105
302.699
302.304
301.929
301.583
301.274
301.01
300.787
300.605
300.459
300.347
300.265
300.21
300.181
312.946
312.61
312.285
311.972
311.673
311.387
311.117
310.861
310.62
310.394
310.181
309.981
309.792
309.614
309.443
309.279
309.119
308.961
308.803
308.643
308.478
308.307
308.126
307.936
307.733
307.517
307.285
307.037
306.77
306.482
306.173
305.841
305.486
305.108
304.709
304.291
303.859
303.419
302.978
302.547
302.135
301.754
301.414
301.12
300.872
300.668
300.506
300.381
300.29
300.228
300.196
313.601
313.249
312.909
312.583
312.271
311.973
311.691
311.424
311.173
310.938
310.717
310.51
310.317
310.134
309.961
309.795
309.635
309.478
309.321
309.162
308.999
308.83
308.651
308.462
308.26
308.045
307.813
307.563
307.293
307
306.684
306.342
305.973
305.578
305.157
304.713
304.251
303.776
303.298
302.827
302.374
301.953
301.576
301.248
300.971
300.743
300.561
300.421
300.318
300.249
300.214
314.352
313.982
313.626
313.285
312.958
312.645
312.349
312.069
311.806
311.559
311.328
311.112
310.91
310.721
310.543
310.374
310.211
310.051
309.894
309.735
309.572
309.403
309.225
309.037
308.836
308.62
308.388
308.137
307.864
307.567
307.244
306.893
306.511
306.099
305.657
305.187
304.693
304.182
303.663
303.147
302.65
302.185
301.765
301.398
301.086
300.829
300.624
300.466
300.351
300.274
300.234
315.204
314.815
314.443
314.084
313.74
313.411
313.099
312.803
312.524
312.263
312.019
311.79
311.578
311.379
311.192
311.016
310.847
310.683
310.522
310.361
310.196
310.025
309.846
309.657
309.456
309.24
309.008
308.755
308.48
308.18
307.852
307.492
307.099
306.671
306.209
305.712
305.187
304.638
304.076
303.514
302.967
302.452
301.984
301.571
301.219
300.928
300.696
300.518
300.388
300.301
300.256
316.158
315.752
315.361
314.985
314.622
314.275
313.944
313.629
313.333
313.054
312.793
312.549
312.321
312.109
311.91
311.723
311.544
311.373
311.204
311.037
310.867
310.692
310.51
310.319
310.116
309.899
309.665
309.412
309.135
308.832
308.499
308.133
307.731
307.29
306.809
306.289
305.732
305.147
304.541
303.929
303.329
302.759
302.235
301.77
301.372
301.043
300.78
300.578
300.43
300.332
300.281
317.211
316.788
316.379
315.983
315.601
315.233
314.881
314.546
314.229
313.93
313.648
313.385
313.139
312.909
312.694
312.491
312.299
312.114
311.934
311.757
311.578
311.396
311.209
311.013
310.806
310.587
310.351
310.096
309.818
309.513
309.178
308.808
308.399
307.947
307.451
306.91
306.326
305.704
305.056
304.393
303.737
303.106
302.52
301.997
301.547
301.173
300.874
300.645
300.478
300.366
300.308
318.35
317.91
317.482
317.067
316.664
316.275
315.901
315.543
315.203
314.88
314.576
314.29
314.021
313.769
313.533
313.31
313.1
312.898
312.703
312.511
312.32
312.127
311.93
311.727
311.514
311.29
311.051
310.794
310.515
310.209
309.873
309.5
309.087
308.629
308.122
307.564
306.957
306.303
305.614
304.902
304.187
303.492
302.84
302.253
301.743
301.319
300.98
300.72
300.53
300.404
300.338
319.545
319.089
318.642
318.207
317.783
317.372
316.976
316.595
316.23
315.883
315.553
315.241
314.947
314.67
314.409
314.162
313.929
313.706
313.49
313.28
313.073
312.865
312.656
312.442
312.221
311.99
311.747
311.486
311.205
310.899
310.563
310.19
309.776
309.315
308.802
308.233
307.608
306.928
306.202
305.443
304.672
303.912
303.191
302.534
301.96
301.48
301.096
300.801
300.586
300.444
300.369
320.742
320.269
319.806
319.352
318.908
318.477
318.059
317.655
317.266
316.893
316.538
316.199
315.878
315.574
315.286
315.013
314.753
314.505
314.267
314.035
313.808
313.583
313.358
313.131
312.899
312.66
312.409
312.145
311.862
311.555
311.219
310.849
310.437
309.977
309.462
308.888
308.252
307.553
306.798
305.999
305.175
304.352
303.561
302.833
302.191
301.651
301.218
300.885
300.644
300.484
300.401
321.851
321.364
320.886
320.416
319.956
319.507
319.07
318.645
318.235
317.84
317.46
317.096
316.749
316.419
316.104
315.804
315.519
315.245
314.983
314.729
314.48
314.236
313.995
313.753
313.509
313.26
313.002
312.732
312.446
312.139
311.805
311.437
311.029
310.574
310.062
309.489
308.848
308.139
307.364
306.533
305.666
304.787
303.932
303.134
302.424
301.823
301.34
300.969
300.7
300.523
300.431
322.748
322.251
321.761
321.28
320.807
320.345
319.893
319.453
319.026
318.613
318.214
317.831
317.462
317.11
316.773
316.45
316.142
315.847
315.564
315.289
315.022
314.761
314.504
314.25
313.994
313.736
313.471
313.196
312.908
312.6
312.268
311.904
311.501
311.052
310.547
309.978
309.34
308.628
307.843
306.993
306.094
305.173
304.263
303.405
302.634
301.978
301.448
301.042
300.749
300.555
300.455
323.279
322.776
322.281
321.793
321.314
320.843
320.384
319.935
319.499
319.075
318.665
318.27
317.889
317.524
317.173
316.837
316.515
316.206
315.909
315.622
315.344
315.072
314.806
314.543
314.28
314.016
313.747
313.469
313.179
312.872
312.541
312.18
311.782
311.338
310.839
310.276
309.643
308.933
308.147
307.29
306.376
305.431
304.489
303.591
302.778
302.083
301.52
301.089
300.779
300.575
300.47
)
;

boundaryField
{
    inlet
    {
        type            fixedValue;
        value           uniform 300;
    }
    outlet
    {
        type            zeroGradient;
    }
    top
    {
        type            zeroGradient;
    }
    slip-bottom
    {
        type            zeroGradient;
    }
    bottom
    {
        type            zeroGradient;
    }
    interface
    {
        type            fixedGradient;
        gradient        nonuniform List<scalar> 
161
(
2999.99
2999.99
2999.99
2999.99
2999.99
2999.99
2999.99
2999.99
2999.99
2999.99
2999.99
2999.99
2999.99
2999.99
2999.99
2999.99
2999.99
2999.99
2999.99
2999.99
1.62004e-12
1.62004e-12
1.62004e-12
1.62004e-12
1.62004e-12
1.62004e-12
1.62004e-12
1.62004e-12
1.62004e-12
1.62004e-12
1.62004e-12
1.62004e-12
1.62004e-12
1.62004e-12
1.62004e-12
1.62004e-12
1.62004e-12
1.62004e-12
1.62004e-12
1.62004e-12
1.42109e-13
1.42109e-13
1.42109e-13
1.42109e-13
1.42109e-13
1.42109e-13
1.42109e-13
1.42109e-13
1.42109e-13
1.42109e-13
1.42109e-13
1.42109e-13
1.42109e-13
1.42109e-13
1.42109e-13
1.42109e-13
-1.42109e-13
-1.42109e-13
-1.42109e-13
-1.42109e-13
-1.42109e-13
-1.42109e-13
-1.42109e-13
-1.42109e-13
-1.42109e-13
-1.42109e-13
-1.42109e-13
-1.42109e-13
-1.42109e-13
-1.42109e-13
-1.42109e-13
5.68434e-14
5.68434e-14
5.68434e-14
5.68434e-14
5.68434e-14
5.68434e-14
5.68434e-14
5.68434e-14
5.68434e-14
5.68434e-14
5.68434e-14
5.68434e-14
8.52651e-14
8.52651e-14
8.52651e-14
8.52651e-14
8.52651e-14
8.52651e-14
8.52651e-14
8.52651e-14
8.52651e-14
8.52651e-14
8.52651e-14
-2.84217e-13
-2.84217e-13
-2.84217e-13
-2.84217e-13
-2.84217e-13
-2.84217e-13
-2.84217e-13
-2.84217e-13
-2.84217e-13
-2.84217e-13
1.13687e-12
1.13687e-12
1.13687e-12
1.13687e-12
1.13687e-12
1.13687e-12
1.13687e-12
1.13687e-12
1.13687e-12
4.26326e-13
4.26326e-13
4.26326e-13
4.26326e-13
4.26326e-13
4.26326e-13
4.26326e-13
4.26326e-13
-9.9476e-13
-9.9476e-13
-9.9476e-13
-9.9476e-13
-9.9476e-13
-9.9476e-13
-9.9476e-13
-9.9476e-13
1.7053e-13
1.7053e-13
1.7053e-13
1.7053e-13
1.7053e-13
1.7053e-13
1.7053e-13
5.68434e-14
5.68434e-14
5.68434e-14
5.68434e-14
5.68434e-14
5.68434e-14
5.68434e-14
2.55795e-13
2.55795e-13
2.55795e-13
2.55795e-13
2.55795e-13
2.55795e-13
8.52651e-14
8.52651e-14
8.52651e-14
8.52651e-14
8.52651e-14
8.52651e-14
1.10845e-12
1.10845e-12
1.10845e-12
1.10845e-12
1.10845e-12
1.10845e-12
)
;
    }
    defaultFaces
    {
        type            empty;
    }
}


// ************************************************************************* //
