/*--------------------------------*- C++ -*----------------------------------*\
  =========                 |
  \\      /  F ield         | OpenFOAM: The Open Source CFD Toolbox
   \\    /   O peration     | Website:  https://openfoam.org
    \\  /    A nd           | Version:  7
     \\/     M anipulation  |
\*---------------------------------------------------------------------------*/
FoamFile
{
    version     2.0;
    format      ascii;
    class       volScalarField;
    location    "8.03";
    object      T;
}
// * * * * * * * * * * * * * * * * * * * * * * * * * * * * * * * * * * * * * //

dimensions      [0 0 0 1 0 0 0];

internalField   nonuniform List<scalar> 
12013
(
300.13
300.392
300.661
300.934
301.209
301.483
301.756
302.026
302.292
302.552
302.806
303.053
303.293
303.525
303.75
303.967
304.176
304.377
304.571
304.758
304.937
305.11
305.277
305.437
305.592
305.741
305.885
306.025
306.16
306.292
306.42
306.545
306.668
306.788
306.908
307.027
307.146
307.266
307.387
307.512
307.64
307.773
307.912
308.059
308.216
308.383
308.564
308.76
308.974
309.209
309.467
309.751
310.066
310.416
310.803
311.234
311.713
312.245
312.838
313.496
314.229
315.042
315.945
316.948
318.06
319.293
320.66
322.174
323.851
325.709
327.769
330.053
332.59
335.413
338.564
342.094
346.073
350.598
355.816
361.969
369.522
300.13
300.393
300.662
300.935
301.21
301.484
301.757
302.027
302.293
302.553
302.807
303.054
303.295
303.527
303.752
303.969
304.178
304.379
304.573
304.76
304.94
305.113
305.279
305.44
305.594
305.744
305.888
306.027
306.163
306.294
306.422
306.548
306.67
306.791
306.911
307.03
307.149
307.268
307.39
307.514
307.642
307.775
307.914
308.061
308.218
308.385
308.566
308.762
308.976
309.21
309.468
309.752
310.066
310.415
310.802
311.232
311.71
312.242
312.833
313.491
314.222
315.033
315.935
316.935
318.044
319.273
320.635
322.144
323.814
325.663
327.712
329.982
332.5
335.298
338.414
341.895
345.8
350.206
355.214
360.948
367.52
300.13
300.393
300.662
300.936
301.211
301.486
301.759
302.029
302.295
302.556
302.81
303.058
303.298
303.531
303.756
303.973
304.183
304.384
304.579
304.765
304.945
305.118
305.285
305.445
305.6
305.75
305.894
306.033
306.169
306.3
306.428
306.554
306.676
306.797
306.917
307.035
307.154
307.274
307.396
307.52
307.648
307.78
307.919
308.066
308.222
308.389
308.57
308.765
308.978
309.212
309.469
309.753
310.067
310.414
310.8
311.229
311.705
312.235
312.824
313.479
314.206
315.014
315.911
316.905
318.008
319.229
320.581
322.077
323.732
325.563
327.587
329.827
332.305
335.05
338.093
341.473
345.232
349.418
354.079
359.242
364.87
300.13
300.394
300.664
300.937
301.213
301.489
301.762
302.033
302.3
302.561
302.816
303.064
303.305
303.538
303.763
303.981
304.191
304.393
304.587
304.774
304.954
305.128
305.294
305.455
305.61
305.759
305.904
306.043
306.179
306.31
306.438
306.564
306.686
306.807
306.926
307.045
307.164
307.284
307.405
307.529
307.656
307.789
307.928
308.074
308.23
308.396
308.576
308.771
308.983
309.216
309.472
309.754
310.067
310.413
310.797
311.223
311.697
312.223
312.809
313.459
314.181
314.983
315.872
316.857
317.949
319.157
320.493
321.969
323.6
325.4
327.386
329.576
331.992
334.655
337.59
340.822
344.378
348.279
352.535
357.125
361.98
300.13
300.395
300.665
300.94
301.216
301.493
301.767
302.039
302.306
302.568
302.824
303.072
303.314
303.548
303.774
303.992
304.202
304.405
304.599
304.787
304.967
305.141
305.308
305.469
305.624
305.774
305.918
306.058
306.194
306.325
306.453
306.578
306.701
306.822
306.941
307.06
307.178
307.298
307.419
307.542
307.67
307.802
307.94
308.086
308.24
308.406
308.585
308.779
308.99
309.222
309.476
309.757
310.067
310.411
310.792
311.215
311.685
312.206
312.786
313.43
314.144
314.937
315.815
316.787
317.863
319.052
320.364
321.813
323.409
325.166
327.098
329.222
331.553
334.107
336.902
339.952
343.268
346.854
350.697
354.765
358.993
300.131
300.396
300.668
300.943
301.221
301.498
301.774
302.047
302.315
302.578
302.834
303.084
303.327
303.561
303.788
304.007
304.218
304.421
304.617
304.805
304.986
305.16
305.327
305.489
305.644
305.794
305.939
306.079
306.214
306.346
306.474
306.599
306.722
306.842
306.961
307.08
307.198
307.317
307.438
307.561
307.688
307.819
307.957
308.102
308.256
308.421
308.598
308.791
309.001
309.23
309.483
309.761
310.068
310.408
310.785
311.204
311.668
312.184
312.756
313.391
314.095
314.874
315.738
316.693
317.747
318.911
320.193
321.604
323.154
324.856
326.721
328.76
330.986
333.41
336.04
338.884
341.941
345.205
348.657
352.262
355.967
300.131
300.398
300.671
300.948
301.227
301.506
301.783
302.057
302.327
302.591
302.849
303.1
303.344
303.58
303.808
304.027
304.239
304.443
304.64
304.829
305.01
305.185
305.353
305.515
305.67
305.821
305.966
306.106
306.242
306.373
306.501
306.626
306.749
306.869
306.988
307.106
307.224
307.343
307.463
307.586
307.712
307.843
307.979
308.123
308.276
308.44
308.616
308.807
309.014
309.241
309.491
309.766
310.069
310.405
310.777
311.19
311.647
312.154
312.717
313.34
314.031
314.795
315.639
316.571
317.599
318.73
319.974
321.338
322.833
324.468
326.25
328.19
330.295
332.57
335.02
337.645
340.44
343.392
346.481
349.677
352.94
300.132
300.401
300.675
300.954
301.235
301.515
301.794
302.07
302.342
302.608
302.868
303.12
303.366
303.603
303.832
304.054
304.267
304.472
304.669
304.859
305.042
305.217
305.386
305.548
305.705
305.855
306.001
306.141
306.277
306.409
306.537
306.662
306.784
306.905
307.023
307.141
307.259
307.377
307.496
307.618
307.743
307.873
308.009
308.151
308.303
308.465
308.639
308.827
309.032
309.256
309.502
309.773
310.072
310.402
310.768
311.173
311.621
312.118
312.669
313.278
313.951
314.696
315.517
316.421
317.416
318.509
319.706
321.016
322.445
324.001
325.689
327.517
329.488
331.604
333.866
336.269
338.806
341.463
344.221
347.055
349.936
300.133
300.404
300.681
300.962
301.245
301.528
301.809
302.087
302.361
302.629
302.891
303.146
303.393
303.633
303.864
304.087
304.301
304.508
304.707
304.898
305.081
305.258
305.428
305.591
305.748
305.899
306.045
306.186
306.322
306.454
306.582
306.707
306.829
306.949
307.068
307.185
307.302
307.419
307.538
307.659
307.783
307.912
308.046
308.187
308.337
308.496
308.668
308.854
309.056
309.276
309.518
309.784
310.077
310.4
310.758
311.153
311.591
312.075
312.611
313.203
313.857
314.577
315.37
316.242
317.198
318.245
319.389
320.635
321.99
323.458
325.044
326.75
328.579
330.531
332.602
334.787
337.077
339.459
341.917
344.43
346.977
300.135
300.408
300.687
300.971
301.257
301.543
301.827
302.108
302.385
302.656
302.921
303.178
303.428
303.67
303.903
304.128
304.345
304.553
304.754
304.946
305.131
305.309
305.48
305.644
305.802
305.954
306.1
306.241
306.378
306.51
306.638
306.763
306.885
307.005
307.123
307.24
307.356
307.473
307.591
307.711
307.834
307.961
308.093
308.232
308.38
308.537
308.706
308.888
309.086
309.302
309.538
309.798
310.084
310.399
310.748
311.132
311.557
312.027
312.545
313.117
313.746
314.439
315.2
316.034
316.946
317.942
319.025
320.202
321.475
322.848
324.324
325.903
327.587
329.372
331.255
333.23
335.287
337.416
339.602
341.83
344.082
300.136
300.412
300.695
300.983
301.272
301.561
301.849
302.134
302.414
302.689
302.957
303.217
303.47
303.715
303.951
304.179
304.398
304.609
304.811
305.006
305.192
305.372
305.544
305.709
305.868
306.021
306.168
306.31
306.447
306.579
306.708
306.833
306.955
307.074
307.192
307.308
307.423
307.539
307.656
307.774
307.896
308.021
308.152
308.289
308.433
308.587
308.753
308.931
309.124
309.335
309.565
309.818
310.096
310.402
310.739
311.111
311.521
311.973
312.471
313.02
313.622
314.284
315.008
315.8
316.663
317.602
318.62
319.72
320.906
322.18
323.541
324.992
326.529
328.151
329.853
331.628
333.469
335.366
337.307
339.279
341.271
300.138
300.418
300.705
300.997
301.29
301.584
301.876
302.166
302.45
302.729
303.001
303.265
303.522
303.77
304.01
304.24
304.463
304.676
304.881
305.078
305.267
305.448
305.622
305.789
305.949
306.103
306.251
306.394
306.531
306.664
306.793
306.918
307.039
307.158
307.275
307.391
307.506
307.62
307.736
307.853
307.973
308.096
308.224
308.358
308.5
308.65
308.812
308.985
309.173
309.378
309.601
309.845
310.114
310.409
310.733
311.09
311.484
311.916
312.392
312.914
313.487
314.113
314.797
315.543
316.353
317.23
318.179
319.2
320.295
321.466
322.713
324.035
325.429
326.893
328.422
330.01
331.651
333.336
335.056
336.8
338.559
300.14
300.425
300.717
301.014
301.312
301.612
301.909
302.203
302.493
302.777
303.054
303.323
303.584
303.837
304.08
304.315
304.541
304.758
304.966
305.166
305.358
305.541
305.717
305.886
306.048
306.203
306.352
306.496
306.634
306.767
306.896
307.021
307.142
307.261
307.377
307.492
307.606
307.719
307.833
307.948
308.066
308.187
308.312
308.444
308.582
308.728
308.885
309.053
309.235
309.432
309.648
309.883
310.14
310.423
310.733
311.074
311.449
311.86
312.31
312.804
313.344
313.932
314.573
315.269
316.023
316.836
317.712
318.651
319.655
320.724
321.856
323.052
324.308
325.621
326.988
328.403
329.86
331.352
332.873
334.413
335.965
300.143
300.434
300.731
301.034
301.339
301.644
301.948
302.249
302.545
302.835
303.118
303.393
303.659
303.917
304.165
304.405
304.635
304.856
305.068
305.272
305.466
305.653
305.831
306.003
306.166
306.323
306.474
306.618
306.757
306.891
307.02
307.145
307.266
307.385
307.5
307.614
307.727
307.839
307.951
308.064
308.179
308.298
308.42
308.548
308.682
308.824
308.975
309.137
309.312
309.502
309.708
309.933
310.179
310.448
310.743
311.066
311.42
311.807
312.231
312.694
313.198
313.747
314.342
314.986
315.681
316.43
317.232
318.089
319.001
319.968
320.99
322.064
323.189
324.361
325.576
326.831
328.121
329.439
330.78
332.137
333.505
300.146
300.444
300.749
301.058
301.371
301.684
301.995
302.303
302.606
302.904
303.193
303.475
303.748
304.012
304.267
304.512
304.748
304.974
305.19
305.398
305.597
305.787
305.968
306.142
306.308
306.467
306.619
306.765
306.905
307.039
307.169
307.294
307.415
307.533
307.648
307.76
307.872
307.982
308.092
308.203
308.316
308.431
308.55
308.674
308.803
308.94
309.086
309.241
309.409
309.59
309.786
310
310.233
310.487
310.765
311.069
311.401
311.763
312.158
312.589
313.056
313.563
314.112
314.703
315.339
316.021
316.75
317.526
318.349
319.218
320.133
321.092
322.094
323.134
324.21
325.319
326.456
327.616
328.796
329.99
331.192
300.15
300.456
300.769
301.087
301.408
301.73
302.051
302.368
302.68
302.985
303.284
303.573
303.854
304.126
304.388
304.64
304.881
305.113
305.336
305.548
305.751
305.946
306.131
306.308
306.477
306.638
306.792
306.94
307.081
307.216
307.346
307.471
307.592
307.709
307.823
307.935
308.044
308.153
308.261
308.37
308.479
308.591
308.706
308.826
308.95
309.082
309.221
309.369
309.529
309.7
309.886
310.088
310.307
310.545
310.806
311.089
311.398
311.734
312.1
312.496
312.926
313.391
313.892
314.43
315.008
315.624
316.281
316.978
317.715
318.491
319.306
320.157
321.044
321.962
322.911
323.887
324.886
325.904
326.94
327.987
329.042
300.155
300.47
300.793
301.121
301.453
301.785
302.116
302.444
302.766
303.082
303.39
303.69
303.98
304.26
304.531
304.79
305.04
305.279
305.508
305.726
305.935
306.134
306.323
306.504
306.676
306.841
306.997
307.146
307.289
307.425
307.555
307.681
307.801
307.918
308.031
308.141
308.249
308.356
308.462
308.567
308.674
308.782
308.893
309.008
309.127
309.252
309.385
309.525
309.676
309.838
310.012
310.201
310.406
310.628
310.869
311.132
311.417
311.726
312.062
312.425
312.817
313.239
313.693
314.179
314.699
315.252
315.84
316.462
317.117
317.806
318.526
319.278
320.058
320.866
321.699
322.554
323.429
324.32
325.226
326.142
327.066
300.161
300.487
300.821
301.162
301.505
301.85
302.193
302.533
302.868
303.196
303.516
303.827
304.128
304.419
304.699
304.968
305.227
305.474
305.71
305.936
306.151
306.356
306.55
306.735
306.911
307.079
307.238
307.389
307.533
307.671
307.802
307.927
308.048
308.164
308.276
308.385
308.491
308.595
308.698
308.801
308.904
309.009
309.115
309.225
309.338
309.457
309.582
309.715
309.856
310.007
310.17
310.345
310.535
310.741
310.963
311.204
311.465
311.748
312.053
312.382
312.737
313.117
313.525
313.961
314.425
314.919
315.441
315.992
316.571
317.178
317.812
318.472
319.156
319.863
320.59
321.337
322.1
322.878
323.668
324.468
325.275
300.167
300.506
300.854
301.209
301.567
301.926
302.284
302.639
302.988
303.33
303.663
303.988
304.302
304.605
304.897
305.177
305.446
305.703
305.948
306.182
306.404
306.615
306.816
307.006
307.187
307.358
307.52
307.674
307.82
307.958
308.09
308.216
308.336
308.452
308.563
308.67
308.774
308.876
308.976
309.076
309.175
309.275
309.377
309.481
309.589
309.701
309.818
309.942
310.074
310.214
310.365
310.527
310.701
310.89
311.093
311.313
311.55
311.806
312.081
312.378
312.696
313.036
313.4
313.788
314.2
314.636
315.097
315.582
316.091
316.623
317.178
317.755
318.351
318.967
319.601
320.25
320.914
321.591
322.278
322.974
323.677
300.175
300.529
300.894
301.265
301.64
302.016
302.391
302.762
303.128
303.486
303.836
304.176
304.505
304.823
305.129
305.422
305.703
305.971
306.226
306.469
306.7
306.919
307.126
307.322
307.507
307.683
307.848
308.005
308.153
308.293
308.426
308.552
308.672
308.786
308.896
309.002
309.104
309.203
309.3
309.396
309.492
309.587
309.684
309.782
309.883
309.988
310.098
310.213
310.335
310.465
310.603
310.751
310.911
311.082
311.266
311.465
311.679
311.909
312.156
312.42
312.704
313.006
313.329
313.671
314.034
314.418
314.822
315.247
315.692
316.156
316.639
317.14
317.659
318.193
318.743
319.306
319.881
320.468
321.064
321.668
322.278
300.183
300.556
300.939
301.33
301.724
302.12
302.515
302.906
303.292
303.669
304.038
304.396
304.743
305.077
305.399
305.707
306.002
306.283
306.55
306.803
307.043
307.271
307.485
307.688
307.879
308.059
308.228
308.388
308.538
308.679
308.813
308.94
309.059
309.173
309.282
309.385
309.485
309.582
309.676
309.768
309.859
309.95
310.041
310.134
310.228
310.326
310.427
310.534
310.646
310.764
310.89
311.025
311.169
311.324
311.49
311.668
311.86
312.065
312.284
312.519
312.77
313.037
313.321
313.621
313.939
314.275
314.627
314.997
315.384
315.787
316.206
316.64
317.088
317.55
318.025
318.512
319.009
319.516
320.031
320.554
321.083
300.194
300.588
300.993
301.405
301.823
302.242
302.66
303.075
303.483
303.883
304.274
304.653
305.02
305.374
305.713
306.038
306.349
306.644
306.924
307.19
307.44
307.677
307.9
308.11
308.307
308.492
308.665
308.828
308.981
309.124
309.259
309.385
309.505
309.618
309.725
309.826
309.924
310.017
310.108
310.196
310.283
310.368
310.454
310.54
310.628
310.719
310.812
310.909
311.011
311.119
311.233
311.355
311.484
311.623
311.771
311.93
312.099
312.281
312.475
312.682
312.902
313.136
313.385
313.647
313.924
314.216
314.522
314.842
315.177
315.525
315.887
316.262
316.648
317.047
317.456
317.875
318.303
318.74
319.184
319.635
320.092
300.206
300.625
301.055
301.494
301.938
302.384
302.829
303.271
303.705
304.132
304.547
304.951
305.341
305.717
306.077
306.421
306.749
307.061
307.356
307.634
307.897
308.144
308.376
308.593
308.797
308.987
309.165
309.331
309.486
309.631
309.767
309.894
310.013
310.125
310.23
310.329
310.424
310.514
310.601
310.685
310.767
310.848
310.928
311.008
311.089
311.171
311.257
311.345
311.437
311.534
311.637
311.745
311.861
311.984
312.115
312.256
312.405
312.565
312.735
312.916
313.109
313.313
313.529
313.757
313.997
314.249
314.514
314.791
315.079
315.379
315.69
316.012
316.345
316.687
317.038
317.399
317.767
318.142
318.524
318.912
319.305
300.22
300.668
301.128
301.597
302.072
302.55
303.026
303.498
303.964
304.42
304.865
305.296
305.712
306.113
306.496
306.862
307.21
307.539
307.85
308.143
308.418
308.677
308.918
309.144
309.354
309.55
309.733
309.903
310.06
310.207
310.343
310.47
310.588
310.699
310.802
310.899
310.991
311.078
311.16
311.24
311.317
311.392
311.466
311.54
311.614
311.689
311.766
311.846
311.928
312.015
312.106
312.202
312.305
312.413
312.529
312.652
312.783
312.922
313.071
313.229
313.396
313.573
313.76
313.957
314.164
314.382
314.609
314.847
315.095
315.353
315.62
315.896
316.181
316.474
316.775
317.084
317.4
317.722
318.049
318.383
318.72
300.237
300.717
301.212
301.717
302.228
302.742
303.254
303.763
304.263
304.754
305.231
305.694
306.14
306.569
306.978
307.367
307.737
308.085
308.414
308.723
309.012
309.282
309.533
309.768
309.985
310.187
310.374
310.547
310.707
310.855
310.992
311.118
311.236
311.344
311.445
311.54
311.628
311.711
311.789
311.864
311.936
312.006
312.074
312.141
312.208
312.276
312.345
312.416
312.489
312.565
312.646
312.73
312.82
312.915
313.016
313.123
313.237
313.358
313.487
313.624
313.768
313.921
314.082
314.252
314.43
314.617
314.813
315.017
315.229
315.45
315.678
315.914
316.158
316.409
316.667
316.931
317.201
317.476
317.757
318.043
318.332
300.256
300.776
301.31
301.856
302.409
302.965
303.519
304.069
304.61
305.139
305.654
306.152
306.631
307.091
307.528
307.944
308.337
308.706
309.054
309.379
309.682
309.964
310.227
310.469
310.694
310.901
311.093
311.269
311.43
311.579
311.716
311.842
311.958
312.064
312.163
312.254
312.338
312.417
312.491
312.561
312.627
312.691
312.753
312.814
312.874
312.934
312.995
313.058
313.122
313.189
313.259
313.333
313.411
313.493
313.581
313.674
313.772
313.877
313.988
314.105
314.23
314.361
314.499
314.645
314.798
314.958
315.126
315.3
315.482
315.671
315.866
316.068
316.276
316.491
316.711
316.936
317.167
317.403
317.643
317.887
318.135
300.278
300.843
301.425
302.018
302.619
303.223
303.826
304.422
305.009
305.582
306.139
306.677
307.193
307.686
308.155
308.598
309.016
309.409
309.775
310.117
310.435
310.73
311.002
311.254
311.485
311.697
311.892
312.07
312.234
312.383
312.519
312.643
312.757
312.861
312.956
313.043
313.123
313.198
313.267
313.331
313.392
313.45
313.506
313.56
313.613
313.667
313.72
313.774
313.83
313.888
313.949
314.012
314.08
314.151
314.226
314.306
314.39
314.48
314.575
314.676
314.783
314.895
315.014
315.139
315.27
315.407
315.55
315.699
315.854
316.016
316.183
316.355
316.533
316.716
316.904
317.097
317.294
317.496
317.701
317.91
318.123
300.304
300.922
301.557
302.206
302.863
303.522
304.18
304.83
305.469
306.092
306.695
307.277
307.833
308.363
308.865
309.338
309.782
310.198
310.585
310.944
311.276
311.582
311.864
312.123
312.36
312.577
312.774
312.954
313.117
313.266
313.401
313.523
313.633
313.734
313.825
313.908
313.984
314.053
314.117
314.176
314.231
314.283
314.333
314.38
314.427
314.473
314.519
314.566
314.614
314.664
314.716
314.77
314.827
314.888
314.952
315.02
315.093
315.17
315.251
315.338
315.429
315.525
315.627
315.733
315.845
315.963
316.085
316.213
316.346
316.484
316.626
316.774
316.926
317.082
317.243
317.408
317.577
317.749
317.925
318.104
318.286
300.334
301.013
301.711
302.423
303.144
303.868
304.588
305.299
305.996
306.675
307.33
307.959
308.559
309.128
309.665
310.169
310.641
311.079
311.486
311.861
312.207
312.524
312.814
313.08
313.321
313.54
313.739
313.919
314.082
314.228
314.36
314.479
314.586
314.683
314.769
314.847
314.918
314.982
315.04
315.093
315.143
315.189
315.232
315.274
315.314
315.353
315.393
315.433
315.473
315.515
315.559
315.606
315.654
315.706
315.761
315.819
315.881
315.946
316.016
316.09
316.168
316.25
316.337
316.429
316.525
316.626
316.731
316.84
316.954
317.072
317.195
317.321
317.451
317.586
317.723
317.865
318.009
318.157
318.308
318.461
318.617
300.369
301.118
301.889
302.675
303.47
304.266
305.058
305.838
306.6
307.34
308.052
308.732
309.379
309.989
310.562
311.098
311.595
312.056
312.481
312.872
313.229
313.555
313.852
314.122
314.366
314.586
314.785
314.963
315.123
315.266
315.395
315.509
315.612
315.703
315.784
315.857
315.922
315.98
316.032
316.08
316.124
316.164
316.202
316.237
316.272
316.305
316.338
316.372
316.406
316.442
316.479
316.518
316.56
316.603
316.65
316.7
316.753
316.809
316.869
316.932
317
317.071
317.146
317.225
317.307
317.394
317.485
317.579
317.677
317.779
317.884
317.993
318.105
318.221
318.34
318.461
318.586
318.713
318.843
318.975
319.109
300.409
301.241
302.095
302.966
303.845
304.725
305.597
306.454
307.289
308.095
308.868
309.603
310.298
310.951
311.56
312.126
312.649
313.131
313.572
313.975
314.341
314.674
314.975
315.246
315.49
315.709
315.904
316.079
316.235
316.374
316.497
316.606
316.703
316.788
316.864
316.931
316.99
317.042
317.089
317.132
317.17
317.205
317.237
317.268
317.297
317.325
317.353
317.382
317.411
317.441
317.473
317.506
317.542
317.579
317.62
317.663
317.708
317.757
317.809
317.864
317.923
317.985
318.05
318.119
318.191
318.266
318.345
318.427
318.512
318.601
318.692
318.787
318.884
318.985
319.087
319.193
319.301
319.411
319.523
319.637
319.753
300.456
301.382
302.334
303.302
304.278
305.252
306.215
307.158
308.071
308.95
309.787
310.579
311.323
312.017
312.661
313.255
313.801
314.299
314.753
315.165
315.537
315.872
316.173
316.443
316.684
316.898
317.089
317.259
317.409
317.541
317.658
317.761
317.851
317.93
318
318.061
318.114
318.162
318.203
318.241
318.274
318.305
318.333
318.359
318.385
318.409
318.434
318.458
318.484
318.51
318.538
318.567
318.598
318.631
318.667
318.705
318.746
318.789
318.835
318.884
318.936
318.991
319.049
319.11
319.173
319.24
319.31
319.382
319.457
319.535
319.615
319.698
319.784
319.872
319.962
320.054
320.148
320.244
320.342
320.441
320.542
300.51
301.546
302.609
303.689
304.776
305.856
306.92
307.956
308.956
309.91
310.815
311.664
312.456
313.189
313.864
314.481
315.044
315.555
316.016
316.431
316.804
317.137
317.434
317.699
317.934
318.142
318.325
318.487
318.63
318.755
318.864
318.96
319.044
319.117
319.181
319.237
319.285
319.328
319.366
319.399
319.43
319.457
319.482
319.506
319.529
319.551
319.574
319.596
319.62
319.644
319.67
319.697
319.726
319.757
319.79
319.825
319.862
319.902
319.944
319.989
320.037
320.087
320.139
320.195
320.252
320.312
320.375
320.44
320.508
320.577
320.649
320.723
320.799
320.877
320.957
321.038
321.121
321.206
321.292
321.379
321.467
300.573
301.735
302.926
304.134
305.346
306.546
307.721
308.859
309.948
310.982
311.952
312.857
313.692
314.459
315.158
315.793
316.366
316.882
317.344
317.757
318.124
318.451
318.74
318.996
319.221
319.42
319.594
319.747
319.881
319.998
320.1
320.189
320.267
320.335
320.394
320.446
320.491
320.531
320.566
320.598
320.626
320.653
320.677
320.701
320.723
320.746
320.768
320.791
320.814
320.839
320.865
320.892
320.921
320.951
320.983
321.018
321.054
321.092
321.133
321.176
321.221
321.268
321.317
321.369
321.423
321.478
321.536
321.596
321.658
321.721
321.786
321.853
321.922
321.992
322.064
322.136
322.211
322.286
322.362
322.44
322.518
300.645
301.953
303.291
304.645
305.996
307.328
308.624
309.87
311.053
312.164
313.198
314.151
315.022
315.814
316.529
317.171
317.746
318.258
318.713
319.117
319.473
319.788
320.065
320.309
320.522
320.71
320.873
321.017
321.142
321.251
321.347
321.43
321.503
321.567
321.624
321.673
321.717
321.756
321.792
321.824
321.854
321.882
321.908
321.934
321.959
321.984
322.008
322.034
322.06
322.087
322.115
322.144
322.175
322.207
322.241
322.276
322.314
322.353
322.393
322.436
322.48
322.526
322.574
322.624
322.675
322.728
322.783
322.839
322.897
322.956
323.016
323.078
323.14
323.204
323.269
323.335
323.402
323.47
323.538
323.608
323.677
300.728
302.203
303.709
305.226
306.734
308.211
309.636
310.993
312.268
313.451
314.539
315.529
316.425
317.231
317.949
318.587
319.151
319.65
320.09
320.476
320.816
321.115
321.376
321.605
321.806
321.981
322.135
322.269
322.387
322.491
322.582
322.662
322.733
322.796
322.852
322.903
322.949
322.99
323.029
323.065
323.098
323.131
323.162
323.192
323.222
323.252
323.282
323.312
323.343
323.375
323.407
323.441
323.475
323.511
323.548
323.586
323.626
323.667
323.709
323.753
323.798
323.845
323.893
323.942
323.992
324.043
324.096
324.15
324.204
324.26
324.317
324.374
324.432
324.491
324.551
324.611
324.672
324.733
324.795
324.857
324.92
300.822
302.488
304.184
305.886
307.567
309.198
310.757
312.222
313.582
314.828
315.953
316.961
317.86
318.658
319.363
319.984
320.53
321.008
321.427
321.794
322.114
322.394
322.64
322.854
323.042
323.207
323.352
323.48
323.593
323.693
323.783
323.863
323.935
324
324.059
324.114
324.164
324.211
324.256
324.298
324.339
324.378
324.416
324.454
324.491
324.528
324.565
324.602
324.64
324.678
324.716
324.756
324.795
324.836
324.877
324.92
324.963
325.007
325.052
325.097
325.144
325.191
325.24
325.289
325.339
325.389
325.441
325.493
325.545
325.598
325.651
325.705
325.76
325.814
325.869
325.925
325.98
326.035
326.091
326.147
326.203
300.93
302.812
304.724
306.63
308.497
310.291
311.984
313.54
314.954
316.227
317.364
318.371
319.26
320.04
320.723
321.319
321.838
322.291
322.685
323.029
323.328
323.59
323.819
324.02
324.197
324.353
324.492
324.616
324.727
324.827
324.917
325
325.076
325.146
325.211
325.272
325.33
325.385
325.438
325.489
325.538
325.587
325.634
325.68
325.726
325.772
325.817
325.862
325.907
325.952
325.997
326.042
326.088
326.134
326.18
326.226
326.273
326.32
326.368
326.416
326.464
326.513
326.562
326.611
326.66
326.71
326.76
326.81
326.861
326.911
326.961
327.012
327.063
327.113
327.163
327.214
327.264
327.314
327.364
327.414
327.463
301.05
303.177
305.328
307.459
309.526
311.46
313.238
314.851
316.297
317.58
318.711
319.702
320.566
321.316
321.967
322.531
323.019
323.442
323.809
324.129
324.407
324.651
324.865
325.054
325.222
325.372
325.507
325.629
325.74
325.842
325.936
326.024
326.105
326.182
326.255
326.324
326.391
326.455
326.517
326.577
326.636
326.693
326.749
326.805
326.859
326.913
326.966
327.019
327.071
327.123
327.174
327.225
327.276
327.327
327.377
327.427
327.477
327.527
327.577
327.626
327.676
327.725
327.774
327.823
327.872
327.921
327.969
328.017
328.065
328.113
328.16
328.207
328.254
328.3
328.346
328.391
328.437
328.481
328.526
328.57
328.613
301.181
303.573
305.989
308.34
310.55
312.584
314.424
316.068
317.521
318.793
319.899
320.858
321.684
322.396
323.009
323.536
323.99
324.382
324.722
325.018
325.277
325.504
325.706
325.885
326.046
326.192
326.324
326.446
326.558
326.663
326.76
326.853
326.94
327.024
327.104
327.18
327.255
327.326
327.396
327.464
327.531
327.596
327.66
327.722
327.784
327.844
327.904
327.962
328.02
328.077
328.133
328.189
328.243
328.297
328.351
328.404
328.456
328.507
328.558
328.609
328.659
328.708
328.757
328.805
328.853
328.9
328.947
328.993
329.038
329.083
329.128
329.171
329.214
329.257
329.299
329.34
329.381
329.421
329.461
329.5
329.538
301.301
303.95
306.587
309.085
311.392
313.482
315.346
316.988
318.422
319.665
320.735
321.655
322.442
323.116
323.693
324.187
324.612
324.979
325.298
325.575
325.819
326.034
326.226
326.398
326.553
326.695
326.826
326.947
327.06
327.166
327.266
327.361
327.452
327.539
327.623
327.704
327.783
327.859
327.934
328.006
328.077
328.147
328.214
328.281
328.346
328.411
328.474
328.535
328.596
328.656
328.715
328.773
328.83
328.885
328.941
328.995
329.048
329.101
329.152
329.203
329.253
329.302
329.351
329.399
329.446
329.492
329.537
329.582
329.625
329.669
329.711
329.752
329.793
329.833
329.873
329.911
329.949
329.986
330.023
330.059
330.094
379.648
387.577
394.258
400.094
405.283
409.932
414.103
417.83
421.126
423.993
426.418
428.379
429.84
430.754
431.053
430.646
429.404
427.129
423.491
417.832
408.505
402.198
397.37
393.421
390.062
387.132
384.529
382.185
380.052
378.092
376.28
374.592
373.011
371.523
370.117
368.782
367.51
366.294
365.128
364.006
362.925
361.878
360.864
359.879
358.921
357.985
357.072
356.177
355.301
354.44
353.594
352.762
351.941
351.132
350.333
349.543
348.762
347.988
347.223
346.464
345.713
344.967
344.228
343.495
342.767
342.046
341.33
340.62
339.916
339.217
338.525
337.838
337.157
336.483
335.815
335.153
334.498
333.85
333.209
332.575
331.949
331.33
330.72
330.118
329.525
328.94
328.365
327.799
327.242
326.696
326.16
325.634
325.12
324.616
324.123
323.641
323.171
322.713
322.266
321.831
321.408
320.997
320.598
320.21
319.834
319.47
319.117
318.776
318.446
318.127
317.819
317.522
317.235
316.957
316.69
316.432
316.184
315.944
315.713
315.49
315.275
315.068
314.867
314.674
314.487
314.306
314.132
313.963
313.799
313.64
313.485
313.335
313.19
313.048
312.909
312.774
312.642
312.513
312.387
312.263
312.141
312.022
311.905
311.789
311.675
311.563
311.452
311.342
311.234
311.127
311.021
310.916
310.812
310.709
310.607
310.506
310.406
310.306
310.208
310.111
310.016
374.914
381.799
388.009
393.598
398.644
403.205
407.32
411.011
414.287
417.144
419.57
421.54
423.02
423.964
424.308
423.969
422.835
420.748
417.491
412.797
406.62
401.281
396.83
393.061
389.803
386.937
384.376
382.063
379.952
378.01
376.21
374.533
372.961
371.48
370.079
368.749
367.481
366.269
365.106
363.987
362.907
361.863
360.85
359.867
358.909
357.975
357.062
356.169
355.293
354.433
353.588
352.756
351.936
351.127
350.328
349.538
348.758
347.985
347.219
346.461
345.709
344.964
344.225
343.492
342.765
342.043
341.328
340.618
339.914
339.215
338.522
337.836
337.155
336.481
335.813
335.151
334.496
333.848
333.207
332.573
331.947
331.328
330.718
330.116
329.523
328.938
328.363
327.797
327.24
326.694
326.158
325.633
325.118
324.614
324.121
323.64
323.17
322.711
322.265
321.83
321.407
320.996
320.596
320.209
319.833
319.469
319.116
318.775
318.445
318.126
317.818
317.521
317.234
316.957
316.69
316.432
316.183
315.944
315.713
315.49
315.275
315.067
314.867
314.674
314.487
314.306
314.132
313.962
313.799
313.64
313.485
313.335
313.19
313.048
312.909
312.774
312.642
312.513
312.387
312.263
312.142
312.022
311.905
311.789
311.675
311.563
311.452
311.343
311.235
311.127
311.021
310.917
310.813
310.71
310.607
310.506
310.406
310.306
310.208
310.111
310.016
370.835
376.722
382.297
387.481
392.26
396.64
400.632
404.239
407.461
410.288
412.704
414.684
416.196
417.194
417.624
417.416
416.484
414.723
412.03
408.358
403.923
399.62
395.738
392.297
389.241
386.506
384.037
381.79
379.729
377.825
376.055
374.402
372.849
371.384
369.997
368.677
367.419
366.214
365.057
363.944
362.869
361.829
360.82
359.84
358.885
357.953
357.043
356.151
355.277
354.419
353.575
352.744
351.925
351.117
350.319
349.53
348.75
347.977
347.212
346.454
345.703
344.958
344.22
343.487
342.76
342.039
341.323
340.613
339.909
339.211
338.518
337.832
337.151
336.477
335.809
335.147
334.492
333.844
333.203
332.569
331.943
331.325
330.714
330.112
329.519
328.934
328.359
327.793
327.237
326.691
326.155
325.629
325.114
324.61
324.118
323.636
323.167
322.708
322.262
321.827
321.404
320.993
320.594
320.206
319.83
319.466
319.114
318.773
318.443
318.124
317.817
317.519
317.232
316.955
316.688
316.431
316.182
315.943
315.712
315.489
315.274
315.067
314.867
314.673
314.487
314.306
314.132
313.962
313.799
313.64
313.486
313.336
313.19
313.048
312.91
312.775
312.643
312.514
312.388
312.264
312.142
312.023
311.905
311.79
311.676
311.564
311.453
311.343
311.235
311.128
311.022
310.917
310.813
310.71
310.608
310.507
310.407
310.307
310.209
310.112
310.017
367.018
372.089
377.033
381.749
386.185
390.315
394.124
397.6
400.732
403.503
405.894
407.879
409.426
410.496
411.042
411.011
410.342
408.978
406.883
404.092
400.798
397.398
394.138
391.113
388.34
385.803
383.477
381.336
379.355
377.514
375.794
374.181
372.661
371.223
369.858
368.558
367.315
366.123
364.978
363.874
362.807
361.774
360.772
359.797
358.847
357.919
357.012
356.124
355.252
354.396
353.554
352.725
351.908
351.101
350.305
349.517
348.738
347.966
347.202
346.445
345.694
344.95
344.212
343.479
342.753
342.032
341.317
340.607
339.903
339.205
338.513
337.826
337.146
336.471
335.803
335.142
334.487
333.839
333.198
332.564
331.938
331.319
330.709
330.107
329.513
328.929
328.353
327.788
327.231
326.685
326.149
325.624
325.109
324.605
324.113
323.631
323.162
322.703
322.257
321.822
321.399
320.988
320.589
320.202
319.827
319.463
319.111
318.77
318.44
318.121
317.814
317.517
317.23
316.953
316.686
316.429
316.181
315.941
315.711
315.488
315.273
315.066
314.866
314.673
314.486
314.306
314.131
313.963
313.799
313.64
313.486
313.336
313.191
313.049
312.91
312.776
312.644
312.515
312.388
312.265
312.143
312.024
311.907
311.791
311.677
311.565
311.454
311.345
311.237
311.129
311.024
310.919
310.815
310.712
310.61
310.508
310.408
310.308
310.21
310.113
310.018
363.339
367.749
372.119
376.365
380.427
384.264
387.848
391.154
394.163
396.852
399.2
401.18
402.761
403.911
404.59
404.759
404.38
403.426
401.893
399.834
397.381
394.741
392.086
389.516
387.081
384.796
382.661
380.666
378.8
377.05
375.403
373.849
372.378
370.981
369.65
368.378
367.159
365.988
364.86
363.772
362.718
361.695
360.702
359.735
358.792
357.871
356.969
356.085
355.218
354.365
353.527
352.7
351.885
351.081
350.286
349.5
348.722
347.952
347.189
346.433
345.683
344.94
344.202
343.47
342.744
342.024
341.309
340.599
339.896
339.198
338.506
337.819
337.139
336.465
335.797
335.135
334.48
333.832
333.191
332.557
331.931
331.312
330.702
330.1
329.506
328.922
328.346
327.78
327.224
326.678
326.142
325.617
325.102
324.598
324.106
323.624
323.155
322.697
322.25
321.816
321.393
320.982
320.584
320.197
319.821
319.458
319.106
318.765
318.436
318.118
317.81
317.513
317.227
316.95
316.684
316.427
316.179
315.94
315.709
315.487
315.272
315.065
314.865
314.673
314.486
314.306
314.132
313.963
313.799
313.641
313.487
313.337
313.192
313.05
312.912
312.777
312.645
312.516
312.39
312.266
312.145
312.026
311.908
311.793
311.679
311.567
311.456
311.347
311.239
311.132
311.026
310.921
310.817
310.714
310.612
310.51
310.41
310.311
310.212
310.115
310.019
359.76
363.622
367.486
371.288
374.974
378.5
381.832
384.941
387.801
390.387
392.673
394.635
396.244
397.471
398.286
398.66
398.569
398.003
396.97
395.517
393.731
391.731
389.633
387.523
385.455
383.463
381.559
379.749
378.031
376.401
374.853
373.38
371.977
370.636
369.353
368.122
366.938
365.797
364.695
363.627
362.592
361.586
360.607
359.651
358.718
357.806
356.911
356.034
355.172
354.325
353.49
352.668
351.856
351.055
350.263
349.479
348.703
347.935
347.173
346.419
345.67
344.928
344.191
343.46
342.734
342.014
341.3
340.591
339.888
339.19
338.498
337.812
337.132
336.457
335.789
335.128
334.473
333.825
333.184
332.55
331.923
331.305
330.694
330.092
329.498
328.913
328.338
327.772
327.215
326.669
326.133
325.608
325.093
324.589
324.097
323.616
323.146
322.688
322.242
321.808
321.385
320.975
320.576
320.19
319.815
319.451
319.1
318.76
318.431
318.113
317.806
317.509
317.223
316.947
316.681
316.424
316.176
315.937
315.707
315.485
315.271
315.064
314.865
314.672
314.486
314.306
314.132
313.964
313.8
313.642
313.488
313.339
313.193
313.052
312.914
312.779
312.647
312.519
312.393
312.269
312.148
312.028
311.911
311.796
311.682
311.57
311.459
311.35
311.242
311.135
311.029
310.924
310.82
310.717
310.615
310.513
310.413
310.314
310.215
310.118
310.022
356.27
359.668
363.088
366.482
369.807
373.021
376.091
378.987
381.68
384.144
386.354
388.284
389.91
391.205
392.146
392.712
392.888
392.671
392.071
391.122
389.883
388.427
386.831
385.162
383.471
381.792
380.149
378.555
377.016
375.535
374.112
372.745
371.43
370.165
368.946
367.77
366.634
365.533
364.466
363.43
362.421
361.438
360.478
359.54
358.621
357.72
356.837
355.968
355.114
354.274
353.445
352.628
351.821
351.023
350.234
349.454
348.681
347.915
347.155
346.402
345.655
344.914
344.179
343.449
342.724
342.005
341.291
340.583
339.88
339.183
338.491
337.805
337.125
336.45
335.782
335.121
334.466
333.817
333.176
332.542
331.915
331.296
330.685
330.083
329.489
328.904
328.328
327.762
327.205
326.659
326.123
325.597
325.083
324.579
324.087
323.605
323.136
322.678
322.232
321.798
321.376
320.966
320.568
320.181
319.807
319.444
319.093
318.753
318.424
318.107
317.8
317.504
317.218
316.943
316.677
316.421
316.174
315.935
315.705
315.484
315.27
315.064
314.865
314.672
314.487
314.307
314.133
313.965
313.802
313.644
313.49
313.341
313.196
313.054
312.917
312.782
312.651
312.522
312.396
312.273
312.151
312.032
311.915
311.8
311.686
311.574
311.463
311.354
311.246
311.139
311.033
310.928
310.824
310.721
310.619
310.518
310.417
310.318
310.219
310.122
310.025
352.871
355.868
358.898
361.923
364.91
367.823
370.633
373.309
375.825
378.155
380.274
382.159
383.786
385.134
386.184
386.92
387.33
387.414
387.18
386.653
385.869
384.876
383.726
382.468
381.145
379.788
378.423
377.068
375.733
374.427
373.153
371.914
370.71
369.54
368.403
367.299
366.224
365.178
364.158
363.162
362.189
361.237
360.305
359.39
358.492
357.609
356.74
355.884
355.041
354.21
353.389
352.579
351.778
350.985
350.201
349.424
348.655
347.892
347.135
346.385
345.64
344.9
344.166
343.438
342.714
341.996
341.283
340.575
339.873
339.176
338.484
337.798
337.118
336.444
335.776
335.114
334.459
333.81
333.168
332.534
331.907
331.288
330.676
330.073
329.479
328.894
328.318
327.751
327.194
326.648
326.111
325.586
325.071
324.567
324.075
323.594
323.125
322.667
322.221
321.787
321.366
320.956
320.558
320.172
319.798
319.435
319.085
318.745
318.417
318.1
317.794
317.499
317.214
316.939
316.673
316.418
316.171
315.933
315.704
315.483
315.27
315.064
314.865
314.673
314.488
314.309
314.135
313.967
313.805
313.647
313.494
313.345
313.2
313.059
312.921
312.787
312.655
312.527
312.401
312.278
312.157
312.038
311.921
311.805
311.692
311.58
311.469
311.36
311.252
311.145
311.039
310.934
310.83
310.727
310.625
310.524
310.423
310.324
310.225
310.127
310.031
349.568
352.217
354.902
357.596
360.271
362.901
365.458
367.916
370.251
372.439
374.456
376.283
377.897
379.28
380.416
381.291
381.898
382.234
382.305
382.127
381.723
381.124
380.366
379.482
378.506
377.466
376.385
375.281
374.168
373.056
371.952
370.862
369.789
368.734
367.698
366.682
365.685
364.708
363.748
362.806
361.88
360.969
360.073
359.19
358.32
357.461
356.613
355.776
354.948
354.13
353.32
352.519
351.726
350.94
350.162
349.391
348.626
347.867
347.114
346.366
345.624
344.887
344.154
343.427
342.705
341.988
341.276
340.569
339.867
339.171
338.48
337.794
337.114
336.439
335.771
335.109
334.453
333.804
333.162
332.527
331.899
331.279
330.668
330.064
329.469
328.884
328.307
327.74
327.183
326.636
326.099
325.573
325.058
324.554
324.062
323.581
323.112
322.654
322.209
321.775
321.354
320.944
320.547
320.162
319.788
319.426
319.076
318.737
318.41
318.094
317.788
317.493
317.209
316.935
316.67
316.415
316.169
315.932
315.703
315.483
315.27
315.065
314.867
314.675
314.49
314.312
314.139
313.971
313.809
313.651
313.498
313.35
313.205
313.064
312.927
312.793
312.662
312.534
312.408
312.285
312.164
312.045
311.928
311.813
311.7
311.588
311.477
311.368
311.26
311.153
311.047
310.942
310.839
310.736
310.633
310.532
310.432
310.332
310.233
310.135
310.038
346.372
348.714
351.094
353.491
355.883
358.249
360.567
362.814
364.969
367.011
368.919
370.675
372.26
373.658
374.855
375.839
376.603
377.143
377.463
377.572
377.483
377.218
376.797
376.247
375.591
374.852
374.049
373.199
372.316
371.412
370.495
369.571
368.646
367.723
366.806
365.895
364.993
364.099
363.214
362.339
361.472
360.614
359.765
358.924
358.09
357.264
356.445
355.633
354.827
354.027
353.233
352.445
351.662
350.886
350.116
349.351
348.592
347.839
347.09
346.346
345.607
344.873
344.143
343.418
342.698
341.982
341.272
340.566
339.864
339.168
338.477
337.792
337.111
336.437
335.768
335.106
334.45
333.8
333.157
332.521
331.893
331.273
330.66
330.056
329.46
328.874
328.297
327.729
327.171
326.624
326.087
325.561
325.045
324.541
324.049
323.568
323.099
322.641
322.196
321.763
321.342
320.933
320.536
320.151
319.778
319.417
319.067
318.729
318.402
318.087
317.782
317.488
317.205
316.931
316.667
316.413
316.168
315.931
315.703
315.484
315.272
315.067
314.87
314.679
314.495
314.316
314.144
313.977
313.815
313.658
313.506
313.357
313.213
313.073
312.936
312.802
312.671
312.543
312.418
312.295
312.174
312.055
311.939
311.824
311.71
311.598
311.488
311.379
311.271
311.164
311.058
310.953
310.849
310.746
310.644
310.543
310.442
310.342
310.243
310.145
310.048
343.294
345.365
347.474
349.605
351.74
353.864
355.958
358.004
359.984
361.88
363.674
365.35
366.891
368.285
369.517
370.578
371.461
372.162
372.68
373.019
373.189
373.201
373.07
372.811
372.443
371.981
371.443
370.841
370.189
369.497
368.775
368.029
367.266
366.491
365.707
364.917
364.124
363.329
362.533
361.738
360.944
360.152
359.361
358.573
357.787
357.003
356.221
355.442
354.665
353.89
353.118
352.349
351.583
350.82
350.06
349.305
348.554
347.807
347.064
346.325
345.59
344.86
344.133
343.411
342.693
341.979
341.27
340.565
339.865
339.169
338.479
337.793
337.113
336.438
335.769
335.106
334.449
333.799
333.155
332.519
331.889
331.268
330.654
330.049
329.453
328.865
328.287
327.719
327.161
326.612
326.075
325.548
325.033
324.528
324.036
323.555
323.085
322.628
322.183
321.75
321.33
320.921
320.525
320.14
319.768
319.408
319.059
318.722
318.396
318.081
317.777
317.484
317.202
316.929
316.666
316.413
316.168
315.933
315.706
315.487
315.275
315.072
314.875
314.685
314.501
314.324
314.152
313.986
313.824
313.668
313.516
313.368
313.224
313.084
312.947
312.814
312.683
312.556
312.431
312.308
312.187
312.069
311.952
311.837
311.724
311.612
311.502
311.393
311.285
311.178
311.072
310.968
310.864
310.761
310.659
310.557
310.456
310.356
310.257
310.159
310.061
340.346
342.178
344.045
345.937
347.841
349.744
351.631
353.488
355.299
357.051
358.728
360.316
361.801
363.172
364.416
365.526
366.493
367.312
367.982
368.504
368.882
369.121
369.232
369.223
369.107
368.896
368.601
368.234
367.805
367.324
366.799
366.237
365.644
365.026
364.387
363.73
363.06
362.377
361.684
360.983
360.275
359.561
358.841
358.118
357.39
356.658
355.924
355.187
354.448
353.707
352.965
352.222
351.478
350.734
349.991
349.249
348.508
347.77
347.034
346.302
345.573
344.847
344.125
343.406
342.691
341.979
341.272
340.568
339.869
339.174
338.484
337.799
337.119
336.444
335.774
335.11
334.453
333.802
333.157
332.519
331.889
331.266
330.652
330.046
329.448
328.859
328.28
327.711
327.152
326.603
326.064
325.537
325.021
324.517
324.024
323.542
323.073
322.616
322.171
321.739
321.319
320.911
320.515
320.131
319.759
319.4
319.052
318.716
318.391
318.077
317.774
317.482
317.201
316.929
316.667
316.415
316.171
315.937
315.711
315.493
315.282
315.079
314.884
314.694
314.512
314.335
314.164
313.998
313.837
313.681
313.53
313.382
313.239
313.099
312.963
312.83
312.7
312.573
312.448
312.325
312.205
312.087
311.97
311.855
311.742
311.631
311.52
311.411
311.304
311.197
311.091
310.986
310.882
310.779
310.677
310.576
310.475
310.375
310.275
310.176
310.078
337.542
339.16
340.812
342.491
344.186
345.887
347.584
349.264
350.916
352.527
354.086
355.58
356.999
358.331
359.567
360.698
361.717
362.619
363.401
364.062
364.601
365.023
365.331
365.532
365.632
365.64
365.565
365.413
365.194
364.914
364.582
364.203
363.783
363.328
362.841
362.327
361.789
361.229
360.651
360.056
359.445
358.821
358.185
357.537
356.879
356.212
355.535
354.851
354.16
353.462
352.758
352.049
351.335
350.618
349.897
349.174
348.45
347.725
347
346.276
345.554
344.834
344.117
343.403
342.691
341.983
341.278
340.576
339.878
339.185
338.495
337.81
337.13
336.455
335.785
335.12
334.462
333.81
333.164
332.525
331.893
331.269
330.653
330.046
329.447
328.857
328.277
327.706
327.146
326.596
326.057
325.529
325.012
324.507
324.014
323.533
323.063
322.607
322.162
321.73
321.31
320.902
320.507
320.124
319.753
319.395
319.048
318.713
318.389
318.076
317.775
317.484
317.203
316.933
316.672
316.42
316.178
315.945
315.72
315.503
315.293
315.092
314.897
314.708
314.526
314.35
314.18
314.015
313.855
313.7
313.549
313.402
313.259
313.12
312.984
312.851
312.722
312.595
312.47
312.348
312.228
312.11
311.993
311.879
311.766
311.654
311.544
311.435
311.328
311.221
311.115
311.01
310.906
310.803
310.701
310.599
310.499
310.398
310.299
310.2
310.101
334.895
336.322
337.782
339.269
340.776
342.295
343.817
345.333
346.834
348.31
349.751
351.148
352.491
353.771
354.98
356.11
357.154
358.107
358.966
359.726
360.387
360.95
361.416
361.787
362.068
362.264
362.379
362.419
362.391
362.299
362.15
361.948
361.698
361.405
361.073
360.706
360.306
359.878
359.422
358.942
358.439
357.916
357.374
356.813
356.236
355.643
355.036
354.415
353.782
353.137
352.481
351.815
351.14
350.457
349.767
349.071
348.369
347.663
346.955
346.244
345.532
344.82
344.11
343.401
342.694
341.99
341.288
340.589
339.893
339.201
338.512
337.828
337.148
336.473
335.802
335.137
334.478
333.824
333.177
332.537
331.904
331.279
330.661
330.052
329.451
328.86
328.278
327.706
327.145
326.594
326.054
325.525
325.008
324.502
324.008
323.527
323.058
322.601
322.156
321.724
321.305
320.898
320.504
320.121
319.752
319.394
319.048
318.714
318.391
318.08
317.779
317.49
317.21
316.941
316.682
316.432
316.191
315.958
315.734
315.519
315.31
315.109
314.916
314.728
314.547
314.372
314.203
314.038
313.879
313.724
313.574
313.428
313.286
313.147
313.012
312.88
312.75
312.623
312.499
312.377
312.257
312.14
312.024
311.909
311.796
311.685
311.575
311.466
311.358
311.252
311.146
311.041
310.937
310.834
310.732
310.63
310.529
310.428
310.329
310.229
310.13
332.416
333.673
334.962
336.277
337.614
338.967
340.329
341.693
343.052
344.398
345.724
347.022
348.283
349.501
350.668
351.777
352.823
353.8
354.704
355.53
356.278
356.945
357.531
358.037
358.464
358.815
359.092
359.299
359.439
359.516
359.535
359.498
359.41
359.275
359.095
358.875
358.616
358.322
357.994
357.636
357.249
356.834
356.394
355.931
355.444
354.936
354.408
353.861
353.296
352.714
352.116
351.503
350.876
350.237
349.586
348.924
348.253
347.574
346.888
346.197
345.501
344.802
344.1
343.399
342.699
342
341.302
340.607
339.914
339.223
338.536
337.853
337.173
336.498
335.828
335.162
334.502
333.847
333.199
332.557
331.923
331.295
330.676
330.065
329.463
328.87
328.287
327.713
327.151
326.598
326.057
325.527
325.009
324.503
324.009
323.527
323.058
322.601
322.157
321.725
321.306
320.9
320.506
320.125
319.756
319.399
319.054
318.721
318.4
318.09
317.791
317.502
317.224
316.957
316.698
316.45
316.21
315.979
315.756
315.542
315.335
315.135
314.942
314.756
314.576
314.402
314.233
314.07
313.911
313.757
313.608
313.462
313.321
313.183
313.048
312.916
312.787
312.661
312.537
312.415
312.295
312.178
312.062
311.948
311.835
311.724
311.614
311.505
311.397
311.291
311.185
311.08
310.976
310.873
310.77
310.668
310.567
310.466
310.366
310.267
310.167
330.117
331.222
332.358
333.519
334.703
335.906
337.121
338.345
339.571
340.794
342.007
343.204
344.38
345.528
346.641
347.714
348.742
349.719
350.642
351.506
352.309
353.047
353.721
354.327
354.868
355.342
355.752
356.098
356.382
356.608
356.776
356.889
356.951
356.963
356.929
356.85
356.73
356.57
356.371
356.138
355.87
355.57
355.239
354.88
354.492
354.077
353.637
353.173
352.686
352.176
351.646
351.096
350.527
349.94
349.337
348.719
348.088
347.444
346.788
346.123
345.45
344.77
344.085
343.395
342.704
342.012
341.32
340.629
339.94
339.253
338.568
337.886
337.208
336.533
335.862
335.196
334.535
333.88
333.23
332.587
331.951
331.322
330.701
330.089
329.485
328.89
328.305
327.73
327.165
326.612
326.069
325.539
325.02
324.513
324.018
323.536
323.066
322.609
322.165
321.734
321.316
320.91
320.517
320.137
319.769
319.413
319.07
318.738
318.418
318.109
317.811
317.524
317.248
316.981
316.725
316.477
316.239
316.009
315.788
315.575
315.369
315.17
314.979
314.794
314.615
314.441
314.274
314.111
313.954
313.8
313.652
313.507
313.366
313.228
313.094
312.962
312.834
312.708
312.584
312.463
312.344
312.226
312.111
311.997
311.884
311.773
311.663
311.554
311.446
311.34
311.234
311.129
311.025
310.921
310.819
310.717
310.615
310.514
310.414
310.314
310.214
328.008
328.978
329.976
331
332.046
333.112
334.194
335.288
336.39
337.495
338.6
339.698
340.785
341.857
342.907
343.932
344.926
345.885
346.805
347.682
348.513
349.295
350.026
350.704
351.327
351.896
352.409
352.867
353.27
353.62
353.916
354.161
354.357
354.503
354.603
354.658
354.669
354.638
354.567
354.457
354.309
354.126
353.908
353.656
353.372
353.057
352.712
352.338
351.937
351.509
351.055
350.576
350.074
349.55
349.005
348.44
347.856
347.256
346.64
346.01
345.367
344.714
344.051
343.38
342.704
342.023
341.339
340.655
339.971
339.288
338.607
337.928
337.251
336.577
335.907
335.241
334.58
333.924
333.274
332.629
331.992
331.361
330.738
330.124
329.518
328.922
328.335
327.758
327.192
326.637
326.094
325.562
325.042
324.534
324.039
323.556
323.087
322.63
322.186
321.755
321.337
320.932
320.54
320.16
319.793
319.439
319.097
318.766
318.447
318.14
317.844
317.558
317.283
317.018
316.763
316.517
316.28
316.052
315.832
315.62
315.416
315.218
315.028
314.844
314.666
314.494
314.327
314.165
314.008
313.856
313.708
313.564
313.423
313.286
313.152
313.022
312.893
312.768
312.644
312.523
312.404
312.287
312.172
312.058
311.945
311.834
311.724
311.615
311.507
311.401
311.295
311.19
311.085
310.982
310.879
310.777
310.675
310.574
310.473
310.373
310.273
326.098
326.948
327.823
328.723
329.645
330.587
331.547
332.521
333.508
334.503
335.503
336.504
337.502
338.494
339.476
340.442
341.39
342.316
343.215
344.085
344.921
345.722
346.485
347.207
347.886
348.521
349.11
349.654
350.15
350.6
351.003
351.359
351.669
351.934
352.153
352.329
352.461
352.551
352.601
352.61
352.579
352.511
352.405
352.263
352.086
351.874
351.628
351.35
351.041
350.7
350.33
349.931
349.504
349.051
348.572
348.069
347.543
346.996
346.428
345.841
345.238
344.619
343.987
343.342
342.688
342.025
341.356
340.683
340.006
339.33
338.653
337.977
337.304
336.632
335.964
335.299
334.638
333.982
333.331
332.685
332.047
331.415
330.791
330.174
329.567
328.969
328.38
327.802
327.235
326.678
326.133
325.6
325.079
324.571
324.075
323.592
323.122
322.665
322.221
321.791
321.373
320.969
320.578
320.199
319.833
319.48
319.139
318.81
318.492
318.186
317.892
317.608
317.334
317.07
316.817
316.572
316.337
316.11
315.892
315.681
315.478
315.281
315.092
314.909
314.732
314.561
314.395
314.235
314.079
313.927
313.78
313.636
313.496
313.36
313.226
313.096
312.968
312.843
312.72
312.599
312.48
312.363
312.247
312.134
312.021
311.91
311.8
311.691
311.583
311.476
311.37
311.265
311.16
311.057
310.953
310.851
310.749
310.647
310.546
310.445
310.345
324.395
325.136
325.902
326.69
327.501
328.331
329.179
330.045
330.924
331.815
332.716
333.623
334.533
335.444
336.352
337.254
338.147
339.027
339.891
340.737
341.561
342.36
343.132
343.875
344.585
345.262
345.903
346.506
347.072
347.598
348.084
348.53
348.934
349.298
349.62
349.902
350.142
350.342
350.501
350.621
350.701
350.743
350.746
350.711
350.64
350.531
350.387
350.208
349.994
349.746
349.465
349.151
348.806
348.431
348.026
347.593
347.133
346.646
346.136
345.602
345.046
344.471
343.877
343.267
342.643
342.006
341.359
340.703
340.041
339.374
338.704
338.035
337.366
336.698
336.032
335.369
334.709
334.054
333.403
332.758
332.118
331.486
330.86
330.243
329.634
329.034
328.445
327.865
327.296
326.738
326.192
325.658
325.136
324.627
324.131
323.647
323.177
322.72
322.277
321.846
321.429
321.026
320.635
320.257
319.893
319.54
319.2
318.873
318.557
318.252
317.959
317.676
317.404
317.142
316.889
316.647
316.413
316.187
315.97
315.76
315.558
315.364
315.175
314.994
314.818
314.647
314.482
314.323
314.167
314.016
313.87
313.727
313.587
313.451
313.318
313.188
313.061
312.936
312.813
312.692
312.574
312.457
312.341
312.227
312.115
312.003
311.893
311.784
311.676
311.569
311.463
311.357
311.252
311.148
311.045
310.942
310.839
310.737
310.636
310.534
310.434
322.902
323.548
324.216
324.905
325.614
326.343
327.091
327.856
328.636
329.431
330.237
331.054
331.878
332.708
333.54
334.374
335.205
336.031
336.85
337.659
338.456
339.237
340
340.743
341.463
342.16
342.829
343.47
344.081
344.661
345.208
345.722
346.2
346.643
347.049
347.419
347.752
348.046
348.304
348.523
348.704
348.847
348.953
349.02
349.05
349.043
348.998
348.917
348.799
348.646
348.456
348.232
347.974
347.682
347.357
347
346.613
346.195
345.749
345.276
344.777
344.254
343.708
343.141
342.555
341.952
341.335
340.704
340.063
339.414
338.758
338.097
337.435
336.773
336.112
335.452
334.795
334.142
333.492
332.848
332.208
331.576
330.95
330.332
329.722
329.122
328.531
327.95
327.38
326.821
326.274
325.739
325.216
324.707
324.21
323.726
323.256
322.799
322.355
321.926
321.509
321.106
320.716
320.339
319.976
319.624
319.286
318.959
318.644
318.341
318.049
317.768
317.497
317.236
316.986
316.744
316.511
316.287
316.071
315.863
315.662
315.468
315.281
315.1
314.925
314.756
314.592
314.433
314.278
314.128
313.982
313.84
313.701
313.565
313.432
313.302
313.175
313.05
312.928
312.807
312.688
312.571
312.456
312.342
312.229
312.118
312.008
311.898
311.79
311.682
311.576
311.47
311.365
311.26
311.156
311.052
310.949
310.847
310.745
310.643
310.542
321.624
322.184
322.765
323.365
323.984
324.623
325.279
325.952
326.642
327.346
328.065
328.795
329.536
330.286
331.044
331.806
332.572
333.339
334.105
334.868
335.625
336.374
337.114
337.841
338.554
339.251
339.929
340.587
341.223
341.836
342.422
342.982
343.514
344.016
344.487
344.927
345.334
345.708
346.048
346.353
346.622
346.856
347.054
347.215
347.34
347.428
347.478
347.492
347.468
347.408
347.311
347.177
347.007
346.801
346.56
346.284
345.975
345.632
345.258
344.852
344.417
343.953
343.463
342.948
342.409
341.849
341.27
340.673
340.061
339.437
338.801
338.158
337.509
336.855
336.201
335.547
334.895
334.245
333.599
332.956
332.319
331.687
331.062
330.444
329.835
329.234
328.642
328.061
327.49
326.931
326.383
325.848
325.325
324.814
324.317
323.833
323.363
322.906
322.463
322.034
321.618
321.215
320.826
320.45
320.087
319.737
319.4
319.074
318.761
318.459
318.168
317.888
317.618
317.359
317.109
316.869
316.638
316.415
316.2
315.993
315.793
315.6
315.414
315.234
315.06
314.891
314.728
314.57
314.416
314.266
314.12
313.978
313.84
313.704
313.572
313.442
313.315
313.19
313.068
312.947
312.828
312.711
312.596
312.481
312.368
312.257
312.146
312.036
311.928
311.82
311.713
311.606
311.5
311.395
311.29
311.186
311.083
310.979
310.877
310.774
310.672
320.559
321.045
321.548
322.069
322.608
323.165
323.739
324.329
324.936
325.557
326.194
326.843
327.505
328.179
328.862
329.554
330.253
330.957
331.664
332.374
333.084
333.792
334.496
335.195
335.886
336.568
337.239
337.896
338.538
339.164
339.771
340.358
340.923
341.465
341.982
342.473
342.937
343.372
343.778
344.153
344.497
344.808
345.086
345.33
345.539
345.713
345.851
345.953
346.019
346.048
346.04
345.994
345.912
345.793
345.637
345.444
345.216
344.952
344.654
344.321
343.956
343.559
343.131
342.675
342.191
341.682
341.149
340.594
340.02
339.429
338.823
338.204
337.575
336.939
336.297
335.652
335.008
334.364
333.723
333.084
332.45
331.821
331.198
330.582
329.974
329.374
328.783
328.202
327.631
327.072
326.524
325.988
325.465
324.955
324.458
323.974
323.504
323.048
322.605
322.176
321.76
321.359
320.97
320.595
320.233
319.884
319.547
319.223
318.911
318.61
318.32
318.041
317.773
317.515
317.266
317.027
316.797
316.575
316.361
316.155
315.956
315.764
315.579
315.4
315.226
315.058
314.895
314.737
314.584
314.435
314.289
314.147
314.009
313.874
313.742
313.612
313.485
313.36
313.237
313.116
312.997
312.88
312.764
312.65
312.536
312.424
312.313
312.203
312.094
311.985
311.877
311.77
311.664
311.558
311.452
311.347
311.243
311.139
311.035
310.932
310.829
319.708
320.127
320.562
321.014
321.481
321.965
322.465
322.98
323.511
324.057
324.618
325.193
325.781
326.381
326.993
327.615
328.247
328.887
329.534
330.187
330.844
331.504
332.164
332.825
333.483
334.137
334.787
335.429
336.062
336.684
337.294
337.891
338.471
339.035
339.579
340.104
340.606
341.086
341.54
341.969
342.371
342.744
343.088
343.401
343.683
343.932
344.148
344.329
344.476
344.587
344.663
344.701
344.703
344.668
344.596
344.486
344.34
344.156
343.936
343.68
343.388
343.063
342.704
342.312
341.89
341.439
340.96
340.455
339.927
339.377
338.808
338.222
337.622
337.01
336.389
335.761
335.129
334.495
333.862
333.23
332.602
331.978
331.359
330.747
330.141
329.543
328.954
328.375
327.805
327.247
326.7
326.165
325.643
325.133
324.636
324.153
323.684
323.228
322.786
322.357
321.943
321.542
321.154
320.78
320.419
320.071
319.735
319.412
319.1
318.8
318.512
318.234
317.967
317.709
317.462
317.224
316.994
316.773
316.56
316.355
316.157
315.965
315.781
315.602
315.429
315.262
315.099
314.941
314.788
314.639
314.494
314.352
314.214
314.079
313.946
313.817
313.689
313.564
313.441
313.32
313.201
313.083
312.967
312.852
312.738
312.625
312.513
312.402
312.292
312.183
312.074
311.967
311.859
311.752
311.646
311.54
311.434
311.329
311.225
311.12
311.016
319.067
319.428
319.803
320.192
320.596
321.016
321.449
321.898
322.361
322.839
323.33
323.836
324.355
324.887
325.431
325.987
326.553
327.13
327.716
328.31
328.911
329.518
330.13
330.745
331.362
331.98
332.597
333.212
333.823
334.429
335.028
335.618
336.199
336.767
337.323
337.863
338.388
338.894
339.381
339.846
340.29
340.71
341.104
341.472
341.812
342.123
342.404
342.654
342.872
343.056
343.206
343.322
343.401
343.445
343.452
343.422
343.355
343.251
343.109
342.93
342.715
342.463
342.175
341.853
341.498
341.11
340.691
340.243
339.768
339.268
338.744
338.199
337.636
337.056
336.464
335.861
335.249
334.632
334.012
333.391
332.772
332.156
331.544
330.937
330.337
329.743
329.158
328.582
328.015
327.459
326.914
326.381
325.861
325.352
324.857
324.375
323.907
323.452
323.011
322.583
322.17
321.77
321.383
321.01
320.65
320.302
319.968
319.645
319.335
319.036
318.748
318.471
318.205
317.949
317.702
317.464
317.236
317.015
316.803
316.598
316.401
316.21
316.025
315.847
315.675
315.507
315.345
315.187
315.034
314.885
314.74
314.598
314.46
314.324
314.192
314.062
313.934
313.809
313.685
313.564
313.444
313.325
313.208
313.092
312.978
312.864
312.752
312.64
312.529
312.419
312.309
312.2
312.092
311.984
311.876
311.769
311.663
311.556
311.45
311.344
311.239
318.63
318.94
319.262
319.598
319.946
320.308
320.684
321.073
321.475
321.891
322.321
322.763
323.219
323.687
324.168
324.661
325.165
325.681
326.206
326.742
327.286
327.839
328.398
328.964
329.535
330.11
330.687
331.266
331.846
332.424
333
333.572
334.139
334.699
335.25
335.792
336.323
336.84
337.343
337.83
338.299
338.749
339.178
339.586
339.97
340.329
340.661
340.966
341.242
341.488
341.703
341.885
342.034
342.149
342.228
342.272
342.28
342.251
342.184
342.081
341.94
341.763
341.548
341.298
341.012
340.691
340.337
339.951
339.535
339.09
338.618
338.122
337.603
337.065
336.509
335.938
335.356
334.763
334.165
333.561
332.956
332.352
331.75
331.152
330.56
329.973
329.394
328.824
328.262
327.71
327.169
326.64
326.122
325.616
325.124
324.644
324.177
323.724
323.285
322.859
322.447
322.048
321.663
321.291
320.932
320.586
320.252
319.931
319.621
319.323
319.036
318.76
318.495
318.239
317.993
317.756
317.528
317.308
317.096
316.892
316.694
316.504
316.32
316.141
315.969
315.802
315.639
315.482
315.329
315.179
315.034
314.892
314.753
314.617
314.484
314.353
314.225
314.099
313.975
313.853
313.732
313.613
313.495
313.378
313.263
313.148
313.035
312.922
312.81
312.699
312.588
312.478
312.368
312.259
312.15
312.041
311.933
311.825
311.717
311.61
311.503
318.391
318.656
318.933
319.222
319.522
319.834
320.158
320.494
320.843
321.204
321.577
321.963
322.361
322.771
323.194
323.628
324.074
324.532
325
325.479
325.967
326.465
326.971
327.486
328.007
328.535
329.068
329.606
330.146
330.69
331.234
331.777
332.32
332.859
333.395
333.925
334.448
334.962
335.467
335.96
336.44
336.905
337.355
337.786
338.199
338.591
338.961
339.307
339.628
339.922
340.189
340.427
340.634
340.809
340.952
341.062
341.137
341.176
341.18
341.148
341.079
340.972
340.83
340.65
340.434
340.182
339.896
339.575
339.222
338.837
338.423
337.982
337.514
337.023
336.512
335.981
335.435
334.876
334.306
333.728
333.145
332.559
331.973
331.388
330.807
330.232
329.662
329.1
328.546
328.001
327.466
326.942
326.429
325.927
325.439
324.962
324.499
324.049
323.612
323.189
322.779
322.382
321.999
321.628
321.271
320.926
320.594
320.274
319.965
319.668
319.382
319.107
318.842
318.587
318.342
318.105
317.877
317.658
317.446
317.242
317.045
316.854
316.67
316.492
316.319
316.152
315.989
315.831
315.678
315.528
315.382
315.24
315.1
314.964
314.83
314.699
314.57
314.443
314.318
314.195
314.073
313.953
313.834
313.716
313.6
313.484
313.369
313.255
313.142
313.029
312.917
312.805
312.694
312.583
312.472
312.362
312.252
312.142
312.033
311.924
311.815
318.341
318.569
318.806
319.054
319.312
319.58
319.859
320.149
320.451
320.763
321.087
321.422
321.769
322.127
322.496
322.877
323.27
323.673
324.087
324.511
324.946
325.391
325.845
326.308
326.78
327.259
327.745
328.237
328.735
329.237
329.743
330.251
330.761
331.272
331.782
332.289
332.793
333.293
333.787
334.273
334.75
335.217
335.673
336.115
336.541
336.952
337.345
337.718
338.069
338.399
338.704
338.984
339.237
339.462
339.657
339.822
339.954
340.054
340.12
340.152
340.148
340.109
340.033
339.922
339.774
339.59
339.37
339.116
338.828
338.506
338.154
337.771
337.36
336.923
336.461
335.978
335.476
334.957
334.424
333.879
333.326
332.767
332.203
331.639
331.075
330.514
329.957
329.407
328.864
328.329
327.803
327.287
326.781
326.287
325.804
325.333
324.875
324.429
323.996
323.576
323.17
322.776
322.395
322.027
321.672
321.329
320.999
320.68
320.373
320.077
319.793
319.518
319.254
319
318.755
318.519
318.291
318.072
317.861
317.657
317.46
317.269
317.085
316.906
316.733
316.565
316.403
316.244
316.09
315.94
315.793
315.65
315.509
315.372
315.238
315.105
314.975
314.847
314.721
314.597
314.474
314.353
314.233
314.113
313.995
313.878
313.762
313.646
313.531
313.417
313.303
313.189
313.076
312.963
312.851
312.739
312.627
312.515
312.404
312.292
312.181
318.473
318.668
318.872
319.084
319.306
319.537
319.777
320.027
320.287
320.557
320.837
321.127
321.428
321.74
322.061
322.394
322.737
323.091
323.455
323.829
324.214
324.608
325.012
325.425
325.847
326.277
326.716
327.161
327.614
328.072
328.536
329.005
329.477
329.952
330.428
330.906
331.382
331.858
332.33
332.799
333.262
333.719
334.167
334.606
335.035
335.45
335.852
336.238
336.607
336.957
337.288
337.597
337.882
338.144
338.379
338.587
338.766
338.915
339.034
339.12
339.174
339.193
339.179
339.13
339.045
338.925
338.771
338.581
338.357
338.1
337.809
337.488
337.137
336.757
336.351
335.92
335.468
334.996
334.506
334.002
333.486
332.96
332.428
331.891
331.352
330.813
330.275
329.741
329.213
328.692
328.179
327.674
327.179
326.694
326.22
325.757
325.305
324.866
324.439
324.025
323.623
323.234
322.857
322.492
322.14
321.801
321.472
321.156
320.851
320.557
320.274
320.001
319.738
319.484
319.24
319.005
318.778
318.559
318.347
318.143
317.946
317.755
317.571
317.392
317.219
317.05
316.887
316.728
316.573
316.422
316.274
316.13
315.989
315.85
315.715
315.581
315.45
315.321
315.193
315.068
314.943
314.82
314.699
314.578
314.458
314.34
314.221
314.104
313.987
313.871
313.755
313.639
313.524
313.409
313.294
313.18
313.066
312.952
312.838
312.724
312.61
318.778
318.945
319.12
319.303
319.493
319.692
319.898
320.114
320.338
320.571
320.813
321.064
321.325
321.595
321.874
322.164
322.463
322.772
323.09
323.418
323.756
324.103
324.46
324.826
325.2
325.584
325.975
326.374
326.781
327.195
327.615
328.041
328.471
328.907
329.345
329.787
330.23
330.674
331.117
331.56
332
332.436
332.867
333.292
333.71
334.119
334.517
334.903
335.277
335.635
335.977
336.302
336.607
336.891
337.153
337.392
337.606
337.793
337.952
338.083
338.183
338.253
338.291
338.296
338.268
338.207
338.112
337.983
337.82
337.624
337.396
337.136
336.845
336.525
336.177
335.802
335.404
334.984
334.544
334.086
333.614
333.129
332.635
332.133
331.625
331.115
330.604
330.094
329.587
329.085
328.588
328.099
327.618
327.146
326.684
326.232
325.791
325.361
324.942
324.535
324.14
323.757
323.386
323.027
322.68
322.344
322.019
321.706
321.404
321.113
320.832
320.56
320.299
320.047
319.804
319.569
319.343
319.125
318.914
318.71
318.513
318.322
318.137
317.958
317.784
317.615
317.451
317.291
317.135
316.983
316.834
316.689
316.547
316.407
316.27
316.135
316.002
315.872
315.743
315.615
315.489
315.365
315.241
315.119
314.997
314.876
314.756
314.637
314.518
314.399
314.281
314.163
314.046
313.928
313.811
313.694
313.577
313.46
313.343
313.227
313.11
319.247
319.391
319.541
319.699
319.863
320.034
320.212
320.397
320.591
320.792
321.001
321.218
321.443
321.677
321.92
322.171
322.431
322.7
322.977
323.264
323.559
323.863
324.176
324.498
324.828
325.166
325.513
325.867
326.229
326.598
326.974
327.357
327.745
328.138
328.536
328.938
329.343
329.751
330.16
330.569
330.979
331.387
331.793
332.195
332.592
332.984
333.368
333.743
334.109
334.464
334.805
335.133
335.445
335.74
336.016
336.273
336.508
336.72
336.909
337.072
337.208
337.317
337.397
337.448
337.468
337.456
337.414
337.339
337.233
337.094
336.924
336.722
336.491
336.229
335.94
335.623
335.282
334.917
334.53
334.124
333.701
333.263
332.813
332.352
331.883
331.409
330.931
330.452
329.973
329.497
329.024
328.556
328.094
327.639
327.193
326.756
326.328
325.911
325.504
325.107
324.722
324.348
323.985
323.633
323.292
322.962
322.643
322.334
322.037
321.749
321.471
321.203
320.944
320.694
320.453
320.22
319.995
319.777
319.567
319.363
319.166
318.976
318.791
318.611
318.437
318.267
318.102
317.942
317.785
317.632
317.482
317.335
317.192
317.051
316.912
316.776
316.641
316.509
316.378
316.249
316.121
315.995
315.869
315.745
315.621
315.498
315.375
315.254
315.132
315.011
314.89
314.77
314.65
314.53
314.41
314.29
314.17
314.05
313.93
313.81
313.69
319.872
319.997
320.127
320.263
320.404
320.552
320.706
320.866
321.033
321.207
321.387
321.575
321.77
321.973
322.183
322.4
322.626
322.859
323.1
323.349
323.606
323.871
324.144
324.425
324.714
325.011
325.315
325.627
325.946
326.272
326.605
326.944
327.29
327.641
327.997
328.357
328.722
329.09
329.461
329.834
330.208
330.582
330.956
331.328
331.698
332.064
332.425
332.781
333.129
333.469
333.799
334.119
334.426
334.72
334.998
335.26
335.505
335.73
335.936
336.119
336.279
336.416
336.527
336.612
336.669
336.699
336.699
336.671
336.613
336.525
336.408
336.26
336.084
335.879
335.646
335.387
335.102
334.793
334.462
334.111
333.74
333.354
332.952
332.539
332.115
331.683
331.245
330.803
330.359
329.915
329.472
329.031
328.595
328.165
327.74
327.323
326.913
326.512
326.12
325.738
325.366
325.003
324.651
324.309
323.977
323.656
323.344
323.043
322.751
322.468
322.195
321.932
321.676
321.43
321.191
320.961
320.738
320.522
320.313
320.11
319.914
319.724
319.539
319.36
319.185
319.015
318.849
318.688
318.53
318.376
318.225
318.077
317.932
317.789
317.649
317.511
317.375
317.241
317.108
316.977
316.847
316.718
316.591
316.464
316.338
316.212
316.087
315.963
315.839
315.715
315.592
315.468
315.345
315.222
315.099
314.975
314.852
314.729
314.606
314.482
314.359
320.646
320.754
320.867
320.985
321.107
321.235
321.369
321.508
321.652
321.803
321.959
322.122
322.29
322.465
322.647
322.835
323.03
323.232
323.441
323.657
323.88
324.109
324.346
324.591
324.842
325.1
325.365
325.637
325.916
326.201
326.493
326.791
327.094
327.404
327.718
328.037
328.36
328.688
329.018
329.351
329.687
330.023
330.361
330.698
331.034
331.369
331.7
332.028
332.351
332.668
332.978
333.28
333.572
333.854
334.124
334.381
334.623
334.85
335.06
335.252
335.425
335.577
335.708
335.816
335.9
335.96
335.994
336.002
335.984
335.939
335.866
335.767
335.64
335.486
335.306
335.101
334.871
334.617
334.341
334.045
333.729
333.396
333.047
332.684
332.31
331.925
331.533
331.134
330.731
330.326
329.919
329.513
329.109
328.708
328.311
327.92
327.534
327.156
326.784
326.421
326.066
325.72
325.382
325.053
324.734
324.423
324.122
323.829
323.546
323.271
323.005
322.748
322.498
322.256
322.022
321.795
321.575
321.362
321.155
320.955
320.76
320.571
320.387
320.208
320.034
319.864
319.698
319.536
319.377
319.222
319.07
318.921
318.775
318.631
318.489
318.349
318.211
318.075
317.94
317.807
317.675
317.544
317.414
317.284
317.156
317.028
316.9
316.773
316.646
316.519
316.392
316.266
316.139
316.013
315.886
315.759
315.632
315.505
315.378
315.251
315.124
321.558
321.653
321.751
321.854
321.961
322.073
322.189
322.309
322.435
322.565
322.701
322.842
322.988
323.139
323.296
323.459
323.627
323.802
323.982
324.168
324.36
324.559
324.763
324.974
325.191
325.414
325.643
325.878
326.119
326.366
326.619
326.877
327.141
327.409
327.683
327.961
328.244
328.53
328.819
329.112
329.407
329.704
330.002
330.301
330.6
330.899
331.196
331.49
331.782
332.069
332.351
332.628
332.897
333.158
333.41
333.652
333.883
334.101
334.306
334.496
334.67
334.827
334.966
335.086
335.185
335.265
335.322
335.357
335.368
335.356
335.32
335.26
335.175
335.066
334.933
334.777
334.597
334.396
334.173
333.93
333.668
333.389
333.094
332.784
332.462
332.128
331.786
331.435
331.078
330.717
330.353
329.987
329.621
329.256
328.893
328.533
328.177
327.826
327.481
327.142
326.81
326.484
326.166
325.855
325.552
325.257
324.969
324.69
324.418
324.154
323.897
323.648
323.406
323.171
322.944
322.722
322.507
322.298
322.095
321.898
321.706
321.518
321.336
321.158
320.985
320.816
320.65
320.488
320.329
320.174
320.021
319.871
319.723
319.578
319.434
319.293
319.153
319.015
318.878
318.743
318.609
318.475
318.342
318.211
318.079
317.948
317.818
317.688
317.558
317.428
317.298
317.168
317.038
316.908
316.777
316.646
316.515
316.384
316.252
316.12
315.989
322.598
322.681
322.768
322.858
322.952
323.049
323.151
323.256
323.365
323.478
323.596
323.718
323.844
323.975
324.111
324.251
324.396
324.546
324.701
324.861
325.026
325.196
325.371
325.552
325.737
325.928
326.124
326.325
326.531
326.743
326.959
327.18
327.405
327.635
327.87
328.108
328.35
328.596
328.845
329.097
329.351
329.608
329.866
330.125
330.384
330.644
330.903
331.161
331.416
331.669
331.919
332.164
332.404
332.638
332.865
333.085
333.295
333.496
333.686
333.864
334.03
334.182
334.319
334.441
334.546
334.635
334.704
334.756
334.787
334.799
334.79
334.76
334.709
334.637
334.544
334.43
334.295
334.14
333.966
333.773
333.562
333.335
333.093
332.836
332.567
332.286
331.995
331.695
331.388
331.075
330.758
330.437
330.115
329.791
329.468
329.146
328.826
328.509
328.195
327.886
327.581
327.282
326.988
326.7
326.418
326.142
325.873
325.61
325.354
325.104
324.86
324.623
324.392
324.167
323.948
323.734
323.526
323.323
323.126
322.933
322.745
322.562
322.383
322.208
322.036
321.868
321.704
321.543
321.384
321.229
321.076
320.925
320.777
320.631
320.486
320.343
320.202
320.062
319.923
319.786
319.649
319.513
319.378
319.243
319.109
318.976
318.842
318.709
318.576
318.443
318.309
318.176
318.042
317.908
317.773
317.638
317.502
317.366
317.229
317.091
316.953
323.748
323.822
323.899
323.978
324.061
324.146
324.235
324.326
324.421
324.52
324.622
324.727
324.836
324.949
325.065
325.186
325.31
325.438
325.57
325.706
325.847
325.991
326.14
326.293
326.45
326.611
326.777
326.947
327.121
327.299
327.481
327.667
327.856
328.05
328.247
328.447
328.651
328.858
329.067
329.279
329.493
329.709
329.927
330.145
330.365
330.584
330.804
331.023
331.24
331.456
331.669
331.88
332.086
332.288
332.485
332.676
332.86
333.037
333.206
333.365
333.515
333.653
333.781
333.896
333.998
334.085
334.159
334.217
334.259
334.285
334.294
334.285
334.259
334.216
334.154
334.074
333.977
333.863
333.731
333.583
333.42
333.241
333.048
332.842
332.624
332.395
332.156
331.908
331.652
331.389
331.122
330.85
330.574
330.297
330.017
329.738
329.458
329.18
328.904
328.629
328.358
328.09
327.826
327.566
327.31
327.059
326.812
326.571
326.334
326.102
325.875
325.654
325.437
325.225
325.018
324.815
324.617
324.423
324.234
324.048
323.867
323.689
323.514
323.343
323.175
323.011
322.849
322.689
322.533
322.378
322.226
322.076
321.927
321.78
321.635
321.491
321.349
321.208
321.067
320.928
320.789
320.651
320.514
320.377
320.24
320.103
319.967
319.831
319.694
319.558
319.421
319.284
319.146
319.008
318.869
318.73
318.589
318.447
318.304
318.16
318.014
324.983
325.049
325.116
325.187
325.259
325.334
325.411
325.491
325.574
325.659
325.747
325.837
325.931
326.027
326.126
326.229
326.334
326.442
326.554
326.669
326.787
326.908
327.032
327.16
327.291
327.425
327.562
327.703
327.846
327.993
328.144
328.297
328.453
328.612
328.773
328.938
329.105
329.274
329.445
329.619
329.794
329.97
330.148
330.327
330.507
330.687
330.867
331.046
331.225
331.403
331.579
331.752
331.923
332.091
332.254
332.414
332.568
332.716
332.859
332.994
333.122
333.242
333.353
333.454
333.545
333.625
333.695
333.752
333.796
333.828
333.847
333.851
333.842
333.818
333.78
333.727
333.66
333.578
333.482
333.373
333.25
333.114
332.966
332.807
332.636
332.456
332.266
332.068
331.862
331.65
331.432
331.21
330.983
330.753
330.521
330.287
330.052
329.816
329.581
329.346
329.112
328.881
328.651
328.423
328.198
327.976
327.757
327.541
327.328
327.119
326.914
326.711
326.513
326.317
326.126
325.937
325.752
325.57
325.392
325.216
325.043
324.873
324.706
324.541
324.379
324.219
324.061
323.906
323.752
323.6
323.449
323.301
323.153
323.007
322.862
322.718
322.575
322.433
322.292
322.151
322.011
321.871
321.731
321.592
321.453
321.314
321.175
321.036
320.897
320.757
320.617
320.476
320.335
320.193
320.05
319.906
319.76
319.613
319.464
319.313
319.159
326.259
326.317
326.377
326.439
326.502
326.567
326.634
326.703
326.774
326.847
326.922
327
327.079
327.16
327.244
327.33
327.418
327.508
327.601
327.696
327.793
327.893
327.995
328.099
328.206
328.315
328.426
328.54
328.656
328.775
328.895
329.018
329.143
329.27
329.399
329.53
329.662
329.797
329.932
330.069
330.208
330.347
330.488
330.629
330.77
330.912
331.053
331.194
331.335
331.475
331.613
331.75
331.884
332.016
332.146
332.272
332.395
332.513
332.627
332.736
332.839
332.937
333.027
333.111
333.187
333.254
333.314
333.364
333.405
333.436
333.457
333.468
333.467
333.456
333.434
333.4
333.355
333.299
333.232
333.154
333.065
332.965
332.856
332.737
332.609
332.472
332.328
332.176
332.017
331.852
331.682
331.507
331.328
331.145
330.959
330.771
330.581
330.39
330.197
330.004
329.811
329.618
329.425
329.234
329.043
328.854
328.666
328.479
328.295
328.112
327.931
327.752
327.575
327.4
327.228
327.057
326.888
326.722
326.557
326.394
326.233
326.074
325.916
325.76
325.606
325.453
325.302
325.151
325.002
324.854
324.708
324.562
324.417
324.272
324.129
323.986
323.844
323.702
323.56
323.419
323.278
323.137
322.996
322.855
322.715
322.574
322.432
322.291
322.149
322.006
321.863
321.72
321.575
321.429
321.283
321.134
320.984
320.832
320.678
320.52
320.358
327.513
327.564
327.616
327.67
327.725
327.781
327.839
327.897
327.958
328.019
328.083
328.147
328.213
328.281
328.35
328.421
328.493
328.567
328.642
328.719
328.798
328.878
328.959
329.043
329.127
329.214
329.302
329.391
329.482
329.575
329.669
329.764
329.861
329.959
330.058
330.159
330.26
330.363
330.466
330.57
330.675
330.781
330.887
330.993
331.099
331.206
331.312
331.418
331.523
331.627
331.731
331.833
331.933
332.032
332.128
332.223
332.314
332.403
332.488
332.57
332.648
332.721
332.79
332.854
332.912
332.964
333.011
333.051
333.084
333.111
333.129
333.141
333.144
333.14
333.127
333.106
333.077
333.039
332.993
332.939
332.877
332.807
332.729
332.643
332.551
332.452
332.346
332.234
332.117
331.995
331.867
331.736
331.6
331.461
331.319
331.174
331.027
330.878
330.727
330.574
330.421
330.267
330.112
329.957
329.801
329.646
329.491
329.336
329.181
329.026
328.873
328.719
328.567
328.415
328.264
328.114
327.964
327.815
327.667
327.519
327.373
327.227
327.081
326.936
326.792
326.649
326.505
326.363
326.221
326.079
325.937
325.796
325.655
325.514
325.374
325.233
325.092
324.952
324.811
324.671
324.53
324.389
324.248
324.106
323.964
323.822
323.679
323.536
323.392
323.248
323.102
322.956
322.809
322.66
322.51
322.359
322.205
322.049
321.889
321.725
321.555
328.657
328.701
328.747
328.793
328.84
328.887
328.936
328.986
329.036
329.088
329.14
329.193
329.247
329.303
329.359
329.416
329.474
329.533
329.593
329.654
329.716
329.779
329.842
329.907
329.973
330.04
330.107
330.175
330.245
330.315
330.386
330.457
330.53
330.603
330.676
330.75
330.825
330.9
330.976
331.052
331.128
331.205
331.281
331.357
331.434
331.51
331.585
331.661
331.735
331.809
331.882
331.954
332.025
332.094
332.162
332.228
332.292
332.354
332.413
332.47
332.524
332.576
332.624
332.668
332.709
332.746
332.779
332.807
332.831
332.85
332.864
332.873
332.877
332.875
332.867
332.853
332.834
332.809
332.778
332.742
332.699
332.651
332.598
332.539
332.475
332.405
332.331
332.252
332.169
332.082
331.99
331.895
331.797
331.695
331.591
331.484
331.374
331.262
331.148
331.033
330.915
330.796
330.676
330.554
330.432
330.308
330.184
330.058
329.932
329.806
329.678
329.55
329.422
329.293
329.164
329.034
328.904
328.774
328.643
328.512
328.381
328.249
328.117
327.984
327.852
327.719
327.585
327.452
327.317
327.183
327.048
326.913
326.777
326.641
326.505
326.368
326.23
326.092
325.954
325.815
325.675
325.535
325.395
325.253
325.111
324.969
324.825
324.681
324.536
324.39
324.243
324.095
323.946
323.796
323.643
323.489
323.333
323.173
323.01
322.841
322.665
329.576
329.615
329.654
329.694
329.734
329.775
329.816
329.858
329.9
329.943
329.987
330.031
330.075
330.12
330.166
330.212
330.258
330.306
330.353
330.401
330.45
330.499
330.549
330.599
330.65
330.701
330.752
330.804
330.856
330.908
330.961
331.014
331.068
331.121
331.175
331.229
331.283
331.337
331.391
331.446
331.5
331.553
331.607
331.661
331.714
331.766
331.819
331.87
331.921
331.972
332.021
332.07
332.117
332.164
332.209
332.253
332.295
332.336
332.375
332.413
332.448
332.481
332.512
332.541
332.568
332.591
332.612
332.63
332.645
332.657
332.666
332.671
332.673
332.671
332.665
332.656
332.643
332.625
332.604
332.579
332.55
332.518
332.481
332.441
332.397
332.349
332.298
332.243
332.185
332.124
332.06
331.992
331.922
331.849
331.773
331.695
331.615
331.532
331.447
331.36
331.271
331.18
331.087
330.993
330.896
330.798
330.699
330.598
330.495
330.391
330.286
330.179
330.071
329.962
329.851
329.739
329.626
329.512
329.397
329.28
329.162
329.043
328.923
328.802
328.68
328.557
328.433
328.307
328.181
328.054
327.926
327.796
327.666
327.535
327.403
327.27
327.136
327.001
326.865
326.728
326.591
326.452
326.313
326.172
326.031
325.888
325.745
325.601
325.455
325.309
325.161
325.012
324.862
324.71
324.557
324.401
324.243
324.081
323.915
323.743
323.563
330.129
330.164
330.199
330.235
330.271
330.307
330.344
330.381
330.419
330.456
330.494
330.533
330.571
330.61
330.649
330.689
330.728
330.768
330.809
330.849
330.89
330.931
330.972
331.013
331.055
331.096
331.138
331.18
331.222
331.264
331.306
331.349
331.391
331.433
331.475
331.517
331.559
331.6
331.642
331.683
331.724
331.765
331.805
331.845
331.885
331.924
331.962
332
332.037
332.073
332.109
332.144
332.178
332.211
332.242
332.273
332.303
332.331
332.358
332.384
332.408
332.43
332.451
332.47
332.488
332.503
332.517
332.528
332.537
332.544
332.549
332.552
332.551
332.549
332.544
332.536
332.525
332.512
332.496
332.477
332.456
332.431
332.404
332.374
332.341
332.306
332.268
332.227
332.183
332.137
332.088
332.037
331.983
331.927
331.868
331.807
331.744
331.678
331.61
331.54
331.467
331.393
331.316
331.238
331.157
331.074
330.99
330.903
330.815
330.724
330.632
330.538
330.442
330.345
330.245
330.144
330.041
329.937
329.831
329.723
329.614
329.503
329.39
329.276
329.161
329.044
328.926
328.806
328.685
328.562
328.438
328.313
328.186
328.058
327.929
327.799
327.667
327.535
327.401
327.266
327.129
326.992
326.853
326.714
326.573
326.431
326.288
326.144
325.998
325.851
325.704
325.554
325.404
325.252
325.097
324.941
324.782
324.62
324.452
324.279
324.096
309.831
309.562
309.3
309.043
308.794
308.552
308.318
308.091
307.87
307.655
307.446
307.241
307.039
306.84
306.644
306.448
306.253
306.058
305.863
305.666
305.468
305.267
305.065
304.859
304.652
304.441
304.228
304.011
303.793
303.572
303.35
303.126
302.902
302.678
302.456
302.235
302.019
301.807
301.602
301.405
301.219
301.045
300.885
300.74
300.612
300.501
300.408
300.334
300.278
300.24
300.222
309.831
309.562
309.3
309.044
308.795
308.553
308.318
308.091
307.87
307.656
307.446
307.241
307.039
306.841
306.644
306.449
306.254
306.059
305.863
305.666
305.468
305.268
305.065
304.86
304.652
304.441
304.228
304.012
303.793
303.573
303.35
303.127
302.903
302.679
302.456
302.236
302.019
301.807
301.602
301.406
301.219
301.045
300.885
300.74
300.612
300.501
300.409
300.334
300.278
300.241
300.222
309.832
309.563
309.301
309.044
308.795
308.553
308.319
308.092
307.871
307.656
307.447
307.242
307.04
306.842
306.645
306.449
306.255
306.06
305.864
305.667
305.469
305.269
305.066
304.861
304.653
304.443
304.229
304.013
303.795
303.574
303.352
303.128
302.904
302.68
302.458
302.237
302.02
301.808
301.603
301.407
301.22
301.046
300.886
300.741
300.612
300.502
300.409
300.334
300.278
300.241
300.222
309.833
309.565
309.302
309.046
308.797
308.555
308.32
308.093
307.872
307.658
307.448
307.243
307.042
306.843
306.646
306.451
306.256
306.061
305.866
305.669
305.471
305.271
305.068
304.863
304.655
304.445
304.231
304.015
303.797
303.576
303.354
303.131
302.906
302.683
302.46
302.239
302.022
301.811
301.605
301.408
301.222
301.048
300.887
300.742
300.613
300.502
300.41
300.335
300.279
300.241
300.222
309.835
309.567
309.304
309.048
308.799
308.557
308.322
308.095
307.874
307.66
307.45
307.245
307.044
306.845
306.649
306.453
306.259
306.064
305.868
305.672
305.474
305.273
305.071
304.866
304.658
304.448
304.235
304.019
303.8
303.58
303.358
303.134
302.91
302.686
302.463
302.243
302.026
301.814
301.608
301.411
301.224
301.05
300.889
300.744
300.615
300.504
300.41
300.336
300.279
300.242
300.223
309.839
309.57
309.308
309.051
308.802
308.56
308.325
308.098
307.877
307.663
307.453
307.248
307.047
306.848
306.652
306.457
306.262
306.068
305.872
305.676
305.478
305.278
305.076
304.871
304.663
304.453
304.24
304.024
303.806
303.585
303.363
303.14
302.915
302.691
302.469
302.248
302.031
301.818
301.613
301.415
301.228
301.053
300.892
300.746
300.617
300.505
300.412
300.337
300.28
300.242
300.223
309.843
309.575
309.312
309.056
308.806
308.564
308.33
308.102
307.882
307.667
307.458
307.253
307.052
306.853
306.657
306.462
306.267
306.073
305.878
305.682
305.484
305.284
305.082
304.877
304.67
304.46
304.247
304.031
303.813
303.593
303.371
303.147
302.923
302.699
302.476
302.255
302.037
301.825
301.619
301.421
301.233
301.057
300.896
300.749
300.62
300.507
300.414
300.338
300.281
300.243
300.224
309.849
309.581
309.318
309.062
308.812
308.57
308.336
308.108
307.888
307.673
307.464
307.259
307.058
306.86
306.663
306.469
306.274
306.08
305.885
305.689
305.492
305.292
305.091
304.886
304.679
304.469
304.257
304.041
303.823
303.603
303.381
303.157
302.933
302.709
302.486
302.264
302.046
301.833
301.627
301.428
301.24
301.063
300.901
300.754
300.623
300.51
300.416
300.34
300.283
300.244
300.225
309.857
309.589
309.327
309.07
308.82
308.578
308.344
308.116
307.896
307.681
307.472
307.267
307.066
306.868
306.672
306.478
306.284
306.09
305.896
305.7
305.503
305.304
305.102
304.898
304.692
304.482
304.27
304.054
303.837
303.617
303.395
303.171
302.947
302.722
302.498
302.277
302.058
301.844
301.637
301.437
301.248
301.071
300.907
300.759
300.628
300.514
300.419
300.342
300.285
300.246
300.226
309.868
309.601
309.338
309.081
308.831
308.589
308.354
308.127
307.906
307.692
307.483
307.278
307.078
306.88
306.684
306.49
306.297
306.103
305.909
305.714
305.517
305.319
305.118
304.914
304.708
304.499
304.287
304.072
303.854
303.634
303.412
303.188
302.964
302.739
302.515
302.293
302.073
301.859
301.65
301.449
301.259
301.08
300.915
300.766
300.633
300.519
300.423
300.345
300.287
300.248
300.228
309.883
309.615
309.352
309.095
308.845
308.603
308.368
308.141
307.92
307.706
307.497
307.293
307.092
306.895
306.7
306.506
306.313
306.12
305.926
305.732
305.536
305.338
305.137
304.934
304.729
304.52
304.308
304.094
303.876
303.656
303.434
303.211
302.986
302.76
302.536
302.313
302.092
301.876
301.667
301.465
301.272
301.092
300.926
300.775
300.641
300.525
300.427
300.349
300.29
300.25
300.23
309.901
309.634
309.37
309.113
308.863
308.621
308.386
308.159
307.938
307.724
307.515
307.311
307.111
306.914
306.719
306.526
306.334
306.141
305.949
305.755
305.559
305.362
305.162
304.96
304.755
304.547
304.335
304.121
303.904
303.684
303.462
303.238
303.013
302.787
302.562
302.337
302.116
301.898
301.687
301.483
301.289
301.107
300.938
300.785
300.649
300.532
300.433
300.353
300.293
300.253
300.233
309.925
309.658
309.394
309.137
308.886
308.644
308.409
308.181
307.961
307.747
307.538
307.335
307.135
306.939
306.744
306.552
306.36
306.168
305.976
305.783
305.589
305.392
305.193
304.992
304.787
304.58
304.369
304.155
303.938
303.719
303.496
303.272
303.046
302.82
302.593
302.368
302.145
301.926
301.712
301.506
301.309
301.125
300.954
300.798
300.66
300.54
300.44
300.359
300.298
300.257
300.236
309.955
309.688
309.424
309.166
308.915
308.673
308.438
308.21
307.99
307.776
307.568
307.364
307.165
306.969
306.775
306.584
306.393
306.202
306.011
305.819
305.625
305.429
305.231
305.031
304.827
304.62
304.41
304.197
303.98
303.761
303.538
303.314
303.087
302.86
302.632
302.405
302.18
301.958
301.742
301.533
301.334
301.146
300.972
300.814
300.673
300.551
300.448
300.365
300.303
300.261
300.239
309.993
309.726
309.461
309.203
308.952
308.709
308.474
308.246
308.026
307.812
307.604
307.401
307.202
307.007
306.814
306.623
306.433
306.243
306.053
305.862
305.67
305.475
305.278
305.079
304.876
304.67
304.46
304.248
304.031
303.812
303.589
303.364
303.137
302.908
302.678
302.449
302.222
301.998
301.779
301.567
301.364
301.172
300.995
300.833
300.689
300.563
300.458
300.373
300.309
300.266
300.244
310.04
309.773
309.508
309.249
308.997
308.754
308.518
308.29
308.07
307.856
307.649
307.446
307.248
307.053
306.861
306.671
306.482
306.294
306.105
305.915
305.724
305.53
305.335
305.136
304.935
304.73
304.521
304.309
304.093
303.873
303.65
303.424
303.196
302.966
302.734
302.503
302.273
302.045
301.822
301.606
301.399
301.203
301.021
300.855
300.707
300.578
300.47
300.383
300.316
300.272
300.249
310.099
309.831
309.565
309.305
309.053
308.809
308.573
308.345
308.124
307.911
307.703
307.501
307.303
307.11
306.918
306.729
306.542
306.354
306.167
305.979
305.789
305.597
305.403
305.206
305.005
304.801
304.593
304.382
304.166
303.946
303.723
303.496
303.267
303.035
302.801
302.567
302.333
302.102
301.874
301.653
301.441
301.24
301.053
300.882
300.729
300.596
300.484
300.394
300.325
300.279
300.255
310.171
309.902
309.635
309.375
309.122
308.877
308.64
308.412
308.191
307.977
307.77
307.568
307.371
307.178
306.988
306.8
306.613
306.427
306.242
306.055
305.867
305.677
305.484
305.288
305.089
304.887
304.68
304.468
304.253
304.033
303.809
303.582
303.35
303.116
302.88
302.642
302.404
302.168
301.936
301.709
301.491
301.284
301.09
300.913
300.755
300.617
300.5
300.407
300.336
300.287
300.263
310.259
309.989
309.721
309.459
309.205
308.959
308.721
308.492
308.271
308.057
307.85
307.648
307.452
307.259
307.07
306.884
306.699
306.515
306.33
306.146
305.959
305.771
305.58
305.387
305.189
304.987
304.781
304.571
304.356
304.136
303.911
303.682
303.449
303.213
302.973
302.731
302.489
302.247
302.009
301.775
301.55
301.335
301.135
300.95
300.785
300.642
300.52
300.422
300.348
300.297
300.271
310.366
310.094
309.825
309.561
309.305
309.058
308.819
308.589
308.367
308.153
307.945
307.744
307.548
307.357
307.169
306.984
306.8
306.618
306.436
306.253
306.069
305.883
305.694
305.502
305.306
305.106
304.901
304.692
304.477
304.257
304.031
303.801
303.565
303.326
303.082
302.836
302.588
302.34
302.094
301.853
301.619
301.396
301.187
300.994
300.821
300.67
300.543
300.44
300.362
300.309
300.282
310.495
310.221
309.949
309.683
309.426
309.177
308.936
308.705
308.482
308.267
308.06
307.859
307.663
307.473
307.286
307.102
306.921
306.74
306.56
306.379
306.198
306.014
305.828
305.638
305.444
305.245
305.042
304.833
304.618
304.398
304.171
303.939
303.701
303.458
303.21
302.958
302.704
302.448
302.194
301.944
301.7
301.467
301.248
301.046
300.864
300.704
300.57
300.461
300.379
300.323
300.294
310.65
310.373
310.098
309.83
309.57
309.318
309.076
308.843
308.619
308.403
308.195
307.994
307.799
307.609
307.424
307.242
307.062
306.884
306.706
306.528
306.349
306.167
305.984
305.796
305.604
305.408
305.205
304.997
304.783
304.562
304.335
304.1
303.859
303.612
303.359
303.101
302.839
302.575
302.311
302.05
301.795
301.55
301.319
301.106
300.913
300.744
300.601
300.486
300.399
300.339
300.308
310.835
310.554
310.276
310.004
309.741
309.487
309.243
309.007
308.782
308.565
308.356
308.154
307.959
307.77
307.586
307.405
307.228
307.051
306.876
306.701
306.524
306.346
306.165
305.98
305.791
305.596
305.395
305.188
304.974
304.753
304.524
304.287
304.043
303.791
303.532
303.267
302.996
302.722
302.447
302.174
301.906
301.648
301.403
301.176
300.971
300.791
300.638
300.515
300.422
300.358
300.324
311.054
310.769
310.487
310.211
309.944
309.687
309.439
309.201
308.973
308.755
308.545
308.342
308.148
307.959
307.776
307.597
307.421
307.247
307.074
306.902
306.729
306.553
306.375
306.193
306.006
305.814
305.614
305.408
305.194
304.973
304.742
304.503
304.255
303.998
303.732
303.459
303.178
302.893
302.605
302.318
302.036
301.761
301.501
301.259
301.039
300.846
300.681
300.549
300.449
300.379
300.343
311.314
311.023
310.736
310.456
310.184
309.923
309.671
309.43
309.199
308.978
308.766
308.563
308.368
308.179
307.997
307.819
307.645
307.474
307.304
307.135
306.964
306.793
306.618
306.439
306.254
306.064
305.866
305.661
305.448
305.225
304.993
304.751
304.499
304.236
303.963
303.68
303.389
303.091
302.789
302.486
302.186
301.894
301.615
301.355
301.118
300.909
300.732
300.589
300.48
300.405
300.366
311.621
311.323
311.03
310.744
310.467
310.2
309.944
309.699
309.464
309.24
309.026
308.821
308.625
308.436
308.254
308.077
307.905
307.736
307.569
307.403
307.236
307.067
306.896
306.72
306.538
306.35
306.154
305.95
305.737
305.514
305.28
305.035
304.778
304.508
304.227
303.934
303.631
303.319
303
302.679
302.36
302.047
301.747
301.467
301.21
300.984
300.792
300.636
300.517
300.435
300.391
311.981
311.675
311.375
311.082
310.799
310.526
310.264
310.013
309.774
309.546
309.328
309.121
308.923
308.734
308.552
308.376
308.205
308.038
307.874
307.71
307.546
307.381
307.213
307.04
306.861
306.676
306.482
306.279
306.066
305.842
305.606
305.357
305.095
304.819
304.529
304.225
303.908
303.58
303.244
302.902
302.561
302.225
301.902
301.597
301.318
301.071
300.861
300.691
300.56
300.469
300.422
312.402
312.087
311.778
311.477
311.186
310.906
310.638
310.381
310.136
309.902
309.68
309.47
309.269
309.078
308.895
308.719
308.549
308.384
308.222
308.061
307.9
307.738
307.573
307.403
307.227
307.044
306.852
306.65
306.437
306.213
305.975
305.722
305.455
305.172
304.872
304.556
304.224
303.879
303.523
303.159
302.793
302.431
302.08
301.749
301.444
301.173
300.943
300.755
300.61
300.51
300.457
312.893
312.568
312.249
311.939
311.639
311.35
311.073
310.808
310.556
310.316
310.088
309.873
309.668
309.474
309.289
309.113
308.943
308.778
308.617
308.459
308.3
308.141
307.979
307.812
307.638
307.457
307.267
307.066
306.854
306.628
306.388
306.133
305.86
305.569
305.259
304.93
304.583
304.219
303.841
303.453
303.06
302.668
302.287
301.924
301.59
301.291
301.038
300.83
300.669
300.557
300.497
313.463
313.125
312.794
312.474
312.163
311.865
311.578
311.304
311.043
310.795
310.56
310.338
310.128
309.929
309.741
309.562
309.391
309.226
309.065
308.908
308.751
308.594
308.434
308.269
308.097
307.918
307.729
307.529
307.317
307.091
306.849
306.59
306.311
306.013
305.693
305.351
304.988
304.605
304.203
303.788
303.365
302.941
302.525
302.128
301.759
301.431
301.149
300.917
300.737
300.611
300.544
314.12
313.767
313.424
313.091
312.769
312.459
312.161
311.875
311.604
311.346
311.101
310.871
310.653
310.448
310.255
310.072
309.897
309.73
309.569
309.411
309.254
309.098
308.939
308.775
308.605
308.427
308.239
308.04
307.828
307.601
307.357
307.095
306.811
306.506
306.176
305.821
305.441
305.038
304.612
304.168
303.713
303.253
302.799
302.363
301.956
301.593
301.279
301.019
300.816
300.674
300.598
314.87
314.502
314.145
313.799
313.464
313.14
312.829
312.531
312.246
311.976
311.72
311.479
311.252
311.038
310.837
310.647
310.467
310.296
310.131
309.971
309.813
309.655
309.496
309.332
309.162
308.984
308.796
308.597
308.385
308.157
307.912
307.646
307.359
307.046
306.707
306.34
305.944
305.52
305.07
304.596
304.106
303.609
303.113
302.633
302.185
301.781
301.429
301.137
300.908
300.747
300.66
315.719
315.336
314.964
314.603
314.254
313.915
313.589
313.276
312.977
312.692
312.423
312.168
311.928
311.703
311.491
311.292
311.104
310.925
310.754
310.589
310.426
310.266
310.103
309.937
309.765
309.586
309.398
309.198
308.985
308.756
308.509
308.242
307.95
307.632
307.285
306.907
306.496
306.053
305.578
305.074
304.549
304.01
303.471
302.945
302.449
301.998
301.603
301.273
301.013
300.83
300.732
316.667
316.269
315.883
315.507
315.141
314.786
314.444
314.114
313.799
313.497
313.211
312.941
312.686
312.445
312.22
312.008
311.807
311.618
311.437
311.263
311.094
310.927
310.758
310.588
310.412
310.23
310.039
309.837
309.623
309.393
309.144
308.874
308.58
308.257
307.904
307.517
307.093
306.632
306.134
305.602
305.042
304.462
303.876
303.3
302.751
302.248
301.804
301.43
301.134
300.925
300.812
317.711
317.299
316.897
316.505
316.122
315.751
315.39
315.043
314.709
314.389
314.084
313.795
313.521
313.263
313.02
312.791
312.576
312.371
312.177
311.991
311.81
311.633
311.455
311.277
311.095
310.907
310.712
310.506
310.289
310.056
309.806
309.534
309.238
308.912
308.554
308.16
307.726
307.251
306.733
306.175
305.581
304.961
304.328
303.698
303.093
302.531
302.031
301.608
301.272
301.032
300.902
318.836
318.41
317.993
317.584
317.185
316.795
316.416
316.05
315.696
315.356
315.03
314.72
314.425
314.146
313.883
313.634
313.398
313.176
312.964
312.761
312.565
312.373
312.184
311.994
311.802
311.605
311.403
311.192
310.97
310.734
310.481
310.208
309.91
309.583
309.222
308.824
308.383
307.897
307.364
306.783
306.16
305.502
304.822
304.138
303.472
302.848
302.287
301.808
301.425
301.151
301.001
320.014
319.574
319.141
318.717
318.3
317.893
317.495
317.109
316.735
316.373
316.026
315.693
315.376
315.073
314.786
314.514
314.256
314.011
313.778
313.555
313.34
313.131
312.924
312.72
312.515
312.307
312.095
311.876
311.648
311.407
311.151
310.876
310.576
310.249
309.888
309.488
309.044
308.552
308.008
307.411
306.763
306.071
305.347
304.611
303.884
303.194
302.568
302.028
301.593
301.28
301.107
321.191
320.737
320.29
319.85
319.418
318.993
318.578
318.173
317.779
317.397
317.028
316.672
316.331
316.005
315.694
315.397
315.114
314.845
314.588
314.342
314.105
313.875
313.649
313.427
313.207
312.985
312.761
312.532
312.296
312.049
311.789
311.511
311.21
310.883
310.523
310.125
309.681
309.187
308.638
308.03
307.364
306.645
305.885
305.099
304.315
303.56
302.865
302.261
301.77
301.415
301.217
322.282
321.816
321.356
320.902
320.456
320.017
319.586
319.165
318.753
318.353
317.964
317.588
317.225
316.876
316.541
316.22
315.913
315.62
315.339
315.069
314.81
314.558
314.313
314.072
313.835
313.598
313.361
313.121
312.876
312.622
312.357
312.076
311.775
311.449
311.091
310.696
310.256
309.764
309.215
308.603
307.927
307.19
306.401
305.575
304.739
303.923
303.164
302.495
301.947
301.547
301.323
323.165
322.689
322.219
321.755
321.298
320.848
320.406
319.972
319.547
319.132
318.728
318.335
317.955
317.588
317.234
316.893
316.566
316.252
315.951
315.661
315.382
315.111
314.848
314.591
314.338
314.089
313.84
313.59
313.336
313.076
312.806
312.523
312.221
311.896
311.541
311.15
310.716
310.23
309.685
309.075
308.396
307.65
306.842
305.989
305.113
304.248
303.432
302.706
302.106
301.664
301.415
323.69
323.208
322.732
322.262
321.799
321.343
320.893
320.452
320.02
319.597
319.184
318.782
318.392
318.014
317.648
317.296
316.957
316.63
316.316
316.013
315.722
315.44
315.165
314.898
314.636
314.378
314.122
313.866
313.607
313.343
313.07
312.785
312.484
312.16
311.808
311.421
310.991
310.51
309.971
309.365
308.689
307.941
307.127
306.26
305.362
304.467
303.615
302.849
302.212
301.74
301.473
)
;

boundaryField
{
    inlet
    {
        type            fixedValue;
        value           uniform 300;
    }
    outlet
    {
        type            zeroGradient;
    }
    top
    {
        type            zeroGradient;
    }
    slip-bottom
    {
        type            zeroGradient;
    }
    bottom
    {
        type            zeroGradient;
    }
    interface
    {
        type            fixedGradient;
        gradient        nonuniform List<scalar> 
161
(
2999.99
2999.99
2999.99
2999.99
2999.99
2999.99
2999.99
2999.99
2999.99
2999.99
2999.99
2999.99
2999.99
2999.99
2999.99
2999.99
2999.99
2999.99
2999.99
2999.99
-2.30216e-12
-2.30216e-12
-2.30216e-12
-2.30216e-12
-2.30216e-12
-2.30216e-12
-2.30216e-12
-2.30216e-12
-2.30216e-12
-2.30216e-12
-2.30216e-12
-2.30216e-12
-2.30216e-12
-2.30216e-12
-2.30216e-12
-2.30216e-12
-2.30216e-12
-2.30216e-12
-2.30216e-12
-2.30216e-12
-8.81073e-13
-8.81073e-13
-8.81073e-13
-8.81073e-13
-8.81073e-13
-8.81073e-13
-8.81073e-13
-8.81073e-13
-8.81073e-13
-8.81073e-13
-8.81073e-13
-8.81073e-13
-8.81073e-13
-8.81073e-13
-8.81073e-13
-8.81073e-13
-1.42109e-13
-1.42109e-13
-1.42109e-13
-1.42109e-13
-1.42109e-13
-1.42109e-13
-1.42109e-13
-1.42109e-13
-1.42109e-13
-1.42109e-13
-1.42109e-13
-1.42109e-13
-1.42109e-13
-1.42109e-13
-1.42109e-13
5.68434e-14
5.68434e-14
5.68434e-14
5.68434e-14
5.68434e-14
5.68434e-14
5.68434e-14
5.68434e-14
5.68434e-14
5.68434e-14
5.68434e-14
5.68434e-14
8.52651e-14
8.52651e-14
8.52651e-14
8.52651e-14
8.52651e-14
8.52651e-14
8.52651e-14
8.52651e-14
8.52651e-14
8.52651e-14
8.52651e-14
-2.84217e-13
-2.84217e-13
-2.84217e-13
-2.84217e-13
-2.84217e-13
-2.84217e-13
-2.84217e-13
-2.84217e-13
-2.84217e-13
-2.84217e-13
1.13687e-12
1.13687e-12
1.13687e-12
1.13687e-12
1.13687e-12
1.13687e-12
1.13687e-12
1.13687e-12
1.13687e-12
4.26326e-13
4.26326e-13
4.26326e-13
4.26326e-13
4.26326e-13
4.26326e-13
4.26326e-13
4.26326e-13
1.35003e-12
1.35003e-12
1.35003e-12
1.35003e-12
1.35003e-12
1.35003e-12
1.35003e-12
1.35003e-12
1.59162e-12
1.59162e-12
1.59162e-12
1.59162e-12
1.59162e-12
1.59162e-12
1.59162e-12
5.68434e-14
5.68434e-14
5.68434e-14
5.68434e-14
5.68434e-14
5.68434e-14
5.68434e-14
1.49214e-12
1.49214e-12
1.49214e-12
1.49214e-12
1.49214e-12
1.49214e-12
1.00897e-12
1.00897e-12
1.00897e-12
1.00897e-12
1.00897e-12
1.00897e-12
1.40687e-12
1.40687e-12
1.40687e-12
1.40687e-12
1.40687e-12
1.40687e-12
)
;
    }
    defaultFaces
    {
        type            empty;
    }
}


// ************************************************************************* //
