/*--------------------------------*- C++ -*----------------------------------*\
  =========                 |
  \\      /  F ield         | OpenFOAM: The Open Source CFD Toolbox
   \\    /   O peration     | Website:  https://openfoam.org
    \\  /    A nd           | Version:  7
     \\/     M anipulation  |
\*---------------------------------------------------------------------------*/
FoamFile
{
    version     2.0;
    format      ascii;
    class       volScalarField;
    location    "6.3";
    object      T;
}
// * * * * * * * * * * * * * * * * * * * * * * * * * * * * * * * * * * * * * //

dimensions      [0 0 0 1 0 0 0];

internalField   nonuniform List<scalar> 
12013
(
300.104
300.314
300.529
300.748
300.969
301.19
301.41
301.629
301.844
302.055
302.262
302.465
302.661
302.852
303.038
303.217
303.39
303.558
303.719
303.875
304.025
304.171
304.311
304.446
304.577
304.705
304.828
304.948
305.065
305.18
305.293
305.404
305.515
305.625
305.735
305.847
305.96
306.076
306.196
306.32
306.451
306.589
306.736
306.893
307.062
307.245
307.444
307.662
307.901
308.164
308.454
308.774
309.128
309.52
309.953
310.434
310.966
311.556
312.209
312.931
313.73
314.614
315.59
316.668
317.857
319.169
320.616
322.212
323.971
325.911
328.052
330.416
333.032
335.932
339.156
342.756
346.801
351.386
356.659
362.859
370.451
300.104
300.314
300.53
300.749
300.97
301.191
301.411
301.629
301.845
302.056
302.264
302.466
302.663
302.854
303.039
303.219
303.392
303.559
303.721
303.877
304.027
304.173
304.313
304.448
304.58
304.707
304.83
304.95
305.068
305.182
305.295
305.407
305.517
305.627
305.737
305.849
305.962
306.078
306.198
306.322
306.453
306.591
306.737
306.894
307.063
307.246
307.445
307.663
307.902
308.164
308.454
308.774
309.127
309.518
309.952
310.432
310.963
311.552
312.204
312.925
313.722
314.604
315.578
316.653
317.839
319.148
320.59
322.18
323.932
325.863
327.993
330.343
332.94
335.814
339.003
342.553
346.524
350.99
356.052
361.833
368.443
300.104
300.314
300.53
300.75
300.971
301.192
301.413
301.631
301.847
302.059
302.266
302.469
302.666
302.857
303.043
303.222
303.396
303.563
303.725
303.881
304.032
304.177
304.317
304.453
304.584
304.712
304.835
304.955
305.073
305.187
305.3
305.411
305.522
305.632
305.742
305.853
305.967
306.083
306.202
306.327
306.457
306.595
306.741
306.897
307.066
307.249
307.448
307.665
307.903
308.165
308.454
308.773
309.125
309.516
309.948
310.426
310.956
311.543
312.192
312.91
313.705
314.582
315.551
316.621
317.8
319.1
320.532
322.11
323.846
325.758
327.864
330.183
332.739
335.56
338.676
342.125
345.948
350.193
354.907
360.115
365.781
300.104
300.315
300.531
300.751
300.972
301.194
301.415
301.634
301.85
302.063
302.27
302.473
302.671
302.862
303.048
303.228
303.402
303.57
303.732
303.888
304.039
304.185
304.325
304.461
304.592
304.72
304.843
304.963
305.081
305.196
305.308
305.42
305.53
305.64
305.75
305.861
305.974
306.09
306.209
306.334
306.464
306.601
306.747
306.903
307.071
307.254
307.452
307.668
307.906
308.167
308.454
308.772
309.123
309.511
309.941
310.417
310.944
311.527
312.173
312.887
313.675
314.546
315.508
316.568
317.736
319.022
320.438
321.995
323.707
325.588
327.654
329.924
332.417
335.155
338.162
341.462
345.081
349.04
353.347
357.982
362.873
300.104
300.316
300.533
300.753
300.975
301.198
301.419
301.639
301.855
302.068
302.277
302.48
302.678
302.87
303.057
303.237
303.411
303.58
303.742
303.899
304.05
304.196
304.336
304.472
304.604
304.731
304.855
304.975
305.093
305.208
305.32
305.432
305.542
305.652
305.762
305.873
305.986
306.101
306.22
306.344
306.474
306.611
306.756
306.912
307.079
307.26
307.458
307.673
307.909
308.169
308.455
308.77
309.119
309.505
309.932
310.404
310.927
311.505
312.145
312.852
313.633
314.494
315.444
316.491
317.643
318.909
320.301
321.83
323.506
325.343
327.356
329.558
331.965
334.593
337.458
340.575
343.953
347.595
351.489
355.6
359.863
300.105
300.317
300.535
300.756
300.979
301.202
301.424
301.645
301.862
302.076
302.285
302.49
302.688
302.881
303.068
303.249
303.424
303.593
303.756
303.913
304.065
304.211
304.352
304.488
304.62
304.748
304.871
304.992
305.109
305.224
305.337
305.448
305.558
305.668
305.778
305.889
306.001
306.116
306.235
306.359
306.488
306.624
306.769
306.923
307.09
307.27
307.466
307.68
307.914
308.172
308.456
308.769
309.114
309.496
309.919
310.386
310.904
311.475
312.107
312.805
313.574
314.423
315.358
316.386
317.516
318.757
320.118
321.608
323.238
325.019
326.962
329.079
331.38
333.876
336.575
339.484
342.602
345.921
349.421
353.068
356.809
300.105
300.319
300.537
300.759
300.983
301.208
301.432
301.653
301.872
302.087
302.297
302.502
302.702
302.896
303.084
303.266
303.441
303.611
303.775
303.932
304.084
304.231
304.373
304.509
304.641
304.769
304.893
305.014
305.132
305.246
305.359
305.47
305.58
305.69
305.8
305.91
306.022
306.137
306.255
306.378
306.506
306.642
306.785
306.939
307.104
307.283
307.477
307.689
307.921
308.176
308.457
308.766
309.108
309.485
309.903
310.364
310.873
311.436
312.058
312.744
313.499
314.331
315.246
316.251
317.354
318.562
319.883
321.326
322.899
324.611
326.471
328.487
330.665
333.011
335.529
338.217
341.07
344.076
347.213
350.45
353.747
300.106
300.32
300.541
300.764
300.99
301.216
301.441
301.664
301.884
302.1
302.312
302.519
302.72
302.915
303.104
303.287
303.464
303.634
303.799
303.957
304.11
304.257
304.399
304.536
304.669
304.797
304.922
305.043
305.16
305.275
305.388
305.499
305.609
305.718
305.828
305.938
306.049
306.164
306.281
306.403
306.531
306.665
306.807
306.96
307.123
307.3
307.492
307.702
307.931
308.182
308.459
308.764
309.101
309.472
309.882
310.336
310.836
311.388
311.997
312.667
313.405
314.217
315.107
316.084
317.153
318.32
319.594
320.98
322.487
324.119
325.883
327.785
329.828
332.013
334.341
336.805
339.399
342.108
344.913
347.787
350.703
300.107
300.323
300.545
300.77
300.997
301.225
301.452
301.677
301.899
302.117
302.331
302.539
302.742
302.939
303.129
303.314
303.492
303.663
303.829
303.988
304.142
304.29
304.433
304.571
304.704
304.833
304.958
305.079
305.197
305.312
305.424
305.535
305.645
305.754
305.863
305.973
306.084
306.197
306.314
306.435
306.561
306.694
306.835
306.986
307.147
307.322
307.511
307.718
307.943
308.191
308.463
308.763
309.093
309.457
309.859
310.302
310.79
311.329
311.922
312.575
313.292
314.078
314.94
315.882
316.911
318.032
319.251
320.572
322.002
323.545
325.205
326.983
328.882
330.901
333.035
335.28
337.626
340.058
342.562
345.115
347.696
300.108
300.326
300.55
300.778
301.007
301.237
301.467
301.694
301.918
302.139
302.354
302.565
302.77
302.968
303.161
303.347
303.527
303.7
303.867
304.028
304.182
304.332
304.475
304.614
304.748
304.877
305.002
305.124
305.242
305.357
305.47
305.581
305.69
305.799
305.908
306.017
306.127
306.24
306.355
306.475
306.6
306.732
306.871
307.019
307.178
307.35
307.536
307.739
307.96
308.203
308.469
308.762
309.084
309.44
309.831
310.263
310.738
311.26
311.835
312.466
313.158
313.916
314.744
315.647
316.63
317.698
318.854
320.104
321.45
322.896
324.443
326.093
327.844
329.695
331.639
333.672
335.783
337.961
340.192
342.459
344.746
300.109
300.33
300.556
300.787
301.019
301.252
301.484
301.715
301.942
302.165
302.383
302.597
302.804
303.005
303.2
303.388
303.57
303.745
303.913
304.076
304.232
304.383
304.528
304.667
304.802
304.932
305.058
305.18
305.298
305.413
305.526
305.637
305.746
305.855
305.963
306.071
306.181
306.292
306.407
306.525
306.648
306.778
306.915
307.061
307.217
307.385
307.567
307.766
307.982
308.219
308.478
308.763
309.077
309.422
309.801
310.219
310.678
311.182
311.736
312.342
313.005
313.73
314.52
315.379
316.311
317.319
318.408
319.58
320.837
322.181
323.612
325.13
326.733
328.418
330.179
332.011
333.904
335.848
337.833
339.844
341.87
300.11
300.334
300.564
300.798
301.034
301.27
301.506
301.74
301.97
302.197
302.419
302.635
302.845
303.05
303.247
303.438
303.622
303.799
303.97
304.135
304.293
304.445
304.591
304.732
304.868
304.999
305.125
305.248
305.367
305.482
305.595
305.706
305.815
305.923
306.03
306.138
306.246
306.357
306.47
306.587
306.708
306.835
306.969
307.112
307.265
307.429
307.607
307.8
308.011
308.24
308.492
308.768
309.071
309.404
309.77
310.172
310.613
311.096
311.625
312.204
312.835
313.523
314.27
315.081
315.957
316.903
317.919
319.009
320.173
321.412
322.726
324.112
325.57
327.094
328.681
330.323
332.015
333.747
335.509
337.292
339.085
300.112
300.34
300.574
300.812
301.052
301.292
301.532
301.77
302.005
302.236
302.461
302.682
302.896
303.103
303.304
303.498
303.685
303.866
304.039
304.206
304.366
304.52
304.668
304.811
304.948
305.08
305.207
305.33
305.45
305.566
305.679
305.789
305.898
306.006
306.112
306.219
306.327
306.436
306.547
306.662
306.781
306.905
307.037
307.176
307.325
307.485
307.657
307.845
308.048
308.27
308.513
308.779
309.07
309.389
309.74
310.124
310.544
311.004
311.506
312.054
312.651
313.298
314
314.759
315.576
316.455
317.397
318.402
319.471
320.604
321.801
323.059
324.376
325.747
327.17
328.637
330.143
331.681
333.243
334.822
336.408
300.114
300.347
300.585
300.828
301.073
301.318
301.563
301.806
302.046
302.282
302.513
302.737
302.956
303.168
303.373
303.571
303.762
303.945
304.122
304.291
304.454
304.611
304.761
304.905
305.044
305.177
305.306
305.43
305.55
305.666
305.78
305.89
305.999
306.106
306.212
306.317
306.423
306.531
306.64
306.753
306.87
306.991
307.119
307.255
307.399
307.554
307.721
307.901
308.097
308.31
308.543
308.797
309.075
309.38
309.713
310.077
310.475
310.91
311.383
311.898
312.457
313.062
313.715
314.419
315.176
315.986
316.851
317.77
318.745
319.775
320.857
321.991
323.173
324.401
325.67
326.976
328.313
329.675
331.057
332.452
333.854
300.117
300.355
300.599
300.847
301.098
301.35
301.601
301.85
302.096
302.337
302.574
302.804
303.028
303.245
303.455
303.657
303.853
304.04
304.221
304.394
304.56
304.719
304.872
305.018
305.159
305.294
305.424
305.549
305.67
305.787
305.901
306.011
306.119
306.226
306.331
306.435
306.54
306.646
306.753
306.863
306.977
307.096
307.22
307.351
307.49
307.639
307.8
307.973
308.16
308.364
308.585
308.827
309.091
309.379
309.694
310.037
310.411
310.818
311.26
311.74
312.259
312.82
313.423
314.072
314.766
315.506
316.294
317.13
318.012
318.94
319.913
320.929
321.985
323.079
324.206
325.364
326.547
327.751
328.97
330.201
331.438
300.12
300.364
300.615
300.87
301.128
301.387
301.645
301.902
302.155
302.403
302.646
302.883
303.114
303.337
303.552
303.76
303.961
304.153
304.338
304.515
304.685
304.848
305.004
305.153
305.296
305.433
305.565
305.691
305.813
305.931
306.045
306.155
306.263
306.369
306.473
306.577
306.68
306.784
306.889
306.996
307.107
307.222
307.342
307.468
307.602
307.745
307.898
308.063
308.241
308.434
308.644
308.872
309.121
309.391
309.686
310.007
310.355
310.734
311.144
311.587
312.066
312.581
313.134
313.726
314.358
315.03
315.743
316.496
317.288
318.12
318.989
319.894
320.833
321.802
322.8
323.822
324.866
325.926
327.001
328.085
329.174
300.124
300.376
300.634
300.898
301.164
301.431
301.698
301.963
302.224
302.481
302.732
302.977
303.215
303.445
303.668
303.883
304.089
304.287
304.478
304.66
304.834
305.001
305.161
305.313
305.459
305.598
305.732
305.86
305.983
306.101
306.216
306.326
306.434
306.539
306.643
306.745
306.846
306.948
307.051
307.155
307.262
307.373
307.489
307.61
307.738
307.874
308.02
308.176
308.344
308.526
308.723
308.937
309.17
309.422
309.696
309.993
310.316
310.665
311.042
311.449
311.886
312.356
312.858
313.394
313.965
314.57
315.21
315.884
316.592
317.333
318.105
318.907
319.736
320.592
321.471
322.371
323.288
324.221
325.164
326.117
327.075
300.128
300.389
300.657
300.93
301.206
301.483
301.76
302.035
302.306
302.573
302.833
303.087
303.334
303.573
303.804
304.026
304.24
304.445
304.642
304.83
305.01
305.181
305.345
305.502
305.651
305.793
305.929
306.059
306.183
306.303
306.418
306.529
306.636
306.741
306.843
306.944
307.044
307.143
307.243
307.344
307.448
307.555
307.665
307.781
307.903
308.032
308.169
308.316
308.474
308.645
308.828
309.028
309.243
309.477
309.729
310.003
310.299
310.618
310.962
311.332
311.729
312.154
312.607
313.089
313.601
314.142
314.712
315.312
315.94
316.595
317.277
317.985
318.715
319.467
320.239
321.028
321.832
322.649
323.476
324.311
325.151
300.134
300.405
300.684
300.968
301.255
301.544
301.833
302.119
302.402
302.68
302.952
303.217
303.475
303.724
303.964
304.196
304.418
304.631
304.835
305.03
305.216
305.393
305.562
305.723
305.876
306.021
306.16
306.292
306.419
306.539
306.655
306.766
306.873
306.978
307.079
307.178
307.276
307.373
307.47
307.568
307.668
307.77
307.876
307.986
308.101
308.223
308.352
308.489
308.636
308.795
308.965
309.149
309.348
309.562
309.794
310.043
310.313
310.603
310.914
311.248
311.605
311.986
312.392
312.822
313.278
313.759
314.264
314.794
315.348
315.926
316.525
317.145
317.786
318.444
319.119
319.809
320.512
321.226
321.949
322.679
323.414
300.14
300.423
300.715
301.012
301.313
301.616
301.919
302.219
302.515
302.807
303.092
303.37
303.639
303.9
304.152
304.394
304.626
304.849
305.062
305.264
305.457
305.641
305.816
305.982
306.139
306.288
306.43
306.565
306.693
306.815
306.932
307.044
307.151
307.254
307.355
307.453
307.549
307.643
307.738
307.832
307.928
308.025
308.126
308.229
308.338
308.452
308.572
308.7
308.837
308.983
309.14
309.308
309.49
309.685
309.896
310.122
310.365
310.627
310.907
311.206
311.525
311.865
312.225
312.607
313.01
313.435
313.88
314.346
314.832
315.338
315.862
316.404
316.963
317.537
318.126
318.727
319.339
319.962
320.592
321.229
321.871
300.147
300.445
300.752
301.065
301.381
301.7
302.019
302.335
302.648
302.955
303.255
303.548
303.832
304.106
304.371
304.626
304.87
305.103
305.325
305.537
305.739
305.93
306.111
306.283
306.445
306.599
306.744
306.882
307.012
307.136
307.254
307.366
307.474
307.577
307.676
307.772
307.866
307.958
308.05
308.141
308.232
308.325
308.42
308.518
308.619
308.725
308.837
308.955
309.081
309.215
309.358
309.512
309.677
309.853
310.043
310.247
310.466
310.699
310.949
311.215
311.499
311.8
312.118
312.455
312.809
313.182
313.572
313.98
314.405
314.846
315.303
315.775
316.261
316.76
317.271
317.793
318.325
318.866
319.414
319.969
320.528
300.155
300.47
300.795
301.126
301.461
301.798
302.136
302.471
302.802
303.127
303.445
303.755
304.056
304.347
304.627
304.895
305.152
305.398
305.632
305.854
306.065
306.264
306.453
306.631
306.799
306.957
307.107
307.248
307.381
307.507
307.626
307.739
307.846
307.949
308.047
308.142
308.234
308.324
308.412
308.499
308.587
308.674
308.764
308.856
308.95
309.049
309.152
309.26
309.375
309.497
309.627
309.766
309.915
310.074
310.244
310.427
310.621
310.829
311.051
311.286
311.536
311.801
312.081
312.377
312.687
313.012
313.353
313.708
314.078
314.461
314.858
315.267
315.688
316.121
316.564
317.016
317.477
317.946
318.421
318.903
319.389
300.165
300.5
300.845
301.197
301.554
301.913
302.272
302.629
302.982
303.328
303.667
303.997
304.317
304.626
304.923
305.208
305.48
305.739
305.986
306.22
306.441
306.65
306.846
307.032
307.206
307.37
307.524
307.669
307.805
307.933
308.053
308.167
308.275
308.377
308.474
308.567
308.657
308.744
308.829
308.913
308.996
309.079
309.163
309.249
309.337
309.427
309.522
309.621
309.726
309.836
309.954
310.079
310.212
310.354
310.506
310.668
310.84
311.024
311.22
311.427
311.647
311.879
312.124
312.381
312.652
312.935
313.231
313.539
313.86
314.192
314.535
314.889
315.253
315.627
316.01
316.401
316.8
317.205
317.617
318.034
318.455
300.176
300.534
300.903
301.28
301.662
302.046
302.431
302.813
303.191
303.562
303.924
304.277
304.619
304.949
305.265
305.569
305.858
306.133
306.393
306.64
306.873
307.092
307.298
307.491
307.672
307.842
308.001
308.15
308.289
308.419
308.541
308.656
308.763
308.865
308.962
309.053
309.141
309.226
309.308
309.388
309.466
309.545
309.623
309.703
309.784
309.867
309.954
310.044
310.139
310.238
310.344
310.455
310.574
310.701
310.835
310.978
311.13
311.292
311.464
311.645
311.838
312.04
312.254
312.478
312.713
312.959
313.215
313.482
313.759
314.046
314.342
314.648
314.962
315.285
315.615
315.952
316.296
316.646
317.002
317.362
317.727
300.189
300.575
300.971
301.376
301.787
302.201
302.615
303.027
303.433
303.832
304.222
304.602
304.968
305.321
305.66
305.984
306.292
306.584
306.86
307.121
307.366
307.597
307.812
308.014
308.203
308.379
308.543
308.696
308.838
308.97
309.094
309.21
309.318
309.419
309.515
309.605
309.69
309.772
309.851
309.927
310.002
310.076
310.149
310.223
310.297
310.374
310.452
310.534
310.619
310.708
310.802
310.902
311.007
311.119
311.238
311.364
311.498
311.64
311.79
311.948
312.116
312.292
312.478
312.672
312.876
313.089
313.31
313.541
313.78
314.028
314.283
314.547
314.817
315.095
315.38
315.671
315.967
316.269
316.576
316.887
317.202
300.205
300.621
301.05
301.489
301.933
302.381
302.83
303.275
303.714
304.146
304.567
304.975
305.37
305.75
306.113
306.459
306.788
307.099
307.393
307.669
307.927
308.17
308.396
308.607
308.803
308.985
309.154
309.311
309.457
309.592
309.717
309.834
309.942
310.043
310.137
310.226
310.309
310.388
310.464
310.537
310.607
310.676
310.745
310.813
310.881
310.951
311.022
311.095
311.172
311.252
311.335
311.424
311.517
311.616
311.72
311.831
311.948
312.072
312.203
312.341
312.487
312.64
312.801
312.97
313.146
313.33
313.522
313.721
313.927
314.141
314.361
314.588
314.821
315.061
315.306
315.556
315.812
316.072
316.337
316.605
316.877
300.223
300.676
301.142
301.619
302.103
302.59
303.078
303.562
304.039
304.507
304.963
305.405
305.832
306.24
306.631
307.002
307.353
307.685
307.996
308.288
308.562
308.816
309.053
309.273
309.477
309.666
309.841
310.002
310.15
310.288
310.414
310.531
310.639
310.74
310.833
310.92
311.001
311.077
311.15
311.219
311.286
311.35
311.414
311.477
311.539
311.603
311.667
311.733
311.802
311.873
311.947
312.025
312.108
312.194
312.286
312.383
312.486
312.594
312.708
312.829
312.956
313.089
313.229
313.375
313.528
313.687
313.852
314.024
314.203
314.387
314.577
314.773
314.974
315.18
315.391
315.607
315.828
316.052
316.28
316.512
316.746
300.244
300.739
301.249
301.771
302.3
302.833
303.365
303.893
304.414
304.923
305.419
305.898
306.359
306.8
307.22
307.618
307.993
308.346
308.677
308.986
309.274
309.542
309.79
310.019
310.23
310.425
310.605
310.77
310.921
311.06
311.188
311.305
311.413
311.513
311.604
311.689
311.768
311.842
311.912
311.977
312.04
312.101
312.16
312.217
312.275
312.332
312.391
312.45
312.511
312.575
312.641
312.71
312.783
312.859
312.94
313.025
313.115
313.21
313.31
313.415
313.525
313.641
313.763
313.89
314.022
314.161
314.304
314.453
314.607
314.767
314.931
315.1
315.274
315.452
315.635
315.821
316.012
316.205
316.402
316.603
316.805
300.268
300.812
301.373
301.946
302.528
303.113
303.697
304.276
304.845
305.401
305.941
306.461
306.96
307.436
307.888
308.314
308.715
309.091
309.441
309.768
310.07
310.35
310.608
310.846
311.065
311.265
311.449
311.617
311.771
311.912
312.04
312.157
312.265
312.363
312.453
312.536
312.613
312.684
312.75
312.813
312.872
312.929
312.984
313.037
313.09
313.142
313.195
313.249
313.304
313.36
313.419
313.481
313.545
313.613
313.684
313.759
313.838
313.922
314.01
314.102
314.198
314.3
314.406
314.517
314.633
314.753
314.878
315.007
315.142
315.28
315.423
315.57
315.72
315.875
316.033
316.195
316.36
316.528
316.698
316.872
317.048
300.296
300.898
301.517
302.15
302.792
303.437
304.08
304.716
305.34
305.948
306.536
307.102
307.642
308.155
308.64
309.097
309.524
309.922
310.293
310.636
310.952
311.244
311.512
311.758
311.983
312.188
312.375
312.546
312.701
312.842
312.97
313.087
313.193
313.29
313.379
313.46
313.534
313.603
313.666
313.726
313.782
313.835
313.886
313.936
313.985
314.033
314.081
314.13
314.18
314.231
314.284
314.34
314.397
314.458
314.521
314.588
314.658
314.732
314.81
314.892
314.977
315.066
315.16
315.258
315.359
315.465
315.575
315.688
315.805
315.927
316.051
316.18
316.311
316.446
316.584
316.725
316.868
317.015
317.163
317.314
317.467
300.328
300.996
301.684
302.386
303.097
303.81
304.52
305.221
305.906
306.572
307.213
307.828
308.412
308.964
309.484
309.971
310.424
310.845
311.234
311.593
311.922
312.224
312.501
312.753
312.982
313.191
313.38
313.552
313.708
313.849
313.977
314.092
314.197
314.293
314.379
314.458
314.53
314.596
314.658
314.715
314.768
314.819
314.867
314.914
314.96
315.005
315.05
315.095
315.141
315.188
315.237
315.287
315.34
315.395
315.452
315.513
315.576
315.643
315.712
315.786
315.862
315.942
316.025
316.112
316.203
316.297
316.394
316.494
316.598
316.705
316.815
316.928
317.044
317.162
317.284
317.407
317.533
317.661
317.791
317.923
318.057
300.366
301.111
301.877
302.658
303.449
304.24
305.026
305.799
306.552
307.281
307.98
308.646
309.276
309.869
310.423
310.94
311.418
311.86
312.266
312.638
312.978
313.289
313.571
313.827
314.06
314.27
314.46
314.632
314.788
314.928
315.054
315.168
315.271
315.365
315.45
315.527
315.597
315.661
315.721
315.776
315.828
315.877
315.924
315.969
316.012
316.055
316.098
316.142
316.185
316.23
316.276
316.323
316.372
316.424
316.477
316.533
316.592
316.653
316.717
316.784
316.854
316.927
317.002
317.081
317.163
317.247
317.335
317.425
317.518
317.614
317.712
317.812
317.915
318.021
318.128
318.237
318.349
318.462
318.576
318.693
318.81
300.41
301.244
302.1
302.973
303.854
304.734
305.605
306.458
307.285
308.082
308.842
309.562
310.239
310.871
311.46
312.003
312.504
312.964
313.383
313.766
314.114
314.43
314.715
314.974
315.207
315.417
315.607
315.777
315.931
316.069
316.194
316.306
316.408
316.5
316.583
316.659
316.728
316.792
316.85
316.905
316.956
317.005
317.051
317.096
317.139
317.182
317.225
317.268
317.311
317.355
317.4
317.446
317.494
317.543
317.595
317.648
317.704
317.762
317.822
317.885
317.951
318.018
318.089
318.162
318.237
318.314
318.394
318.477
318.561
318.648
318.737
318.828
318.92
319.015
319.111
319.209
319.308
319.409
319.511
319.614
319.718
300.461
301.397
302.358
303.335
304.319
305.299
306.265
307.206
308.114
308.982
309.805
310.578
311.301
311.971
312.589
313.157
313.676
314.148
314.578
314.967
315.318
315.636
315.922
316.179
316.411
316.619
316.806
316.974
317.126
317.262
317.385
317.495
317.596
317.686
317.769
317.845
317.914
317.978
318.037
318.093
318.145
318.195
318.243
318.289
318.335
318.379
318.423
318.468
318.512
318.557
318.603
318.651
318.699
318.749
318.8
318.853
318.908
318.965
319.024
319.085
319.148
319.212
319.279
319.348
319.419
319.492
319.566
319.643
319.721
319.801
319.882
319.965
320.05
320.136
320.223
320.311
320.401
320.491
320.582
320.675
320.767
300.519
301.573
302.654
303.751
304.852
305.944
307.013
308.049
309.042
309.983
310.869
311.694
312.458
313.161
313.803
314.388
314.919
315.399
315.832
316.222
316.573
316.888
317.171
317.425
317.653
317.857
318.041
318.206
318.354
318.489
318.61
318.72
318.819
318.91
318.994
319.071
319.142
319.208
319.27
319.329
319.384
319.438
319.489
319.539
319.588
319.636
319.684
319.732
319.78
319.829
319.878
319.928
319.979
320.031
320.084
320.139
320.195
320.252
320.311
320.372
320.434
320.497
320.562
320.629
320.697
320.766
320.837
320.909
320.982
321.057
321.133
321.209
321.287
321.366
321.446
321.526
321.607
321.689
321.771
321.854
321.937
300.586
301.775
302.993
304.226
305.458
306.673
307.855
308.991
310.071
311.085
312.029
312.899
313.697
314.423
315.083
315.677
316.211
316.69
317.12
317.505
317.85
318.159
318.435
318.683
318.905
319.105
319.285
319.447
319.594
319.727
319.848
319.959
320.06
320.153
320.239
320.32
320.395
320.465
320.532
320.596
320.657
320.716
320.773
320.829
320.884
320.938
320.991
321.045
321.099
321.152
321.206
321.261
321.316
321.372
321.428
321.486
321.544
321.603
321.664
321.725
321.787
321.85
321.915
321.98
322.046
322.113
322.181
322.25
322.319
322.39
322.461
322.532
322.605
322.677
322.751
322.824
322.898
322.972
323.047
323.121
323.196
300.663
302.007
303.381
304.766
306.144
307.492
308.794
310.033
311.196
312.277
313.271
314.174
314.99
315.726
316.386
316.978
317.507
317.979
318.4
318.776
319.112
319.413
319.682
319.923
320.14
320.336
320.513
320.673
320.819
320.952
321.075
321.188
321.292
321.39
321.481
321.567
321.648
321.725
321.799
321.869
321.938
322.004
322.069
322.132
322.195
322.256
322.317
322.377
322.437
322.497
322.557
322.617
322.678
322.738
322.798
322.859
322.921
322.982
323.044
323.107
323.17
323.233
323.297
323.362
323.427
323.492
323.558
323.624
323.69
323.756
323.823
323.89
323.957
324.024
324.091
324.159
324.226
324.293
324.36
324.427
324.494
300.749
302.269
303.819
305.375
306.911
308.402
309.827
311.164
312.395
313.519
314.537
315.454
316.276
317.01
317.665
318.247
318.764
319.224
319.633
319.997
320.322
320.612
320.873
321.108
321.319
321.511
321.686
321.846
321.993
322.128
322.254
322.371
322.48
322.583
322.681
322.774
322.863
322.948
323.029
323.109
323.186
323.26
323.333
323.405
323.475
323.545
323.613
323.681
323.748
323.814
323.88
323.945
324.01
324.075
324.14
324.204
324.268
324.332
324.396
324.459
324.523
324.587
324.65
324.714
324.777
324.84
324.904
324.967
325.029
325.092
325.155
325.217
325.279
325.341
325.402
325.463
325.524
325.585
325.645
325.704
325.763
300.846
302.563
304.309
306.052
307.76
309.391
310.912
312.311
313.585
314.734
315.764
316.683
317.498
318.221
318.86
319.425
319.925
320.367
320.76
321.11
321.422
321.702
321.954
322.182
322.389
322.577
322.751
322.911
323.059
323.197
323.327
323.449
323.565
323.674
323.779
323.879
323.976
324.069
324.159
324.246
324.331
324.414
324.495
324.575
324.653
324.729
324.804
324.878
324.951
325.023
325.094
325.164
325.233
325.301
325.369
325.435
325.502
325.567
325.632
325.696
325.76
325.823
325.885
325.948
326.009
326.07
326.131
326.19
326.25
326.309
326.367
326.424
326.482
326.538
326.594
326.649
326.704
326.758
326.811
326.864
326.916
300.949
302.877
304.836
306.778
308.627
310.355
311.943
313.385
314.682
315.837
316.862
317.767
318.563
319.264
319.88
320.422
320.899
321.322
321.696
322.03
322.329
322.597
322.84
323.061
323.263
323.449
323.621
323.782
323.931
324.072
324.205
324.332
324.452
324.567
324.678
324.785
324.887
324.987
325.084
325.178
325.269
325.358
325.446
325.531
325.614
325.696
325.776
325.855
325.932
326.007
326.082
326.155
326.226
326.297
326.366
326.434
326.502
326.568
326.633
326.697
326.76
326.822
326.884
326.944
327.003
327.062
327.12
327.177
327.233
327.288
327.342
327.396
327.448
327.5
327.551
327.601
327.651
327.699
327.747
327.794
327.84
301.041
303.162
305.318
307.391
309.334
311.123
312.745
314.2
315.494
316.637
317.642
318.523
319.294
319.969
320.56
321.079
321.536
321.939
322.298
322.617
322.904
323.163
323.398
323.613
323.811
323.994
324.164
324.323
324.473
324.615
324.75
324.878
325.001
325.119
325.233
325.343
325.449
325.552
325.652
325.75
325.844
325.937
326.027
326.115
326.202
326.286
326.369
326.449
326.529
326.606
326.682
326.757
326.829
326.901
326.971
327.04
327.108
327.174
327.239
327.303
327.365
327.427
327.487
327.546
327.604
327.661
327.717
327.772
327.826
327.879
327.931
327.982
328.031
328.08
328.128
328.175
328.221
328.266
328.31
328.353
328.396
380.607
388.553
395.241
401.077
406.261
410.9
415.057
418.766
422.041
424.884
427.283
429.216
430.649
431.534
431.805
431.37
430.1
427.801
424.14
418.459
409.113
402.788
397.943
393.978
390.604
387.659
385.043
382.686
380.54
378.569
376.745
375.045
373.453
371.953
370.535
369.188
367.903
366.673
365.493
364.356
363.258
362.195
361.163
360.158
359.179
358.221
357.284
356.365
355.461
354.572
353.696
352.832
351.978
351.133
350.297
349.469
348.647
347.832
347.022
346.217
345.418
344.623
343.833
343.047
342.266
341.488
340.715
339.946
339.182
338.422
337.667
336.916
336.171
335.431
334.697
333.969
333.247
332.531
331.823
331.122
330.429
329.744
329.068
328.401
327.744
327.097
326.46
325.834
325.219
324.616
324.026
323.447
322.881
322.328
321.789
321.262
320.75
320.251
319.766
319.294
318.837
318.394
317.965
317.549
317.147
316.759
316.384
316.022
315.674
315.338
315.014
314.703
314.403
314.115
313.838
313.572
313.317
313.071
312.836
312.609
312.392
312.183
311.983
311.79
311.605
311.427
311.256
311.092
310.933
310.781
310.633
310.492
310.354
310.222
310.094
309.97
309.85
309.733
309.62
309.509
309.402
309.298
309.195
309.096
308.998
308.903
308.809
308.717
308.626
308.537
308.45
308.363
308.278
308.193
308.109
308.027
307.945
307.863
307.783
307.703
307.625
375.865
382.769
388.988
394.579
399.62
404.172
408.273
411.947
415.201
418.035
420.434
422.377
423.828
424.743
425.058
424.691
423.529
421.417
418.137
413.422
407.225
401.869
397.4
393.616
390.343
387.462
384.889
382.562
380.439
378.485
376.674
374.985
373.401
371.909
370.496
369.154
367.873
366.647
365.47
364.336
363.24
362.179
361.148
360.145
359.167
358.211
357.275
356.356
355.454
354.565
353.69
352.826
351.973
351.129
350.293
349.464
348.643
347.828
347.018
346.214
345.415
344.62
343.83
343.045
342.263
341.486
340.713
339.944
339.18
338.42
337.664
336.914
336.169
335.429
334.695
333.966
333.244
332.529
331.821
331.12
330.427
329.742
329.066
328.399
327.742
327.094
326.458
325.832
325.217
324.614
324.023
323.445
322.879
322.326
321.787
321.26
320.748
320.249
319.764
319.293
318.836
318.392
317.963
317.548
317.146
316.758
316.383
316.021
315.673
315.337
315.013
314.702
314.402
314.114
313.838
313.572
313.316
313.071
312.835
312.609
312.392
312.183
311.983
311.79
311.605
311.427
311.256
311.092
310.933
310.781
310.634
310.492
310.355
310.222
310.094
309.97
309.85
309.733
309.62
309.51
309.402
309.298
309.196
309.096
308.998
308.903
308.809
308.717
308.627
308.538
308.45
308.363
308.278
308.193
308.11
308.027
307.945
307.863
307.783
307.703
307.625
371.774
377.681
383.267
388.454
393.23
397.603
401.581
405.172
408.373
411.176
413.566
415.518
417.001
417.97
418.37
418.134
417.173
415.387
412.67
408.977
404.523
400.202
396.303
392.846
389.775
387.027
384.545
382.286
380.212
378.297
376.516
374.851
373.287
371.811
370.412
369.08
367.809
366.591
365.421
364.292
363.202
362.145
361.118
360.118
359.143
358.189
357.255
356.339
355.438
354.551
353.677
352.814
351.962
351.119
350.284
349.456
348.635
347.821
347.012
346.208
345.409
344.615
343.825
343.039
342.258
341.481
340.708
339.939
339.175
338.415
337.66
336.91
336.165
335.425
334.69
333.962
333.24
332.525
331.816
331.115
330.422
329.738
329.061
328.395
327.737
327.09
326.453
325.827
325.213
324.61
324.019
323.441
322.875
322.322
321.782
321.256
320.744
320.245
319.76
319.289
318.832
318.389
317.96
317.545
317.143
316.755
316.38
316.019
315.67
315.335
315.011
314.7
314.401
314.113
313.836
313.57
313.315
313.07
312.834
312.608
312.391
312.182
311.982
311.79
311.605
311.427
311.256
311.092
310.933
310.781
310.634
310.492
310.355
310.223
310.094
309.97
309.85
309.734
309.62
309.51
309.403
309.298
309.196
309.097
308.999
308.904
308.81
308.718
308.627
308.538
308.451
308.364
308.279
308.194
308.111
308.028
307.946
307.864
307.784
307.704
307.626
367.939
373.031
377.987
382.709
387.144
391.267
395.065
398.525
401.636
404.385
406.75
408.707
410.225
411.265
411.782
411.721
411.024
409.633
407.514
404.701
401.387
397.97
394.694
391.653
388.866
386.316
383.977
381.824
379.832
377.98
376.249
374.625
373.094
371.645
370.269
368.957
367.702
366.498
365.339
364.22
363.138
362.089
361.069
360.075
359.104
358.155
357.224
356.311
355.413
354.529
353.657
352.796
351.945
351.104
350.27
349.444
348.624
347.81
347.002
346.199
345.4
344.607
343.817
343.032
342.251
341.474
340.702
339.933
339.169
338.409
337.654
336.904
336.159
335.419
334.684
333.956
333.234
332.519
331.81
331.109
330.416
329.731
329.055
328.388
327.731
327.084
326.447
325.821
325.206
324.603
324.013
323.434
322.868
322.316
321.776
321.25
320.738
320.239
319.755
319.284
318.827
318.384
317.955
317.54
317.139
316.751
316.376
316.015
315.667
315.331
315.008
314.697
314.398
314.111
313.834
313.569
313.313
313.068
312.833
312.607
312.39
312.182
311.982
311.789
311.605
311.427
311.256
311.092
310.934
310.781
310.634
310.492
310.356
310.223
310.095
309.971
309.851
309.735
309.621
309.511
309.404
309.3
309.198
309.098
309
308.905
308.811
308.719
308.629
308.54
308.452
308.366
308.28
308.196
308.112
308.029
307.947
307.866
307.785
307.705
307.627
364.237
368.668
373.053
377.306
381.369
385.201
388.774
392.066
395.056
397.724
400.047
401.999
403.552
404.671
405.32
405.46
405.053
404.071
402.513
400.431
397.957
395.3
392.627
390.043
387.594
385.296
383.149
381.143
379.266
377.505
375.848
374.284
372.803
371.395
370.054
368.771
367.541
366.358
365.217
364.114
363.046
362.008
360.997
360.012
359.048
358.105
357.181
356.272
355.378
354.498
353.629
352.771
351.923
351.084
350.252
349.427
348.609
347.796
346.989
346.187
345.39
344.597
343.808
343.023
342.243
341.466
340.694
339.926
339.162
338.402
337.647
336.897
336.152
335.412
334.677
333.949
333.227
332.511
331.803
331.102
330.408
329.723
329.047
328.38
327.722
327.075
326.438
325.812
325.198
324.595
324.004
323.426
322.86
322.307
321.768
321.242
320.73
320.232
319.747
319.277
318.82
318.377
317.949
317.534
317.133
316.745
316.371
316.01
315.662
315.327
315.004
314.694
314.395
314.108
313.832
313.566
313.311
313.067
312.832
312.606
312.389
312.181
311.981
311.789
311.604
311.427
311.256
311.092
310.934
310.782
310.635
310.493
310.357
310.224
310.097
309.973
309.853
309.736
309.623
309.513
309.406
309.301
309.199
309.1
309.002
308.907
308.813
308.721
308.631
308.542
308.454
308.368
308.282
308.198
308.114
308.031
307.949
307.868
307.787
307.707
307.628
360.63
364.514
368.393
372.204
375.892
379.416
382.74
385.836
388.678
391.243
393.506
395.442
397.022
398.22
399.005
399.349
399.229
398.635
397.577
396.1
394.292
392.274
390.159
388.033
385.952
383.946
382.031
380.21
378.482
376.842
375.284
373.802
372.389
371.04
369.747
368.506
367.311
366.159
365.044
363.964
362.915
361.894
360.898
359.925
358.972
358.039
357.122
356.22
355.333
354.457
353.593
352.74
351.895
351.058
350.229
349.407
348.591
347.78
346.975
346.174
345.378
344.586
343.798
343.014
342.234
341.458
340.686
339.918
339.154
338.395
337.64
336.89
336.144
335.404
334.67
333.941
333.219
332.503
331.794
331.093
330.399
329.714
329.038
328.37
327.713
327.065
326.428
325.802
325.187
324.584
323.994
323.415
322.85
322.297
321.758
321.232
320.72
320.222
319.738
319.268
318.811
318.369
317.941
317.526
317.126
316.739
316.365
316.004
315.657
315.322
315
314.689
314.391
314.104
313.828
313.564
313.309
313.065
312.83
312.605
312.388
312.18
311.981
311.789
311.605
311.428
311.257
311.093
310.935
310.783
310.637
310.495
310.359
310.226
310.099
309.975
309.855
309.739
309.626
309.516
309.409
309.304
309.202
309.103
309.005
308.91
308.816
308.724
308.634
308.545
308.457
308.371
308.285
308.201
308.117
308.035
307.953
307.871
307.79
307.71
307.631
357.106
360.526
363.963
367.368
370.696
373.91
376.974
379.859
382.536
384.981
387.169
389.074
390.672
391.938
392.85
393.386
393.534
393.288
392.661
391.689
390.427
388.951
387.338
385.653
383.947
382.256
380.601
378.996
377.448
375.958
374.525
373.149
371.826
370.553
369.325
368.14
366.994
365.883
364.805
363.757
362.735
361.738
360.763
359.808
358.871
357.951
357.045
356.153
355.274
354.406
353.548
352.7
351.86
351.028
350.202
349.383
348.569
347.761
346.958
346.159
345.364
344.574
343.787
343.004
342.225
341.449
340.678
339.91
339.147
338.388
337.633
336.883
336.137
335.397
334.662
333.933
333.211
332.495
331.786
331.084
330.39
329.704
329.027
328.36
327.702
327.054
326.417
325.79
325.175
324.572
323.982
323.403
322.838
322.285
321.746
321.221
320.709
320.211
319.727
319.257
318.801
318.359
317.931
317.517
317.117
316.731
316.357
315.997
315.65
315.316
314.994
314.685
314.387
314.1
313.825
313.561
313.307
313.063
312.828
312.604
312.388
312.18
311.981
311.789
311.605
311.429
311.259
311.095
310.937
310.785
310.639
310.498
310.361
310.229
310.102
309.978
309.859
309.742
309.629
309.519
309.412
309.308
309.206
309.107
309.009
308.914
308.821
308.729
308.638
308.549
308.462
308.375
308.29
308.206
308.122
308.039
307.957
307.876
307.795
307.715
307.635
353.666
356.687
359.734
362.772
365.765
368.679
371.485
374.152
376.654
378.967
381.066
382.927
384.529
385.849
386.871
387.577
387.958
388.014
387.754
387.201
386.394
385.38
384.212
382.937
381.599
380.229
378.852
377.486
376.142
374.826
373.544
372.297
371.084
369.907
368.763
367.65
366.567
365.511
364.482
363.475
362.491
361.526
360.58
359.65
358.734
357.833
356.944
356.066
355.199
354.341
353.492
352.651
351.817
350.991
350.17
349.355
348.545
347.74
346.94
346.143
345.35
344.562
343.776
342.995
342.217
341.442
340.671
339.904
339.141
338.382
337.627
336.877
336.131
335.391
334.656
333.927
333.203
332.487
331.777
331.075
330.381
329.694
329.017
328.349
327.69
327.042
326.404
325.778
325.163
324.559
323.968
323.39
322.824
322.272
321.733
321.208
320.696
320.198
319.715
319.245
318.79
318.348
317.921
317.508
317.108
316.722
316.349
315.99
315.644
315.31
314.989
314.68
314.382
314.097
313.822
313.558
313.305
313.061
312.828
312.603
312.388
312.181
311.982
311.791
311.607
311.431
311.261
311.098
310.94
310.789
310.643
310.502
310.366
310.234
310.107
309.983
309.864
309.747
309.635
309.525
309.418
309.314
309.212
309.113
309.015
308.92
308.827
308.735
308.644
308.556
308.468
308.382
308.296
308.212
308.128
308.046
307.964
307.882
307.801
307.721
307.641
350.315
352.988
355.692
358.4
361.084
363.717
366.272
368.724
371.048
373.221
375.22
377.025
378.615
379.972
381.081
381.928
382.506
382.815
382.859
382.656
382.228
381.608
380.829
379.928
378.936
377.882
376.788
375.673
374.549
373.428
372.317
371.219
370.138
369.076
368.033
367.01
366.006
365.02
364.052
363.101
362.165
361.243
360.334
359.437
358.552
357.676
356.81
355.952
355.101
354.258
353.421
352.59
351.766
350.946
350.132
349.323
348.518
347.717
346.92
346.127
345.337
344.55
343.767
342.987
342.21
341.436
340.666
339.9
339.137
338.378
337.624
336.873
336.128
335.387
334.651
333.922
333.198
332.481
331.77
331.067
330.372
329.685
329.007
328.338
327.679
327.03
326.392
325.765
325.15
324.546
323.955
323.376
322.81
322.258
321.719
321.194
320.682
320.185
319.702
319.233
318.778
318.337
317.91
317.497
317.098
316.713
316.341
315.982
315.637
315.304
314.983
314.675
314.378
314.093
313.819
313.556
313.303
313.061
312.827
312.604
312.389
312.182
311.984
311.794
311.611
311.435
311.265
311.102
310.945
310.794
310.648
310.508
310.372
310.24
310.113
309.99
309.871
309.755
309.642
309.532
309.426
309.322
309.22
309.121
309.023
308.928
308.835
308.743
308.653
308.564
308.476
308.39
308.305
308.22
308.137
308.054
307.972
307.891
307.81
307.729
307.649
347.064
349.431
351.831
354.243
356.646
359.018
361.336
363.579
365.726
367.756
369.648
371.385
372.949
374.323
375.494
376.452
377.188
377.702
377.996
378.079
377.966
377.678
377.237
376.669
375.996
375.241
374.425
373.563
372.67
371.756
370.83
369.898
368.966
368.037
367.113
366.196
365.287
364.386
363.494
362.61
361.735
360.868
360.008
359.154
358.307
357.466
356.63
355.798
354.972
354.149
353.329
352.514
351.701
350.892
350.087
349.285
348.487
347.691
346.899
346.11
345.323
344.54
343.759
342.981
342.206
341.434
340.665
339.899
339.137
338.378
337.624
336.873
336.127
335.386
334.65
333.919
333.195
332.477
331.766
331.062
330.366
329.678
328.999
328.329
327.669
327.02
326.381
325.753
325.137
324.533
323.941
323.362
322.796
322.244
321.705
321.18
320.669
320.172
319.689
319.22
318.766
318.325
317.899
317.487
317.089
316.704
316.333
315.975
315.63
315.298
314.978
314.671
314.375
314.091
313.818
313.556
313.304
313.062
312.829
312.606
312.392
312.186
311.988
311.798
311.616
311.44
311.272
311.109
310.953
310.802
310.656
310.516
310.38
310.249
310.122
309.999
309.88
309.765
309.652
309.543
309.436
309.332
309.231
309.131
309.034
308.939
308.846
308.754
308.664
308.575
308.488
308.401
308.316
308.232
308.148
308.066
307.984
307.902
307.822
307.741
307.66
343.923
346.02
348.15
350.297
352.445
354.577
356.674
358.719
360.694
362.58
364.362
366.021
367.544
368.916
370.126
371.163
372.02
372.695
373.187
373.502
373.648
373.638
373.485
373.207
372.821
372.343
371.79
371.175
370.512
369.81
369.078
368.324
367.554
366.772
365.982
365.186
364.387
363.586
362.784
361.982
361.181
360.38
359.581
358.782
357.984
357.186
356.39
355.593
354.798
354.002
353.207
352.412
351.618
350.824
350.032
349.24
348.45
347.662
346.876
346.092
345.31
344.53
343.753
342.977
342.205
341.434
340.667
339.902
339.141
338.382
337.628
336.877
336.131
335.389
334.653
333.922
333.196
332.477
331.765
331.06
330.362
329.674
328.993
328.323
327.662
327.011
326.371
325.743
325.126
324.521
323.929
323.35
322.784
322.231
321.692
321.167
320.656
320.159
319.677
319.209
318.755
318.315
317.889
317.478
317.08
316.697
316.326
315.969
315.626
315.294
314.976
314.669
314.374
314.091
313.819
313.557
313.306
313.065
312.833
312.611
312.397
312.192
311.995
311.806
311.624
311.449
311.281
311.119
310.963
310.813
310.668
310.528
310.392
310.262
310.135
310.012
309.893
309.778
309.666
309.556
309.45
309.346
309.245
309.146
309.049
308.954
308.86
308.769
308.679
308.59
308.503
308.416
308.331
308.247
308.164
308.081
307.999
307.918
307.837
307.756
307.675
340.902
342.76
344.65
346.561
348.479
350.392
352.285
354.144
355.954
357.699
359.367
360.942
362.412
363.764
364.989
366.076
367.02
367.816
368.462
368.96
369.314
369.531
369.62
369.592
369.457
369.229
368.919
368.538
368.096
367.604
367.069
366.498
365.898
365.273
364.627
363.965
363.289
362.601
361.902
361.195
360.481
359.76
359.033
358.3
357.562
356.819
356.072
355.32
354.564
353.805
353.041
352.275
351.505
350.733
349.959
349.182
348.405
347.627
346.849
346.073
345.297
344.522
343.749
342.977
342.207
341.439
340.673
339.91
339.15
338.392
337.638
336.887
336.141
335.399
334.661
333.929
333.203
332.482
331.769
331.063
330.364
329.674
328.992
328.32
327.658
327.006
326.365
325.736
325.118
324.513
323.92
323.34
322.774
322.221
321.682
321.157
320.646
320.149
319.667
319.199
318.746
318.307
317.882
317.472
317.075
316.692
316.323
315.967
315.624
315.293
314.976
314.67
314.376
314.094
313.823
313.562
313.312
313.072
312.841
312.62
312.407
312.203
312.007
311.818
311.637
311.462
311.295
311.133
310.978
310.828
310.683
310.544
310.409
310.278
310.152
310.03
309.911
309.796
309.684
309.574
309.468
309.365
309.263
309.164
309.067
308.972
308.879
308.788
308.698
308.609
308.522
308.436
308.351
308.266
308.183
308.101
308.019
307.937
307.856
307.776
307.695
338.016
339.661
341.337
343.036
344.747
346.461
348.167
349.852
351.505
353.114
354.667
356.152
357.559
358.876
360.095
361.207
362.206
363.087
363.847
364.486
365.003
365.403
365.691
365.871
365.953
365.944
365.852
365.686
365.453
365.161
364.818
364.43
364.002
363.539
363.045
362.525
361.981
361.416
360.833
360.232
359.616
358.986
358.343
357.688
357.022
356.345
355.657
354.961
354.255
353.54
352.818
352.087
351.35
350.607
349.858
349.103
348.344
347.582
346.817
346.05
345.282
344.514
343.746
342.979
342.213
341.449
340.685
339.924
339.165
338.408
337.655
336.904
336.158
335.415
334.677
333.944
333.216
332.495
331.78
331.072
330.372
329.68
328.997
328.323
327.66
327.007
326.364
325.734
325.115
324.509
323.915
323.335
322.768
322.215
321.675
321.15
320.64
320.143
319.662
319.194
318.741
318.303
317.879
317.469
317.073
316.691
316.323
315.968
315.626
315.297
314.981
314.676
314.383
314.102
313.832
313.573
313.323
313.084
312.854
312.634
312.422
312.219
312.023
311.835
311.655
311.481
311.314
311.153
310.998
310.849
310.705
310.565
310.431
310.301
310.175
310.053
309.934
309.819
309.707
309.598
309.492
309.389
309.287
309.188
309.092
308.997
308.904
308.812
308.722
308.634
308.547
308.46
308.375
308.291
308.208
308.126
308.044
307.962
307.882
307.801
307.72
335.275
336.73
338.216
339.725
341.25
342.784
344.318
345.842
347.348
348.825
350.264
351.656
352.991
354.26
355.456
356.571
357.598
358.533
359.372
360.113
360.754
361.297
361.742
362.095
362.357
362.535
362.634
362.66
362.617
362.513
362.352
362.139
361.88
361.579
361.24
360.866
360.46
360.026
359.565
359.08
358.573
358.044
357.496
356.929
356.345
355.744
355.128
354.496
353.85
353.191
352.519
351.834
351.139
350.432
349.716
348.991
348.257
347.517
346.77
346.019
345.263
344.505
343.745
342.984
342.223
341.463
340.703
339.944
339.187
338.432
337.68
336.93
336.183
335.44
334.701
333.967
333.239
332.516
331.799
331.09
330.388
329.695
329.01
328.335
327.669
327.015
326.371
325.739
325.119
324.512
323.918
323.336
322.769
322.215
321.676
321.151
320.64
320.144
319.662
319.195
318.743
318.305
317.882
317.473
317.078
316.697
316.33
315.976
315.635
315.307
314.992
314.689
314.397
314.117
313.848
313.589
313.341
313.103
312.874
312.655
312.444
312.241
312.047
311.86
311.68
311.507
311.34
311.18
311.026
310.877
310.733
310.594
310.46
310.33
310.204
310.083
309.964
309.849
309.738
309.629
309.523
309.419
309.318
309.22
309.123
309.028
308.935
308.844
308.754
308.665
308.578
308.492
308.407
308.323
308.24
308.157
308.075
307.994
307.913
307.833
307.752
332.693
333.979
335.294
336.633
337.991
339.361
340.737
342.113
343.48
344.831
346.159
347.456
348.713
349.924
351.082
352.181
353.213
354.176
355.063
355.873
356.603
357.252
357.82
358.308
358.718
359.052
359.313
359.505
359.63
359.695
359.701
359.654
359.556
359.411
359.224
358.996
358.73
358.43
358.097
357.734
357.342
356.922
356.477
356.008
355.516
355.001
354.465
353.909
353.333
352.739
352.127
351.498
350.853
350.193
349.518
348.831
348.131
347.42
346.699
345.969
345.232
344.489
343.741
342.989
342.236
341.481
340.726
339.971
339.217
338.464
337.713
336.964
336.218
335.475
334.736
334.001
333.272
332.548
331.83
331.119
330.415
329.72
329.034
328.357
327.69
327.033
326.388
325.755
325.134
324.525
323.93
323.348
322.779
322.225
321.685
321.16
320.649
320.153
319.672
319.206
318.754
318.317
317.894
317.486
317.092
316.712
316.346
315.993
315.654
315.327
315.012
314.71
314.42
314.141
313.873
313.616
313.368
313.131
312.903
312.685
312.475
312.273
312.079
311.893
311.714
311.541
311.376
311.216
311.062
310.913
310.77
310.632
310.498
310.368
310.243
310.121
310.003
309.888
309.777
309.668
309.562
309.459
309.358
309.259
309.162
309.067
308.974
308.883
308.793
308.705
308.617
308.531
308.446
308.362
308.279
308.197
308.115
308.034
307.953
307.873
307.792
330.28
331.415
332.578
333.764
334.971
336.193
337.426
338.664
339.902
341.133
342.352
343.553
344.729
345.874
346.983
348.049
349.068
350.035
350.946
351.797
352.585
353.309
353.966
354.558
355.082
355.541
355.936
356.267
356.538
356.75
356.905
357.008
357.059
357.062
357.019
356.932
356.804
356.638
356.434
356.195
355.922
355.617
355.281
354.916
354.523
354.102
353.656
353.184
352.687
352.168
351.625
351.061
350.476
349.872
349.248
348.607
347.95
347.277
346.59
345.89
345.178
344.457
343.727
342.99
342.248
341.502
340.753
340.004
339.254
338.505
337.756
337.009
336.264
335.522
334.783
334.048
333.318
332.593
331.874
331.161
330.456
329.759
329.071
328.392
327.723
327.065
326.419
325.784
325.161
324.551
323.955
323.372
322.803
322.248
321.708
321.182
320.671
320.175
319.694
319.228
318.777
318.341
317.919
317.511
317.118
316.739
316.374
316.022
315.684
315.358
315.045
314.744
314.454
314.176
313.909
313.653
313.407
313.171
312.944
312.726
312.517
312.316
312.123
311.938
311.759
311.587
311.422
311.263
311.109
310.961
310.818
310.68
310.546
310.417
310.292
310.17
310.052
309.938
309.826
309.718
309.612
309.508
309.407
309.308
309.212
309.117
309.024
308.932
308.842
308.754
308.667
308.58
308.496
308.412
308.328
308.246
308.164
308.083
308.003
307.922
307.842
328.048
329.048
330.074
331.124
332.195
333.282
334.384
335.495
336.612
337.73
338.844
339.95
341.042
342.116
343.166
344.188
345.178
346.131
347.043
347.911
348.731
349.502
350.22
350.885
351.495
352.05
352.55
352.995
353.385
353.722
354.007
354.241
354.426
354.563
354.653
354.7
354.703
354.665
354.588
354.472
354.319
354.13
353.907
353.65
353.361
353.041
352.69
352.309
351.9
351.463
350.999
350.508
349.993
349.453
348.89
348.304
347.698
347.072
346.427
345.765
345.088
344.396
343.692
342.977
342.253
341.521
340.783
340.042
339.298
338.554
337.809
337.065
336.323
335.582
334.844
334.109
333.379
332.653
331.933
331.22
330.513
329.815
329.125
328.444
327.774
327.114
326.466
325.829
325.205
324.594
323.996
323.413
322.843
322.287
321.747
321.221
320.71
320.214
319.733
319.267
318.816
318.38
317.959
317.552
317.16
316.782
316.417
316.067
315.729
315.404
315.092
314.792
314.504
314.227
313.961
313.706
313.461
313.225
312.999
312.782
312.574
312.374
312.181
311.996
311.818
311.647
311.482
311.323
311.17
311.022
310.88
310.742
310.608
310.479
310.354
310.232
310.114
310
309.888
309.779
309.673
309.57
309.469
309.37
309.273
309.178
309.085
308.993
308.903
308.814
308.727
308.641
308.556
308.472
308.389
308.306
308.225
308.144
308.063
307.983
307.903
326.006
326.886
327.79
328.717
329.664
330.63
331.612
332.607
333.611
334.622
335.635
336.647
337.655
338.653
339.639
340.608
341.556
342.48
343.376
344.241
345.071
345.865
346.619
347.331
348
348.624
349.203
349.735
350.221
350.66
351.052
351.397
351.697
351.952
352.163
352.33
352.454
352.537
352.58
352.583
352.546
352.473
352.362
352.214
352.032
351.815
351.564
351.279
350.963
350.615
350.236
349.826
349.388
348.921
348.427
347.906
347.36
346.789
346.196
345.581
344.946
344.293
343.622
342.937
342.238
341.528
340.808
340.08
339.346
338.61
337.871
337.132
336.393
335.655
334.919
334.186
333.457
332.731
332.011
331.297
330.59
329.89
329.199
328.517
327.845
327.184
326.534
325.896
325.271
324.658
324.059
323.474
322.904
322.347
321.806
321.28
320.769
320.272
319.792
319.326
318.875
318.44
318.019
317.613
317.221
316.844
316.48
316.13
315.793
315.47
315.158
314.859
314.572
314.296
314.031
313.776
313.532
313.297
313.072
312.856
312.648
312.448
312.256
312.072
311.894
311.723
311.559
311.4
311.247
311.1
310.957
310.819
310.686
310.556
310.431
310.31
310.192
310.077
309.965
309.856
309.75
309.646
309.545
309.446
309.348
309.253
309.16
309.068
308.978
308.889
308.801
308.715
308.63
308.546
308.462
308.38
308.298
308.217
308.137
308.057
307.977
324.163
324.935
325.73
326.546
327.383
328.239
329.111
329.998
330.898
331.808
332.725
333.647
334.57
335.491
336.408
337.317
338.215
339.098
339.964
340.81
341.632
342.428
343.196
343.932
344.636
345.306
345.939
346.534
347.091
347.608
348.085
348.522
348.918
349.273
349.587
349.86
350.093
350.285
350.438
350.551
350.626
350.662
350.659
350.619
350.543
350.429
350.279
350.094
349.873
349.618
349.329
349.007
348.652
348.265
347.846
347.398
346.92
346.414
345.88
345.321
344.737
344.131
343.503
342.856
342.191
341.51
340.815
340.109
339.393
338.669
337.94
337.208
336.475
335.742
335.01
334.28
333.552
332.828
332.109
331.395
330.688
329.988
329.296
328.613
327.94
327.278
326.627
325.988
325.361
324.747
324.148
323.562
322.99
322.433
321.891
321.364
320.853
320.356
319.875
319.41
318.959
318.524
318.104
317.698
317.307
316.93
316.567
316.217
315.881
315.558
315.247
314.949
314.662
314.387
314.123
313.869
313.625
313.391
313.166
312.95
312.743
312.544
312.352
312.168
311.99
311.82
311.655
311.497
311.344
311.196
311.053
310.915
310.782
310.652
310.527
310.405
310.287
310.172
310.059
309.95
309.844
309.74
309.638
309.538
309.441
309.345
309.251
309.159
309.068
308.979
308.891
308.805
308.719
308.635
308.552
308.469
308.387
308.306
308.226
308.146
308.067
322.526
323.201
323.898
324.616
325.353
326.108
326.881
327.67
328.473
329.288
330.114
330.949
331.789
332.633
333.479
334.323
335.164
335.998
336.823
337.636
338.435
339.218
339.981
340.723
341.441
342.134
342.799
343.436
344.041
344.615
345.156
345.662
346.134
346.569
346.969
347.332
347.657
347.946
348.196
348.409
348.585
348.722
348.822
348.884
348.909
348.896
348.846
348.76
348.636
348.476
348.279
348.047
347.779
347.477
347.14
346.77
346.367
345.932
345.466
344.971
344.447
343.896
343.319
342.719
342.096
341.453
340.792
340.115
339.424
338.721
338.01
337.291
336.567
335.842
335.116
334.39
333.667
332.946
332.229
331.517
330.811
330.111
329.42
328.737
328.063
327.4
326.748
326.108
325.481
324.867
324.266
323.679
323.107
322.549
322.006
321.479
320.967
320.47
319.989
319.523
319.073
318.638
318.217
317.812
317.421
317.044
316.682
316.333
315.997
315.674
315.364
315.066
314.78
314.505
314.241
313.987
313.744
313.51
313.286
313.07
312.863
312.664
312.472
312.288
312.111
311.94
311.775
311.617
311.463
311.315
311.172
311.034
310.9
310.77
310.644
310.522
310.403
310.287
310.175
310.065
309.958
309.853
309.751
309.651
309.552
309.456
309.362
309.269
309.178
309.088
309
308.913
308.827
308.743
308.659
308.576
308.494
308.413
308.333
308.253
308.174
321.099
321.689
322.298
322.927
323.574
324.24
324.922
325.621
326.334
327.062
327.802
328.553
329.313
330.081
330.855
331.632
332.411
333.19
333.966
334.738
335.503
336.258
337.002
337.733
338.448
339.146
339.824
340.481
341.115
341.725
342.308
342.864
343.391
343.888
344.355
344.789
345.191
345.56
345.894
346.193
346.458
346.686
346.879
347.035
347.154
347.237
347.282
347.29
347.261
347.194
347.09
346.949
346.771
346.556
346.304
346.017
345.694
345.336
344.944
344.519
344.062
343.574
343.056
342.511
341.939
341.343
340.724
340.085
339.427
338.754
338.067
337.369
336.663
335.95
335.233
334.516
333.799
333.084
332.371
331.662
330.959
330.262
329.572
328.89
328.217
327.554
326.903
326.262
325.635
325.02
324.418
323.831
323.258
322.7
322.157
321.629
321.117
320.62
320.138
319.672
319.221
318.786
318.366
317.96
317.569
317.193
316.83
316.481
316.146
315.823
315.513
315.215
314.929
314.654
314.39
314.137
313.893
313.66
313.435
313.219
313.012
312.813
312.621
312.437
312.259
312.088
311.923
311.764
311.61
311.461
311.318
311.179
311.044
310.914
310.787
310.664
310.544
310.428
310.314
310.204
310.096
309.99
309.887
309.786
309.687
309.59
309.495
309.402
309.31
309.22
309.131
309.043
308.957
308.872
308.788
308.704
308.622
308.541
308.46
308.381
308.301
319.885
320.399
320.931
321.48
322.047
322.631
323.231
323.848
324.48
325.126
325.786
326.458
327.142
327.836
328.539
329.248
329.964
330.684
331.406
332.128
332.85
333.568
334.281
334.988
335.685
336.372
337.047
337.708
338.352
338.979
339.586
340.172
340.736
341.276
341.791
342.279
342.74
343.171
343.573
343.944
344.284
344.59
344.864
345.103
345.307
345.477
345.61
345.707
345.767
345.79
345.776
345.723
345.634
345.506
345.341
345.138
344.897
344.62
344.306
343.957
343.572
343.154
342.703
342.22
341.707
341.165
340.597
340.004
339.389
338.753
338.1
337.431
336.749
336.058
335.358
334.653
333.947
333.24
332.534
331.832
331.133
330.44
329.754
329.074
328.404
327.743
327.092
326.453
325.825
325.211
324.61
324.022
323.449
322.891
322.348
321.819
321.307
320.809
320.327
319.861
319.41
318.974
318.554
318.148
317.757
317.38
317.017
316.668
316.333
316.01
315.7
315.402
315.115
314.84
314.576
314.322
314.079
313.844
313.62
313.403
313.196
312.996
312.803
312.618
312.44
312.268
312.102
311.943
311.788
311.639
311.494
311.354
311.219
311.087
310.96
310.835
310.715
310.597
310.483
310.371
310.262
310.155
310.051
309.949
309.849
309.751
309.655
309.561
309.468
309.377
309.287
309.198
309.111
309.026
308.941
308.857
308.775
308.693
308.612
308.532
308.453
318.886
319.332
319.795
320.274
320.769
321.28
321.806
322.349
322.906
323.477
324.063
324.662
325.273
325.896
326.529
327.173
327.824
328.483
329.148
329.817
330.489
331.163
331.837
332.509
333.178
333.842
334.499
335.148
335.788
336.415
337.03
337.629
338.212
338.777
339.322
339.847
340.349
340.827
341.28
341.706
342.105
342.476
342.816
343.126
343.404
343.649
343.86
344.037
344.179
344.285
344.354
344.387
344.382
344.339
344.258
344.139
343.982
343.787
343.553
343.282
342.974
342.63
342.25
341.835
341.387
340.908
340.398
339.859
339.294
338.705
338.093
337.462
336.814
336.152
335.477
334.794
334.105
333.411
332.716
332.023
331.333
330.646
329.966
329.291
328.625
327.967
327.319
326.682
326.056
325.443
324.843
324.256
323.684
323.126
322.583
322.054
321.542
321.044
320.562
320.095
319.644
319.208
318.787
318.381
317.99
317.612
317.249
316.9
316.564
316.24
315.93
315.631
315.344
315.068
314.804
314.549
314.305
314.07
313.844
313.627
313.419
313.218
313.025
312.839
312.659
312.487
312.32
312.159
312.003
311.852
311.707
311.565
311.429
311.296
311.167
311.041
310.919
310.8
310.684
310.571
310.46
310.352
310.247
310.143
310.042
309.943
309.845
309.75
309.656
309.563
309.472
309.383
309.295
309.208
309.123
309.038
308.955
308.873
308.792
308.711
308.632
318.1
318.487
318.889
319.305
319.736
320.182
320.643
321.118
321.607
322.111
322.628
323.159
323.702
324.258
324.826
325.404
325.993
326.591
327.197
327.81
328.43
329.054
329.683
330.313
330.945
331.576
332.206
332.832
333.453
334.068
334.675
335.272
335.858
336.432
336.992
337.536
338.062
338.57
339.058
339.524
339.967
340.386
340.778
341.144
341.482
341.79
342.068
342.314
342.527
342.707
342.852
342.962
343.036
343.073
343.072
343.034
342.957
342.842
342.689
342.497
342.267
341.999
341.694
341.352
340.974
340.562
340.116
339.639
339.131
338.596
338.034
337.449
336.843
336.218
335.577
334.924
334.26
333.588
332.912
332.232
331.554
330.878
330.206
329.539
328.879
328.227
327.584
326.951
326.329
325.719
325.121
324.536
323.965
323.408
322.866
322.339
321.826
321.329
320.847
320.38
319.929
319.493
319.072
318.665
318.273
317.895
317.532
317.181
316.845
316.521
316.209
315.91
315.622
315.345
315.08
314.824
314.579
314.343
314.116
313.898
313.688
313.486
313.291
313.104
312.923
312.749
312.581
312.418
312.261
312.108
311.961
311.818
311.68
311.545
311.414
311.287
311.163
311.042
310.924
310.81
310.697
310.587
310.48
310.375
310.272
310.171
310.072
309.974
309.879
309.785
309.693
309.602
309.512
309.425
309.338
309.253
309.168
309.085
309.003
308.923
308.843
317.525
317.86
318.208
318.569
318.944
319.332
319.733
320.148
320.577
321.019
321.474
321.942
322.423
322.916
323.422
323.939
324.467
325.005
325.554
326.111
326.676
327.249
327.828
328.412
329.001
329.592
330.185
330.779
331.373
331.964
332.551
333.134
333.71
334.279
334.838
335.386
335.922
336.445
336.951
337.441
337.913
338.364
338.794
339.202
339.585
339.943
340.273
340.576
340.849
341.091
341.301
341.479
341.623
341.731
341.804
341.841
341.84
341.802
341.726
341.611
341.458
341.266
341.036
340.769
340.464
340.122
339.745
339.334
338.89
338.415
337.91
337.379
336.822
336.244
335.645
335.029
334.399
333.758
333.107
332.451
331.791
331.13
330.471
329.816
329.166
328.523
327.888
327.261
326.645
326.039
325.446
324.864
324.296
323.742
323.202
322.676
322.165
321.668
321.187
320.721
320.27
319.834
319.412
319.005
318.613
318.235
317.87
317.519
317.182
316.857
316.544
316.244
315.955
315.677
315.41
315.153
314.907
314.669
314.441
314.221
314.01
313.806
313.61
313.421
313.238
313.062
312.892
312.727
312.568
312.413
312.264
312.119
311.978
311.842
311.709
311.579
311.453
311.33
311.21
311.093
310.978
310.866
310.757
310.649
310.544
310.441
310.34
310.24
310.143
310.047
309.953
309.86
309.769
309.68
309.592
309.505
309.42
309.336
309.253
309.171
309.09
317.156
317.445
317.747
318.06
318.385
318.722
319.071
319.433
319.807
320.194
320.593
321.004
321.428
321.864
322.311
322.771
323.242
323.723
324.215
324.717
325.229
325.749
326.277
326.812
327.354
327.901
328.453
329.008
329.566
330.125
330.684
331.242
331.797
332.349
332.895
333.435
333.967
334.489
335.001
335.5
335.985
336.454
336.907
337.341
337.755
338.147
338.517
338.862
339.182
339.474
339.738
339.972
340.175
340.346
340.483
340.586
340.654
340.686
340.681
340.639
340.559
340.441
340.285
340.091
339.859
339.59
339.284
338.942
338.565
338.155
337.713
337.241
336.741
336.216
335.667
335.097
334.509
333.905
333.29
332.664
332.031
331.394
330.755
330.116
329.481
328.85
328.226
327.609
327.002
326.404
325.817
325.241
324.678
324.128
323.592
323.069
322.56
322.066
321.586
321.121
320.671
320.235
319.814
319.408
319.015
318.637
318.272
317.92
317.582
317.256
316.942
316.641
316.351
316.071
315.803
315.545
315.296
315.057
314.827
314.605
314.392
314.186
313.988
313.796
313.612
313.433
313.261
313.094
312.932
312.775
312.623
312.476
312.332
312.193
312.057
311.925
311.796
311.671
311.548
311.428
311.311
311.196
311.084
310.974
310.866
310.76
310.656
310.554
310.455
310.356
310.26
310.165
310.072
309.98
309.89
309.802
309.715
309.629
309.545
309.462
309.38
316.987
317.238
317.498
317.769
318.051
318.344
318.647
318.962
319.288
319.625
319.974
320.335
320.707
321.09
321.485
321.891
322.309
322.737
323.175
323.624
324.083
324.552
325.029
325.515
326.008
326.509
327.016
327.528
328.046
328.566
329.09
329.615
330.141
330.667
331.19
331.711
332.227
332.737
333.241
333.736
334.221
334.695
335.156
335.602
336.033
336.447
336.841
337.215
337.567
337.896
338.2
338.478
338.728
338.949
339.14
339.3
339.427
339.52
339.579
339.602
339.59
339.54
339.454
339.33
339.169
338.97
338.735
338.463
338.155
337.813
337.437
337.029
336.591
336.124
335.631
335.114
334.576
334.018
333.445
332.858
332.26
331.655
331.044
330.431
329.816
329.204
328.595
327.992
327.397
326.81
326.233
325.667
325.111
324.568
324.037
323.519
323.015
322.524
322.048
321.585
321.137
320.703
320.283
319.877
319.485
319.107
318.742
318.39
318.051
317.725
317.41
317.108
316.816
316.536
316.265
316.006
315.755
315.514
315.282
315.058
314.843
314.634
314.434
314.24
314.052
313.871
313.696
313.526
313.362
313.202
313.047
312.896
312.75
312.608
312.469
312.333
312.201
312.072
311.947
311.823
311.703
311.585
311.469
311.356
311.245
311.136
311.029
310.924
310.822
310.72
310.621
310.524
310.428
310.334
310.241
310.15
310.061
309.973
309.887
309.803
309.719
317.014
317.23
317.456
317.691
317.935
318.189
318.452
318.726
319.01
319.304
319.608
319.923
320.249
320.585
320.932
321.29
321.658
322.037
322.426
322.825
323.234
323.653
324.081
324.518
324.963
325.416
325.877
326.344
326.818
327.297
327.781
328.268
328.759
329.251
329.744
330.236
330.728
331.217
331.702
332.182
332.655
333.121
333.578
334.024
334.458
334.879
335.284
335.674
336.045
336.397
336.727
337.036
337.32
337.579
337.811
338.016
338.191
338.335
338.448
338.527
338.574
338.585
338.562
338.503
338.408
338.276
338.108
337.905
337.665
337.39
337.082
336.74
336.366
335.962
335.53
335.072
334.589
334.084
333.561
333.02
332.465
331.899
331.324
330.743
330.159
329.573
328.987
328.405
327.826
327.255
326.691
326.137
325.593
325.059
324.537
324.027
323.529
323.045
322.573
322.115
321.671
321.24
320.823
320.419
320.028
319.651
319.287
318.936
318.597
318.27
317.955
317.651
317.359
317.077
316.806
316.544
316.292
316.049
315.815
315.589
315.371
315.16
314.956
314.76
314.57
314.385
314.207
314.034
313.866
313.703
313.545
313.391
313.241
313.095
312.952
312.813
312.678
312.545
312.415
312.288
312.164
312.042
311.923
311.806
311.691
311.578
311.468
311.359
311.253
311.148
311.045
310.944
310.845
310.748
310.652
310.558
310.466
310.376
310.287
310.2
310.115
317.228
317.416
317.611
317.815
318.027
318.247
318.476
318.714
318.961
319.217
319.483
319.758
320.042
320.337
320.641
320.955
321.278
321.612
321.955
322.308
322.67
323.042
323.423
323.813
324.212
324.619
325.033
325.456
325.885
326.32
326.761
327.207
327.658
328.112
328.569
329.028
329.487
329.947
330.405
330.861
331.313
331.761
332.202
332.637
333.063
333.478
333.883
334.274
334.651
335.013
335.357
335.683
335.988
336.272
336.533
336.769
336.98
337.163
337.318
337.444
337.539
337.602
337.633
337.631
337.595
337.524
337.419
337.279
337.104
336.895
336.652
336.376
336.068
335.729
335.36
334.963
334.54
334.094
333.625
333.138
332.633
332.113
331.582
331.041
330.494
329.941
329.387
328.832
328.279
327.73
327.186
326.648
326.119
325.599
325.09
324.591
324.103
323.627
323.164
322.713
322.274
321.848
321.436
321.036
320.648
320.274
319.912
319.562
319.224
318.898
318.583
318.279
317.986
317.704
317.431
317.168
316.915
316.67
316.434
316.205
315.985
315.772
315.565
315.366
315.173
314.985
314.803
314.627
314.456
314.289
314.127
313.969
313.815
313.665
313.518
313.375
313.235
313.098
312.964
312.833
312.704
312.578
312.454
312.333
312.213
312.096
311.981
311.868
311.757
311.648
311.541
311.436
311.333
311.232
311.132
311.034
310.939
310.845
310.753
310.663
310.574
317.624
317.787
317.957
318.134
318.318
318.51
318.709
318.916
319.131
319.355
319.586
319.826
320.074
320.332
320.598
320.872
321.156
321.449
321.751
322.061
322.381
322.709
323.046
323.392
323.746
324.108
324.478
324.856
325.24
325.632
326.03
326.433
326.842
327.255
327.672
328.093
328.516
328.94
329.365
329.79
330.213
330.634
331.052
331.465
331.872
332.273
332.665
333.047
333.418
333.777
334.123
334.453
334.767
335.062
335.339
335.595
335.828
336.039
336.224
336.384
336.516
336.621
336.695
336.74
336.754
336.736
336.686
336.603
336.488
336.339
336.158
335.945
335.701
335.425
335.12
334.786
334.426
334.04
333.631
333.201
332.751
332.285
331.804
331.31
330.807
330.296
329.78
329.26
328.74
328.22
327.703
327.191
326.683
326.183
325.69
325.206
324.733
324.269
323.817
323.376
322.947
322.529
322.123
321.729
321.348
320.978
320.619
320.273
319.937
319.613
319.3
318.997
318.705
318.423
318.15
317.886
317.632
317.385
317.147
316.917
316.695
316.479
316.27
316.068
315.871
315.681
315.495
315.315
315.14
314.97
314.804
314.642
314.483
314.329
314.178
314.03
313.885
313.744
313.605
313.468
313.335
313.203
313.075
312.948
312.824
312.701
312.581
312.463
312.347
312.233
312.121
312.01
311.902
311.796
311.692
311.589
311.489
311.391
311.294
311.2
311.108
318.194
318.336
318.485
318.639
318.8
318.967
319.141
319.322
319.509
319.704
319.906
320.115
320.332
320.557
320.789
321.029
321.277
321.534
321.798
322.07
322.351
322.639
322.936
323.24
323.552
323.872
324.2
324.534
324.876
325.224
325.579
325.939
326.306
326.677
327.053
327.432
327.815
328.201
328.588
328.977
329.366
329.754
330.141
330.525
330.906
331.282
331.652
332.016
332.371
332.717
333.052
333.376
333.686
333.982
334.262
334.524
334.769
334.993
335.197
335.379
335.536
335.67
335.777
335.858
335.912
335.937
335.932
335.898
335.834
335.74
335.615
335.46
335.274
335.06
334.816
334.544
334.246
333.922
333.574
333.204
332.813
332.404
331.978
331.538
331.085
330.622
330.151
329.675
329.194
328.711
328.228
327.747
327.269
326.795
326.327
325.865
325.411
324.966
324.529
324.102
323.686
323.279
322.884
322.5
322.126
321.763
321.412
321.07
320.74
320.42
320.11
319.81
319.519
319.238
318.966
318.703
318.449
318.202
317.963
317.732
317.507
317.29
317.079
316.874
316.675
316.481
316.292
316.109
315.93
315.755
315.585
315.419
315.256
315.097
314.941
314.788
314.638
314.492
314.347
314.206
314.066
313.93
313.795
313.663
313.533
313.404
313.278
313.154
313.032
312.912
312.794
312.678
312.564
312.452
312.341
312.233
312.127
312.023
311.922
311.822
311.725
318.931
319.056
319.186
319.322
319.462
319.609
319.761
319.919
320.083
320.253
320.429
320.612
320.801
320.997
321.2
321.41
321.626
321.85
322.081
322.318
322.563
322.816
323.075
323.341
323.615
323.895
324.182
324.476
324.777
325.083
325.396
325.715
326.039
326.368
326.701
327.039
327.381
327.726
328.073
328.422
328.773
329.124
329.475
329.824
330.172
330.517
330.858
331.195
331.526
331.849
332.165
332.472
332.768
333.054
333.326
333.585
333.828
334.055
334.265
334.457
334.628
334.779
334.907
335.013
335.095
335.152
335.183
335.188
335.166
335.117
335.04
334.936
334.804
334.644
334.457
334.244
334.005
333.741
333.454
333.144
332.814
332.464
332.096
331.713
331.316
330.906
330.487
330.059
329.625
329.186
328.745
328.302
327.86
327.42
326.983
326.55
326.122
325.701
325.287
324.88
324.482
324.093
323.712
323.342
322.98
322.628
322.286
321.953
321.63
321.316
321.012
320.717
320.431
320.153
319.884
319.623
319.37
319.124
318.885
318.654
318.429
318.21
317.998
317.791
317.59
317.393
317.202
317.015
316.833
316.655
316.48
316.31
316.142
315.979
315.818
315.66
315.505
315.353
315.203
315.055
314.91
314.767
314.627
314.488
314.351
314.217
314.084
313.953
313.824
313.698
313.573
313.45
313.329
313.209
313.092
312.977
312.864
312.754
312.645
312.539
312.436
319.825
319.935
320.05
320.17
320.293
320.422
320.556
320.694
320.838
320.986
321.141
321.3
321.465
321.636
321.813
321.995
322.184
322.378
322.579
322.786
322.999
323.218
323.443
323.675
323.912
324.156
324.406
324.662
324.923
325.19
325.463
325.741
326.023
326.311
326.603
326.899
327.199
327.502
327.807
328.115
328.425
328.736
329.048
329.359
329.67
329.979
330.286
330.59
330.889
331.184
331.472
331.754
332.029
332.294
332.549
332.794
333.027
333.246
333.451
333.642
333.816
333.972
334.111
334.23
334.329
334.407
334.463
334.496
334.506
334.493
334.455
334.393
334.306
334.194
334.058
333.897
333.713
333.505
333.275
333.024
332.752
332.462
332.153
331.829
331.489
331.137
330.773
330.399
330.017
329.628
329.235
328.837
328.438
328.039
327.64
327.243
326.849
326.458
326.073
325.693
325.32
324.953
324.593
324.241
323.897
323.561
323.233
322.913
322.601
322.298
322.003
321.716
321.436
321.165
320.901
320.644
320.394
320.152
319.915
319.685
319.461
319.243
319.03
318.822
318.62
318.422
318.228
318.039
317.854
317.672
317.495
317.32
317.149
316.98
316.815
316.652
316.492
316.334
316.178
316.025
315.874
315.725
315.577
315.432
315.289
315.147
315.007
314.869
314.733
314.599
314.466
314.335
314.206
314.079
313.954
313.831
313.71
313.591
313.474
313.36
313.248
320.862
320.96
321.062
321.168
321.277
321.391
321.508
321.63
321.755
321.886
322.02
322.159
322.303
322.452
322.605
322.764
322.927
323.096
323.269
323.448
323.632
323.821
324.015
324.214
324.419
324.628
324.843
325.063
325.288
325.518
325.752
325.991
326.234
326.482
326.733
326.988
327.246
327.508
327.772
328.038
328.306
328.576
328.846
329.117
329.388
329.658
329.927
330.193
330.457
330.718
330.974
331.225
331.47
331.709
331.94
332.162
332.375
332.578
332.77
332.95
333.116
333.269
333.407
333.529
333.635
333.723
333.794
333.845
333.877
333.888
333.88
333.85
333.799
333.727
333.633
333.517
333.381
333.224
333.046
332.849
332.633
332.399
332.148
331.881
331.6
331.305
330.998
330.681
330.354
330.02
329.678
329.332
328.982
328.629
328.275
327.92
327.567
327.214
326.865
326.518
326.176
325.838
325.506
325.179
324.858
324.543
324.234
323.932
323.637
323.349
323.067
322.792
322.524
322.262
322.006
321.757
321.514
321.276
321.045
320.819
320.598
320.382
320.171
319.964
319.762
319.564
319.369
319.179
318.992
318.808
318.628
318.45
318.275
318.103
317.933
317.766
317.601
317.438
317.277
317.118
316.961
316.805
316.651
316.499
316.349
316.2
316.053
315.907
315.763
315.621
315.48
315.341
315.203
315.067
314.933
314.801
314.67
314.541
314.414
314.289
314.167
322.022
322.109
322.2
322.293
322.39
322.49
322.593
322.7
322.81
322.924
323.041
323.162
323.287
323.415
323.548
323.684
323.825
323.97
324.118
324.271
324.428
324.59
324.755
324.925
325.099
325.277
325.46
325.646
325.837
326.031
326.229
326.431
326.637
326.846
327.058
327.273
327.491
327.712
327.935
328.16
328.387
328.615
328.844
329.074
329.303
329.533
329.761
329.989
330.214
330.437
330.657
330.873
331.085
331.292
331.493
331.688
331.875
332.055
332.226
332.388
332.539
332.68
332.808
332.925
333.028
333.117
333.192
333.252
333.296
333.323
333.333
333.327
333.302
333.26
333.2
333.121
333.025
332.911
332.779
332.629
332.463
332.281
332.084
331.871
331.646
331.407
331.157
330.896
330.625
330.346
330.06
329.767
329.47
329.168
328.863
328.557
328.249
327.94
327.633
327.326
327.022
326.72
326.421
326.125
325.833
325.546
325.263
324.985
324.712
324.444
324.18
323.922
323.67
323.422
323.179
322.941
322.708
322.48
322.257
322.037
321.823
321.612
321.405
321.202
321.002
320.806
320.613
320.423
320.236
320.052
319.87
319.69
319.513
319.339
319.166
318.995
318.826
318.658
318.492
318.328
318.165
318.004
317.844
317.686
317.528
317.373
317.218
317.065
316.913
316.762
316.613
316.465
316.318
316.173
316.029
315.887
315.746
315.606
315.468
315.33
315.195
323.271
323.349
323.43
323.512
323.598
323.685
323.776
323.869
323.965
324.064
324.165
324.27
324.377
324.487
324.601
324.717
324.837
324.96
325.086
325.215
325.348
325.484
325.623
325.765
325.91
326.059
326.211
326.366
326.524
326.685
326.85
327.017
327.186
327.359
327.534
327.711
327.891
328.072
328.256
328.44
328.627
328.814
329.003
329.191
329.38
329.569
329.758
329.945
330.132
330.316
330.498
330.678
330.854
331.027
331.195
331.358
331.516
331.668
331.814
331.952
332.082
332.205
332.318
332.422
332.515
332.598
332.669
332.729
332.776
332.81
332.831
332.839
332.832
332.811
332.775
332.725
332.66
332.58
332.485
332.377
332.254
332.117
331.967
331.804
331.629
331.442
331.245
331.038
330.822
330.597
330.365
330.127
329.883
329.634
329.381
329.125
328.866
328.605
328.344
328.082
327.82
327.559
327.299
327.041
326.785
326.531
326.279
326.031
325.785
325.543
325.304
325.069
324.837
324.608
324.383
324.162
323.943
323.729
323.517
323.309
323.104
322.902
322.702
322.506
322.312
322.121
321.931
321.745
321.56
321.377
321.196
321.017
320.84
320.664
320.49
320.317
320.145
319.974
319.805
319.637
319.47
319.303
319.138
318.974
318.811
318.648
318.487
318.326
318.167
318.008
317.851
317.694
317.539
317.384
317.23
317.078
316.926
316.774
316.624
316.474
316.323
324.561
324.63
324.701
324.774
324.848
324.925
325.004
325.084
325.167
325.252
325.339
325.428
325.519
325.613
325.709
325.807
325.907
326.01
326.115
326.223
326.332
326.445
326.559
326.676
326.795
326.917
327.041
327.167
327.295
327.426
327.558
327.693
327.829
327.968
328.108
328.25
328.394
328.538
328.685
328.832
328.98
329.129
329.278
329.428
329.578
329.728
329.877
330.026
330.173
330.319
330.464
330.607
330.747
330.884
331.018
331.149
331.276
331.399
331.516
331.629
331.735
331.836
331.929
332.016
332.095
332.165
332.228
332.281
332.325
332.359
332.384
332.397
332.4
332.392
332.373
332.343
332.3
332.247
332.182
332.105
332.017
331.918
331.808
331.687
331.556
331.416
331.266
331.108
330.942
330.768
330.587
330.4
330.207
330.01
329.808
329.602
329.393
329.181
328.967
328.752
328.536
328.318
328.101
327.883
327.666
327.45
327.234
327.02
326.807
326.595
326.386
326.177
325.971
325.767
325.564
325.363
325.165
324.968
324.773
324.58
324.389
324.199
324.012
323.826
323.641
323.458
323.276
323.095
322.916
322.738
322.561
322.385
322.21
322.035
321.862
321.689
321.516
321.345
321.174
321.003
320.833
320.664
320.495
320.326
320.158
319.991
319.824
319.657
319.491
319.326
319.161
318.996
318.833
318.669
318.506
318.344
318.181
318.019
317.856
317.692
317.527
325.823
325.884
325.946
326.009
326.074
326.14
326.207
326.276
326.347
326.419
326.492
326.567
326.643
326.721
326.801
326.882
326.965
327.049
327.135
327.223
327.312
327.403
327.495
327.589
327.684
327.781
327.88
327.979
328.081
328.184
328.288
328.393
328.5
328.608
328.717
328.826
328.937
329.049
329.161
329.275
329.388
329.502
329.616
329.73
329.844
329.958
330.071
330.184
330.296
330.406
330.516
330.624
330.73
330.834
330.935
331.034
331.13
331.223
331.313
331.399
331.48
331.557
331.629
331.697
331.758
331.814
331.864
331.908
331.944
331.974
331.996
332.01
332.017
332.015
332.006
331.987
331.961
331.926
331.882
331.829
331.768
331.698
331.62
331.534
331.44
331.338
331.229
331.113
330.989
330.86
330.725
330.584
330.438
330.287
330.132
329.973
329.811
329.646
329.478
329.308
329.136
328.962
328.787
328.611
328.433
328.256
328.078
327.899
327.721
327.542
327.364
327.186
327.008
326.831
326.654
326.478
326.302
326.127
325.952
325.778
325.604
325.431
325.258
325.086
324.914
324.742
324.571
324.4
324.23
324.059
323.889
323.718
323.548
323.378
323.208
323.038
322.868
322.697
322.527
322.357
322.186
322.016
321.845
321.675
321.504
321.333
321.163
320.992
320.821
320.65
320.48
320.309
320.139
319.968
319.797
319.626
319.455
319.283
319.109
318.933
318.754
326.968
327.021
327.075
327.129
327.185
327.241
327.299
327.357
327.416
327.477
327.538
327.6
327.663
327.727
327.793
327.859
327.926
327.994
328.063
328.133
328.204
328.276
328.349
328.423
328.497
328.573
328.649
328.727
328.805
328.884
328.963
329.044
329.124
329.206
329.288
329.37
329.453
329.537
329.62
329.704
329.788
329.872
329.955
330.039
330.122
330.205
330.287
330.369
330.45
330.53
330.608
330.686
330.762
330.836
330.909
330.98
331.049
331.115
331.179
331.24
331.298
331.353
331.405
331.453
331.498
331.538
331.574
331.606
331.633
331.655
331.672
331.684
331.69
331.69
331.685
331.674
331.656
331.633
331.604
331.568
331.526
331.478
331.424
331.364
331.298
331.227
331.149
331.066
330.978
330.885
330.787
330.685
330.578
330.467
330.353
330.235
330.113
329.988
329.861
329.731
329.599
329.464
329.328
329.189
329.049
328.908
328.765
328.62
328.475
328.328
328.181
328.032
327.883
327.733
327.582
327.431
327.279
327.126
326.972
326.818
326.663
326.508
326.351
326.195
326.037
325.879
325.72
325.561
325.401
325.24
325.078
324.916
324.753
324.59
324.425
324.26
324.094
323.928
323.761
323.593
323.424
323.255
323.085
322.914
322.743
322.571
322.399
322.226
322.053
321.88
321.706
321.531
321.356
321.181
321.005
320.828
320.65
320.47
320.288
320.102
319.91
327.885
327.932
327.979
328.026
328.074
328.123
328.172
328.221
328.272
328.322
328.374
328.426
328.478
328.531
328.585
328.639
328.693
328.748
328.804
328.86
328.917
328.974
329.032
329.09
329.148
329.207
329.266
329.326
329.386
329.446
329.506
329.567
329.628
329.689
329.751
329.812
329.873
329.935
329.996
330.057
330.118
330.179
330.239
330.299
330.358
330.417
330.476
330.533
330.59
330.646
330.701
330.755
330.808
330.86
330.91
330.958
331.005
331.051
331.094
331.135
331.175
331.212
331.247
331.279
331.308
331.335
331.359
331.38
331.398
331.412
331.423
331.43
331.434
331.434
331.43
331.421
331.409
331.393
331.372
331.347
331.318
331.284
331.246
331.204
331.158
331.108
331.053
330.994
330.932
330.866
330.795
330.722
330.644
330.564
330.48
330.393
330.302
330.209
330.114
330.015
329.914
329.81
329.704
329.596
329.486
329.373
329.259
329.142
329.024
328.904
328.782
328.658
328.533
328.405
328.277
328.146
328.014
327.881
327.746
327.609
327.471
327.331
327.19
327.048
326.903
326.758
326.611
326.462
326.313
326.161
326.009
325.855
325.699
325.543
325.385
325.225
325.065
324.903
324.739
324.575
324.409
324.243
324.075
323.906
323.736
323.565
323.393
323.221
323.047
322.872
322.697
322.521
322.344
322.166
321.987
321.807
321.625
321.44
321.253
321.06
320.86
328.438
328.48
328.523
328.566
328.609
328.653
328.697
328.741
328.786
328.831
328.876
328.921
328.967
329.014
329.06
329.107
329.154
329.202
329.249
329.297
329.345
329.393
329.442
329.49
329.539
329.588
329.637
329.686
329.736
329.785
329.834
329.883
329.932
329.981
330.03
330.079
330.128
330.176
330.224
330.272
330.32
330.367
330.413
330.459
330.505
330.55
330.594
330.638
330.68
330.722
330.763
330.803
330.842
330.88
330.916
330.952
330.986
331.018
331.049
331.079
331.106
331.133
331.157
331.179
331.199
331.218
331.234
331.247
331.259
331.268
331.274
331.278
331.279
331.277
331.273
331.266
331.255
331.242
331.225
331.205
331.183
331.157
331.127
331.095
331.06
331.021
330.979
330.934
330.886
330.835
330.78
330.723
330.663
330.599
330.533
330.464
330.392
330.318
330.24
330.16
330.078
329.992
329.905
329.814
329.722
329.626
329.529
329.429
329.327
329.222
329.116
329.007
328.896
328.782
328.667
328.55
328.43
328.308
328.184
328.059
327.931
327.801
327.669
327.535
327.4
327.262
327.123
326.981
326.838
326.693
326.546
326.398
326.248
326.096
325.942
325.787
325.63
325.471
325.311
325.149
324.986
324.822
324.656
324.489
324.32
324.15
323.979
323.807
323.634
323.46
323.284
323.108
322.93
322.752
322.572
322.39
322.206
322.02
321.83
321.634
321.429
307.473
307.249
307.023
306.795
306.566
306.334
306.1
305.862
305.62
305.374
305.124
304.869
304.609
304.345
304.078
303.808
303.536
303.264
302.992
302.722
302.456
302.196
301.945
301.703
301.474
301.259
301.062
300.883
300.723
300.584
300.465
300.365
300.283
300.217
300.164
300.123
300.091
300.066
300.048
300.034
300.024
300.017
300.012
300.008
300.005
300.004
300.002
300.001
300.001
300.001
300
307.474
307.249
307.023
306.796
306.566
306.334
306.1
305.862
305.62
305.374
305.124
304.869
304.61
304.346
304.079
303.809
303.537
303.264
302.992
302.723
302.457
302.197
301.945
301.704
301.474
301.26
301.062
300.883
300.723
300.584
300.465
300.365
300.283
300.217
300.164
300.123
300.091
300.066
300.048
300.034
300.024
300.017
300.012
300.008
300.005
300.004
300.002
300.001
300.001
300.001
300
307.475
307.25
307.024
306.797
306.567
306.336
306.101
305.863
305.622
305.376
305.125
304.871
304.611
304.348
304.08
303.81
303.538
303.266
302.994
302.724
302.458
302.199
301.947
301.705
301.476
301.261
301.063
300.884
300.724
300.585
300.465
300.365
300.283
300.217
300.164
300.123
300.091
300.067
300.048
300.035
300.024
300.017
300.012
300.008
300.005
300.004
300.002
300.001
300.001
300.001
300
307.476
307.252
307.026
306.798
306.569
306.337
306.103
305.865
305.624
305.378
305.128
304.873
304.614
304.35
304.083
303.813
303.541
303.269
302.997
302.727
302.461
302.201
301.949
301.707
301.478
301.263
301.065
300.885
300.725
300.586
300.466
300.366
300.284
300.217
300.164
300.123
300.091
300.067
300.048
300.035
300.024
300.017
300.012
300.008
300.005
300.004
300.002
300.001
300.001
300.001
300
307.479
307.254
307.029
306.801
306.572
306.34
306.106
305.869
305.627
305.382
305.132
304.877
304.618
304.355
304.088
303.818
303.546
303.273
303.001
302.731
302.465
302.205
301.953
301.711
301.481
301.266
301.068
300.888
300.727
300.587
300.467
300.367
300.284
300.218
300.165
300.123
300.091
300.067
300.048
300.035
300.025
300.017
300.012
300.008
300.005
300.004
300.002
300.001
300.001
300.001
300
307.482
307.258
307.032
306.805
306.576
306.345
306.111
305.874
305.633
305.387
305.137
304.883
304.624
304.361
304.094
303.824
303.553
303.28
303.008
302.738
302.472
302.211
301.959
301.716
301.486
301.27
301.071
300.891
300.73
300.59
300.469
300.368
300.286
300.219
300.166
300.124
300.092
300.067
300.049
300.035
300.025
300.017
300.012
300.008
300.006
300.004
300.002
300.001
300.001
300.001
300
307.487
307.263
307.038
306.811
306.582
306.351
306.118
305.881
305.64
305.395
305.146
304.891
304.633
304.37
304.103
303.834
303.562
303.289
303.017
302.747
302.48
302.22
301.966
301.723
301.492
301.276
301.076
300.895
300.734
300.592
300.472
300.37
300.287
300.22
300.166
300.124
300.092
300.067
300.049
300.035
300.025
300.017
300.012
300.008
300.006
300.004
300.002
300.001
300.001
300.001
300
307.494
307.271
307.046
306.819
306.59
306.36
306.127
305.89
305.65
305.406
305.157
304.903
304.645
304.382
304.116
303.846
303.575
303.302
303.03
302.759
302.492
302.231
301.977
301.733
301.501
301.284
301.083
300.901
300.738
300.596
300.475
300.373
300.289
300.221
300.167
300.125
300.093
300.068
300.049
300.035
300.025
300.017
300.012
300.008
300.006
300.004
300.002
300.002
300.001
300.001
300
307.504
307.281
307.056
306.83
306.602
306.372
306.139
305.903
305.664
305.42
305.171
304.918
304.661
304.399
304.132
303.863
303.591
303.319
303.046
302.775
302.507
302.245
301.99
301.745
301.512
301.294
301.092
300.908
300.744
300.601
300.479
300.376
300.291
300.223
300.169
300.126
300.093
300.068
300.049
300.035
300.025
300.018
300.012
300.008
300.006
300.004
300.002
300.002
300.001
300.001
300
307.516
307.294
307.069
306.844
306.616
306.387
306.155
305.92
305.681
305.438
305.191
304.938
304.681
304.42
304.154
303.885
303.613
303.34
303.067
302.795
302.527
302.264
302.008
301.761
301.526
301.306
301.103
300.917
300.752
300.607
300.484
300.379
300.294
300.225
300.17
300.127
300.094
300.069
300.05
300.036
300.025
300.018
300.012
300.008
300.006
300.004
300.002
300.002
300.001
300.001
300
307.532
307.311
307.087
306.862
306.635
306.407
306.176
305.942
305.704
305.462
305.216
304.964
304.708
304.446
304.181
303.912
303.64
303.367
303.094
302.821
302.552
302.287
302.029
301.781
301.544
301.322
301.116
300.929
300.762
300.615
300.49
300.384
300.298
300.228
300.172
300.129
300.095
300.07
300.051
300.036
300.026
300.018
300.012
300.008
300.006
300.004
300.002
300.002
300.001
300.001
300
307.553
307.332
307.109
306.885
306.66
306.432
306.203
305.97
305.733
305.492
305.247
304.996
304.741
304.48
304.215
303.946
303.675
303.401
303.126
302.853
302.582
302.316
302.056
301.805
301.566
301.341
301.133
300.943
300.773
300.625
300.497
300.39
300.302
300.231
300.175
300.131
300.097
300.071
300.051
300.037
300.026
300.018
300.013
300.009
300.006
300.004
300.002
300.002
300.001
300.001
300
307.579
307.359
307.137
306.914
306.69
306.464
306.236
306.004
305.769
305.53
305.285
305.036
304.781
304.522
304.257
303.989
303.717
303.442
303.167
302.892
302.619
302.351
302.089
301.835
301.593
301.365
301.153
300.96
300.788
300.636
300.506
300.397
300.307
300.235
300.178
300.133
300.098
300.072
300.052
300.037
300.026
300.018
300.013
300.009
300.006
300.004
300.003
300.002
300.001
300.001
300
307.613
307.394
307.173
306.951
306.728
306.503
306.277
306.047
305.813
305.576
305.333
305.085
304.832
304.573
304.309
304.04
303.768
303.493
303.216
302.94
302.665
302.394
302.128
301.871
301.626
301.394
301.178
300.981
300.805
300.65
300.517
300.405
300.314
300.24
300.182
300.136
300.1
300.073
300.053
300.038
300.027
300.019
300.013
300.009
300.006
300.004
300.003
300.002
300.001
300.001
300
307.654
307.436
307.216
306.995
306.774
306.551
306.327
306.099
305.868
305.632
305.391
305.144
304.892
304.634
304.371
304.103
303.83
303.554
303.276
302.997
302.72
302.445
302.176
301.915
301.665
301.428
301.208
301.006
300.825
300.667
300.53
300.415
300.321
300.246
300.186
300.139
300.103
300.075
300.054
300.039
300.027
300.019
300.013
300.009
300.006
300.004
300.003
300.002
300.001
300.001
300
307.704
307.487
307.269
307.05
306.831
306.61
306.388
306.162
305.933
305.699
305.46
305.216
304.965
304.709
304.446
304.177
303.904
303.627
303.347
303.066
302.785
302.507
302.233
301.967
301.712
301.469
301.243
301.036
300.85
300.686
300.546
300.427
300.33
300.253
300.191
300.143
300.105
300.077
300.056
300.04
300.028
300.02
300.014
300.009
300.006
300.004
300.003
300.002
300.001
300.001
300
307.766
307.55
307.333
307.116
306.899
306.681
306.461
306.238
306.012
305.781
305.544
305.302
305.053
304.797
304.535
304.267
303.993
303.714
303.432
303.148
302.863
302.58
302.302
302.03
301.767
301.518
301.285
301.071
300.879
300.71
300.564
300.441
300.341
300.261
300.197
300.147
300.108
300.079
300.057
300.041
300.029
300.02
300.014
300.009
300.006
300.004
300.003
300.002
300.001
300.001
300
307.84
307.626
307.411
307.196
306.981
306.766
306.549
306.329
306.105
305.877
305.644
305.404
305.157
304.903
304.641
304.373
304.098
303.818
303.533
303.245
302.956
302.667
302.382
302.103
301.833
301.576
301.335
301.113
300.914
300.737
300.586
300.458
300.354
300.27
300.204
300.152
300.112
300.082
300.059
300.042
300.03
300.021
300.014
300.01
300.007
300.004
300.003
300.002
300.001
300.001
300
307.93
307.717
307.504
307.291
307.079
306.866
306.653
306.437
306.217
305.992
305.761
305.524
305.28
305.027
304.766
304.498
304.222
303.94
303.652
303.36
303.065
302.77
302.478
302.19
301.911
301.645
301.394
301.163
300.954
300.77
300.611
300.478
300.369
300.282
300.212
300.158
300.116
300.085
300.061
300.043
300.031
300.021
300.015
300.01
300.007
300.004
300.003
300.002
300.001
300.001
300.001
308.037
307.826
307.614
307.404
307.194
306.986
306.776
306.564
306.348
306.127
305.9
305.666
305.424
305.173
304.914
304.645
304.368
304.083
303.791
303.494
303.193
302.891
302.59
302.292
302.003
301.725
301.464
301.222
301.002
300.809
300.642
300.501
300.387
300.295
300.222
300.165
300.121
300.088
300.063
300.045
300.032
300.022
300.015
300.01
300.007
300.005
300.003
300.002
300.001
300.001
300.001
308.165
307.954
307.744
307.537
307.331
307.126
306.921
306.713
306.502
306.285
306.063
305.832
305.593
305.344
305.086
304.817
304.538
304.25
303.955
303.652
303.344
303.032
302.721
302.412
302.111
301.82
301.545
301.29
301.059
300.854
300.677
300.528
300.407
300.31
300.233
300.173
300.127
300.092
300.066
300.047
300.033
300.023
300.016
300.011
300.007
300.005
300.003
300.002
300.001
300.001
300.001
308.316
308.106
307.898
307.694
307.492
307.291
307.09
306.887
306.681
306.47
306.252
306.026
305.79
305.543
305.286
305.017
304.736
304.446
304.145
303.835
303.519
303.198
302.874
302.553
302.237
301.931
301.641
301.371
301.125
300.907
300.719
300.56
300.432
300.328
300.247
300.183
300.134
300.097
300.069
300.049
300.034
300.024
300.016
300.011
300.008
300.005
300.003
300.002
300.001
300.001
300.001
308.495
308.285
308.079
307.877
307.679
307.483
307.288
307.091
306.89
306.684
306.472
306.25
306.018
305.774
305.518
305.248
304.966
304.672
304.365
304.048
303.722
303.39
303.053
302.716
302.384
302.061
301.753
301.465
301.203
300.97
300.767
300.598
300.46
300.35
300.262
300.194
300.142
300.102
300.073
300.052
300.036
300.025
300.017
300.012
300.008
300.005
300.003
300.002
300.001
300.001
300.001
308.704
308.495
308.29
308.091
307.897
307.707
307.517
307.326
307.132
306.932
306.725
306.509
306.281
306.04
305.785
305.515
305.231
304.933
304.62
304.295
303.958
303.613
303.261
302.907
302.556
302.213
301.884
301.576
301.294
301.043
300.825
300.642
300.494
300.375
300.28
300.207
300.151
300.109
300.077
300.055
300.038
300.026
300.018
300.012
300.008
300.005
300.004
300.002
300.001
300.001
300.001
308.95
308.74
308.537
308.34
308.151
307.965
307.781
307.597
307.41
307.217
307.017
306.806
306.583
306.345
306.092
305.822
305.536
305.233
304.914
304.579
304.23
303.87
303.501
303.128
302.755
302.389
302.037
301.705
301.401
301.129
300.892
300.694
300.533
300.404
300.301
300.222
300.161
300.116
300.082
300.058
300.04
300.028
300.019
300.013
300.009
300.006
300.004
300.002
300.001
300.001
300.001
309.237
309.025
308.823
308.629
308.443
308.263
308.086
307.909
307.729
307.544
307.35
307.146
306.928
306.694
306.442
306.173
305.884
305.577
305.25
304.905
304.543
304.167
303.779
303.383
302.986
302.595
302.215
301.856
301.525
301.229
300.971
300.755
300.579
300.438
300.326
300.239
300.173
300.124
300.088
300.062
300.043
300.029
300.02
300.014
300.009
300.006
300.004
300.002
300.002
300.001
300.001
309.572
309.357
309.154
308.962
308.78
308.605
308.434
308.264
308.092
307.915
307.729
307.532
307.319
307.089
306.84
306.571
306.28
305.968
305.633
305.277
304.901
304.507
304.098
303.678
303.254
302.833
302.422
302.032
301.671
301.346
301.063
300.827
300.633
300.477
300.355
300.26
300.188
300.134
300.095
300.066
300.046
300.031
300.021
300.014
300.01
300.006
300.004
300.003
300.002
300.001
300.001
309.962
309.742
309.537
309.346
309.166
308.996
308.832
308.669
308.505
308.336
308.158
307.967
307.761
307.535
307.289
307.02
306.727
306.41
306.067
305.7
305.309
304.895
304.463
304.017
303.562
303.108
302.663
302.237
301.841
301.484
301.172
300.911
300.697
300.524
300.388
300.283
300.204
300.145
300.102
300.071
300.049
300.033
300.023
300.015
300.01
300.007
300.004
300.003
300.002
300.001
300.001
310.414
310.187
309.978
309.786
309.608
309.441
309.282
309.126
308.97
308.809
308.639
308.456
308.255
308.034
307.791
307.523
307.229
306.907
306.557
306.178
305.77
305.337
304.88
304.404
303.917
303.425
302.941
302.475
302.039
301.644
301.3
301.01
300.771
300.579
300.427
300.311
300.223
300.158
300.111
300.077
300.053
300.036
300.024
300.016
300.011
300.007
300.005
300.003
300.002
300.001
300.001
310.937
310.7
310.484
310.289
310.111
309.946
309.791
309.64
309.491
309.337
309.175
308.999
308.804
308.589
308.349
308.082
307.787
307.461
307.103
306.713
306.29
305.835
305.352
304.845
304.322
303.79
303.262
302.751
302.27
301.832
301.45
301.126
300.858
300.642
300.473
300.343
300.245
300.173
300.12
300.083
300.057
300.039
300.026
300.017
300.011
300.007
300.005
300.003
300.002
300.001
300.001
311.541
311.289
311.064
310.862
310.681
310.515
310.362
310.215
310.071
309.923
309.767
309.597
309.409
309.198
308.962
308.698
308.402
308.073
307.709
307.308
306.869
306.394
305.884
305.345
304.783
304.208
303.632
303.07
302.537
302.052
301.626
301.262
300.96
300.717
300.526
300.38
300.27
300.19
300.132
300.09
300.062
300.042
300.028
300.018
300.012
300.008
300.005
300.003
300.002
300.001
300.001
312.234
311.964
311.726
311.513
311.324
311.154
310.999
310.853
310.711
310.567
310.416
310.251
310.067
309.861
309.629
309.367
309.072
308.742
308.372
307.962
307.509
307.014
306.478
305.906
305.304
304.682
304.055
303.436
302.848
302.309
301.831
301.42
301.079
300.804
300.588
300.423
300.299
300.209
300.145
300.099
300.067
300.045
300.03
300.02
300.013
300.008
300.005
300.003
300.002
300.001
300.001
313.024
312.734
312.477
312.249
312.048
311.869
311.707
311.557
311.413
311.269
311.119
310.957
310.776
310.574
310.345
310.086
309.793
309.462
309.089
308.672
308.208
307.695
307.135
306.53
305.888
305.218
304.535
303.858
303.208
302.607
302.069
301.605
301.217
300.905
300.659
300.472
300.333
300.232
300.159
300.108
300.073
300.049
300.032
300.021
300.014
300.009
300.006
300.004
300.002
300.002
300.001
313.918
313.603
313.323
313.075
312.855
312.661
312.486
312.326
312.176
312.027
311.873
311.709
311.529
311.328
311.102
310.846
310.555
310.225
309.852
309.431
308.958
308.432
307.851
307.217
306.536
305.818
305.079
304.339
303.621
302.95
302.344
301.818
301.377
301.021
300.741
300.529
300.371
300.257
300.175
300.119
300.08
300.053
300.035
300.023
300.015
300.01
300.006
300.004
300.002
300.002
300.001
314.917
314.574
314.265
313.991
313.747
313.53
313.336
313.159
312.994
312.834
312.672
312.502
312.318
312.115
311.889
311.635
311.346
311.019
310.647
310.226
309.749
309.213
308.616
307.958
307.243
306.48
305.685
304.879
304.089
303.34
302.659
302.063
301.561
301.154
300.835
300.593
300.414
300.285
300.194
300.13
300.087
300.057
300.038
300.025
300.016
300.01
300.007
300.004
300.003
300.002
300.001
316.013
315.637
315.296
314.99
314.715
314.469
314.248
314.047
313.86
313.681
313.503
313.321
313.128
312.92
312.692
312.437
312.151
311.827
311.458
311.039
310.563
310.023
309.416
308.739
307.996
307.193
306.346
305.475
304.609
303.779
303.014
302.339
301.768
301.304
300.94
300.664
300.461
300.315
300.213
300.143
300.095
300.062
300.041
300.026
300.017
300.011
300.007
300.004
300.003
300.002
300.001
317.182
316.771
316.394
316.05
315.739
315.458
315.203
314.97
314.754
314.549
314.349
314.148
313.941
313.723
313.488
313.23
312.945
312.624
312.26
311.846
311.374
310.836
310.226
309.539
308.775
307.94
307.046
306.114
305.173
304.259
303.406
302.646
301.998
301.469
301.055
300.742
300.512
300.348
300.234
300.156
300.103
300.067
300.044
300.028
300.018
300.012
300.007
300.005
300.003
300.002
300.001
318.373
317.926
317.512
317.129
316.779
316.458
316.164
315.894
315.643
315.407
315.179
314.954
314.727
314.494
314.248
313.985
313.697
313.378
313.02
312.613
312.149
311.618
311.012
310.323
309.549
308.691
307.759
306.774
305.764
304.767
303.824
302.974
302.244
301.646
301.177
300.823
300.565
300.382
300.255
300.169
300.11
300.072
300.047
300.03
300.019
300.012
300.008
300.005
300.003
300.002
300.001
319.498
319.019
318.57
318.151
317.762
317.401
317.068
316.76
316.472
316.201
315.942
315.69
315.441
315.189
314.93
314.659
314.367
314.049
313.695
313.297
312.843
312.323
311.726
311.043
310.267
309.398
308.441
307.414
306.345
305.274
304.246
303.307
302.494
301.824
301.298
300.903
300.616
300.414
300.275
300.181
300.118
300.076
300.049
300.032
300.02
300.013
300.008
300.005
300.003
300.002
300.002
320.423
319.92
319.444
318.996
318.575
318.182
317.815
317.472
317.152
316.85
316.563
316.285
316.014
315.746
315.474
315.193
314.897
314.578
314.228
313.837
313.394
312.886
312.302
311.63
310.861
309.991
309.023
307.97
306.858
305.727
304.627
303.61
302.721
301.985
301.407
300.973
300.661
300.441
300.291
300.191
300.124
300.08
300.051
300.033
300.021
300.013
300.008
300.005
300.003
300.002
300.002
320.98
320.463
319.972
319.506
319.066
318.653
318.265
317.902
317.561
317.239
316.934
316.64
316.356
316.076
315.795
315.508
315.209
314.89
314.543
314.157
313.722
313.224
312.65
311.989
311.23
310.365
309.396
308.334
307.201
306.036
304.89
303.82
302.877
302.094
301.479
301.019
300.689
300.458
300.302
300.197
300.127
300.082
300.053
300.034
300.021
300.014
300.009
300.005
300.003
300.002
300.002
)
;

boundaryField
{
    inlet
    {
        type            fixedValue;
        value           uniform 300;
    }
    outlet
    {
        type            zeroGradient;
    }
    top
    {
        type            zeroGradient;
    }
    slip-bottom
    {
        type            zeroGradient;
    }
    bottom
    {
        type            zeroGradient;
    }
    interface
    {
        type            fixedGradient;
        gradient        nonuniform List<scalar> 
161
(
2999.99
2999.99
2999.99
2999.99
2999.99
2999.99
2999.99
2999.99
2999.99
2999.99
2999.99
2999.99
2999.99
2999.99
2999.99
2999.99
2999.99
2999.99
2999.99
2999.99
1.42109e-13
1.42109e-13
1.42109e-13
1.42109e-13
1.42109e-13
1.42109e-13
1.42109e-13
1.42109e-13
1.42109e-13
1.42109e-13
1.42109e-13
1.42109e-13
1.42109e-13
1.42109e-13
1.42109e-13
1.42109e-13
1.42109e-13
1.42109e-13
1.42109e-13
1.42109e-13
-1.90425e-12
-1.90425e-12
-1.90425e-12
-1.90425e-12
-1.90425e-12
-1.90425e-12
-1.90425e-12
-1.90425e-12
-1.90425e-12
-1.90425e-12
-1.90425e-12
-1.90425e-12
-1.90425e-12
-1.90425e-12
-1.90425e-12
-1.90425e-12
-5.96856e-13
-5.96856e-13
-5.96856e-13
-5.96856e-13
-5.96856e-13
-5.96856e-13
-5.96856e-13
-5.96856e-13
-5.96856e-13
-5.96856e-13
-5.96856e-13
-5.96856e-13
-5.96856e-13
-5.96856e-13
-5.96856e-13
5.68434e-14
5.68434e-14
5.68434e-14
5.68434e-14
5.68434e-14
5.68434e-14
5.68434e-14
5.68434e-14
5.68434e-14
5.68434e-14
5.68434e-14
5.68434e-14
8.52651e-14
8.52651e-14
8.52651e-14
8.52651e-14
8.52651e-14
8.52651e-14
8.52651e-14
8.52651e-14
8.52651e-14
8.52651e-14
8.52651e-14
-2.84217e-13
-2.84217e-13
-2.84217e-13
-2.84217e-13
-2.84217e-13
-2.84217e-13
-2.84217e-13
-2.84217e-13
-2.84217e-13
-2.84217e-13
1.13687e-12
1.13687e-12
1.13687e-12
1.13687e-12
1.13687e-12
1.13687e-12
1.13687e-12
1.13687e-12
1.13687e-12
1.84741e-12
1.84741e-12
1.84741e-12
1.84741e-12
1.84741e-12
1.84741e-12
1.84741e-12
1.84741e-12
3.12639e-13
3.12639e-13
3.12639e-13
3.12639e-13
3.12639e-13
3.12639e-13
3.12639e-13
3.12639e-13
6.25278e-13
6.25278e-13
6.25278e-13
6.25278e-13
6.25278e-13
6.25278e-13
6.25278e-13
5.68434e-14
5.68434e-14
5.68434e-14
5.68434e-14
5.68434e-14
5.68434e-14
5.68434e-14
1.89004e-12
1.89004e-12
1.89004e-12
1.89004e-12
1.89004e-12
1.89004e-12
1.0516e-12
1.0516e-12
1.0516e-12
1.0516e-12
1.0516e-12
1.0516e-12
-2.84217e-14
-2.84217e-14
-2.84217e-14
-2.84217e-14
-2.84217e-14
-2.84217e-14
)
;
    }
    defaultFaces
    {
        type            empty;
    }
}


// ************************************************************************* //
