/*--------------------------------*- C++ -*----------------------------------*\
  =========                 |
  \\      /  F ield         | OpenFOAM: The Open Source CFD Toolbox
   \\    /   O peration     | Website:  https://openfoam.org
    \\  /    A nd           | Version:  7
     \\/     M anipulation  |
\*---------------------------------------------------------------------------*/
FoamFile
{
    version     2.0;
    format      ascii;
    class       volScalarField;
    location    "4.82";
    object      T;
}
// * * * * * * * * * * * * * * * * * * * * * * * * * * * * * * * * * * * * * //

dimensions      [0 0 0 1 0 0 0];

internalField   nonuniform List<scalar> 
12013
(
300.061
300.186
300.314
300.445
300.577
300.711
300.844
300.978
301.11
301.242
301.372
301.501
301.627
301.752
301.874
301.994
302.112
302.228
302.342
302.454
302.564
302.673
302.78
302.887
302.993
303.098
303.204
303.31
303.417
303.526
303.637
303.75
303.867
303.988
304.115
304.247
304.385
304.532
304.688
304.854
305.032
305.224
305.43
305.652
305.893
306.155
306.439
306.748
307.085
307.452
307.853
308.29
308.767
309.288
309.857
310.478
311.156
311.896
312.703
313.583
314.543
315.59
316.731
317.976
319.332
320.81
322.423
324.181
326.101
328.197
330.49
333.001
335.757
338.789
342.137
345.852
350.001
354.679
360.031
366.298
373.939
300.061
300.186
300.315
300.445
300.578
300.711
300.845
300.978
301.111
301.243
301.373
301.501
301.628
301.753
301.875
301.995
302.113
302.229
302.343
302.455
302.565
302.674
302.782
302.888
302.994
303.1
303.205
303.312
303.419
303.527
303.638
303.752
303.869
303.99
304.116
304.248
304.387
304.534
304.689
304.856
305.034
305.225
305.431
305.653
305.894
306.155
306.439
306.748
307.085
307.452
307.852
308.289
308.766
309.286
309.855
310.475
311.152
311.891
312.697
313.576
314.534
315.58
316.719
317.96
319.313
320.788
322.396
324.149
326.061
328.149
330.43
332.926
335.663
338.669
341.982
345.646
349.72
354.278
359.419
365.264
371.923
300.062
300.187
300.315
300.446
300.578
300.712
300.846
300.979
301.112
301.244
301.375
301.503
301.63
301.755
301.877
301.998
302.116
302.232
302.346
302.458
302.568
302.677
302.785
302.891
302.997
303.103
303.208
303.315
303.422
303.531
303.641
303.755
303.872
303.993
304.119
304.251
304.39
304.536
304.692
304.858
305.036
305.227
305.433
305.655
305.895
306.156
306.44
306.748
307.085
307.451
307.851
308.287
308.763
309.282
309.849
310.468
311.143
311.88
312.684
313.56
314.515
315.556
316.691
317.927
319.273
320.739
322.336
324.076
325.973
328.041
330.298
332.762
335.458
338.41
341.649
345.21
349.136
353.472
358.262
363.533
369.245
300.062
300.187
300.315
300.447
300.579
300.713
300.847
300.981
301.115
301.247
301.377
301.506
301.633
301.758
301.881
302.001
302.12
302.236
302.35
302.462
302.573
302.682
302.79
302.896
303.002
303.108
303.214
303.32
303.427
303.536
303.647
303.76
303.877
303.998
304.124
304.256
304.394
304.541
304.696
304.862
305.04
305.23
305.436
305.658
305.898
306.158
306.441
306.749
307.084
307.45
307.848
308.283
308.757
309.275
309.84
310.457
311.129
311.862
312.662
313.534
314.483
315.518
316.644
317.871
319.205
320.658
322.238
323.958
325.829
327.866
330.083
332.497
335.128
337.997
341.125
344.537
348.256
352.303
356.685
361.381
366.317
300.062
300.187
300.316
300.448
300.581
300.715
300.85
300.984
301.118
301.25
301.381
301.511
301.638
301.763
301.886
302.007
302.126
302.242
302.357
302.469
302.58
302.689
302.797
302.904
303.01
303.116
303.221
303.328
303.435
303.544
303.654
303.768
303.885
304.005
304.131
304.263
304.401
304.548
304.703
304.868
305.046
305.236
305.441
305.662
305.901
306.161
306.443
306.75
307.084
307.448
307.845
308.278
308.75
309.265
309.827
310.44
311.108
311.837
312.63
313.495
314.437
315.462
316.577
317.789
319.107
320.54
322.096
323.787
325.622
327.614
329.776
332.122
334.666
337.423
340.408
343.633
347.11
350.837
354.804
358.974
363.281
300.062
300.188
300.318
300.45
300.583
300.718
300.853
300.988
301.122
301.255
301.387
301.517
301.645
301.77
301.894
302.015
302.134
302.251
302.366
302.479
302.59
302.699
302.807
302.914
303.02
303.126
303.232
303.338
303.446
303.554
303.665
303.778
303.895
304.016
304.142
304.273
304.411
304.557
304.712
304.877
305.054
305.243
305.447
305.668
305.906
306.165
306.446
306.751
307.083
307.445
307.84
308.27
308.739
309.251
309.809
310.417
311.079
311.801
312.587
313.442
314.373
315.385
316.484
317.678
318.974
320.38
321.905
323.556
325.345
327.279
329.371
331.63
334.066
336.689
339.506
342.521
345.735
349.138
352.709
356.413
360.197
300.062
300.189
300.319
300.452
300.586
300.722
300.858
300.993
301.128
301.262
301.394
301.525
301.653
301.78
301.904
302.026
302.145
302.263
302.378
302.491
302.602
302.712
302.821
302.928
303.034
303.14
303.246
303.353
303.46
303.569
303.679
303.793
303.909
304.03
304.155
304.286
304.424
304.57
304.724
304.888
305.064
305.253
305.456
305.676
305.913
306.17
306.449
306.753
307.083
307.442
307.834
308.261
308.726
309.233
309.785
310.386
311.041
311.754
312.53
313.373
314.29
315.285
316.364
317.534
318.802
320.175
321.659
323.262
324.992
326.857
328.864
331.02
333.331
335.802
338.435
341.228
344.175
347.262
350.468
353.76
357.101
300.063
300.19
300.321
300.455
300.59
300.727
300.864
301
301.136
301.271
301.404
301.535
301.665
301.792
301.917
302.04
302.16
302.278
302.394
302.507
302.619
302.729
302.838
302.946
303.052
303.159
303.265
303.371
303.479
303.587
303.698
303.811
303.927
304.048
304.173
304.303
304.441
304.586
304.739
304.903
305.078
305.266
305.468
305.686
305.921
306.177
306.454
306.755
307.082
307.438
307.826
308.248
308.708
309.209
309.754
310.348
310.994
311.695
312.458
313.286
314.185
315.159
316.213
317.354
318.588
319.919
321.355
322.9
324.562
326.345
328.255
330.295
332.469
334.777
337.217
339.784
342.469
345.258
348.129
351.059
354.017
300.063
300.192
300.324
300.459
300.595
300.733
300.871
301.009
301.146
301.282
301.416
301.549
301.679
301.808
301.933
302.057
302.178
302.297
302.413
302.528
302.64
302.751
302.86
302.968
303.075
303.182
303.288
303.395
303.502
303.611
303.721
303.834
303.95
304.07
304.195
304.325
304.462
304.606
304.759
304.922
305.096
305.282
305.483
305.699
305.932
306.185
306.46
306.758
307.081
307.433
307.816
308.233
308.687
309.18
309.717
310.3
310.934
311.623
312.369
313.179
314.056
315.004
316.029
317.136
318.328
319.612
320.991
322.47
324.054
325.746
327.548
329.463
331.491
333.629
335.874
338.219
340.654
343.165
345.734
348.342
350.965
300.064
300.194
300.327
300.464
300.602
300.741
300.88
301.02
301.158
301.296
301.432
301.565
301.697
301.827
301.954
302.079
302.201
302.321
302.438
302.553
302.667
302.778
302.888
302.996
303.104
303.21
303.317
303.424
303.531
303.64
303.75
303.863
303.979
304.099
304.223
304.352
304.488
304.632
304.784
304.945
305.118
305.302
305.501
305.715
305.946
306.196
306.467
306.762
307.081
307.428
307.805
308.215
308.661
309.145
309.672
310.243
310.863
311.535
312.263
313.05
313.902
314.82
315.811
316.877
318.022
319.251
320.567
321.972
323.47
325.063
326.751
328.535
330.412
332.38
334.433
336.564
338.763
341.017
343.313
345.634
347.963
300.065
300.196
300.332
300.47
300.609
300.75
300.892
301.033
301.173
301.313
301.45
301.586
301.72
301.851
301.979
302.105
302.229
302.35
302.469
302.585
302.699
302.811
302.922
303.031
303.139
303.246
303.353
303.46
303.567
303.676
303.786
303.899
304.014
304.134
304.257
304.386
304.521
304.663
304.814
304.974
305.145
305.328
305.524
305.736
305.964
306.21
306.477
306.767
307.081
307.422
307.792
308.194
308.631
309.105
309.618
310.175
310.779
311.432
312.138
312.9
313.721
314.606
315.557
316.577
317.67
318.838
320.084
321.41
322.817
324.305
325.875
327.524
329.251
331.051
332.918
334.846
336.825
338.845
340.894
342.959
345.028
300.066
300.199
300.337
300.477
300.619
300.762
300.906
301.049
301.192
301.333
301.473
301.611
301.747
301.88
302.01
302.138
302.263
302.386
302.506
302.623
302.739
302.852
302.963
303.073
303.182
303.289
303.397
303.504
303.612
303.72
303.83
303.943
304.058
304.176
304.299
304.427
304.561
304.702
304.851
305.01
305.178
305.359
305.553
305.761
305.985
306.228
306.49
306.775
307.082
307.416
307.778
308.171
308.596
309.058
309.557
310.098
310.682
311.313
311.993
312.726
313.515
314.361
315.268
316.238
317.274
318.377
319.548
320.789
322.1
323.481
324.931
326.446
328.025
329.663
331.353
333.091
334.867
336.673
338.499
340.337
342.174
300.067
300.203
300.343
300.486
300.63
300.776
300.923
301.069
301.215
301.359
301.501
301.642
301.78
301.915
302.048
302.178
302.305
302.429
302.551
302.67
302.787
302.901
303.014
303.124
303.234
303.342
303.45
303.557
303.665
303.774
303.884
303.996
304.11
304.228
304.35
304.477
304.61
304.749
304.897
305.053
305.219
305.397
305.587
305.792
306.013
306.25
306.507
306.785
307.086
307.411
307.764
308.145
308.558
309.005
309.488
310.01
310.572
311.179
311.831
312.532
313.283
314.088
314.947
315.863
316.837
317.871
318.964
320.118
321.332
322.605
323.935
325.319
326.755
328.237
329.762
331.322
332.912
334.524
336.151
337.784
339.415
300.068
300.207
300.35
300.496
300.644
300.794
300.943
301.093
301.242
301.389
301.535
301.678
301.819
301.958
302.093
302.226
302.355
302.482
302.605
302.726
302.845
302.96
303.074
303.186
303.296
303.405
303.513
303.621
303.729
303.838
303.948
304.059
304.173
304.291
304.412
304.537
304.669
304.806
304.952
305.105
305.269
305.443
305.63
305.831
306.046
306.278
306.529
306.799
307.092
307.408
307.749
308.118
308.517
308.948
309.412
309.913
310.452
311.031
311.652
312.317
313.029
313.788
314.597
315.456
316.366
317.328
318.342
319.408
320.524
321.69
322.903
324.16
325.459
326.796
328.166
329.563
330.983
332.419
333.866
335.316
336.764
300.07
300.213
300.359
300.509
300.661
300.814
300.968
301.121
301.274
301.425
301.575
301.722
301.867
302.009
302.147
302.283
302.415
302.544
302.671
302.794
302.914
303.031
303.147
303.26
303.371
303.481
303.59
303.698
303.807
303.915
304.025
304.136
304.249
304.366
304.485
304.61
304.739
304.875
305.018
305.169
305.329
305.5
305.683
305.878
306.088
306.314
306.557
306.819
307.102
307.408
307.737
308.092
308.475
308.888
309.332
309.809
310.322
310.871
311.459
312.087
312.756
313.468
314.223
315.023
315.868
316.757
317.691
318.669
319.689
320.751
321.851
322.988
324.159
325.359
326.585
327.833
329.099
330.376
331.661
332.949
334.234
300.072
300.219
300.37
300.524
300.681
300.839
300.997
301.155
301.313
301.469
301.623
301.775
301.923
302.069
302.212
302.351
302.487
302.619
302.748
302.874
302.996
303.116
303.233
303.348
303.46
303.571
303.681
303.79
303.899
304.007
304.117
304.227
304.34
304.455
304.574
304.696
304.824
304.957
305.098
305.245
305.402
305.569
305.747
305.937
306.14
306.359
306.594
306.847
307.12
307.413
307.729
308.069
308.434
308.827
309.249
309.702
310.186
310.704
311.256
311.845
312.47
313.133
313.834
314.573
315.352
316.168
317.023
317.915
318.842
319.804
320.797
321.821
322.871
323.945
325.04
326.152
327.277
328.412
329.553
330.694
331.834
300.075
300.226
300.383
300.542
300.704
300.868
301.032
301.196
301.359
301.52
301.68
301.837
301.991
302.141
302.289
302.432
302.572
302.708
302.84
302.969
303.094
303.216
303.336
303.452
303.566
303.679
303.789
303.899
304.008
304.117
304.226
304.336
304.448
304.562
304.679
304.8
304.925
305.056
305.193
305.338
305.49
305.652
305.825
306.008
306.205
306.416
306.642
306.885
307.146
307.426
307.727
308.051
308.398
308.77
309.168
309.594
310.049
310.534
311.049
311.597
312.177
312.79
313.436
314.115
314.828
315.574
316.351
317.16
317.998
318.865
319.758
320.675
321.615
322.573
323.548
324.537
325.536
326.542
327.553
328.565
329.574
300.078
300.235
300.398
300.564
300.732
300.902
301.073
301.244
301.413
301.582
301.748
301.911
302.07
302.227
302.379
302.528
302.672
302.813
302.949
303.081
303.21
303.335
303.457
303.576
303.692
303.805
303.917
304.028
304.137
304.246
304.355
304.465
304.576
304.689
304.804
304.923
305.046
305.174
305.308
305.448
305.596
305.753
305.92
306.097
306.286
306.488
306.704
306.936
307.185
307.451
307.736
308.042
308.369
308.719
309.093
309.491
309.916
310.366
310.844
311.35
311.885
312.448
313.04
313.66
314.309
314.986
315.689
316.419
317.173
317.951
318.75
319.57
320.407
321.26
322.126
323.003
323.888
324.78
325.674
326.57
327.465
300.081
300.246
300.415
300.589
300.765
300.943
301.122
301.3
301.478
301.654
301.827
301.998
302.165
302.328
302.487
302.641
302.791
302.937
303.078
303.214
303.347
303.475
303.6
303.721
303.84
303.955
304.068
304.18
304.29
304.399
304.508
304.617
304.727
304.839
304.952
305.069
305.189
305.314
305.444
305.581
305.724
305.875
306.035
306.205
306.386
306.579
306.785
307.005
307.24
307.492
307.761
308.048
308.354
308.681
309.029
309.4
309.793
310.209
310.65
311.114
311.604
312.118
312.657
313.22
313.807
314.418
315.051
315.706
316.382
317.077
317.79
318.52
319.264
320.02
320.788
321.565
322.348
323.137
323.928
324.721
325.512
300.085
300.258
300.436
300.619
300.804
300.991
301.179
301.367
301.554
301.739
301.921
302.1
302.276
302.446
302.613
302.774
302.931
303.082
303.229
303.37
303.507
303.64
303.768
303.893
304.013
304.131
304.246
304.359
304.469
304.579
304.688
304.797
304.906
305.016
305.128
305.242
305.36
305.481
305.607
305.739
305.877
306.022
306.175
306.338
306.51
306.693
306.888
307.096
307.317
307.553
307.805
308.073
308.359
308.662
308.985
309.326
309.688
310.071
310.474
310.898
311.343
311.81
312.298
312.806
313.335
313.884
314.452
315.037
315.64
316.26
316.893
317.541
318.2
318.87
319.55
320.236
320.929
321.625
322.324
323.025
323.725
300.09
300.273
300.461
300.654
300.85
301.048
301.247
301.446
301.644
301.84
302.032
302.221
302.406
302.586
302.761
302.931
303.095
303.253
303.406
303.554
303.696
303.833
303.966
304.093
304.217
304.338
304.454
304.569
304.68
304.79
304.899
305.008
305.116
305.225
305.335
305.447
305.561
305.679
305.801
305.928
306.06
306.199
306.345
306.499
306.663
306.836
307.019
307.214
307.421
307.642
307.876
308.125
308.389
308.669
308.966
309.28
309.611
309.96
310.327
310.712
311.115
311.537
311.976
312.433
312.907
313.398
313.904
314.426
314.963
315.512
316.074
316.647
317.231
317.823
318.422
319.028
319.64
320.254
320.871
321.49
322.108
300.096
300.29
300.49
300.696
300.904
301.115
301.327
301.539
301.749
301.958
302.162
302.363
302.559
302.75
302.935
303.114
303.287
303.454
303.614
303.768
303.917
304.059
304.197
304.329
304.456
304.579
304.698
304.814
304.927
305.038
305.147
305.255
305.362
305.47
305.578
305.687
305.799
305.913
306.031
306.153
306.279
306.412
306.55
306.696
306.85
307.013
307.185
307.367
307.56
307.764
307.981
308.211
308.454
308.711
308.983
309.269
309.571
309.887
310.22
310.567
310.931
311.309
311.703
312.112
312.536
312.973
313.424
313.887
314.363
314.849
315.346
315.853
316.368
316.89
317.419
317.953
318.492
319.034
319.578
320.123
320.669
300.102
300.31
300.525
300.744
300.968
301.194
301.421
301.648
301.873
302.096
302.315
302.53
302.739
302.942
303.139
303.329
303.512
303.688
303.857
304.019
304.175
304.324
304.466
304.603
304.735
304.861
304.983
305.101
305.216
305.328
305.437
305.545
305.651
305.757
305.864
305.97
306.079
306.189
306.302
306.419
306.54
306.666
306.797
306.935
307.079
307.231
307.391
307.561
307.74
307.929
308.128
308.339
308.562
308.797
309.044
309.304
309.577
309.864
310.163
310.476
310.802
311.141
311.493
311.857
312.234
312.623
313.023
313.433
313.854
314.284
314.722
315.169
315.623
316.083
316.549
317.019
317.493
317.971
318.45
318.931
319.412
300.11
300.334
300.565
300.802
301.043
301.287
301.531
301.776
302.019
302.259
302.494
302.725
302.949
303.167
303.377
303.58
303.775
303.962
304.141
304.312
304.475
304.631
304.78
304.923
305.059
305.19
305.315
305.436
305.552
305.665
305.775
305.883
305.989
306.093
306.198
306.302
306.407
306.514
306.623
306.734
306.849
306.969
307.092
307.222
307.357
307.498
307.647
307.804
307.969
308.143
308.326
308.519
308.722
308.936
309.16
309.396
309.642
309.9
310.169
310.449
310.741
311.043
311.357
311.681
312.016
312.36
312.714
313.077
313.448
313.827
314.214
314.608
315.007
315.412
315.822
316.236
316.653
317.073
317.495
317.919
318.343
300.119
300.362
300.613
300.87
301.131
301.395
301.661
301.926
302.189
302.449
302.704
302.953
303.195
303.429
303.655
303.872
304.081
304.28
304.471
304.652
304.825
304.989
305.146
305.295
305.436
305.571
305.7
305.824
305.943
306.057
306.168
306.276
306.381
306.485
306.587
306.689
306.792
306.895
306.999
307.106
307.215
307.327
307.444
307.565
307.691
307.823
307.961
308.106
308.257
308.417
308.584
308.76
308.945
309.139
309.342
309.554
309.776
310.007
310.248
310.499
310.759
311.029
311.307
311.595
311.891
312.196
312.509
312.83
313.157
313.491
313.832
314.178
314.53
314.886
315.247
315.611
315.978
316.347
316.719
317.092
317.465
300.13
300.395
300.669
300.949
301.234
301.523
301.813
302.103
302.389
302.672
302.949
303.22
303.482
303.735
303.979
304.213
304.437
304.651
304.854
305.048
305.231
305.405
305.569
305.725
305.873
306.013
306.147
306.274
306.395
306.512
306.623
306.732
306.837
306.939
307.04
307.14
307.239
307.339
307.439
307.541
307.645
307.751
307.86
307.974
308.091
308.213
308.341
308.474
308.614
308.76
308.912
309.073
309.24
309.416
309.599
309.79
309.99
310.197
310.413
310.637
310.869
311.108
311.356
311.611
311.874
312.143
312.42
312.703
312.992
313.286
313.586
313.891
314.2
314.514
314.831
315.151
315.474
315.799
316.126
316.454
316.783
300.143
300.434
300.734
301.043
301.356
301.673
301.992
302.309
302.624
302.933
303.236
303.531
303.817
304.092
304.357
304.61
304.852
305.081
305.299
305.506
305.701
305.885
306.059
306.223
306.378
306.524
306.662
306.793
306.918
307.036
307.149
307.258
307.363
307.465
307.564
307.662
307.759
307.855
307.951
308.048
308.147
308.247
308.35
308.456
308.566
308.679
308.797
308.92
309.048
309.181
309.321
309.467
309.619
309.777
309.943
310.115
310.294
310.48
310.674
310.873
311.08
311.294
311.514
311.74
311.973
312.211
312.456
312.706
312.961
313.22
313.485
313.753
314.026
314.302
314.581
314.862
315.146
315.432
315.72
316.009
316.299
300.158
300.48
300.812
301.153
301.499
301.85
302.201
302.552
302.898
303.239
303.571
303.895
304.207
304.508
304.796
305.07
305.332
305.58
305.814
306.035
306.244
306.44
306.624
306.797
306.959
307.112
307.255
307.39
307.518
307.639
307.754
307.864
307.969
308.07
308.168
308.264
308.359
308.452
308.544
308.637
308.731
308.826
308.923
309.022
309.124
309.23
309.339
309.452
309.57
309.692
309.82
309.953
310.091
310.235
310.385
310.54
310.701
310.868
311.041
311.22
311.405
311.595
311.791
311.992
312.199
312.411
312.627
312.848
313.074
313.303
313.536
313.773
314.014
314.257
314.503
314.751
315.001
315.253
315.507
315.762
316.017
300.176
300.534
300.903
301.282
301.668
302.057
302.447
302.836
303.219
303.596
303.963
304.318
304.661
304.99
305.305
305.604
305.888
306.156
306.408
306.646
306.868
307.077
307.272
307.455
307.626
307.785
307.934
308.074
308.206
308.33
308.446
308.557
308.663
308.764
308.861
308.955
309.048
309.138
309.228
309.317
309.406
309.496
309.588
309.681
309.776
309.875
309.976
310.081
310.19
310.302
310.42
310.541
310.667
310.798
310.934
311.075
311.22
311.371
311.527
311.687
311.853
312.023
312.198
312.377
312.561
312.75
312.942
313.138
313.338
313.542
313.748
313.958
314.17
314.385
314.602
314.821
315.042
315.265
315.488
315.713
315.939
300.197
300.597
301.011
301.434
301.866
302.301
302.736
303.169
303.595
304.013
304.419
304.811
305.189
305.55
305.894
306.221
306.529
306.819
307.091
307.346
307.585
307.807
308.014
308.207
308.387
308.554
308.709
308.854
308.989
309.116
309.235
309.347
309.453
309.554
309.651
309.744
309.834
309.923
310.009
310.095
310.181
310.267
310.354
310.442
310.532
310.624
310.719
310.817
310.918
311.022
311.13
311.242
311.358
311.478
311.602
311.73
311.862
311.998
312.139
312.284
312.433
312.586
312.743
312.904
313.069
313.237
313.409
313.584
313.762
313.943
314.126
314.312
314.501
314.691
314.884
315.078
315.273
315.47
315.668
315.867
316.066
300.221
300.672
301.137
301.614
302.098
302.587
303.075
303.558
304.034
304.499
304.95
305.384
305.801
306.198
306.575
306.931
307.266
307.58
307.874
308.148
308.403
308.639
308.859
309.062
309.251
309.425
309.587
309.737
309.876
310.006
310.127
310.24
310.347
310.449
310.545
310.638
310.727
310.813
310.898
310.981
311.064
311.147
311.23
311.314
311.4
311.487
311.576
311.668
311.763
311.861
311.961
312.065
312.172
312.283
312.397
312.514
312.635
312.76
312.888
313.02
313.155
313.294
313.436
313.581
313.729
313.88
314.035
314.191
314.351
314.512
314.676
314.842
315.01
315.18
315.351
315.523
315.697
315.872
316.047
316.223
316.4
300.251
300.761
301.287
301.825
302.372
302.923
303.472
304.015
304.547
305.066
305.567
306.048
306.508
306.945
307.357
307.745
308.109
308.449
308.765
309.058
309.33
309.581
309.813
310.027
310.224
310.406
310.574
310.729
310.872
311.005
311.128
311.244
311.352
311.454
311.55
311.642
311.731
311.816
311.9
311.981
312.062
312.143
312.223
312.304
312.387
312.47
312.556
312.644
312.734
312.826
312.92
313.018
313.118
313.221
313.327
313.436
313.548
313.663
313.781
313.902
314.025
314.152
314.281
314.413
314.548
314.685
314.824
314.966
315.109
315.255
315.402
315.551
315.701
315.853
316.006
316.16
316.314
316.47
316.626
316.782
316.939
300.285
300.865
301.463
302.074
302.694
303.317
303.936
304.547
305.145
305.724
306.282
306.815
307.322
307.801
308.252
308.674
309.067
309.433
309.771
310.084
310.373
310.638
310.882
311.106
311.311
311.5
311.674
311.833
311.98
312.116
312.242
312.359
312.469
312.572
312.669
312.762
312.85
312.936
313.019
313.1
313.18
313.259
313.339
313.418
313.499
313.58
313.663
313.748
313.835
313.923
314.013
314.106
314.201
314.298
314.398
314.5
314.605
314.712
314.822
314.934
315.049
315.166
315.284
315.406
315.529
315.654
315.781
315.909
316.04
316.171
316.304
316.438
316.574
316.71
316.847
316.985
317.123
317.262
317.401
317.54
317.679
300.325
300.988
301.67
302.367
303.072
303.779
304.48
305.168
305.838
306.485
307.105
307.695
308.253
308.777
309.267
309.723
310.146
310.537
310.897
311.228
311.532
311.81
312.064
312.297
312.51
312.705
312.884
313.048
313.198
313.337
313.466
313.585
313.697
313.801
313.9
313.994
314.084
314.171
314.254
314.337
314.417
314.497
314.577
314.656
314.737
314.818
314.9
314.983
315.068
315.154
315.242
315.331
315.423
315.516
315.611
315.709
315.808
315.909
316.012
316.117
316.224
316.333
316.444
316.556
316.669
316.784
316.901
317.018
317.137
317.257
317.378
317.499
317.621
317.744
317.867
317.991
318.115
318.239
318.363
318.487
318.611
300.373
301.132
301.914
302.711
303.515
304.319
305.112
305.888
306.639
307.361
308.048
308.697
309.307
309.877
310.406
310.895
311.345
311.759
312.138
312.484
312.801
313.089
313.352
313.592
313.811
314.011
314.194
314.361
314.516
314.658
314.789
314.911
315.026
315.133
315.235
315.331
315.424
315.513
315.6
315.684
315.767
315.849
315.931
316.012
316.094
316.176
316.259
316.342
316.426
316.512
316.598
316.686
316.776
316.867
316.959
317.053
317.148
317.245
317.343
317.442
317.543
317.645
317.749
317.853
317.959
318.065
318.172
318.28
318.389
318.498
318.608
318.719
318.829
318.94
319.051
319.162
319.273
319.384
319.494
319.605
319.715
300.429
301.302
302.199
303.113
304.032
304.946
305.844
306.717
307.557
308.357
309.114
309.824
310.485
311.097
311.661
312.178
312.651
313.083
313.476
313.834
314.16
314.456
314.725
314.97
315.193
315.396
315.582
315.753
315.911
316.056
316.191
316.318
316.436
316.547
316.653
316.754
316.851
316.945
317.036
317.125
317.212
317.298
317.383
317.468
317.552
317.637
317.721
317.806
317.892
317.978
318.065
318.152
318.241
318.33
318.42
318.512
318.604
318.697
318.791
318.886
318.982
319.078
319.175
319.273
319.371
319.47
319.569
319.668
319.768
319.867
319.967
320.067
320.167
320.267
320.366
320.466
320.565
320.663
320.762
320.859
320.957
300.495
301.5
302.532
303.58
304.63
305.668
306.682
307.66
308.594
309.475
310.299
311.065
311.772
312.421
313.012
313.549
314.036
314.478
314.879
315.242
315.571
315.87
316.141
316.388
316.614
316.82
317.01
317.184
317.346
317.496
317.636
317.768
317.892
318.009
318.121
318.228
318.331
318.431
318.528
318.623
318.716
318.807
318.897
318.987
319.075
319.163
319.251
319.338
319.426
319.513
319.601
319.689
319.777
319.866
319.955
320.044
320.134
320.224
320.314
320.405
320.496
320.587
320.678
320.769
320.861
320.952
321.043
321.134
321.225
321.316
321.406
321.496
321.586
321.675
321.764
321.852
321.94
322.027
322.114
322.199
322.285
300.57
301.728
302.916
304.117
305.314
306.49
307.629
308.716
309.745
310.701
311.581
312.387
313.122
313.79
314.394
314.94
315.434
315.879
316.281
316.645
316.975
317.274
317.546
317.794
318.022
318.231
318.424
318.602
318.769
318.924
319.07
319.208
319.339
319.463
319.583
319.697
319.807
319.914
320.018
320.12
320.219
320.316
320.412
320.506
320.599
320.691
320.782
320.872
320.962
321.051
321.14
321.228
321.317
321.404
321.492
321.58
321.667
321.754
321.84
321.927
322.013
322.099
322.184
322.269
322.353
322.438
322.521
322.604
322.687
322.769
322.85
322.93
323.01
323.09
323.168
323.246
323.323
323.399
323.474
323.548
323.622
300.655
301.987
303.35
304.723
306.083
307.409
308.671
309.852
310.946
311.95
312.866
313.696
314.446
315.122
315.73
316.276
316.767
317.209
317.608
317.968
318.294
318.591
318.862
319.11
319.338
319.549
319.744
319.926
320.097
320.258
320.41
320.554
320.691
320.823
320.949
321.07
321.188
321.302
321.412
321.52
321.625
321.728
321.829
321.928
322.025
322.12
322.214
322.307
322.398
322.489
322.578
322.667
322.755
322.841
322.927
323.013
323.097
323.181
323.263
323.345
323.427
323.507
323.587
323.665
323.743
323.82
323.896
323.972
324.046
324.119
324.192
324.263
324.334
324.404
324.472
324.54
324.607
324.673
324.738
324.801
324.864
300.745
302.263
303.818
305.381
306.9
308.343
309.693
310.939
312.078
313.112
314.044
314.88
315.63
316.3
316.9
317.436
317.917
318.349
318.738
319.09
319.409
319.701
319.967
320.213
320.44
320.65
320.847
321.032
321.205
321.37
321.526
321.675
321.817
321.954
322.085
322.212
322.335
322.454
322.569
322.682
322.791
322.898
323.002
323.105
323.204
323.302
323.398
323.492
323.585
323.676
323.766
323.854
323.941
324.026
324.11
324.193
324.274
324.355
324.434
324.512
324.588
324.664
324.738
324.811
324.883
324.954
325.023
325.092
325.159
325.225
325.29
325.354
325.417
325.478
325.539
325.598
325.656
325.713
325.769
325.824
325.878
300.822
302.503
304.243
305.947
307.573
309.095
310.497
311.775
312.93
313.967
314.894
315.72
316.456
317.111
317.694
318.215
318.681
319.099
319.477
319.818
320.129
320.413
320.674
320.915
321.139
321.348
321.543
321.728
321.902
322.067
322.224
322.375
322.519
322.658
322.792
322.921
323.046
323.168
323.286
323.4
323.512
323.621
323.727
323.831
323.932
324.031
324.128
324.223
324.316
324.407
324.496
324.584
324.67
324.754
324.837
324.918
324.998
325.076
325.152
325.227
325.301
325.373
325.444
325.513
325.581
325.648
325.713
325.777
325.84
325.902
325.962
326.021
326.078
326.135
326.19
326.244
326.297
326.348
326.399
326.448
326.497
384.126
392.081
398.762
404.578
409.731
414.332
418.444
422.101
425.32
428.102
430.439
432.308
433.677
434.497
434.705
434.21
432.883
430.53
426.819
421.092
411.701
405.33
400.441
396.431
393.013
390.024
387.364
384.964
382.774
380.759
378.89
377.145
375.507
373.961
372.494
371.098
369.762
368.48
367.246
366.053
364.897
363.773
362.678
361.609
360.562
359.535
358.526
357.532
356.551
355.583
354.625
353.676
352.735
351.802
350.874
349.952
349.036
348.123
347.215
346.311
345.41
344.513
343.619
342.729
341.843
340.96
340.081
339.206
338.336
337.469
336.608
335.751
334.9
334.055
333.216
332.383
331.558
330.741
329.932
329.133
328.343
327.563
326.794
326.037
325.292
324.56
323.842
323.137
322.448
321.774
321.116
320.474
319.848
319.24
318.649
318.076
317.521
316.984
316.465
315.965
315.482
315.018
314.572
314.144
313.734
313.341
312.965
312.606
312.264
311.938
311.627
311.332
311.051
310.785
310.532
310.292
310.065
309.85
309.646
309.453
309.271
309.098
308.934
308.779
308.631
308.491
308.358
308.231
308.11
307.994
307.882
307.776
307.673
307.573
307.476
307.382
307.29
307.201
307.112
307.025
306.939
306.854
306.769
306.684
306.599
306.514
306.429
306.343
306.256
306.169
306.08
305.99
305.899
305.807
305.713
305.618
305.521
305.423
305.324
305.223
305.122
379.375
386.29
392.504
398.077
403.09
407.605
411.661
415.283
418.481
421.254
423.591
425.468
426.855
427.705
427.957
427.529
426.31
424.143
420.813
416.051
409.81
404.408
399.896
396.067
392.751
389.826
387.209
384.839
382.672
380.674
378.819
377.085
375.456
373.917
372.456
371.065
369.733
368.455
367.223
366.033
364.879
363.758
362.665
361.597
360.552
359.526
358.517
357.524
356.544
355.577
354.619
353.671
352.731
351.797
350.87
349.949
349.032
348.12
347.212
346.308
345.407
344.51
343.617
342.727
341.841
340.958
340.079
339.204
338.334
337.467
336.606
335.749
334.898
334.053
333.214
332.381
331.556
330.739
329.93
329.13
328.34
327.56
326.792
326.034
325.29
324.558
323.839
323.135
322.446
321.772
321.113
320.471
319.846
319.238
318.647
318.074
317.519
316.982
316.463
315.963
315.481
315.016
314.57
314.142
313.732
313.339
312.964
312.605
312.263
311.937
311.626
311.331
311.05
310.784
310.531
310.292
310.065
309.85
309.646
309.453
309.271
309.098
308.934
308.779
308.631
308.491
308.358
308.231
308.11
307.994
307.883
307.776
307.673
307.573
307.477
307.383
307.291
307.201
307.113
307.026
306.94
306.854
306.769
306.685
306.6
306.515
306.43
306.344
306.257
306.169
306.081
305.991
305.9
305.808
305.714
305.619
305.522
305.424
305.324
305.224
305.123
375.269
381.188
386.772
391.945
396.695
401.032
404.966
408.506
411.651
414.395
416.721
418.608
420.025
420.928
421.265
420.966
419.947
418.106
415.338
411.597
407.099
402.734
398.792
395.291
392.178
389.386
386.862
384.559
382.443
380.484
378.659
376.949
375.34
373.818
372.371
370.991
369.669
368.399
367.175
365.991
364.842
363.725
362.636
361.572
360.529
359.506
358.5
357.509
356.531
355.564
354.608
353.661
352.722
351.789
350.863
349.942
349.026
348.114
347.207
346.303
345.403
344.506
343.613
342.723
341.837
340.954
340.075
339.201
338.33
337.464
336.602
335.745
334.894
334.049
333.21
332.377
331.552
330.735
329.926
329.126
328.336
327.556
326.787
326.03
325.285
324.553
323.834
323.13
322.441
321.767
321.108
320.467
319.841
319.233
318.643
318.07
317.515
316.978
316.459
315.959
315.477
315.013
314.567
314.139
313.729
313.336
312.961
312.602
312.26
311.934
311.624
311.329
311.049
310.782
310.53
310.29
310.064
309.849
309.645
309.453
309.27
309.097
308.934
308.778
308.631
308.491
308.358
308.231
308.11
307.994
307.883
307.776
307.673
307.574
307.477
307.383
307.292
307.202
307.114
307.027
306.941
306.855
306.77
306.686
306.601
306.516
306.431
306.345
306.258
306.171
306.082
305.992
305.901
305.809
305.715
305.62
305.524
305.426
305.326
305.225
305.124
371.413
376.519
381.476
386.186
390.597
394.687
398.443
401.854
404.91
407.599
409.901
411.792
413.244
414.217
414.669
414.545
413.788
412.341
410.169
407.308
403.948
400.487
397.168
394.086
391.256
388.664
386.284
384.089
382.055
380.16
378.386
376.719
375.143
373.649
372.226
370.866
369.561
368.306
367.094
365.92
364.781
363.672
362.589
361.531
360.493
359.475
358.472
357.484
356.509
355.545
354.592
353.646
352.709
351.778
350.853
349.933
349.018
348.107
347.2
346.296
345.397
344.5
343.607
342.718
341.832
340.949
340.071
339.196
338.325
337.459
336.597
335.741
334.889
334.044
333.205
332.372
331.547
330.729
329.92
329.12
328.33
327.55
326.78
326.023
325.278
324.546
323.827
323.123
322.434
321.759
321.101
320.459
319.834
319.226
318.636
318.063
317.508
316.972
316.453
315.953
315.471
315.007
314.562
314.134
313.724
313.332
312.957
312.598
312.257
311.931
311.621
311.326
311.046
310.78
310.528
310.289
310.062
309.847
309.644
309.452
309.27
309.097
308.933
308.778
308.631
308.492
308.359
308.232
308.111
307.995
307.884
307.777
307.675
307.575
307.479
307.385
307.293
307.204
307.115
307.029
306.943
306.857
306.773
306.688
306.603
306.518
306.433
306.347
306.261
306.173
306.085
305.995
305.904
305.812
305.718
305.623
305.527
305.429
305.329
305.228
305.127
367.685
372.133
376.52
380.764
384.806
388.607
392.141
395.385
398.321
400.93
403.19
405.076
406.562
407.614
408.196
408.271
407.802
406.762
405.15
403.018
400.498
397.796
395.081
392.454
389.965
387.627
385.439
383.393
381.475
379.673
377.974
376.368
374.843
373.391
372.004
370.674
369.396
368.163
366.97
365.813
364.688
363.592
362.52
361.471
360.441
359.429
358.433
357.45
356.48
355.52
354.569
353.627
352.691
351.762
350.839
349.921
349.007
348.097
347.191
346.289
345.39
344.494
343.602
342.712
341.827
340.945
340.066
339.191
338.321
337.454
336.593
335.736
334.884
334.038
333.199
332.366
331.54
330.722
329.913
329.113
328.322
327.541
326.772
326.014
325.269
324.537
323.818
323.113
322.424
321.75
321.091
320.45
319.825
319.217
318.626
318.054
317.499
316.963
316.444
315.945
315.463
315
314.554
314.127
313.718
313.326
312.951
312.593
312.252
311.926
311.617
311.322
311.043
310.777
310.525
310.286
310.06
309.846
309.643
309.451
309.269
309.097
308.933
308.779
308.632
308.492
308.359
308.233
308.112
307.997
307.886
307.779
307.677
307.577
307.481
307.387
307.296
307.206
307.118
307.031
306.946
306.861
306.776
306.691
306.607
306.522
306.437
306.351
306.265
306.177
306.089
305.999
305.909
305.816
305.723
305.628
305.531
305.433
305.334
305.233
305.131
364.048
367.95
371.834
375.638
379.308
382.803
386.089
389.14
391.93
394.438
396.638
398.508
400.022
401.151
401.868
402.146
401.962
401.308
400.193
398.664
396.808
394.743
392.585
390.418
388.296
386.251
384.296
382.436
380.668
378.989
377.391
375.869
374.414
373.022
371.685
370.399
369.157
367.956
366.792
365.659
364.555
363.477
362.422
361.386
360.369
359.367
358.379
357.404
356.44
355.486
354.54
353.601
352.67
351.744
350.823
349.907
348.995
348.087
347.183
346.281
345.383
344.488
343.596
342.708
341.822
340.94
340.062
339.187
338.317
337.45
336.588
335.731
334.879
334.033
333.193
332.36
331.534
330.715
329.905
329.104
328.313
327.532
326.762
326.004
325.258
324.525
323.806
323.102
322.412
321.738
321.079
320.437
319.812
319.205
318.614
318.042
317.488
316.951
316.434
315.934
315.453
314.99
314.545
314.118
313.709
313.318
312.944
312.586
312.245
311.921
311.612
311.318
311.038
310.773
310.522
310.284
310.058
309.844
309.642
309.45
309.268
309.097
308.934
308.779
308.633
308.494
308.361
308.235
308.114
307.999
307.888
307.782
307.68
307.581
307.485
307.391
307.3
307.21
307.123
307.036
306.95
306.865
306.781
306.696
306.612
306.527
306.443
306.357
306.271
306.183
306.095
306.006
305.915
305.823
305.73
305.635
305.539
305.441
305.341
305.24
305.138
360.49
363.929
367.372
370.773
374.086
377.274
380.303
383.145
385.772
388.161
390.287
392.127
393.658
394.856
395.699
396.167
396.249
395.941
395.255
394.227
392.914
391.391
389.732
388.005
386.258
384.527
382.834
381.191
379.604
378.076
376.605
375.19
373.828
372.513
371.244
370.016
368.825
367.668
366.542
365.443
364.369
363.316
362.283
361.268
360.268
359.282
358.307
357.343
356.388
355.442
354.503
353.57
352.643
351.722
350.805
349.892
348.983
348.077
347.174
346.274
345.377
344.484
343.593
342.705
341.82
340.938
340.06
339.185
338.314
337.448
336.585
335.728
334.875
334.029
333.188
332.354
331.527
330.708
329.897
329.095
328.303
327.522
326.751
325.992
325.246
324.513
323.793
323.088
322.398
321.723
321.065
320.423
319.798
319.19
318.6
318.028
317.474
316.938
316.421
315.921
315.441
314.978
314.534
314.108
313.7
313.309
312.935
312.578
312.238
311.914
311.606
311.313
311.034
310.77
310.519
310.281
310.056
309.843
309.641
309.45
309.269
309.097
308.935
308.781
308.635
308.496
308.364
308.238
308.118
308.003
307.893
307.787
307.684
307.586
307.49
307.397
307.305
307.216
307.129
307.042
306.957
306.872
306.788
306.704
306.62
306.535
306.45
306.365
306.279
306.192
306.104
306.015
305.924
305.833
305.739
305.645
305.549
305.451
305.351
305.251
305.148
357.011
360.052
363.108
366.143
369.123
372.015
374.788
377.415
379.869
382.128
384.166
385.964
387.499
388.751
389.703
390.341
390.655
390.646
390.324
389.713
388.852
387.788
386.572
385.253
383.872
382.462
381.046
379.642
378.26
376.908
375.588
374.304
373.054
371.838
370.654
369.501
368.375
367.276
366.2
365.146
364.112
363.095
362.093
361.105
360.129
359.164
358.208
357.26
356.319
355.385
354.455
353.531
352.611
351.696
350.784
349.875
348.969
348.067
347.166
346.269
345.374
344.481
343.591
342.704
341.82
340.939
340.061
339.186
338.315
337.448
336.585
335.727
334.874
334.026
333.185
332.35
331.522
330.701
329.89
329.087
328.294
327.511
326.739
325.98
325.233
324.499
323.779
323.073
322.382
321.707
321.049
320.407
319.782
319.174
318.584
318.012
317.458
316.923
316.406
315.907
315.427
314.965
314.522
314.096
313.689
313.299
312.926
312.57
312.231
311.907
311.6
311.307
311.029
310.766
310.516
310.279
310.054
309.842
309.641
309.45
309.27
309.099
308.937
308.784
308.638
308.5
308.368
308.243
308.123
308.008
307.899
307.793
307.691
307.593
307.497
307.404
307.313
307.225
307.137
307.051
306.966
306.882
306.798
306.714
306.63
306.546
306.461
306.376
306.29
306.204
306.116
306.027
305.937
305.846
305.753
305.658
305.562
305.465
305.366
305.265
305.162
353.616
356.31
359.025
361.733
364.406
367.019
369.545
371.959
374.238
376.359
378.3
380.043
381.567
382.856
383.896
384.674
385.184
385.425
385.406
385.141
384.657
383.982
383.154
382.205
381.169
380.072
378.938
377.784
376.624
375.466
374.318
373.184
372.067
370.968
369.888
368.826
367.783
366.756
365.745
364.748
363.765
362.794
361.833
360.881
359.938
359.001
358.071
357.145
356.224
355.307
354.392
353.481
352.571
351.664
350.759
349.856
348.955
348.057
347.16
346.265
345.372
344.482
343.593
342.707
341.824
340.943
340.065
339.191
338.319
337.452
336.588
335.729
334.875
334.027
333.184
332.347
331.518
330.697
329.883
329.079
328.285
327.501
326.728
325.967
325.219
324.484
323.763
323.057
322.366
321.691
321.031
320.389
319.764
319.156
318.566
317.995
317.441
316.906
316.39
315.892
315.412
314.951
314.509
314.084
313.677
313.288
312.916
312.561
312.223
311.9
311.594
311.302
311.026
310.763
310.514
310.278
310.054
309.842
309.642
309.452
309.272
309.102
308.941
308.788
308.643
308.506
308.375
308.25
308.131
308.016
307.907
307.802
307.701
307.602
307.507
307.415
307.324
307.236
307.149
307.063
306.979
306.894
306.811
306.727
306.644
306.56
306.476
306.391
306.306
306.22
306.132
306.044
305.954
305.863
305.77
305.676
305.581
305.484
305.385
305.284
305.181
350.314
352.704
355.116
357.531
359.926
362.281
364.574
366.782
368.887
370.867
372.705
374.381
375.881
377.188
378.29
379.178
379.846
380.291
380.519
380.539
380.366
380.021
379.526
378.907
378.187
377.388
376.529
375.627
374.695
373.744
372.782
371.815
370.847
369.882
368.923
367.969
367.023
366.083
365.151
364.226
363.307
362.393
361.484
360.58
359.678
358.779
357.883
356.987
356.093
355.199
354.305
353.411
352.517
351.622
350.728
349.833
348.939
348.046
347.154
346.264
345.374
344.486
343.599
342.715
341.832
340.952
340.075
339.2
338.329
337.461
336.596
335.736
334.881
334.031
333.187
332.349
331.518
330.695
329.88
329.074
328.278
327.493
326.719
325.956
325.207
324.471
323.749
323.042
322.35
321.674
321.014
320.371
319.746
319.138
318.549
317.977
317.424
316.89
316.374
315.876
315.398
314.938
314.496
314.072
313.666
313.278
312.907
312.553
312.216
311.895
311.589
311.299
311.023
310.761
310.513
310.278
310.056
309.845
309.645
309.457
309.278
309.108
308.948
308.796
308.652
308.515
308.384
308.26
308.141
308.028
307.919
307.814
307.713
307.616
307.521
307.429
307.339
307.251
307.165
307.079
306.995
306.912
306.828
306.745
306.662
306.579
306.495
306.411
306.326
306.24
306.154
306.065
305.976
305.886
305.794
305.7
305.605
305.508
305.409
305.309
305.206
347.114
349.235
351.38
353.533
355.677
357.795
359.87
361.884
363.82
365.66
367.39
368.992
370.453
371.76
372.901
373.869
374.657
375.263
375.688
375.937
376.02
375.949
375.74
375.408
374.971
374.446
373.848
373.19
372.486
371.746
370.977
370.187
369.381
368.564
367.739
366.908
366.074
365.236
364.397
363.556
362.714
361.871
361.026
360.179
359.331
358.48
357.627
356.77
355.911
355.048
354.182
353.312
352.439
351.563
350.684
349.803
348.919
348.034
347.149
346.264
345.379
344.494
343.61
342.728
341.847
340.967
340.09
339.216
338.344
337.475
336.61
335.749
334.893
334.041
333.195
332.356
331.523
330.698
329.881
329.073
328.275
327.488
326.712
325.948
325.197
324.459
323.736
323.028
322.335
321.658
320.998
320.355
319.73
319.122
318.532
317.961
317.408
316.874
316.359
315.862
315.385
314.925
314.484
314.062
313.657
313.27
312.9
312.548
312.212
311.892
311.587
311.298
311.023
310.763
310.516
310.282
310.06
309.851
309.652
309.464
309.286
309.118
308.959
308.807
308.664
308.527
308.398
308.274
308.156
308.043
307.935
307.831
307.731
307.634
307.54
307.448
307.359
307.271
307.185
307.101
307.017
306.934
306.851
306.769
306.686
306.603
306.52
306.437
306.352
306.267
306.181
306.093
306.005
305.915
305.823
305.73
305.635
305.539
305.441
305.341
305.238
344.026
345.91
347.817
349.735
351.653
353.556
355.431
357.262
359.037
360.741
362.36
363.881
365.292
366.582
367.74
368.76
369.635
370.361
370.939
371.37
371.659
371.813
371.842
371.757
371.568
371.289
370.93
370.504
370.019
369.486
368.912
368.304
367.667
367.007
366.327
365.63
364.919
364.196
363.462
362.719
361.967
361.206
360.437
359.66
358.876
358.083
357.284
356.476
355.661
354.838
354.008
353.171
352.327
351.476
350.619
349.757
348.889
348.018
347.142
346.264
345.385
344.505
343.626
342.746
341.867
340.989
340.113
339.239
338.367
337.498
336.632
335.77
334.912
334.058
333.211
332.369
331.534
330.707
329.888
329.078
328.277
327.488
326.71
325.944
325.191
324.452
323.728
323.018
322.324
321.647
320.986
320.342
319.716
319.108
318.519
317.948
317.395
316.862
316.347
315.851
315.374
314.916
314.476
314.055
313.651
313.266
312.897
312.546
312.211
311.892
311.589
311.301
311.028
310.769
310.523
310.29
310.07
309.861
309.664
309.477
309.3
309.132
308.974
308.823
308.681
308.545
308.416
308.294
308.176
308.064
307.956
307.853
307.753
307.657
307.564
307.473
307.384
307.297
307.212
307.128
307.044
306.962
306.88
306.798
306.716
306.634
306.552
306.469
306.385
306.301
306.215
306.129
306.041
305.951
305.86
305.768
305.674
305.578
305.48
305.381
305.279
341.059
342.732
344.428
346.138
347.853
349.561
351.252
352.915
354.538
356.109
357.618
359.053
360.405
361.662
362.818
363.865
364.796
365.609
366.301
366.871
367.322
367.657
367.882
368.002
368.027
367.963
367.819
367.604
367.325
366.99
366.605
366.177
365.711
365.212
364.683
364.128
363.55
362.951
362.333
361.698
361.046
360.379
359.697
359.002
358.292
357.57
356.834
356.086
355.326
354.553
353.769
352.973
352.166
351.348
350.521
349.684
348.839
347.986
347.127
346.262
345.392
344.519
343.645
342.77
341.894
341.018
340.144
339.27
338.399
337.529
336.663
335.799
334.94
334.085
333.235
332.391
331.554
330.724
329.903
329.09
328.288
327.496
326.716
325.948
325.193
324.452
323.726
323.015
322.319
321.641
320.979
320.335
319.709
319.101
318.511
317.94
317.388
316.855
316.341
315.846
315.37
314.912
314.474
314.053
313.651
313.267
312.899
312.549
312.216
311.898
311.597
311.31
311.038
310.78
310.536
310.304
310.085
309.877
309.681
309.495
309.32
309.153
308.995
308.846
308.704
308.569
308.441
308.319
308.203
308.091
307.984
307.882
307.783
307.687
307.594
307.504
307.416
307.33
307.245
307.162
307.079
306.998
306.916
306.835
306.754
306.673
306.592
306.51
306.427
306.343
306.258
306.172
306.085
305.997
305.907
305.815
305.722
305.627
305.53
305.431
305.329
338.224
339.71
341.218
342.742
344.274
345.807
347.33
348.837
350.318
351.763
353.163
354.51
355.794
357.008
358.144
359.196
360.159
361.027
361.798
362.471
363.045
363.522
363.903
364.193
364.395
364.516
364.559
364.532
364.44
364.289
364.083
363.828
363.529
363.189
362.813
362.403
361.963
361.495
361
360.481
359.939
359.376
358.791
358.187
357.563
356.92
356.26
355.581
354.886
354.173
353.444
352.699
351.938
351.163
350.373
349.571
348.756
347.929
347.093
346.247
345.393
344.533
343.667
342.798
341.927
341.055
340.182
339.311
338.44
337.571
336.704
335.84
334.979
334.122
333.271
332.425
331.585
330.753
329.929
329.114
328.309
327.514
326.732
325.961
325.204
324.461
323.733
323.021
322.324
321.644
320.982
320.337
319.71
319.101
318.512
317.941
317.389
316.857
316.343
315.849
315.373
314.917
314.479
314.06
313.659
313.276
312.91
312.561
312.229
311.913
311.612
311.327
311.056
310.8
310.556
310.326
310.108
309.902
309.706
309.522
309.347
309.181
309.025
308.876
308.735
308.601
308.474
308.353
308.237
308.126
308.02
307.918
307.82
307.725
307.633
307.544
307.456
307.371
307.287
307.205
307.123
307.042
306.962
306.882
306.802
306.721
306.641
306.56
306.478
306.395
306.311
306.226
306.14
306.053
305.964
305.873
305.78
305.686
305.59
305.492
305.391
335.529
336.848
338.19
339.548
340.916
342.29
343.662
345.025
346.373
347.698
348.992
350.249
351.462
352.622
353.726
354.765
355.737
356.635
357.457
358.2
358.864
359.446
359.949
360.373
360.721
360.994
361.197
361.334
361.407
361.42
361.379
361.286
361.145
360.959
360.733
360.467
360.166
359.83
359.463
359.066
358.64
358.187
357.707
357.202
356.673
356.12
355.543
354.944
354.323
353.68
353.016
352.331
351.627
350.903
350.161
349.401
348.625
347.833
347.027
346.208
345.377
344.535
343.685
342.827
341.964
341.098
340.23
339.361
338.492
337.624
336.757
335.893
335.031
334.173
333.32
332.472
331.63
330.796
329.969
329.151
328.344
327.547
326.761
325.989
325.229
324.484
323.754
323.04
322.342
321.661
320.997
320.351
319.724
319.115
318.525
317.954
317.402
316.87
316.357
315.863
315.388
314.933
314.496
314.078
313.678
313.296
312.931
312.583
312.252
311.937
311.638
311.354
311.085
310.829
310.587
310.358
310.141
309.936
309.741
309.558
309.384
309.219
309.063
308.916
308.776
308.643
308.516
308.396
308.281
308.171
308.066
307.964
307.867
307.773
307.682
307.593
307.507
307.422
307.339
307.257
307.177
307.097
307.018
306.939
306.86
306.78
306.701
306.621
306.54
306.458
306.376
306.292
306.207
306.121
306.033
305.943
305.852
305.759
305.663
305.566
305.467
332.983
334.154
335.347
336.556
337.779
339.009
340.243
341.475
342.699
343.911
345.103
346.27
347.407
348.508
349.568
350.581
351.543
352.45
353.298
354.085
354.809
355.467
356.06
356.587
357.048
357.445
357.78
358.053
358.268
358.427
358.531
358.585
358.59
358.549
358.464
358.337
358.171
357.968
357.728
357.454
357.148
356.809
356.44
356.04
355.612
355.155
354.671
354.159
353.621
353.057
352.467
351.853
351.214
350.551
349.866
349.159
348.43
347.682
346.915
346.131
345.33
344.515
343.688
342.849
342.001
341.145
340.283
339.419
338.554
337.688
336.823
335.96
335.098
334.24
333.385
332.536
331.692
330.856
330.027
329.206
328.396
327.597
326.809
326.034
325.272
324.525
323.793
323.076
322.377
321.694
321.029
320.382
319.754
319.144
318.554
317.983
317.431
316.899
316.386
315.893
315.418
314.963
314.527
314.11
313.711
313.329
312.966
312.619
312.289
311.975
311.677
311.394
311.126
310.871
310.63
310.402
310.186
309.982
309.788
309.606
309.433
309.269
309.114
308.967
308.828
308.695
308.57
308.45
308.336
308.227
308.122
308.022
307.925
307.832
307.741
307.654
307.568
307.485
307.403
307.322
307.243
307.164
307.086
307.008
306.93
306.852
306.774
306.695
306.616
306.535
306.454
306.372
306.288
306.203
306.116
306.028
305.938
305.846
305.752
305.656
305.557
330.593
331.633
332.693
333.77
334.861
335.963
337.071
338.183
339.293
340.397
341.491
342.571
343.631
344.667
345.675
346.651
347.589
348.487
349.342
350.15
350.909
351.617
352.272
352.873
353.42
353.913
354.352
354.737
355.07
355.351
355.582
355.764
355.9
355.99
356.035
356.039
356.002
355.925
355.81
355.658
355.47
355.247
354.99
354.699
354.376
354.021
353.635
353.217
352.769
352.291
351.784
351.248
350.683
350.09
349.471
348.825
348.154
347.459
346.74
346
345.239
344.459
343.662
342.85
342.024
341.186
340.339
339.485
338.626
337.765
336.903
336.041
335.181
334.323
333.469
332.619
331.774
330.936
330.105
329.283
328.47
327.668
326.878
326.1
325.336
324.587
323.853
323.134
322.433
321.749
321.082
320.434
319.805
319.194
318.603
318.032
317.48
316.947
316.434
315.941
315.467
315.013
314.577
314.16
313.761
313.381
313.018
312.672
312.343
312.03
311.732
311.45
311.183
310.929
310.689
310.461
310.246
310.042
309.85
309.668
309.495
309.332
309.178
309.032
308.893
308.762
308.636
308.517
308.404
308.296
308.192
308.092
307.996
307.904
307.814
307.728
307.643
307.561
307.48
307.4
307.322
307.244
307.167
307.091
307.014
306.938
306.861
306.784
306.706
306.627
306.548
306.467
306.385
306.301
306.216
306.13
306.041
305.95
305.858
305.763
305.666
328.367
329.29
330.231
331.19
332.163
333.149
334.143
335.145
336.149
337.154
338.155
339.149
340.132
341.1
342.051
342.98
343.884
344.76
345.605
346.415
347.188
347.923
348.617
349.268
349.876
350.439
350.957
351.429
351.856
352.237
352.574
352.866
353.114
353.32
353.483
353.604
353.685
353.727
353.73
353.694
353.621
353.512
353.366
353.185
352.968
352.717
352.432
352.113
351.76
351.374
350.955
350.504
350.021
349.506
348.961
348.385
347.78
347.146
346.485
345.798
345.086
344.351
343.593
342.816
342.021
341.21
340.385
339.548
338.703
337.85
336.994
336.137
335.28
334.425
333.572
332.722
331.877
331.038
330.206
329.383
328.569
327.765
326.973
326.193
325.427
324.675
323.939
323.219
322.515
321.829
321.161
320.512
319.881
319.27
318.678
318.105
317.553
317.02
316.507
316.013
315.539
315.084
314.649
314.232
313.834
313.453
313.091
312.745
312.416
312.104
311.807
311.525
311.258
311.005
310.765
310.538
310.323
310.12
309.928
309.746
309.575
309.412
309.258
309.112
308.974
308.843
308.719
308.6
308.488
308.38
308.277
308.178
308.083
307.991
307.903
307.817
307.734
307.652
307.573
307.494
307.417
307.341
307.266
307.191
307.116
307.041
306.966
306.89
306.814
306.737
306.66
306.581
306.5
306.419
306.335
306.25
306.164
306.075
305.984
305.89
305.795
326.312
327.13
327.966
328.818
329.685
330.566
331.458
332.358
333.265
334.176
335.089
336
336.907
337.807
338.698
339.575
340.436
341.279
342.1
342.898
343.669
344.412
345.125
345.804
346.45
347.061
347.635
348.172
348.67
349.13
349.551
349.933
350.276
350.579
350.843
351.069
351.256
351.404
351.515
351.588
351.624
351.622
351.584
351.509
351.398
351.25
351.067
350.847
350.592
350.301
349.975
349.614
349.218
348.787
348.323
347.824
347.293
346.729
346.135
345.509
344.855
344.173
343.465
342.732
341.977
341.201
340.407
339.596
338.773
337.938
337.095
336.246
335.395
334.544
333.694
332.847
332.004
331.166
330.334
329.51
328.695
327.89
327.097
326.316
325.548
324.794
324.056
323.334
322.629
321.941
321.271
320.62
319.988
319.375
318.782
318.208
317.655
317.121
316.607
316.113
315.638
315.183
314.747
314.33
313.931
313.551
313.188
312.842
312.514
312.201
311.904
311.622
311.355
311.102
310.863
310.636
310.421
310.218
310.026
309.845
309.673
309.511
309.357
309.212
309.074
308.944
308.82
308.702
308.589
308.482
308.38
308.282
308.187
308.097
308.009
307.924
307.842
307.762
307.683
307.607
307.531
307.456
307.382
307.309
307.236
307.163
307.09
307.016
306.942
306.867
306.792
306.715
306.637
306.557
306.476
306.393
306.308
306.221
306.132
306.041
305.947
324.432
325.157
325.898
326.656
327.428
328.214
329.012
329.821
330.638
331.463
332.292
333.124
333.957
334.789
335.616
336.438
337.25
338.052
338.841
339.615
340.37
341.106
341.82
342.511
343.176
343.814
344.424
345.004
345.554
346.072
346.557
347.009
347.426
347.81
348.159
348.472
348.75
348.992
349.199
349.37
349.504
349.603
349.665
349.691
349.68
349.633
349.549
349.428
349.27
349.076
348.844
348.576
348.27
347.928
347.549
347.133
346.682
346.196
345.674
345.119
344.531
343.911
343.26
342.581
341.875
341.144
340.389
339.614
338.821
338.012
337.191
336.36
335.521
334.678
333.835
332.993
332.154
331.318
330.489
329.666
328.852
328.047
327.253
326.471
325.702
324.947
324.208
323.484
322.777
322.088
321.416
320.764
320.13
319.515
318.92
318.345
317.79
317.255
316.74
316.245
315.769
315.313
314.876
314.458
314.059
313.678
313.314
312.968
312.639
312.326
312.028
311.746
311.479
311.225
310.985
310.758
310.543
310.34
310.148
309.966
309.795
309.632
309.479
309.333
309.196
309.065
308.941
308.824
308.712
308.605
308.503
308.406
308.312
308.223
308.136
308.052
307.971
307.892
307.815
307.74
307.666
307.593
307.521
307.449
307.378
307.307
307.236
307.165
307.093
307.021
306.947
306.873
306.797
306.72
306.642
306.561
306.479
306.394
306.307
306.218
306.126
322.734
323.375
324.033
324.705
325.392
326.093
326.806
327.531
328.266
329.01
329.761
330.518
331.279
332.043
332.808
333.572
334.332
335.088
335.837
336.577
337.306
338.023
338.726
339.412
340.08
340.729
341.357
341.963
342.545
343.101
343.632
344.135
344.609
345.055
345.47
345.855
346.209
346.53
346.819
347.074
347.296
347.484
347.637
347.756
347.839
347.885
347.896
347.87
347.807
347.707
347.569
347.393
347.179
346.927
346.636
346.308
345.941
345.536
345.094
344.615
344.1
343.55
342.965
342.348
341.7
341.022
340.317
339.587
338.834
338.06
337.269
336.464
335.647
334.822
333.99
333.157
332.325
331.496
330.671
329.851
329.039
328.236
327.443
326.662
325.893
325.138
324.397
323.673
322.964
322.274
321.601
320.946
320.311
319.695
319.098
318.521
317.965
317.428
316.911
316.414
315.937
315.479
315.041
314.622
314.221
313.839
313.474
313.127
312.796
312.482
312.184
311.901
311.632
311.378
311.137
310.909
310.693
310.49
310.297
310.115
309.942
309.78
309.626
309.48
309.342
309.212
309.088
308.97
308.859
308.752
308.651
308.554
308.461
308.372
308.286
308.204
308.124
308.046
307.971
307.897
307.824
307.753
307.683
307.614
307.545
307.477
307.408
307.339
307.27
307.2
307.13
307.058
306.985
306.911
306.835
306.757
306.678
306.596
306.511
306.424
306.335
321.222
321.789
322.372
322.968
323.578
324.202
324.839
325.487
326.146
326.815
327.494
328.18
328.873
329.572
330.274
330.979
331.685
332.391
333.095
333.796
334.491
335.18
335.86
336.53
337.189
337.834
338.465
339.08
339.677
340.256
340.814
341.351
341.865
342.355
342.821
343.26
343.673
344.058
344.414
344.74
345.036
345.301
345.534
345.735
345.901
346.034
346.132
346.194
346.221
346.21
346.162
346.077
345.953
345.79
345.589
345.348
345.067
344.748
344.389
343.991
343.554
343.08
342.568
342.02
341.438
340.822
340.175
339.498
338.794
338.065
337.314
336.544
335.758
334.959
334.15
333.334
332.514
331.694
330.877
330.064
329.257
328.458
327.669
326.889
326.122
325.367
324.627
323.903
323.194
322.502
321.828
321.172
320.535
319.917
319.319
318.74
318.182
317.643
317.124
316.625
316.146
315.687
315.246
314.825
314.423
314.038
313.672
313.323
312.991
312.675
312.375
312.09
311.82
311.564
311.322
311.093
310.876
310.671
310.477
310.294
310.121
309.957
309.803
309.656
309.518
309.387
309.263
309.145
309.034
308.927
308.826
308.73
308.637
308.549
308.464
308.382
308.304
308.227
308.153
308.081
308.011
307.942
307.874
307.807
307.74
307.674
307.609
307.543
307.477
307.41
307.342
307.274
307.204
307.133
307.061
306.986
306.909
306.83
306.749
306.665
306.578
319.901
320.402
320.917
321.445
321.987
322.541
323.108
323.687
324.277
324.878
325.489
326.108
326.737
327.372
328.014
328.661
329.313
329.967
330.623
331.28
331.935
332.589
333.238
333.883
334.522
335.152
335.774
336.385
336.983
337.569
338.14
338.695
339.232
339.751
340.25
340.728
341.184
341.617
342.025
342.408
342.764
343.092
343.392
343.662
343.902
344.11
344.285
344.427
344.535
344.608
344.644
344.644
344.606
344.53
344.415
344.261
344.067
343.832
343.558
343.243
342.889
342.494
342.06
341.587
341.077
340.53
339.949
339.334
338.688
338.013
337.311
336.586
335.839
335.075
334.297
333.507
332.71
331.908
331.103
330.301
329.503
328.711
327.927
327.153
326.389
325.637
324.899
324.176
323.467
322.776
322.101
321.445
320.807
320.187
319.587
319.007
318.446
317.906
317.385
316.884
316.402
315.94
315.498
315.074
314.669
314.282
313.913
313.562
313.227
312.909
312.607
312.32
312.048
311.79
311.546
311.315
311.096
310.89
310.694
310.509
310.335
310.17
310.014
309.867
309.728
309.596
309.471
309.353
309.241
309.134
309.033
308.937
308.845
308.757
308.673
308.592
308.515
308.44
308.367
308.297
308.228
308.161
308.096
308.031
307.968
307.905
307.842
307.779
307.716
307.653
307.589
307.524
307.458
307.391
307.322
307.251
307.178
307.102
307.024
306.944
306.86
318.774
319.217
319.672
320.139
320.619
321.112
321.616
322.131
322.658
323.196
323.744
324.302
324.87
325.445
326.029
326.62
327.216
327.819
328.425
329.035
329.647
330.261
330.874
331.487
332.097
332.704
333.306
333.901
334.49
335.07
335.641
336.2
336.746
337.279
337.797
338.299
338.783
339.249
339.694
340.118
340.52
340.898
341.251
341.577
341.877
342.148
342.39
342.601
342.781
342.927
343.04
343.117
343.159
343.164
343.131
343.06
342.949
342.799
342.608
342.377
342.105
341.792
341.438
341.044
340.611
340.139
339.629
339.082
338.502
337.888
337.244
336.572
335.875
335.156
334.418
333.663
332.897
332.121
331.34
330.556
329.771
328.991
328.216
327.45
326.693
325.946
325.212
324.492
323.786
323.096
322.422
321.766
321.128
320.508
319.907
319.325
318.763
318.22
317.697
317.193
316.709
316.245
315.8
315.373
314.965
314.576
314.204
313.85
313.512
313.191
312.886
312.597
312.322
312.062
311.815
311.581
311.36
311.151
310.953
310.766
310.59
310.423
310.265
310.117
309.976
309.843
309.717
309.598
309.485
309.378
309.277
309.18
309.089
309.001
308.918
308.838
308.761
308.688
308.617
308.548
308.481
308.417
308.354
308.292
308.231
308.171
308.111
308.052
307.993
307.933
307.873
307.812
307.751
307.687
307.622
307.556
307.487
307.415
307.341
307.264
307.184
317.845
318.235
318.637
319.051
319.476
319.912
320.36
320.818
321.288
321.768
322.259
322.76
323.27
323.789
324.318
324.854
325.398
325.948
326.505
327.067
327.634
328.205
328.778
329.353
329.929
330.505
331.08
331.652
332.221
332.786
333.344
333.896
334.44
334.974
335.497
336.009
336.507
336.991
337.46
337.911
338.344
338.757
339.149
339.519
339.866
340.188
340.483
340.752
340.991
341.201
341.379
341.526
341.638
341.716
341.759
341.764
341.732
341.661
341.551
341.4
341.209
340.978
340.705
340.391
340.037
339.642
339.208
338.735
338.226
337.68
337.101
336.491
335.851
335.185
334.496
333.787
333.06
332.32
331.57
330.813
330.052
329.29
328.53
327.776
327.029
326.292
325.565
324.851
324.15
323.463
322.792
322.138
321.501
320.881
320.28
319.698
319.134
318.59
318.065
317.559
317.073
316.606
316.158
315.729
315.318
314.925
314.55
314.192
313.852
313.527
313.219
312.926
312.648
312.384
312.134
311.898
311.673
311.461
311.261
311.071
310.892
310.723
310.563
310.412
310.269
310.135
310.007
309.887
309.773
309.665
309.563
309.466
309.374
309.287
309.203
309.124
309.048
308.976
308.906
308.839
308.775
308.712
308.652
308.593
308.535
308.478
308.422
308.367
308.311
308.256
308.2
308.144
308.086
308.028
307.967
307.905
307.841
307.774
307.705
307.632
307.556
317.118
317.462
317.817
318.182
318.558
318.944
319.341
319.748
320.166
320.594
321.032
321.48
321.937
322.404
322.88
323.364
323.857
324.358
324.866
325.38
325.901
326.427
326.957
327.492
328.03
328.57
329.112
329.655
330.197
330.737
331.276
331.81
332.341
332.865
333.383
333.892
334.392
334.882
335.36
335.825
336.276
336.711
337.128
337.528
337.908
338.267
338.603
338.916
339.204
339.465
339.698
339.902
340.075
340.217
340.325
340.399
340.438
340.44
340.404
340.33
340.216
340.063
339.869
339.634
339.358
339.042
338.686
338.289
337.854
337.382
336.873
336.33
335.755
335.15
334.518
333.862
333.184
332.489
331.779
331.058
330.328
329.594
328.859
328.124
327.393
326.669
325.953
325.248
324.555
323.875
323.21
322.56
321.926
321.309
320.709
320.127
319.564
319.019
318.493
317.986
317.498
317.029
316.578
316.146
315.732
315.336
314.958
314.597
314.252
313.924
313.612
313.316
313.034
312.766
312.512
312.272
312.044
311.828
311.624
311.431
311.249
311.077
310.914
310.76
310.615
310.478
310.348
310.226
310.11
310.001
309.897
309.8
309.707
309.619
309.536
309.457
309.382
309.31
309.242
309.176
309.113
309.053
308.995
308.939
308.884
308.831
308.778
308.727
308.675
308.625
308.573
308.522
308.469
308.416
308.361
308.304
308.245
308.183
308.119
308.051
307.98
316.594
316.898
317.211
317.533
317.865
318.207
318.558
318.92
319.29
319.671
320.061
320.46
320.869
321.287
321.714
322.15
322.595
323.047
323.507
323.975
324.45
324.931
325.419
325.911
326.409
326.91
327.415
327.923
328.433
328.943
329.454
329.964
330.473
330.978
331.48
331.978
332.469
332.953
333.429
333.896
334.352
334.796
335.227
335.643
336.043
336.426
336.79
337.134
337.457
337.757
338.032
338.282
338.504
338.698
338.862
338.995
339.095
339.161
339.192
339.186
339.144
339.063
338.943
338.784
338.585
338.345
338.066
337.746
337.387
336.99
336.555
336.084
335.578
335.04
334.472
333.876
333.255
332.613
331.952
331.275
330.586
329.888
329.185
328.479
327.773
327.069
326.371
325.68
324.999
324.33
323.673
323.03
322.402
321.79
321.194
320.615
320.054
319.51
318.985
318.477
317.988
317.518
317.065
316.631
316.214
315.815
315.434
315.069
314.721
314.39
314.073
313.773
313.487
313.215
312.957
312.712
312.48
312.26
312.052
311.855
311.669
311.493
311.326
311.169
311.02
310.88
310.748
310.623
310.504
310.393
310.288
310.188
310.095
310.006
309.922
309.843
309.767
309.696
309.629
309.564
309.503
309.445
309.389
309.335
309.284
309.233
309.185
309.137
309.09
309.044
308.998
308.951
308.904
308.856
308.807
308.756
308.703
308.647
308.588
308.526
308.46
316.277
316.545
316.821
317.106
317.399
317.701
318.012
318.332
318.661
318.998
319.345
319.7
320.065
320.438
320.82
321.21
321.609
322.016
322.431
322.854
323.284
323.721
324.165
324.615
325.071
325.532
325.998
326.468
326.941
327.417
327.896
328.376
328.856
329.336
329.815
330.291
330.764
331.234
331.698
332.155
332.606
333.047
333.479
333.9
334.308
334.702
335.081
335.444
335.789
336.115
336.42
336.703
336.963
337.197
337.405
337.585
337.735
337.855
337.943
337.997
338.017
338.001
337.949
337.859
337.731
337.564
337.358
337.114
336.83
336.507
336.146
335.749
335.316
334.849
334.349
333.819
333.262
332.679
332.074
331.45
330.81
330.157
329.494
328.825
328.151
327.477
326.805
326.137
325.475
324.821
324.177
323.546
322.928
322.324
321.735
321.162
320.605
320.065
319.542
319.036
318.548
318.077
317.624
317.188
316.77
316.369
315.985
315.617
315.266
314.931
314.611
314.306
314.015
313.739
313.477
313.227
312.99
312.766
312.553
312.351
312.161
311.98
311.809
311.648
311.495
311.351
311.215
311.086
310.965
310.851
310.743
310.641
310.545
310.455
310.369
310.289
310.213
310.142
310.075
310.011
309.951
309.894
309.84
309.788
309.739
309.692
309.647
309.603
309.561
309.519
309.478
309.437
309.395
309.353
309.31
309.265
309.218
309.168
309.116
309.06
308.999
316.168
316.404
316.648
316.9
317.159
317.426
317.701
317.984
318.275
318.574
318.882
319.197
319.521
319.853
320.194
320.542
320.899
321.263
321.635
322.015
322.402
322.797
323.198
323.606
324.02
324.44
324.866
325.296
325.731
326.17
326.613
327.058
327.505
327.954
328.403
328.853
329.301
329.747
330.191
330.631
331.066
331.495
331.917
332.331
332.736
333.131
333.513
333.883
334.238
334.577
334.899
335.203
335.487
335.749
335.988
336.203
336.393
336.555
336.688
336.792
336.864
336.904
336.91
336.882
336.817
336.717
336.579
336.404
336.191
335.941
335.653
335.329
334.969
334.574
334.145
333.685
333.195
332.678
332.135
331.571
330.987
330.386
329.772
329.147
328.515
327.879
327.24
326.602
325.967
325.337
324.715
324.101
323.498
322.906
322.329
321.765
321.216
320.682
320.165
319.663
319.178
318.71
318.258
317.823
317.405
317.003
316.617
316.247
315.894
315.555
315.232
314.923
314.629
314.348
314.081
313.827
313.585
313.355
313.138
312.931
312.735
312.549
312.373
312.206
312.049
311.9
311.759
311.627
311.501
311.383
311.271
311.166
311.068
310.975
310.887
310.805
310.728
310.655
310.587
310.523
310.463
310.407
310.354
310.304
310.257
310.213
310.171
310.13
310.092
310.055
310.018
309.982
309.946
309.91
309.873
309.834
309.794
309.751
309.705
309.656
309.602
316.269
316.478
316.693
316.915
317.144
317.38
317.623
317.874
318.131
318.396
318.668
318.948
319.236
319.53
319.833
320.143
320.46
320.785
321.117
321.456
321.803
322.156
322.517
322.884
323.257
323.636
324.021
324.412
324.807
325.207
325.612
326.02
326.431
326.845
327.26
327.677
328.095
328.512
328.929
329.343
329.755
330.164
330.568
330.966
331.358
331.742
332.117
332.482
332.836
333.177
333.504
333.816
334.112
334.39
334.649
334.887
335.102
335.295
335.462
335.603
335.717
335.801
335.855
335.878
335.869
335.826
335.749
335.637
335.489
335.306
335.087
334.832
334.543
334.219
333.861
333.472
333.051
332.603
332.127
331.627
331.104
330.563
330.005
329.433
328.85
328.258
327.662
327.062
326.462
325.864
325.27
324.682
324.101
323.53
322.969
322.42
321.884
321.361
320.853
320.359
319.881
319.417
318.97
318.538
318.122
317.721
317.336
316.966
316.611
316.27
315.944
315.633
315.335
315.051
314.779
314.52
314.274
314.039
313.816
313.604
313.402
313.211
313.029
312.857
312.694
312.539
312.393
312.255
312.124
312.001
311.885
311.776
311.673
311.576
311.485
311.399
311.32
311.245
311.175
311.109
311.049
310.992
310.939
310.89
310.844
310.801
310.761
310.724
310.688
310.655
310.623
310.591
310.561
310.53
310.499
310.467
310.433
310.397
310.358
310.316
310.269
316.579
316.764
316.955
317.151
317.354
317.562
317.777
317.999
318.226
318.461
318.701
318.949
319.203
319.464
319.732
320.007
320.288
320.576
320.871
321.173
321.481
321.796
322.117
322.445
322.778
323.118
323.463
323.814
324.169
324.53
324.895
325.265
325.638
326.014
326.393
326.774
327.157
327.541
327.925
328.309
328.691
329.072
329.451
329.825
330.196
330.56
330.919
331.27
331.612
331.944
332.266
332.576
332.872
333.154
333.42
333.668
333.898
334.109
334.298
334.464
334.607
334.724
334.815
334.879
334.913
334.918
334.891
334.833
334.743
334.619
334.463
334.273
334.049
333.793
333.504
333.183
332.832
332.453
332.045
331.612
331.156
330.678
330.181
329.668
329.14
328.602
328.055
327.501
326.944
326.386
325.828
325.273
324.723
324.179
323.643
323.116
322.6
322.094
321.601
321.12
320.653
320.199
319.759
319.334
318.923
318.526
318.144
317.776
317.422
317.082
316.755
316.442
316.142
315.855
315.58
315.317
315.067
314.827
314.599
314.381
314.174
313.977
313.789
313.611
313.441
313.28
313.128
312.984
312.847
312.718
312.596
312.481
312.372
312.27
312.174
312.084
312
311.922
311.848
311.78
311.717
311.658
311.604
311.554
311.507
311.465
311.426
311.39
311.356
311.325
311.296
311.269
311.242
311.216
311.19
311.164
311.136
311.107
311.075
311.039
311
317.098
317.262
317.431
317.605
317.784
317.969
318.159
318.354
318.555
318.762
318.975
319.193
319.417
319.648
319.884
320.126
320.375
320.629
320.89
321.156
321.429
321.707
321.992
322.282
322.577
322.878
323.185
323.497
323.813
324.135
324.461
324.791
325.124
325.462
325.802
326.145
326.491
326.838
327.186
327.535
327.884
328.232
328.579
328.924
329.266
329.604
329.938
330.266
330.588
330.903
331.209
331.507
331.793
332.068
332.33
332.578
332.811
333.028
333.227
333.407
333.567
333.705
333.821
333.913
333.98
334.021
334.034
334.02
333.977
333.904
333.801
333.668
333.504
333.309
333.084
332.829
332.544
332.231
331.892
331.526
331.136
330.725
330.293
329.842
329.376
328.897
328.406
327.906
327.399
326.888
326.375
325.861
325.349
324.84
324.336
323.839
323.349
322.868
322.396
321.935
321.485
321.047
320.62
320.207
319.805
319.417
319.042
318.679
318.329
317.992
317.668
317.355
317.055
316.767
316.491
316.225
315.971
315.728
315.495
315.273
315.06
314.857
314.664
314.479
314.303
314.136
313.976
313.825
313.681
313.545
313.416
313.294
313.178
313.07
312.967
312.871
312.781
312.697
312.619
312.546
312.478
312.415
312.357
312.304
312.256
312.212
312.171
312.135
312.101
312.071
312.043
312.018
311.994
311.971
311.949
311.927
311.904
311.88
311.854
311.825
311.792
317.821
317.966
318.116
318.27
318.428
318.591
318.759
318.932
319.109
319.291
319.479
319.671
319.868
320.071
320.278
320.491
320.709
320.933
321.161
321.395
321.634
321.878
322.128
322.382
322.642
322.906
323.176
323.45
323.728
324.011
324.298
324.589
324.883
325.181
325.482
325.786
326.092
326.401
326.71
327.021
327.333
327.645
327.956
328.266
328.575
328.881
329.185
329.484
329.779
330.068
330.351
330.627
330.895
331.154
331.403
331.64
331.866
332.078
332.276
332.458
332.624
332.771
332.9
333.009
333.097
333.163
333.205
333.224
333.217
333.185
333.126
333.04
332.926
332.785
332.617
332.421
332.197
331.948
331.672
331.372
331.048
330.702
330.336
329.951
329.549
329.132
328.702
328.261
327.811
327.354
326.892
326.427
325.961
325.495
325.031
324.571
324.116
323.666
323.224
322.79
322.364
321.947
321.541
321.145
320.759
320.385
320.021
319.669
319.328
318.998
318.679
318.371
318.074
317.788
317.513
317.248
316.992
316.747
316.512
316.286
316.069
315.861
315.662
315.471
315.289
315.115
314.948
314.79
314.638
314.494
314.357
314.227
314.104
313.987
313.877
313.773
313.675
313.584
313.498
313.418
313.343
313.275
313.211
313.153
313.099
313.05
313.006
312.966
312.93
312.898
312.869
312.843
312.819
312.798
312.777
312.757
312.737
312.717
312.694
312.67
312.642
318.737
318.866
318.998
319.134
319.274
319.418
319.566
319.718
319.874
320.034
320.198
320.366
320.539
320.716
320.897
321.083
321.273
321.467
321.666
321.87
322.077
322.29
322.506
322.727
322.952
323.182
323.415
323.653
323.895
324.14
324.389
324.641
324.897
325.156
325.418
325.682
325.948
326.217
326.487
326.758
327.031
327.304
327.577
327.849
328.121
328.391
328.659
328.925
329.187
329.445
329.699
329.947
330.189
330.424
330.651
330.87
331.079
331.277
331.464
331.639
331.8
331.946
332.078
332.193
332.291
332.37
332.43
332.47
332.488
332.485
332.46
332.411
332.338
332.242
332.121
331.976
331.807
331.614
331.397
331.158
330.896
330.614
330.312
329.991
329.653
329.3
328.934
328.555
328.166
327.768
327.363
326.953
326.54
326.124
325.708
325.293
324.88
324.471
324.065
323.665
323.271
322.884
322.505
322.133
321.77
321.415
321.07
320.734
320.407
320.089
319.781
319.482
319.193
318.913
318.642
318.38
318.127
317.883
317.647
317.42
317.201
316.99
316.787
316.591
316.404
316.223
316.05
315.884
315.725
315.573
315.428
315.289
315.157
315.031
314.912
314.799
314.692
314.591
314.496
314.407
314.323
314.246
314.174
314.107
314.046
313.99
313.939
313.893
313.851
313.813
313.78
313.75
313.723
313.698
313.676
313.655
313.634
313.614
313.592
313.569
313.542
319.826
319.94
320.057
320.177
320.3
320.426
320.556
320.688
320.825
320.964
321.107
321.253
321.403
321.556
321.713
321.874
322.038
322.205
322.377
322.552
322.73
322.912
323.098
323.287
323.48
323.676
323.875
324.078
324.284
324.493
324.706
324.921
325.139
325.359
325.582
325.807
326.034
326.262
326.493
326.724
326.957
327.189
327.423
327.656
327.888
328.12
328.35
328.579
328.804
329.028
329.247
329.463
329.674
329.879
330.079
330.271
330.457
330.634
330.802
330.961
331.109
331.246
331.37
331.481
331.579
331.662
331.729
331.78
331.813
331.829
331.826
331.804
331.762
331.7
331.618
331.515
331.391
331.246
331.081
330.895
330.69
330.466
330.224
329.965
329.69
329.4
329.096
328.78
328.454
328.118
327.774
327.423
327.067
326.707
326.345
325.982
325.618
325.255
324.894
324.536
324.181
323.831
323.486
323.146
322.813
322.485
322.165
321.851
321.545
321.246
320.954
320.67
320.393
320.124
319.863
319.609
319.362
319.122
318.89
318.665
318.447
318.235
318.031
317.833
317.642
317.457
317.279
317.107
316.941
316.782
316.629
316.481
316.34
316.205
316.076
315.952
315.835
315.723
315.617
315.517
315.423
315.334
315.251
315.174
315.102
315.036
314.974
314.918
314.867
314.82
314.778
314.74
314.705
314.674
314.646
314.619
314.594
314.569
314.544
314.518
314.49
321.054
321.155
321.257
321.362
321.47
321.579
321.692
321.807
321.925
322.045
322.168
322.294
322.422
322.554
322.688
322.825
322.964
323.107
323.252
323.4
323.551
323.704
323.861
324.02
324.182
324.346
324.513
324.683
324.855
325.03
325.207
325.386
325.567
325.75
325.936
326.122
326.311
326.501
326.692
326.884
327.076
327.269
327.463
327.656
327.849
328.041
328.232
328.422
328.61
328.795
328.978
329.158
329.335
329.507
329.675
329.838
329.995
330.146
330.29
330.427
330.555
330.674
330.785
330.884
330.974
331.051
331.117
331.169
331.208
331.233
331.243
331.238
331.217
331.179
331.125
331.054
330.967
330.861
330.739
330.6
330.444
330.272
330.084
329.881
329.663
329.432
329.189
328.934
328.669
328.394
328.111
327.821
327.525
327.224
326.919
326.611
326.301
325.991
325.68
325.37
325.062
324.755
324.452
324.151
323.854
323.561
323.272
322.988
322.709
322.435
322.167
321.903
321.646
321.393
321.147
320.906
320.67
320.44
320.216
319.997
319.784
319.576
319.374
319.177
318.985
318.799
318.618
318.442
318.271
318.106
317.946
317.791
317.642
317.498
317.359
317.225
317.097
316.974
316.856
316.744
316.638
316.536
316.44
316.35
316.265
316.185
316.11
316.041
315.977
315.917
315.863
315.812
315.766
315.723
315.683
315.647
315.612
315.578
315.544
315.51
315.474
322.37
322.457
322.546
322.637
322.73
322.824
322.921
323.019
323.12
323.222
323.326
323.433
323.541
323.652
323.765
323.879
323.996
324.115
324.235
324.358
324.483
324.61
324.739
324.87
325.003
325.138
325.274
325.413
325.553
325.695
325.839
325.984
326.13
326.278
326.427
326.578
326.729
326.882
327.035
327.188
327.342
327.497
327.651
327.806
327.959
328.113
328.265
328.416
328.566
328.714
328.861
329.004
329.146
329.284
329.418
329.549
329.676
329.797
329.914
330.025
330.129
330.227
330.318
330.401
330.476
330.542
330.599
330.646
330.683
330.709
330.724
330.727
330.718
330.696
330.662
330.614
330.553
330.478
330.389
330.287
330.172
330.043
329.902
329.748
329.581
329.404
329.215
329.017
328.809
328.592
328.368
328.137
327.899
327.657
327.41
327.159
326.905
326.65
326.392
326.134
325.876
325.617
325.36
325.103
324.849
324.596
324.345
324.097
323.851
323.609
323.369
323.133
322.9
322.671
322.445
322.223
322.004
321.789
321.578
321.371
321.168
320.968
320.772
320.58
320.392
320.207
320.027
319.851
319.678
319.51
319.346
319.186
319.03
318.878
318.731
318.588
318.45
318.316
318.187
318.063
317.943
317.829
317.719
317.614
317.514
317.419
317.329
317.244
317.163
317.088
317.017
316.951
316.889
316.83
316.775
316.723
316.674
316.625
316.578
316.531
316.482
323.695
323.77
323.846
323.924
324.003
324.083
324.164
324.247
324.331
324.417
324.504
324.593
324.682
324.774
324.866
324.96
325.056
325.153
325.251
325.351
325.452
325.554
325.658
325.762
325.869
325.976
326.085
326.194
326.305
326.417
326.53
326.644
326.759
326.874
326.99
327.107
327.225
327.342
327.461
327.579
327.697
327.816
327.934
328.052
328.17
328.286
328.402
328.517
328.631
328.743
328.854
328.963
329.07
329.174
329.276
329.374
329.47
329.562
329.65
329.734
329.813
329.888
329.957
330.021
330.078
330.13
330.174
330.211
330.241
330.263
330.276
330.281
330.277
330.264
330.241
330.208
330.165
330.112
330.049
329.976
329.892
329.798
329.695
329.581
329.458
329.326
329.185
329.036
328.879
328.715
328.544
328.366
328.184
327.996
327.804
327.608
327.408
327.206
327.001
326.795
326.587
326.378
326.168
325.958
325.748
325.538
325.328
325.119
324.911
324.704
324.498
324.293
324.09
323.888
323.688
323.49
323.293
323.098
322.905
322.714
322.525
322.338
322.154
321.971
321.791
321.613
321.438
321.264
321.094
320.926
320.761
320.599
320.44
320.284
320.131
319.981
319.835
319.692
319.553
319.417
319.286
319.158
319.035
318.915
318.8
318.69
318.583
318.481
318.383
318.29
318.201
318.116
318.036
317.958
317.885
317.814
317.746
317.68
317.614
317.549
317.482
324.927
324.991
325.055
325.12
325.186
325.253
325.321
325.39
325.459
325.53
325.601
325.673
325.747
325.821
325.896
325.971
326.048
326.125
326.203
326.282
326.362
326.443
326.524
326.606
326.689
326.772
326.856
326.941
327.026
327.111
327.197
327.284
327.371
327.458
327.545
327.633
327.721
327.808
327.896
327.984
328.071
328.158
328.245
328.331
328.417
328.501
328.585
328.668
328.75
328.831
328.91
328.988
329.064
329.138
329.21
329.279
329.346
329.411
329.473
329.531
329.587
329.638
329.686
329.73
329.77
329.805
329.836
329.861
329.881
329.896
329.904
329.907
329.903
329.893
329.876
329.852
329.821
329.783
329.737
329.685
329.624
329.557
329.482
329.401
329.312
329.216
329.114
329.006
328.891
328.771
328.645
328.514
328.378
328.238
328.094
327.947
327.796
327.641
327.485
327.325
327.164
327.001
326.836
326.669
326.501
326.333
326.163
325.992
325.821
325.65
325.478
325.306
325.133
324.961
324.788
324.615
324.443
324.271
324.099
323.927
323.756
323.585
323.415
323.245
323.076
322.908
322.741
322.575
322.41
322.247
322.085
321.924
321.765
321.607
321.452
321.298
321.147
320.998
320.852
320.708
320.567
320.428
320.293
320.161
320.033
319.907
319.786
319.668
319.553
319.442
319.335
319.232
319.132
319.035
318.942
318.851
318.763
318.676
318.591
318.505
318.418
325.932
325.986
326.04
326.095
326.151
326.207
326.264
326.321
326.379
326.437
326.495
326.554
326.614
326.674
326.734
326.795
326.857
326.918
326.981
327.043
327.106
327.169
327.233
327.296
327.36
327.425
327.489
327.554
327.619
327.683
327.748
327.813
327.878
327.943
328.008
328.073
328.137
328.201
328.265
328.329
328.392
328.454
328.516
328.577
328.638
328.698
328.757
328.814
328.871
328.927
328.981
329.034
329.086
329.136
329.184
329.23
329.275
329.317
329.358
329.396
329.431
329.464
329.494
329.521
329.546
329.567
329.584
329.599
329.609
329.616
329.619
329.617
329.611
329.601
329.586
329.567
329.543
329.513
329.479
329.44
329.396
329.347
329.292
329.233
329.169
329.1
329.027
328.948
328.866
328.778
328.687
328.592
328.493
328.39
328.283
328.174
328.061
327.945
327.826
327.705
327.581
327.455
327.326
327.195
327.063
326.928
326.792
326.653
326.514
326.372
326.229
326.085
325.939
325.792
325.644
325.495
325.344
325.193
325.04
324.887
324.732
324.577
324.422
324.265
324.109
323.951
323.794
323.636
323.479
323.321
323.164
323.007
322.85
322.695
322.539
322.385
322.232
322.08
321.93
321.781
321.633
321.488
321.344
321.203
321.064
320.928
320.794
320.663
320.535
320.409
320.287
320.168
320.051
319.938
319.827
319.718
319.612
319.507
319.403
319.299
319.191
326.545
326.593
326.641
326.69
326.739
326.789
326.838
326.888
326.939
326.989
327.04
327.091
327.142
327.194
327.245
327.297
327.349
327.402
327.454
327.507
327.559
327.612
327.665
327.717
327.77
327.823
327.876
327.928
327.981
328.034
328.086
328.138
328.19
328.241
328.293
328.344
328.394
328.444
328.494
328.543
328.592
328.639
328.687
328.733
328.779
328.823
328.867
328.91
328.952
328.992
329.032
329.07
329.107
329.142
329.176
329.209
329.239
329.268
329.296
329.321
329.344
329.365
329.384
329.401
329.415
329.427
329.437
329.443
329.447
329.449
329.447
329.442
329.434
329.423
329.408
329.391
329.369
329.344
329.316
329.284
329.248
329.209
329.166
329.119
329.069
329.015
328.958
328.897
328.833
328.765
328.694
328.619
328.542
328.461
328.377
328.29
328.2
328.107
328.011
327.913
327.811
327.708
327.601
327.492
327.381
327.267
327.151
327.032
326.912
326.789
326.664
326.537
326.408
326.276
326.143
326.009
325.872
325.733
325.593
325.452
325.308
325.164
325.018
324.87
324.722
324.572
324.422
324.27
324.118
323.965
323.812
323.658
323.505
323.351
323.197
323.043
322.89
322.737
322.585
322.434
322.283
322.134
321.987
321.84
321.696
321.553
321.412
321.274
321.137
321.003
320.872
320.742
320.616
320.491
320.37
320.25
320.132
320.016
319.899
319.782
319.662
304.932
304.626
304.304
303.971
303.632
303.291
302.953
302.622
302.302
301.997
301.71
301.444
301.203
300.987
300.799
300.637
300.5
300.388
300.298
300.226
300.17
300.127
300.093
300.068
300.049
300.035
300.025
300.018
300.012
300.009
300.006
300.004
300.003
300.002
300.001
300.001
300
300
300
300
300
300
300
300
300
300
300
300
300
300
300
304.933
304.627
304.305
303.972
303.633
303.292
302.954
302.623
302.303
301.998
301.711
301.445
301.203
300.988
300.799
300.637
300.501
300.389
300.298
300.226
300.17
300.127
300.093
300.068
300.049
300.035
300.025
300.018
300.012
300.009
300.006
300.004
300.003
300.002
300.001
300.001
300
300
300
300
300
300
300
300
300
300
300
300
300
300
300
304.935
304.629
304.307
303.974
303.635
303.294
302.956
302.625
302.305
301.999
301.712
301.446
301.205
300.989
300.8
300.638
300.501
300.389
300.298
300.227
300.17
300.127
300.093
300.068
300.049
300.036
300.025
300.018
300.012
300.009
300.006
300.004
300.003
300.002
300.001
300.001
300
300
300
300
300
300
300
300
300
300
300
300
300
300
300
304.938
304.632
304.31
303.977
303.638
303.298
302.96
302.628
302.308
302.002
301.715
301.449
301.207
300.991
300.801
300.639
300.502
300.39
300.299
300.227
300.171
300.127
300.094
300.068
300.05
300.036
300.025
300.018
300.013
300.009
300.006
300.004
300.003
300.002
300.001
300.001
300
300
300
300
300
300
300
300
300
300
300
300
300
300
300
304.943
304.638
304.316
303.983
303.644
303.304
302.965
302.634
302.313
302.007
301.719
301.452
301.21
300.993
300.803
300.64
300.504
300.391
300.3
300.228
300.171
300.127
300.094
300.069
300.05
300.036
300.025
300.018
300.013
300.009
300.006
300.004
300.003
300.002
300.001
300.001
300
300
300
300
300
300
300
300
300
300
300
300
300
300
300
304.951
304.646
304.325
303.992
303.653
303.312
302.974
302.642
302.32
302.014
301.725
301.458
301.214
300.997
300.807
300.643
300.505
300.392
300.301
300.228
300.172
300.128
300.094
300.069
300.05
300.036
300.025
300.018
300.013
300.009
300.006
300.004
300.003
300.002
300.001
300.001
300
300
300
300
300
300
300
300
300
300
300
300
300
300
300
304.963
304.658
304.337
304.004
303.665
303.324
302.985
302.653
302.331
302.023
301.733
301.465
301.221
301.002
300.811
300.646
300.508
300.394
300.302
300.23
300.173
300.128
300.095
300.069
300.05
300.036
300.026
300.018
300.013
300.009
300.006
300.004
300.003
300.002
300.001
300.001
300
300
300
300
300
300
300
300
300
300
300
300
300
300
300
304.978
304.674
304.353
304.021
303.682
303.34
303
302.667
302.344
302.035
301.744
301.475
301.229
301.009
300.816
300.651
300.512
300.397
300.304
300.231
300.174
300.129
300.095
300.07
300.05
300.036
300.026
300.018
300.013
300.009
300.006
300.004
300.003
300.002
300.001
300.001
300
300
300
300
300
300
300
300
300
300
300
300
300
300
300
304.999
304.695
304.375
304.042
303.703
303.361
303.021
302.686
302.362
302.051
301.759
301.487
301.239
301.018
300.824
300.657
300.516
300.4
300.307
300.233
300.175
300.13
300.096
300.07
300.051
300.036
300.026
300.018
300.013
300.009
300.006
300.004
300.003
300.002
300.001
300.001
300
300
300
300
300
300
300
300
300
300
300
300
300
300
300
305.025
304.723
304.403
304.07
303.731
303.388
303.046
302.71
302.384
302.072
301.777
301.503
301.253
301.029
300.833
300.664
300.522
300.405
300.31
300.235
300.177
300.131
300.097
300.071
300.051
300.037
300.026
300.018
300.013
300.009
300.006
300.004
300.003
300.002
300.001
300.001
300
300
300
300
300
300
300
300
300
300
300
300
300
300
300
305.059
304.757
304.438
304.106
303.765
303.422
303.079
302.741
302.412
302.097
301.799
301.522
301.27
301.043
300.844
300.673
300.528
300.41
300.314
300.238
300.179
300.133
300.098
300.072
300.052
300.037
300.026
300.019
300.013
300.009
300.006
300.004
300.003
300.002
300.001
300.001
300
300
300
300
300
300
300
300
300
300
300
300
300
300
300
305.1
304.801
304.482
304.15
303.809
303.464
303.119
302.779
302.447
302.128
301.827
301.547
301.29
301.06
300.858
300.683
300.537
300.416
300.319
300.242
300.181
300.135
300.099
300.073
300.052
300.038
300.027
300.019
300.013
300.009
300.006
300.004
300.003
300.002
300.001
300.001
300
300
300
300
300
300
300
300
300
300
300
300
300
300
300
305.152
304.854
304.536
304.204
303.862
303.515
303.168
302.825
302.49
302.167
301.861
301.576
301.315
301.081
300.874
300.697
300.547
300.424
300.324
300.246
300.185
300.137
300.101
300.074
300.053
300.038
300.027
300.019
300.013
300.009
300.006
300.004
300.003
300.002
300.001
300.001
300
300
300
300
300
300
300
300
300
300
300
300
300
300
300
305.216
304.919
304.602
304.269
303.927
303.578
303.228
302.881
302.541
302.214
301.902
301.612
301.345
301.106
300.894
300.713
300.559
300.433
300.331
300.251
300.188
300.14
300.103
300.075
300.054
300.039
300.028
300.019
300.014
300.009
300.006
300.004
300.003
300.002
300.001
300.001
300
300
300
300
300
300
300
300
300
300
300
300
300
300
300
305.293
304.998
304.681
304.349
304.005
303.654
303.3
302.948
302.603
302.27
301.952
301.655
301.382
301.136
300.919
300.732
300.574
300.444
300.34
300.257
300.193
300.143
300.105
300.077
300.055
300.04
300.028
300.02
300.014
300.01
300.007
300.004
300.003
300.002
300.001
300.001
300
300
300
300
300
300
300
300
300
300
300
300
300
300
300
305.385
305.092
304.777
304.444
304.099
303.745
303.387
303.029
302.678
302.337
302.011
301.706
301.425
301.171
300.948
300.754
300.591
300.457
300.349
300.264
300.198
300.147
300.108
300.078
300.057
300.04
300.029
300.02
300.014
300.01
300.007
300.004
300.003
300.002
300.001
300.001
300
300
300
300
300
300
300
300
300
300
300
300
300
300
300
305.496
305.205
304.891
304.558
304.21
303.853
303.49
303.126
302.767
302.417
302.082
301.767
301.477
301.214
300.982
300.781
300.612
300.473
300.361
300.273
300.204
300.151
300.111
300.081
300.058
300.041
300.029
300.021
300.014
300.01
300.007
300.005
300.003
300.002
300.001
300.001
300
300
300
300
300
300
300
300
300
300
300
300
300
300
300
305.627
305.339
305.026
304.692
304.343
303.981
303.612
303.24
302.872
302.512
302.166
301.84
301.538
301.265
301.023
300.813
300.637
300.491
300.375
300.283
300.212
300.157
300.115
300.083
300.06
300.043
300.03
300.021
300.015
300.01
300.007
300.005
300.003
300.002
300.001
300.001
300
300
300
300
300
300
300
300
300
300
300
300
300
300
300
305.781
305.497
305.185
304.851
304.499
304.132
303.756
303.375
302.996
302.624
302.265
301.925
301.61
301.324
301.071
300.851
300.665
300.513
300.391
300.295
300.22
300.163
300.119
300.086
300.062
300.044
300.031
300.022
300.015
300.01
300.007
300.005
300.003
300.002
300.001
300.001
300
300
300
300
300
300
300
300
300
300
300
300
300
300
300
305.963
305.682
305.372
305.038
304.682
304.31
303.925
303.534
303.142
302.756
302.382
302.027
301.696
301.395
301.127
300.895
300.699
300.538
300.41
300.309
300.23
300.17
300.124
300.089
300.064
300.046
300.032
300.022
300.016
300.011
300.007
300.005
300.003
300.002
300.001
300.001
300
300
300
300
300
300
300
300
300
300
300
300
300
300
300
306.176
305.899
305.591
305.256
304.896
304.517
304.123
303.72
303.313
302.911
302.519
302.146
301.796
301.478
301.194
300.948
300.74
300.568
300.432
300.325
300.242
300.178
300.13
300.093
300.067
300.047
300.033
300.023
300.016
300.011
300.008
300.005
300.003
300.002
300.001
300.001
300
300
300
300
300
300
300
300
300
300
300
300
300
300
300
306.423
306.151
305.846
305.51
305.146
304.759
304.354
303.937
303.514
303.092
302.68
302.285
301.915
301.575
301.273
301.009
300.787
300.604
300.459
300.344
300.256
300.188
300.136
300.098
300.07
300.049
300.035
300.024
300.017
300.011
300.008
300.005
300.003
300.002
300.001
300.001
300
300
300
300
300
300
300
300
300
300
300
300
300
300
300
306.709
306.442
306.14
305.804
305.436
305.041
304.623
304.19
303.748
303.304
302.868
302.449
302.053
301.69
301.365
301.082
300.842
300.646
300.49
300.367
300.272
300.199
300.144
300.103
300.073
300.052
300.036
300.025
300.017
300.012
300.008
300.005
300.004
300.002
300.001
300.001
300
300
300
300
300
300
300
300
300
300
300
300
300
300
300
307.038
306.778
306.48
306.143
305.77
305.366
304.935
304.483
304.019
303.551
303.088
302.64
302.216
301.825
301.474
301.167
300.907
300.695
300.526
300.393
300.29
300.212
300.153
300.109
300.077
300.054
300.038
300.026
300.018
300.012
300.008
300.006
300.004
300.002
300.001
300.001
300
300
300
300
300
300
300
300
300
300
300
300
300
300
300
307.416
307.164
306.87
306.533
306.155
305.74
305.294
304.822
304.334
303.838
303.344
302.863
302.406
301.982
301.601
301.267
300.984
300.754
300.569
300.424
300.312
300.227
300.163
300.116
300.082
300.057
300.04
300.028
300.019
300.013
300.009
300.006
300.004
300.002
300.002
300.001
300
300
300
300
300
300
300
300
300
300
300
300
300
300
300
307.846
307.603
307.314
306.978
306.595
306.169
305.707
305.213
304.698
304.17
303.641
303.123
302.628
302.167
301.75
301.385
301.075
300.822
300.62
300.461
300.338
300.245
300.175
300.124
300.087
300.061
300.042
300.029
300.02
300.013
300.009
300.006
300.004
300.003
300.002
300.001
300
300
300
300
300
300
300
300
300
300
300
300
300
300
300
308.334
308.101
307.819
307.483
307.096
306.659
306.178
305.661
305.116
304.554
303.986
303.425
302.887
302.383
301.925
301.523
301.182
300.903
300.679
300.503
300.368
300.266
300.189
300.134
300.094
300.065
300.045
300.031
300.021
300.014
300.01
300.006
300.004
300.003
300.002
300.001
300
300
300
300
300
300
300
300
300
300
300
300
300
300
300
308.883
308.662
308.387
308.054
307.662
307.214
306.715
306.173
305.595
304.995
304.383
303.776
303.188
302.635
302.131
301.685
301.307
300.998
300.749
300.554
300.403
300.29
300.206
300.145
300.101
300.07
300.048
300.033
300.022
300.015
300.01
300.007
300.004
300.003
300.002
300.001
300.001
300
300
300
300
300
300
300
300
300
300
300
300
300
300
309.495
309.288
309.022
308.692
308.297
307.839
307.322
306.753
306.142
305.5
304.841
304.181
303.538
302.929
302.37
301.876
301.456
301.11
300.831
300.613
300.444
300.318
300.225
300.157
300.109
300.075
300.051
300.035
300.024
300.016
300.011
300.007
300.005
300.003
300.002
300.001
300.001
300
300
300
300
300
300
300
300
300
300
300
300
300
300
310.173
309.98
309.725
309.401
309.004
308.537
308.003
307.407
306.761
306.075
305.365
304.648
303.943
303.271
302.651
302.1
301.631
301.242
300.928
300.682
300.493
300.351
300.247
300.172
300.119
300.081
300.055
300.037
300.025
300.017
300.011
300.007
300.005
300.003
300.002
300.001
300.001
300
300
300
300
300
300
300
300
300
300
300
300
300
300
310.915
310.738
310.495
310.178
309.783
309.309
308.759
308.139
307.457
306.726
305.962
305.183
304.41
303.668
302.978
302.364
301.837
301.397
301.042
300.763
300.549
300.39
300.273
300.189
300.129
300.088
300.059
300.04
300.027
300.018
300.012
300.008
300.005
300.003
300.002
300.001
300.001
300
300
300
300
300
300
300
300
300
300
300
300
300
300
311.719
311.558
311.328
311.02
310.629
310.152
309.591
308.949
308.234
307.458
306.638
305.793
304.947
304.126
303.36
302.673
302.078
301.58
301.176
300.858
300.615
300.434
300.302
300.208
300.142
300.096
300.064
300.043
300.029
300.019
300.013
300.008
300.005
300.003
300.002
300.001
300.001
300
300
300
300
300
300
300
300
300
300
300
300
300
300
312.578
312.431
312.215
311.919
311.535
311.06
310.492
309.833
309.089
308.271
307.395
306.483
305.56
304.656
303.805
303.034
302.36
301.793
301.332
300.969
300.692
300.486
300.336
300.23
300.156
300.105
300.07
300.046
300.031
300.02
300.013
300.009
300.006
300.004
300.002
300.001
300.001
300
300
300
300
300
300
300
300
300
300
300
300
300
300
313.483
313.346
313.143
312.86
312.488
312.019
311.451
310.782
310.017
309.163
308.236
307.257
306.255
305.264
304.318
303.451
302.688
302.041
301.513
301.097
300.78
300.545
300.375
300.255
300.172
300.115
300.076
300.05
300.033
300.022
300.014
300.009
300.006
300.004
300.002
300.001
300.001
300
300
300
300
300
300
300
300
300
300
300
300
300
300
314.425
314.293
314.099
313.828
313.469
313.013
312.452
311.782
311.004
310.123
309.152
308.113
307.032
305.948
304.901
303.929
303.064
302.326
301.722
301.245
300.881
300.612
300.419
300.283
300.189
300.126
300.083
300.054
300.036
300.023
300.015
300.01
300.006
300.004
300.002
300.001
300.001
300
300
300
300
300
300
300
300
300
300
300
300
300
300
315.395
315.257
315.064
314.803
314.458
314.017
313.47
312.808
312.028
311.131
310.128
309.035
307.882
306.706
305.553
304.468
303.492
302.651
301.959
301.411
300.995
300.688
300.468
300.314
300.208
300.137
300.09
300.059
300.038
300.025
300.016
300.01
300.007
300.004
300.003
300.002
300.001
300
300
300
300
300
300
300
300
300
300
300
300
300
300
316.377
316.219
316.018
315.759
315.425
315.001
314.472
313.827
313.056
312.157
311.134
310.001
308.784
307.522
306.264
305.062
303.965
303.013
302.223
301.597
301.12
300.77
300.52
300.347
300.229
300.15
300.097
300.063
300.041
300.026
300.017
300.011
300.007
300.004
300.003
300.002
300.001
300
300
300
300
300
300
300
300
300
300
300
300
300
300
317.339
317.149
316.93
316.664
316.335
315.926
315.418
314.795
314.044
313.156
312.128
310.971
309.705
308.368
307.011
305.693
304.474
303.402
302.507
301.795
301.253
300.856
300.575
300.381
300.249
300.162
300.105
300.068
300.043
300.028
300.018
300.011
300.007
300.005
300.003
300.002
300.001
300
300
300
300
300
300
300
300
300
300
300
300
300
300
318.229
317.999
317.751
317.472
317.142
316.743
316.254
315.657
314.932
314.065
313.048
311.883
310.587
309.193
307.752
306.328
304.99
303.799
302.796
301.995
301.386
300.941
300.628
300.413
300.269
300.174
300.112
300.072
300.046
300.029
300.019
300.012
300.008
300.005
300.003
300.002
300.001
300
300
300
300
300
300
300
300
300
300
300
300
300
300
318.959
318.688
318.411
318.114
317.779
317.386
316.914
316.34
315.643
314.803
313.806
312.649
311.341
309.912
308.41
306.9
305.46
304.162
303.06
302.177
301.505
301.016
300.674
300.441
300.285
300.183
300.117
300.075
300.048
300.03
300.019
300.012
300.008
300.005
300.003
300.002
300.001
300
300
300
300
300
300
300
300
300
300
300
300
300
300
319.4
319.102
318.806
318.496
318.156
317.766
317.304
316.747
316.071
315.253
314.276
313.133
311.829
310.387
308.853
307.293
305.786
304.415
303.242
302.3
301.584
301.065
300.703
300.458
300.295
300.189
300.121
300.077
300.049
300.031
300.02
300.012
300.008
300.005
300.003
300.002
300.001
300
300
300
300
300
300
300
300
300
300
300
300
300
300
)
;

boundaryField
{
    inlet
    {
        type            fixedValue;
        value           uniform 300;
    }
    outlet
    {
        type            zeroGradient;
    }
    top
    {
        type            zeroGradient;
    }
    slip-bottom
    {
        type            zeroGradient;
    }
    bottom
    {
        type            zeroGradient;
    }
    interface
    {
        type            fixedGradient;
        gradient        nonuniform List<scalar> 
161
(
2999.99
2999.99
2999.99
2999.99
2999.99
2999.99
2999.99
2999.99
2999.99
2999.99
2999.99
2999.99
2999.99
2999.99
2999.99
2999.99
2999.99
2999.99
2999.99
2999.99
-1.56319e-12
-1.56319e-12
-1.56319e-12
-1.56319e-12
-1.56319e-12
-1.56319e-12
-1.56319e-12
-1.56319e-12
-1.56319e-12
-1.56319e-12
-1.56319e-12
-1.56319e-12
-1.56319e-12
-1.56319e-12
-1.56319e-12
-1.56319e-12
-1.56319e-12
-1.56319e-12
-1.56319e-12
-1.56319e-12
1.22213e-12
1.22213e-12
1.22213e-12
1.22213e-12
1.22213e-12
1.22213e-12
1.22213e-12
1.22213e-12
1.22213e-12
1.22213e-12
1.22213e-12
1.22213e-12
1.22213e-12
1.22213e-12
1.22213e-12
1.22213e-12
4.26326e-13
4.26326e-13
4.26326e-13
4.26326e-13
4.26326e-13
4.26326e-13
4.26326e-13
4.26326e-13
4.26326e-13
4.26326e-13
4.26326e-13
4.26326e-13
4.26326e-13
4.26326e-13
4.26326e-13
5.68434e-14
5.68434e-14
5.68434e-14
5.68434e-14
5.68434e-14
5.68434e-14
5.68434e-14
5.68434e-14
5.68434e-14
5.68434e-14
5.68434e-14
5.68434e-14
8.52651e-14
8.52651e-14
8.52651e-14
8.52651e-14
8.52651e-14
8.52651e-14
8.52651e-14
8.52651e-14
8.52651e-14
8.52651e-14
8.52651e-14
-2.84217e-13
-2.84217e-13
-2.84217e-13
-2.84217e-13
-2.84217e-13
-2.84217e-13
-2.84217e-13
-2.84217e-13
-2.84217e-13
-2.84217e-13
6.25278e-13
6.25278e-13
6.25278e-13
6.25278e-13
6.25278e-13
6.25278e-13
6.25278e-13
6.25278e-13
6.25278e-13
4.83169e-13
4.83169e-13
4.83169e-13
4.83169e-13
4.83169e-13
4.83169e-13
4.83169e-13
4.83169e-13
-7.10543e-14
-7.10543e-14
-7.10543e-14
-7.10543e-14
-7.10543e-14
-7.10543e-14
-7.10543e-14
-7.10543e-14
6.82121e-13
6.82121e-13
6.82121e-13
6.82121e-13
6.82121e-13
6.82121e-13
6.82121e-13
5.68434e-14
5.68434e-14
5.68434e-14
5.68434e-14
5.68434e-14
5.68434e-14
5.68434e-14
2.17426e-12
2.17426e-12
2.17426e-12
2.17426e-12
2.17426e-12
2.17426e-12
1.22213e-12
1.22213e-12
1.22213e-12
1.22213e-12
1.22213e-12
1.22213e-12
5.54223e-13
5.54223e-13
5.54223e-13
5.54223e-13
5.54223e-13
5.54223e-13
)
;
    }
    defaultFaces
    {
        type            empty;
    }
}


// ************************************************************************* //
