/*--------------------------------*- C++ -*----------------------------------*\
  =========                 |
  \\      /  F ield         | OpenFOAM: The Open Source CFD Toolbox
   \\    /   O peration     | Website:  https://openfoam.org
    \\  /    A nd           | Version:  7
     \\/     M anipulation  |
\*---------------------------------------------------------------------------*/
FoamFile
{
    version     2.0;
    format      ascii;
    class       volScalarField;
    location    "2.23";
    object      T;
}
// * * * * * * * * * * * * * * * * * * * * * * * * * * * * * * * * * * * * * //

dimensions      [0 0 0 1 0 0 0];

internalField   nonuniform List<scalar> 
12013
(
300.026
300.079
300.134
300.192
300.252
300.314
300.379
300.447
300.518
300.592
300.669
300.749
300.833
300.92
301.012
301.107
301.207
301.311
301.42
301.534
301.653
301.777
301.907
302.043
302.186
302.335
302.492
302.656
302.828
303.009
303.198
303.397
303.607
303.828
304.06
304.305
304.563
304.836
305.124
305.428
305.751
306.093
306.455
306.84
307.248
307.683
308.145
308.637
309.161
309.72
310.317
310.954
311.635
312.363
313.142
313.976
314.869
315.826
316.852
317.953
319.135
320.405
321.769
323.237
324.816
326.517
328.35
330.329
332.466
334.778
337.283
340.003
342.963
346.195
349.737
353.64
357.97
362.82
368.335
374.753
382.532
300.026
300.079
300.134
300.192
300.252
300.314
300.379
300.447
300.518
300.592
300.669
300.749
300.833
300.92
301.012
301.107
301.207
301.311
301.42
301.534
301.653
301.777
301.907
302.044
302.186
302.336
302.492
302.656
302.828
303.009
303.198
303.398
303.607
303.828
304.06
304.305
304.563
304.836
305.124
305.429
305.751
306.093
306.455
306.84
307.249
307.683
308.145
308.637
309.161
309.72
310.316
310.953
311.634
312.361
313.14
313.973
314.865
315.822
316.847
317.947
319.127
320.395
321.757
323.222
324.798
326.495
328.324
330.296
332.426
334.729
337.223
339.928
342.869
346.075
349.582
353.434
357.688
362.418
367.72
373.716
380.511
300.026
300.079
300.134
300.192
300.252
300.314
300.379
300.447
300.518
300.592
300.669
300.749
300.833
300.92
301.012
301.107
301.207
301.311
301.42
301.534
301.653
301.777
301.908
302.044
302.187
302.336
302.492
302.657
302.829
303.009
303.199
303.398
303.608
303.829
304.061
304.306
304.564
304.837
305.125
305.429
305.752
306.094
306.456
306.84
307.249
307.683
308.145
308.636
309.16
309.719
310.315
310.951
311.631
312.358
313.135
313.967
314.858
315.812
316.835
317.932
319.109
320.373
321.731
323.19
324.759
326.448
328.266
330.226
332.34
334.623
337.092
339.765
342.664
345.815
349.248
352.996
357.101
361.607
366.558
371.978
377.825
300.026
300.079
300.134
300.192
300.252
300.314
300.379
300.447
300.518
300.592
300.669
300.749
300.833
300.92
301.012
301.107
301.207
301.311
301.42
301.534
301.653
301.778
301.908
302.044
302.187
302.337
302.493
302.657
302.83
303.01
303.2
303.399
303.609
303.83
304.062
304.307
304.565
304.838
305.126
305.431
305.753
306.095
306.457
306.841
307.249
307.683
308.145
308.636
309.159
309.717
310.312
310.947
311.626
312.351
313.126
313.956
314.844
315.796
316.815
317.908
319.079
320.337
321.687
323.136
324.694
326.369
328.17
330.109
332.198
334.449
336.878
339.501
342.335
345.401
348.722
352.32
356.217
360.434
364.974
369.817
374.888
300.026
300.079
300.134
300.192
300.252
300.314
300.379
300.447
300.518
300.592
300.669
300.749
300.833
300.921
301.012
301.108
301.207
301.312
301.421
301.535
301.654
301.778
301.909
302.045
302.188
302.338
302.494
302.658
302.831
303.012
303.201
303.401
303.611
303.831
304.064
304.309
304.567
304.84
305.128
305.432
305.755
306.096
306.458
306.842
307.25
307.683
308.144
308.635
309.157
309.714
310.308
310.941
311.618
312.341
313.114
313.94
314.825
315.771
316.785
317.871
319.035
320.283
321.622
323.058
324.599
326.254
328.031
329.941
331.993
334.2
336.573
339.126
341.872
344.826
348.002
351.413
355.065
358.96
363.084
367.4
371.84
300.026
300.079
300.134
300.192
300.252
300.314
300.379
300.447
300.518
300.592
300.669
300.749
300.833
300.921
301.012
301.108
301.208
301.312
301.421
301.535
301.655
301.779
301.91
302.046
302.189
302.339
302.496
302.66
302.832
303.013
303.203
303.403
303.613
303.833
304.066
304.311
304.569
304.842
305.13
305.435
305.757
306.098
306.46
306.843
307.251
307.683
308.144
308.633
309.154
309.71
310.302
310.933
311.607
312.327
313.096
313.918
314.797
315.738
316.744
317.821
318.974
320.21
321.533
322.95
324.47
326.098
327.843
329.713
331.718
333.867
336.169
338.634
341.271
344.09
347.097
350.295
353.684
357.252
360.979
364.827
368.744
300.026
300.079
300.134
300.192
300.252
300.314
300.379
300.447
300.518
300.592
300.669
300.75
300.834
300.921
301.013
301.108
301.208
301.313
301.422
301.536
301.656
301.78
301.911
302.048
302.191
302.341
302.498
302.662
302.835
303.016
303.206
303.406
303.615
303.836
304.069
304.314
304.572
304.845
305.133
305.437
305.76
306.1
306.462
306.845
307.252
307.683
308.142
308.631
309.15
309.704
310.293
310.922
311.593
312.308
313.073
313.889
314.761
315.693
316.689
317.755
318.894
320.113
321.416
322.81
324.301
325.895
327.6
329.422
331.368
333.446
335.662
338.023
340.535
343.2
346.021
348.995
352.115
355.366
358.725
362.162
365.634
300.026
300.079
300.134
300.192
300.252
300.314
300.38
300.447
300.518
300.592
300.669
300.75
300.834
300.922
301.013
301.109
301.209
301.314
301.423
301.537
301.657
301.782
301.913
302.049
302.193
302.343
302.5
302.665
302.837
303.019
303.209
303.409
303.619
303.84
304.073
304.318
304.576
304.849
305.137
305.441
305.763
306.103
306.464
306.847
307.252
307.683
308.141
308.627
309.145
309.696
310.282
310.907
311.573
312.284
313.042
313.851
314.714
315.635
316.619
317.67
318.792
319.99
321.268
322.633
324.09
325.643
327.299
329.062
330.939
332.935
335.053
337.297
339.669
342.169
344.796
347.542
350.398
353.349
356.373
359.446
362.535
300.026
300.079
300.134
300.192
300.252
300.314
300.38
300.448
300.518
300.592
300.67
300.75
300.834
300.922
301.014
301.11
301.21
301.315
301.424
301.539
301.658
301.784
301.915
302.052
302.195
302.345
302.503
302.668
302.841
303.022
303.213
303.413
303.623
303.844
304.077
304.322
304.581
304.854
305.141
305.445
305.767
306.107
306.467
306.848
307.253
307.682
308.138
308.623
309.137
309.685
310.268
310.888
311.549
312.253
313.003
313.802
314.655
315.563
316.532
317.564
318.665
319.837
321.087
322.417
323.832
325.337
326.936
328.632
330.431
332.334
334.343
336.46
338.685
341.014
343.444
345.966
348.57
351.241
353.962
356.712
359.467
300.026
300.079
300.134
300.192
300.252
300.315
300.38
300.448
300.519
300.593
300.67
300.751
300.835
300.923
301.015
301.111
301.211
301.316
301.426
301.54
301.66
301.786
301.917
302.054
302.198
302.349
302.506
302.672
302.845
303.027
303.218
303.418
303.628
303.85
304.083
304.328
304.587
304.859
305.147
305.45
305.771
306.111
306.47
306.85
307.254
307.681
308.135
308.616
309.128
309.671
310.249
310.864
311.518
312.214
312.954
313.742
314.581
315.474
316.424
317.435
318.511
319.654
320.868
322.158
323.526
324.976
326.51
328.132
329.844
331.646
333.54
335.525
337.597
339.754
341.99
344.296
346.662
349.076
351.522
353.985
356.445
300.026
300.079
300.134
300.192
300.252
300.315
300.38
300.448
300.519
300.593
300.67
300.751
300.836
300.924
301.016
301.112
301.213
301.318
301.428
301.543
301.663
301.788
301.92
302.058
302.202
302.353
302.511
302.676
302.85
303.032
303.223
303.424
303.635
303.856
304.089
304.335
304.593
304.866
305.153
305.456
305.777
306.115
306.473
306.852
307.254
307.679
308.13
308.608
309.115
309.654
310.226
310.834
311.48
312.166
312.895
313.669
314.493
315.367
316.296
317.282
318.328
319.437
320.612
321.855
323.17
324.559
326.023
327.564
329.183
330.879
332.653
334.502
336.422
338.409
340.458
342.559
344.704
346.882
349.08
351.287
353.487
300.026
300.079
300.134
300.192
300.252
300.315
300.38
300.448
300.519
300.593
300.671
300.752
300.836
300.925
301.017
301.113
301.214
301.32
301.43
301.545
301.666
301.792
301.924
302.062
302.206
302.357
302.516
302.682
302.856
303.038
303.23
303.431
303.642
303.864
304.097
304.343
304.601
304.873
305.16
305.463
305.782
306.12
306.477
306.854
307.253
307.676
308.123
308.597
309.1
309.633
310.198
310.797
311.433
312.108
312.823
313.582
314.387
315.24
316.144
317.101
318.114
319.185
320.316
321.509
322.766
324.088
325.477
326.932
328.454
330.042
331.693
333.406
335.177
337
338.87
340.779
342.72
344.683
346.658
348.636
350.604
300.026
300.079
300.134
300.192
300.252
300.315
300.38
300.448
300.52
300.594
300.671
300.753
300.837
300.926
301.018
301.115
301.216
301.322
301.432
301.548
301.669
301.795
301.928
302.066
302.211
302.363
302.522
302.688
302.863
303.046
303.238
303.439
303.65
303.873
304.106
304.351
304.61
304.882
305.168
305.47
305.789
306.125
306.48
306.855
307.252
307.671
308.114
308.584
309.08
309.606
310.163
310.753
311.378
312.039
312.739
313.48
314.264
315.093
315.969
316.894
317.87
318.899
319.982
321.12
322.315
323.567
324.877
326.243
327.666
329.144
330.674
332.254
333.88
335.546
337.248
338.979
340.732
342.5
344.274
346.048
347.811
300.026
300.079
300.134
300.192
300.252
300.315
300.38
300.449
300.52
300.594
300.672
300.753
300.838
300.927
301.02
301.117
301.218
301.324
301.435
301.551
301.673
301.8
301.932
302.071
302.217
302.369
302.529
302.696
302.871
303.054
303.247
303.448
303.66
303.883
304.116
304.362
304.62
304.891
305.177
305.478
305.796
306.13
306.483
306.856
307.249
307.664
308.103
308.567
309.057
309.575
310.122
310.701
311.312
311.958
312.641
313.362
314.122
314.925
315.77
316.66
317.596
318.579
319.611
320.691
321.821
323
324.229
325.506
326.829
328.198
329.61
331.061
332.548
334.067
335.612
337.179
338.761
340.352
341.946
343.536
345.117
300.026
300.079
300.134
300.192
300.252
300.315
300.381
300.449
300.52
300.595
300.673
300.754
300.839
300.928
301.021
301.119
301.221
301.327
301.439
301.555
301.677
301.804
301.938
302.077
302.224
302.377
302.537
302.704
302.88
303.064
303.257
303.459
303.671
303.894
304.128
304.373
304.631
304.902
305.187
305.487
305.803
306.136
306.486
306.856
307.245
307.656
308.089
308.546
309.028
309.537
310.074
310.64
311.237
311.866
312.529
313.227
313.962
314.735
315.547
316.399
317.293
318.228
319.205
320.226
321.289
322.394
323.541
324.728
325.954
327.217
328.514
329.843
331.199
332.58
333.981
335.397
336.823
338.255
339.687
341.114
342.531
300.026
300.079
300.135
300.192
300.252
300.315
300.381
300.449
300.521
300.596
300.674
300.755
300.841
300.93
301.023
301.121
301.223
301.33
301.442
301.559
301.682
301.81
301.944
302.084
302.231
302.385
302.546
302.714
302.89
303.075
303.268
303.471
303.684
303.906
304.14
304.386
304.643
304.914
305.198
305.497
305.811
306.141
306.489
306.855
307.24
307.645
308.072
308.522
308.995
309.493
310.018
310.57
311.15
311.761
312.403
313.077
313.784
314.525
315.302
316.114
316.963
317.848
318.771
319.73
320.725
321.756
322.822
323.922
325.053
326.214
327.402
328.615
329.849
331.102
332.37
333.649
334.934
336.222
337.509
338.791
340.063
300.026
300.079
300.135
300.192
300.253
300.315
300.381
300.45
300.521
300.596
300.675
300.756
300.842
300.932
301.026
301.124
301.227
301.334
301.447
301.564
301.687
301.816
301.951
302.092
302.24
302.394
302.556
302.725
302.902
303.087
303.281
303.485
303.697
303.921
304.154
304.4
304.657
304.927
305.21
305.507
305.819
306.147
306.491
306.853
307.233
307.632
308.052
308.493
308.956
309.443
309.954
310.491
311.054
311.644
312.263
312.911
313.589
314.297
315.036
315.807
316.61
317.445
318.311
319.209
320.137
321.095
322.082
323.097
324.137
325.201
326.287
327.392
328.513
329.648
330.795
331.948
333.107
334.266
335.423
336.575
337.718
300.026
300.079
300.135
300.192
300.253
300.316
300.381
300.45
300.522
300.597
300.676
300.758
300.844
300.934
301.028
301.127
301.23
301.338
301.451
301.57
301.694
301.823
301.959
302.101
302.249
302.405
302.567
302.737
302.915
303.101
303.296
303.499
303.713
303.936
304.17
304.415
304.671
304.94
305.222
305.517
305.827
306.152
306.492
306.849
307.224
307.617
308.028
308.46
308.913
309.387
309.883
310.403
310.947
311.516
312.111
312.731
313.378
314.052
314.754
315.482
316.239
317.022
317.833
318.67
319.533
320.42
321.331
322.264
323.218
324.191
325.181
326.186
327.204
328.232
329.268
330.309
331.352
332.396
333.437
334.472
335.5
300.026
300.079
300.135
300.192
300.253
300.316
300.382
300.45
300.522
300.598
300.677
300.759
300.846
300.936
301.031
301.13
301.234
301.343
301.457
301.576
301.701
301.831
301.968
302.11
302.26
302.416
302.58
302.75
302.929
303.116
303.311
303.516
303.729
303.953
304.187
304.431
304.687
304.955
305.235
305.529
305.835
306.157
306.493
306.845
307.213
307.598
308.002
308.423
308.864
309.325
309.806
310.308
310.832
311.378
311.947
312.54
313.155
313.794
314.457
315.144
315.854
316.587
317.343
318.121
318.92
319.739
320.578
321.435
322.308
323.196
324.098
325.011
325.933
326.864
327.799
328.739
329.68
330.62
331.557
332.489
333.414
300.026
300.079
300.135
300.192
300.253
300.316
300.382
300.451
300.523
300.598
300.678
300.761
300.847
300.938
301.034
301.134
301.238
301.348
301.462
301.583
301.708
301.84
301.977
302.121
302.271
302.429
302.593
302.765
302.945
303.132
303.328
303.533
303.747
303.971
304.205
304.449
304.704
304.971
305.249
305.54
305.844
306.161
306.493
306.839
307.2
307.578
307.972
308.382
308.811
309.257
309.722
310.206
310.709
311.232
311.775
312.339
312.922
313.527
314.151
314.796
315.46
316.144
316.847
317.568
318.307
319.062
319.833
320.618
321.416
322.226
323.047
323.876
324.712
325.554
326.399
327.247
328.096
328.943
329.788
330.628
331.462
300.026
300.079
300.134
300.192
300.253
300.316
300.382
300.451
300.523
300.599
300.679
300.762
300.849
300.941
301.037
301.137
301.243
301.353
301.469
301.59
301.716
301.849
301.988
302.132
302.284
302.442
302.608
302.781
302.961
303.15
303.347
303.552
303.767
303.991
304.224
304.468
304.722
304.987
305.263
305.552
305.852
306.165
306.492
306.832
307.186
307.555
307.939
308.338
308.753
309.185
309.633
310.098
310.58
311.08
311.597
312.131
312.683
313.253
313.84
314.444
315.064
315.701
316.354
317.021
317.702
318.397
319.105
319.823
320.553
321.291
322.037
322.79
323.548
324.31
325.074
325.84
326.606
327.371
328.133
328.891
329.643
300.026
300.079
300.134
300.192
300.253
300.316
300.382
300.451
300.524
300.6
300.68
300.764
300.851
300.943
301.04
301.141
301.247
301.359
301.475
301.597
301.725
301.859
301.999
302.145
302.297
302.457
302.624
302.798
302.979
303.169
303.366
303.573
303.787
304.011
304.244
304.487
304.74
305.004
305.278
305.563
305.86
306.169
306.49
306.824
307.17
307.53
307.904
308.291
308.693
309.11
309.541
309.986
310.447
310.923
311.415
311.921
312.442
312.978
313.528
314.093
314.672
315.264
315.868
316.485
317.113
317.752
318.401
319.059
319.725
320.397
321.076
321.76
322.448
323.138
323.83
324.523
325.215
325.906
326.594
327.279
327.959
300.026
300.079
300.134
300.192
300.253
300.316
300.382
300.451
300.524
300.601
300.681
300.765
300.853
300.946
301.043
301.145
301.252
301.365
301.482
301.605
301.734
301.869
302.01
302.158
302.312
302.473
302.64
302.816
302.998
303.189
303.387
303.594
303.809
304.033
304.266
304.508
304.76
305.021
305.293
305.575
305.868
306.173
306.488
306.815
307.153
307.504
307.867
308.243
308.631
309.032
309.446
309.873
310.313
310.766
311.232
311.71
312.202
312.705
313.221
313.749
314.287
314.837
315.397
315.967
316.546
317.133
317.729
318.331
318.939
319.552
320.171
320.792
321.417
322.043
322.67
323.297
323.924
324.549
325.171
325.79
326.406
300.026
300.079
300.134
300.192
300.252
300.316
300.382
300.452
300.525
300.601
300.682
300.766
300.855
300.949
301.047
301.15
301.257
301.371
301.489
301.614
301.744
301.88
302.022
302.171
302.327
302.489
302.658
302.834
303.018
303.209
303.409
303.616
303.831
304.055
304.288
304.529
304.779
305.039
305.309
305.588
305.877
306.176
306.485
306.805
307.136
307.478
307.83
308.194
308.568
308.954
309.351
309.76
310.179
310.61
311.051
311.504
311.966
312.439
312.922
313.415
313.917
314.427
314.946
315.473
316.006
316.547
317.093
317.645
318.201
318.761
319.325
319.891
320.458
321.027
321.596
322.165
322.733
323.3
323.864
324.424
324.982
300.026
300.079
300.134
300.192
300.252
300.315
300.382
300.451
300.525
300.602
300.683
300.768
300.857
300.951
301.05
301.154
301.263
301.377
301.497
301.622
301.753
301.891
302.035
302.185
302.342
302.505
302.676
302.853
303.038
303.231
303.431
303.638
303.854
304.078
304.31
304.55
304.799
305.057
305.324
305.6
305.885
306.179
306.482
306.795
307.118
307.451
307.793
308.144
308.506
308.877
309.258
309.648
310.048
310.457
310.876
311.303
311.739
312.183
312.636
313.096
313.563
314.038
314.519
315.006
315.499
315.996
316.498
317.004
317.514
318.026
318.54
319.057
319.574
320.091
320.609
321.126
321.642
322.156
322.667
323.176
323.682
300.026
300.078
300.134
300.191
300.251
300.315
300.381
300.451
300.524
300.602
300.683
300.769
300.859
300.953
301.053
301.157
301.267
301.383
301.504
301.63
301.763
301.902
302.047
302.199
302.357
302.522
302.694
302.873
303.059
303.252
303.453
303.661
303.877
304.1
304.332
304.572
304.819
305.075
305.339
305.611
305.892
306.182
306.479
306.786
307.1
307.424
307.756
308.096
308.445
308.802
309.167
309.54
309.922
310.311
310.707
311.111
311.522
311.94
312.364
312.795
313.231
313.672
314.119
314.57
315.026
315.485
315.947
316.412
316.88
317.349
317.82
318.292
318.764
319.236
319.708
320.178
320.647
321.115
321.58
322.043
322.502
300.026
300.078
300.133
300.191
300.251
300.314
300.38
300.45
300.524
300.601
300.683
300.769
300.86
300.955
301.055
301.161
301.272
301.388
301.51
301.638
301.772
301.913
302.059
302.212
302.372
302.538
302.711
302.891
303.079
303.273
303.474
303.683
303.899
304.123
304.354
304.592
304.838
305.092
305.354
305.623
305.899
306.184
306.476
306.775
307.083
307.397
307.719
308.049
308.385
308.729
309.08
309.437
309.801
310.171
310.548
310.93
311.318
311.712
312.11
312.513
312.921
313.333
313.748
314.167
314.589
315.013
315.44
315.869
316.299
316.73
317.162
317.594
318.026
318.457
318.888
319.318
319.746
320.172
320.595
321.017
321.435
300.026
300.078
300.132
300.19
300.25
300.313
300.379
300.449
300.523
300.601
300.683
300.769
300.86
300.956
301.057
301.164
301.276
301.393
301.516
301.646
301.781
301.923
302.071
302.225
302.386
302.554
302.728
302.91
303.098
303.293
303.495
303.704
303.921
304.144
304.374
304.612
304.857
305.108
305.367
305.633
305.906
306.185
306.472
306.765
307.065
307.371
307.684
308.003
308.328
308.659
308.996
309.339
309.687
310.04
310.398
310.76
311.127
311.499
311.874
312.252
312.634
313.019
313.406
313.796
314.188
314.582
314.977
315.373
315.769
316.167
316.564
316.961
317.357
317.753
318.147
318.54
318.931
319.32
319.707
320.092
320.473
300.025
300.077
300.132
300.189
300.249
300.312
300.378
300.448
300.522
300.599
300.682
300.769
300.86
300.957
301.059
301.166
301.279
301.397
301.521
301.652
301.789
301.932
302.081
302.237
302.399
302.568
302.744
302.926
303.115
303.311
303.514
303.724
303.94
304.163
304.393
304.63
304.873
305.122
305.379
305.641
305.91
306.185
306.466
306.754
307.046
307.345
307.649
307.959
308.273
308.593
308.917
309.246
309.579
309.916
310.257
310.601
310.949
311.3
311.654
312.011
312.369
312.73
313.093
313.457
313.822
314.188
314.554
314.921
315.288
315.655
316.021
316.387
316.752
317.115
317.477
317.838
318.196
318.552
318.906
319.258
319.606
300.025
300.077
300.131
300.187
300.247
300.31
300.376
300.446
300.52
300.598
300.68
300.767
300.859
300.956
301.059
301.167
301.28
301.4
301.525
301.657
301.795
301.939
302.089
302.247
302.41
302.58
302.757
302.941
303.131
303.327
303.531
303.741
303.957
304.18
304.409
304.644
304.886
305.134
305.387
305.647
305.912
306.183
306.459
306.74
307.026
307.318
307.613
307.914
308.218
308.527
308.84
309.156
309.475
309.798
310.124
310.452
310.783
311.115
311.45
311.787
312.125
312.464
312.804
313.144
313.486
313.827
314.168
314.509
314.85
315.19
315.529
315.867
316.203
316.538
316.871
317.203
317.532
317.859
318.183
318.505
318.824
300.025
300.076
300.13
300.186
300.245
300.308
300.373
300.443
300.517
300.595
300.677
300.765
300.857
300.955
301.058
301.166
301.281
301.401
301.527
301.66
301.799
301.944
302.096
302.254
302.419
302.59
302.768
302.952
303.143
303.34
303.544
303.754
303.97
304.192
304.421
304.655
304.895
305.14
305.392
305.648
305.909
306.176
306.447
306.723
307.003
307.287
307.575
307.867
308.163
308.461
308.763
309.067
309.374
309.684
309.995
310.309
310.624
310.94
311.258
311.576
311.895
312.215
312.535
312.854
313.174
313.493
313.812
314.13
314.447
314.763
315.077
315.39
315.702
316.011
316.318
316.624
316.927
317.227
317.525
317.821
318.113
300.025
300.075
300.128
300.184
300.243
300.305
300.37
300.44
300.513
300.591
300.674
300.761
300.854
300.952
301.055
301.164
301.279
301.4
301.528
301.661
301.801
301.947
302.1
302.259
302.425
302.597
302.775
302.96
303.151
303.349
303.553
303.763
303.978
304.2
304.427
304.66
304.898
305.142
305.39
305.643
305.901
306.163
306.43
306.7
306.974
307.252
307.532
307.816
308.103
308.392
308.684
308.977
309.273
309.57
309.868
310.168
310.468
310.77
311.071
311.373
311.675
311.977
312.279
312.58
312.88
313.18
313.478
313.775
314.071
314.365
314.657
314.948
315.236
315.523
315.807
316.089
316.368
316.645
316.919
317.191
317.459
300.024
300.074
300.127
300.182
300.24
300.302
300.367
300.436
300.509
300.587
300.669
300.757
300.849
300.947
301.051
301.161
301.276
301.398
301.526
301.66
301.8
301.947
302.101
302.26
302.427
302.599
302.778
302.964
303.155
303.353
303.556
303.766
303.981
304.202
304.428
304.659
304.895
305.136
305.381
305.631
305.885
306.143
306.405
306.669
306.937
307.208
307.482
307.758
308.036
308.316
308.598
308.881
309.166
309.451
309.737
310.024
310.311
310.598
310.886
311.172
311.459
311.744
312.029
312.312
312.595
312.876
313.156
313.434
313.71
313.984
314.257
314.527
314.795
315.06
315.323
315.584
315.842
316.097
316.35
316.599
316.846
300.024
300.073
300.125
300.18
300.237
300.298
300.363
300.431
300.504
300.581
300.664
300.751
300.844
300.942
301.046
301.155
301.271
301.393
301.521
301.656
301.797
301.944
302.098
302.258
302.425
302.598
302.777
302.963
303.154
303.351
303.554
303.763
303.977
304.196
304.421
304.65
304.884
305.122
305.364
305.61
305.86
306.113
306.37
306.629
306.891
307.155
307.421
307.689
307.959
308.23
308.503
308.776
309.049
309.324
309.598
309.872
310.147
310.42
310.693
310.966
311.237
311.507
311.776
312.044
312.309
312.573
312.836
313.096
313.354
313.61
313.864
314.115
314.364
314.61
314.854
315.095
315.333
315.569
315.801
316.031
316.258
300.024
300.072
300.123
300.177
300.234
300.294
300.358
300.426
300.498
300.575
300.657
300.744
300.837
300.935
301.039
301.149
301.264
301.387
301.515
301.65
301.791
301.939
302.093
302.253
302.42
302.592
302.771
302.956
303.147
303.344
303.546
303.754
303.966
304.184
304.406
304.633
304.864
305.099
305.337
305.579
305.825
306.073
306.324
306.577
306.832
307.089
307.348
307.608
307.869
308.131
308.394
308.657
308.92
309.183
309.445
309.708
309.969
310.23
310.489
310.747
311.004
311.26
311.513
311.765
312.015
312.263
312.509
312.752
312.993
313.232
313.468
313.702
313.933
314.161
314.387
314.61
314.83
315.047
315.261
315.472
315.681
300.023
300.071
300.121
300.174
300.23
300.289
300.353
300.42
300.492
300.568
300.65
300.737
300.829
300.927
301.031
301.14
301.256
301.378
301.507
301.641
301.783
301.93
302.084
302.244
302.411
302.583
302.762
302.946
303.136
303.332
303.532
303.738
303.949
304.164
304.384
304.608
304.836
305.067
305.301
305.539
305.779
306.021
306.266
306.513
306.761
307.011
307.262
307.514
307.766
308.018
308.271
308.523
308.775
309.027
309.277
309.527
309.776
310.023
310.269
310.514
310.756
310.997
311.236
311.473
311.707
311.939
312.169
312.397
312.621
312.844
313.063
313.28
313.494
313.706
313.914
314.12
314.323
314.523
314.72
314.914
315.105
300.023
300.07
300.119
300.171
300.226
300.285
300.348
300.414
300.485
300.561
300.642
300.729
300.821
300.918
301.022
301.131
301.247
301.369
301.497
301.632
301.773
301.92
302.074
302.234
302.4
302.572
302.749
302.933
303.122
303.316
303.515
303.719
303.928
304.14
304.357
304.578
304.802
305.029
305.258
305.491
305.725
305.962
306.2
306.439
306.68
306.921
307.163
307.406
307.648
307.891
308.133
308.374
308.615
308.855
309.094
309.331
309.567
309.801
310.034
310.265
310.493
310.72
310.944
311.166
311.386
311.603
311.817
312.029
312.238
312.445
312.649
312.85
313.048
313.243
313.436
313.625
313.812
313.996
314.177
314.355
314.53
300.022
300.069
300.117
300.168
300.223
300.281
300.343
300.409
300.479
300.555
300.635
300.721
300.813
300.91
301.013
301.123
301.238
301.36
301.488
301.622
301.763
301.91
302.064
302.223
302.389
302.56
302.737
302.919
303.107
303.3
303.497
303.699
303.905
304.115
304.328
304.545
304.765
304.987
305.211
305.438
305.666
305.896
306.127
306.359
306.592
306.825
307.058
307.291
307.524
307.756
307.988
308.218
308.448
308.676
308.902
309.127
309.351
309.572
309.791
310.009
310.224
310.436
310.647
310.854
311.059
311.262
311.462
311.659
311.853
312.045
312.234
312.42
312.603
312.783
312.961
313.136
313.307
313.476
313.642
313.806
313.966
300.022
300.067
300.115
300.166
300.22
300.277
300.338
300.404
300.474
300.549
300.629
300.715
300.806
300.903
301.006
301.115
301.231
301.352
301.48
301.615
301.756
301.903
302.056
302.215
302.38
302.551
302.728
302.909
303.096
303.287
303.482
303.682
303.885
304.092
304.302
304.514
304.73
304.947
305.167
305.388
305.61
305.834
306.058
306.283
306.508
306.733
306.958
307.182
307.405
307.628
307.849
308.07
308.288
308.505
308.721
308.934
309.146
309.355
309.562
309.766
309.969
310.168
310.366
310.56
310.752
310.941
311.127
311.311
311.492
311.669
311.844
312.017
312.186
312.352
312.516
312.677
312.835
312.99
313.142
313.292
313.438
300.022
300.067
300.114
300.164
300.217
300.274
300.335
300.4
300.47
300.545
300.624
300.71
300.801
300.898
301.001
301.11
301.226
301.348
301.476
301.611
301.752
301.899
302.052
302.212
302.377
302.548
302.723
302.904
303.09
303.279
303.473
303.671
303.872
304.077
304.284
304.494
304.706
304.92
305.135
305.352
305.569
305.787
306.006
306.225
306.444
306.662
306.879
307.096
307.312
307.526
307.74
307.951
308.161
308.369
308.575
308.778
308.98
309.179
309.375
309.57
309.761
309.95
310.136
310.319
310.5
310.678
310.853
311.025
311.194
311.36
311.524
311.684
311.842
311.997
312.149
312.298
312.444
312.588
312.728
312.866
313.001
300.022
300.066
300.113
300.163
300.216
300.272
300.333
300.398
300.468
300.542
300.622
300.707
300.799
300.896
300.999
301.108
301.224
301.346
301.475
301.61
301.752
301.899
302.053
302.213
302.378
302.549
302.725
302.905
303.09
303.28
303.473
303.67
303.871
304.074
304.28
304.488
304.699
304.91
305.124
305.338
305.553
305.769
305.984
306.2
306.415
306.629
306.843
307.055
307.267
307.477
307.685
307.891
308.095
308.298
308.498
308.696
308.891
309.084
309.274
309.462
309.647
309.829
310.008
310.184
310.358
310.529
310.696
310.861
311.023
311.182
311.338
311.491
311.642
311.789
311.934
312.075
312.214
312.35
312.483
312.614
312.742
392.842
400.899
407.666
413.554
418.765
423.407
427.544
431.208
434.415
437.165
439.446
441.236
442.5
443.19
443.24
442.56
441.021
438.43
434.459
428.453
418.77
412.103
406.91
402.587
398.845
395.52
392.509
389.746
387.179
384.772
382.498
380.335
378.266
376.276
374.354
372.491
370.68
368.913
367.186
365.494
363.832
362.199
360.591
359.005
357.439
355.891
354.36
352.844
351.341
349.853
348.377
346.914
345.465
344.03
342.609
341.205
339.817
338.449
337.101
335.774
334.472
333.194
331.944
330.723
329.532
328.372
327.245
326.152
325.094
324.072
323.085
322.135
321.221
320.344
319.503
318.698
317.927
317.192
316.489
315.82
315.181
314.573
313.994
313.443
312.919
312.419
311.944
311.491
311.06
310.648
310.255
309.88
309.521
309.178
308.849
308.533
308.23
307.938
307.657
307.386
307.124
306.871
306.626
306.389
306.159
305.935
305.718
305.507
305.302
305.102
304.908
304.718
304.533
304.353
304.178
304.007
303.84
303.678
303.52
303.366
303.216
303.07
302.929
302.791
302.657
302.527
302.402
302.28
302.162
302.048
301.937
301.831
301.728
301.629
301.534
301.442
301.355
301.271
301.19
301.113
301.039
300.969
300.902
300.839
300.779
300.722
300.668
300.617
300.569
300.523
300.481
300.441
300.403
300.368
300.335
300.305
300.277
300.25
300.226
300.204
300.183
388.085
395.105
401.408
407.056
412.128
416.685
420.768
424.399
427.586
430.328
432.61
434.409
435.692
436.412
436.507
435.894
434.462
432.058
428.466
423.423
416.89
411.191
406.374
402.232
398.591
395.329
392.362
389.629
387.084
384.694
382.433
380.281
378.219
376.236
374.32
372.462
370.654
368.89
367.166
365.476
363.816
362.185
360.578
358.993
357.428
355.881
354.351
352.835
351.333
349.845
348.37
346.907
345.458
344.023
342.602
341.197
339.81
338.441
337.093
335.766
334.464
333.186
331.936
330.714
329.523
328.363
327.237
326.144
325.086
324.063
323.077
322.127
321.214
320.337
319.496
318.691
317.921
317.186
316.484
315.814
315.176
314.569
313.99
313.439
312.915
312.416
311.941
311.488
311.057
310.646
310.253
309.878
309.52
309.177
308.848
308.532
308.229
307.937
307.656
307.385
307.124
306.871
306.626
306.389
306.159
305.935
305.718
305.507
305.302
305.102
304.908
304.718
304.533
304.353
304.178
304.007
303.84
303.678
303.52
303.366
303.216
303.071
302.929
302.791
302.657
302.528
302.402
302.28
302.162
302.048
301.937
301.831
301.728
301.629
301.534
301.443
301.355
301.271
301.19
301.113
301.039
300.969
300.903
300.839
300.779
300.722
300.668
300.617
300.569
300.523
300.481
300.441
300.403
300.368
300.335
300.305
300.277
300.25
300.226
300.204
300.183
383.97
389.997
395.673
400.923
405.736
410.119
414.084
417.635
420.772
423.487
425.762
427.574
428.889
429.665
429.846
429.364
428.134
426.055
423.026
419.005
414.213
409.548
405.3
401.484
398.044
394.914
392.039
389.371
386.876
384.524
382.292
380.162
378.119
376.151
374.246
372.398
370.599
368.842
367.123
365.438
363.783
362.155
360.551
358.968
357.406
355.861
354.332
352.817
351.316
349.829
348.354
346.892
345.442
344.007
342.586
341.182
339.794
338.425
337.076
335.749
334.446
333.169
331.918
330.697
329.505
328.346
327.219
326.127
325.069
324.047
323.061
322.112
321.199
320.323
319.483
318.678
317.909
317.174
316.473
315.804
315.167
314.56
313.982
313.432
312.908
312.41
311.936
311.483
311.053
310.642
310.25
309.875
309.517
309.174
308.846
308.53
308.228
307.936
307.655
307.385
307.123
306.87
306.626
306.389
306.159
305.936
305.719
305.508
305.303
305.103
304.908
304.719
304.534
304.354
304.179
304.008
303.841
303.679
303.521
303.367
303.217
303.071
302.929
302.792
302.658
302.528
302.402
302.28
302.162
302.048
301.938
301.831
301.729
301.63
301.535
301.443
301.355
301.271
301.19
301.113
301.04
300.97
300.903
300.839
300.779
300.722
300.668
300.617
300.569
300.524
300.481
300.441
300.403
300.368
300.336
300.305
300.277
300.251
300.226
300.204
300.183
380.104
385.32
390.372
395.162
399.64
403.781
407.57
410.997
414.05
416.715
418.97
420.791
422.146
422.997
423.297
422.995
422.03
420.35
417.92
414.782
411.129
407.367
403.738
400.337
397.178
394.245
391.51
388.948
386.532
384.241
382.058
379.967
377.955
376.011
374.127
372.296
370.51
368.765
367.055
365.378
363.73
362.107
360.508
358.93
357.371
355.828
354.302
352.789
351.29
349.803
348.329
346.867
345.418
343.983
342.562
341.157
339.769
338.399
337.05
335.723
334.42
333.142
331.891
330.67
329.479
328.319
327.193
326.101
325.044
324.023
323.038
322.089
321.178
320.302
319.463
318.66
317.892
317.158
316.458
315.791
315.155
314.549
313.972
313.423
312.9
312.403
311.929
311.478
311.048
310.638
310.246
309.872
309.515
309.172
308.844
308.529
308.227
307.936
307.655
307.385
307.124
306.871
306.627
306.39
306.16
305.937
305.72
305.509
305.304
305.104
304.91
304.72
304.536
304.356
304.18
304.009
303.843
303.68
303.522
303.368
303.218
303.073
302.931
302.793
302.659
302.529
302.404
302.282
302.164
302.049
301.939
301.832
301.73
301.631
301.535
301.444
301.356
301.272
301.191
301.114
301.04
300.97
300.903
300.84
300.78
300.723
300.668
300.617
300.569
300.524
300.481
300.441
300.404
300.369
300.336
300.305
300.277
300.251
300.226
300.204
300.183
376.366
380.924
385.409
389.737
393.849
397.706
401.278
404.544
407.482
410.072
412.292
414.115
415.511
416.448
416.888
416.791
416.123
414.857
412.995
410.59
407.782
404.778
401.752
398.803
395.98
393.296
390.75
388.332
386.028
383.826
381.714
379.679
377.714
375.808
373.955
372.148
370.382
368.654
366.959
365.293
363.655
362.04
360.448
358.876
357.321
355.783
354.259
352.749
351.252
349.767
348.294
346.832
345.384
343.948
342.527
341.122
339.734
338.364
337.014
335.687
334.383
333.106
331.855
330.634
329.443
328.284
327.159
326.068
325.012
323.992
323.008
322.061
321.151
320.277
319.44
318.638
317.872
317.14
316.441
315.775
315.14
314.536
313.96
313.413
312.891
312.395
311.922
311.472
311.043
310.634
310.243
309.87
309.513
309.172
308.844
308.53
308.228
307.937
307.657
307.387
307.126
306.874
306.629
306.393
306.163
305.94
305.723
305.512
305.307
305.107
304.913
304.723
304.539
304.359
304.183
304.012
303.845
303.683
303.525
303.371
303.221
303.075
302.933
302.795
302.661
302.531
302.405
302.283
302.165
302.051
301.94
301.834
301.731
301.632
301.537
301.445
301.357
301.273
301.192
301.115
301.041
300.971
300.904
300.841
300.78
300.723
300.669
300.618
300.57
300.524
300.482
300.442
300.404
300.369
300.336
300.306
300.277
300.251
300.227
300.204
300.183
372.717
376.73
380.715
384.606
388.351
391.905
395.236
398.314
401.113
403.609
405.778
407.592
409.026
410.05
410.634
410.752
410.381
409.512
408.157
406.365
404.227
401.866
399.397
396.905
394.447
392.053
389.735
387.498
385.339
383.254
381.237
379.28
377.378
375.525
373.715
371.945
370.209
368.504
366.829
365.18
363.554
361.951
360.368
358.804
357.256
355.723
354.203
352.697
351.202
349.719
348.247
346.787
345.339
343.904
342.483
341.078
339.689
338.319
336.969
335.642
334.339
333.061
331.811
330.59
329.4
328.243
327.119
326.029
324.974
323.956
322.974
322.029
321.121
320.249
319.414
318.614
317.85
317.12
316.423
315.759
315.126
314.524
313.95
313.404
312.884
312.389
311.918
311.469
311.041
310.633
310.243
309.871
309.515
309.174
308.847
308.533
308.231
307.941
307.662
307.392
307.131
306.879
306.635
306.398
306.168
305.945
305.729
305.518
305.313
305.113
304.918
304.729
304.544
304.364
304.188
304.017
303.85
303.687
303.529
303.375
303.225
303.079
302.937
302.799
302.665
302.535
302.408
302.286
302.168
302.053
301.943
301.836
301.733
301.634
301.539
301.447
301.359
301.274
301.194
301.116
301.043
300.972
300.905
300.842
300.781
300.724
300.67
300.619
300.57
300.525
300.482
300.442
300.405
300.369
300.337
300.306
300.278
300.251
300.227
300.204
300.184
369.145
372.697
376.243
379.734
383.126
386.379
389.458
392.333
394.976
397.362
399.465
401.26
402.722
403.826
404.549
404.871
404.78
404.271
403.36
402.083
400.499
398.686
396.721
394.672
392.589
390.507
388.447
386.423
384.44
382.5
380.603
378.747
376.929
375.145
373.394
371.672
369.977
368.307
366.659
365.032
363.425
361.837
360.266
358.712
357.172
355.646
354.132
352.631
351.14
349.659
348.19
346.731
345.284
343.85
342.429
341.024
339.636
338.266
336.917
335.59
334.287
333.01
331.761
330.541
329.353
328.197
327.074
325.987
324.934
323.918
322.939
321.996
321.09
320.221
319.388
318.591
317.829
317.102
316.407
315.746
315.115
314.514
313.942
313.398
312.88
312.387
311.917
311.469
311.042
310.635
310.247
309.875
309.52
309.18
308.854
308.54
308.239
307.949
307.67
307.4
307.14
306.888
306.644
306.407
306.178
305.955
305.738
305.527
305.321
305.121
304.927
304.737
304.552
304.371
304.195
304.024
303.857
303.694
303.535
303.381
303.23
303.084
302.942
302.804
302.669
302.539
302.413
302.29
302.172
302.057
301.946
301.839
301.736
301.637
301.541
301.449
301.361
301.276
301.195
301.118
301.044
300.974
300.907
300.843
300.783
300.725
300.671
300.62
300.571
300.526
300.483
300.443
300.405
300.37
300.337
300.307
300.278
300.252
300.227
300.205
300.184
365.652
368.807
371.967
375.097
378.159
381.12
383.949
386.616
389.095
391.359
393.384
395.147
396.625
397.797
398.643
399.15
399.307
399.115
398.584
397.74
396.623
395.281
393.768
392.134
390.42
388.66
386.878
385.091
383.309
381.541
379.789
378.056
376.342
374.648
372.972
371.314
369.673
368.048
366.438
364.842
363.261
361.692
360.138
358.597
357.068
355.551
354.045
352.549
351.063
349.587
348.121
346.664
345.219
343.786
342.367
340.963
339.575
338.206
336.858
335.532
334.23
332.955
331.708
330.49
329.303
328.149
327.029
325.944
324.895
323.882
322.905
321.965
321.062
320.196
319.366
318.572
317.813
317.088
316.396
315.737
315.108
314.51
313.94
313.398
312.881
312.39
311.921
311.475
311.05
310.644
310.256
309.886
309.531
309.191
308.866
308.553
308.252
307.963
307.684
307.414
307.154
306.902
306.658
306.421
306.191
305.968
305.751
305.54
305.334
305.134
304.939
304.748
304.563
304.382
304.206
304.034
303.866
303.703
303.544
303.389
303.238
303.092
302.949
302.81
302.676
302.545
302.418
302.295
302.177
302.062
301.951
301.843
301.74
301.64
301.544
301.452
301.364
301.279
301.198
301.12
301.046
300.976
300.909
300.845
300.784
300.727
300.672
300.621
300.573
300.527
300.484
300.444
300.406
300.371
300.338
300.307
300.279
300.252
300.228
300.205
300.184
362.241
365.05
367.871
370.676
373.436
376.123
378.711
381.172
383.482
385.618
387.556
389.275
390.756
391.979
392.928
393.592
393.963
394.039
393.83
393.351
392.627
391.691
390.579
389.326
387.965
386.525
385.028
383.492
381.932
380.356
378.771
377.184
375.596
374.011
372.429
370.851
369.279
367.712
366.152
364.598
363.051
361.511
359.979
358.455
356.941
355.436
353.94
352.452
350.973
349.502
348.04
346.588
345.146
343.716
342.298
340.896
339.51
338.143
336.797
335.473
334.173
332.9
331.655
330.439
329.256
328.105
326.988
325.906
324.859
323.85
322.876
321.94
321.04
320.177
319.351
318.559
317.803
317.081
316.392
315.735
315.109
314.513
313.945
313.405
312.89
312.4
311.933
311.488
311.064
310.659
310.273
309.903
309.549
309.21
308.885
308.572
308.272
307.983
307.704
307.434
307.174
306.922
306.677
306.44
306.21
305.987
305.769
305.557
305.351
305.15
304.955
304.764
304.578
304.397
304.22
304.047
303.879
303.715
303.556
303.4
303.249
303.102
302.958
302.819
302.684
302.553
302.426
302.302
302.183
302.068
301.956
301.849
301.745
301.645
301.549
301.456
301.368
301.283
301.201
301.123
301.049
300.978
300.911
300.847
300.786
300.729
300.674
300.623
300.574
300.528
300.485
300.445
300.407
300.372
300.339
300.308
300.28
300.253
300.229
300.206
300.185
358.92
361.426
363.947
366.462
368.947
371.381
373.74
376.003
378.147
380.151
381.996
383.661
385.13
386.385
387.414
388.205
388.752
389.052
389.11
388.935
388.543
387.954
387.193
386.285
385.253
384.12
382.907
381.629
380.301
378.933
377.534
376.111
374.668
373.211
371.741
370.262
368.774
367.281
365.784
364.284
362.782
361.28
359.78
358.281
356.787
355.297
353.814
352.337
350.867
349.404
347.949
346.502
345.065
343.639
342.226
340.827
339.444
338.08
336.736
335.415
334.118
332.848
331.606
330.394
329.214
328.067
326.953
325.875
324.832
323.826
322.857
321.924
321.028
320.168
319.345
318.557
317.804
317.085
316.398
315.744
315.12
314.526
313.961
313.422
312.909
312.42
311.955
311.511
311.088
310.684
310.298
309.929
309.576
309.237
308.912
308.6
308.3
308.01
307.731
307.462
307.201
306.948
306.704
306.466
306.236
306.011
305.793
305.581
305.374
305.173
304.976
304.785
304.598
304.416
304.238
304.065
303.896
303.731
303.571
303.414
303.262
303.114
302.97
302.83
302.695
302.563
302.435
302.311
302.191
302.075
301.963
301.855
301.751
301.651
301.554
301.461
301.372
301.287
301.205
301.127
301.052
300.981
300.914
300.85
300.789
300.731
300.676
300.625
300.576
300.53
300.487
300.446
300.408
300.373
300.34
300.309
300.28
300.254
300.229
300.206
300.186
355.697
357.936
360.191
362.447
364.684
366.886
369.034
371.108
373.092
374.965
376.712
378.314
379.758
381.027
382.111
383
383.686
384.167
384.443
384.518
384.403
384.11
383.653
383.051
382.319
381.475
380.535
379.513
378.421
377.269
376.068
374.823
373.542
372.229
370.889
369.524
368.139
366.735
365.316
363.884
362.44
360.988
359.528
358.065
356.598
355.131
353.665
352.203
350.746
349.294
347.848
346.409
344.979
343.559
342.151
340.757
339.379
338.02
336.68
335.363
334.071
332.805
331.567
330.359
329.183
328.04
326.931
325.856
324.818
323.816
322.85
321.921
321.029
320.173
319.353
318.568
317.818
317.101
316.417
315.765
315.144
314.552
313.988
313.451
312.94
312.452
311.988
311.545
311.123
310.72
310.335
309.966
309.613
309.275
308.95
308.638
308.337
308.048
307.768
307.498
307.237
306.984
306.738
306.5
306.269
306.044
305.825
305.611
305.404
305.201
305.004
304.811
304.623
304.44
304.261
304.087
303.917
303.751
303.59
303.432
303.279
303.13
302.986
302.845
302.708
302.575
302.447
302.322
302.202
302.085
301.972
301.864
301.759
301.658
301.561
301.467
301.378
301.292
301.21
301.131
301.057
300.985
300.917
300.853
300.792
300.734
300.679
300.627
300.578
300.532
300.489
300.448
300.41
300.374
300.341
300.31
300.281
300.255
300.23
300.207
300.186
352.581
354.584
356.604
358.628
360.642
362.633
364.586
366.485
368.315
370.061
371.707
373.24
374.646
375.913
377.03
377.988
378.78
379.401
379.851
380.13
380.243
380.197
380.001
379.665
379.201
378.622
377.938
377.162
376.302
375.369
374.371
373.315
372.206
371.052
369.855
368.621
367.353
366.054
364.728
363.378
362.007
360.617
359.211
357.793
356.365
354.929
353.49
352.048
350.607
349.169
347.736
346.309
344.889
343.477
342.078
340.691
339.32
337.966
336.633
335.321
334.034
332.773
331.541
330.338
329.167
328.028
326.924
325.854
324.82
323.822
322.86
321.935
321.047
320.194
319.377
318.595
317.848
317.134
316.453
315.803
315.183
314.593
314.031
313.495
312.985
312.499
312.035
311.593
311.172
310.769
310.384
310.016
309.663
309.324
308.999
308.687
308.386
308.096
307.816
307.545
307.283
307.029
306.783
306.544
306.311
306.085
305.865
305.65
305.441
305.237
305.038
304.844
304.655
304.47
304.29
304.115
303.943
303.776
303.613
303.455
303.301
303.15
303.004
302.862
302.725
302.591
302.461
302.336
302.214
302.097
301.983
301.874
301.768
301.666
301.569
301.475
301.385
301.298
301.216
301.137
301.061
300.99
300.921
300.857
300.795
300.737
300.682
300.63
300.58
300.534
300.491
300.45
300.412
300.376
300.343
300.311
300.283
300.256
300.231
300.208
300.187
349.58
351.374
353.184
355.002
356.817
358.618
360.392
362.128
363.814
365.436
366.982
368.44
369.799
371.049
372.178
373.18
374.047
374.774
375.358
375.798
376.096
376.253
376.276
376.169
375.941
375.599
375.15
374.604
373.967
373.248
372.452
371.587
370.658
369.671
368.629
367.537
366.4
365.221
364.002
362.749
361.464
360.15
358.812
357.451
356.073
354.68
353.276
351.864
350.447
349.029
347.613
346.201
344.795
343.396
342.007
340.63
339.268
337.923
336.597
335.293
334.013
332.759
331.532
330.335
329.17
328.037
326.937
325.872
324.843
323.849
322.891
321.97
321.085
320.235
319.421
318.642
317.897
317.186
316.506
315.858
315.241
314.652
314.091
313.556
313.047
312.561
312.098
311.657
311.236
310.833
310.448
310.08
309.727
309.388
309.062
308.749
308.448
308.157
307.876
307.604
307.341
307.086
306.838
306.597
306.363
306.136
305.914
305.698
305.487
305.281
305.081
304.885
304.694
304.508
304.326
304.149
303.975
303.807
303.642
303.482
303.326
303.175
303.027
302.884
302.745
302.61
302.479
302.352
302.229
302.111
301.996
301.886
301.779
301.677
301.578
301.484
301.393
301.306
301.222
301.143
301.067
300.995
300.926
300.861
300.799
300.74
300.685
300.633
300.583
300.537
300.493
300.452
300.414
300.378
300.344
300.313
300.284
300.257
300.232
300.209
300.188
346.702
348.31
349.934
351.569
353.205
354.833
356.446
358.032
359.582
361.086
362.533
363.913
365.218
366.437
367.562
368.585
369.501
370.303
370.987
371.551
371.994
372.317
372.52
372.606
372.579
372.445
372.207
371.871
371.442
370.925
370.327
369.651
368.903
368.087
367.207
366.267
365.271
364.222
363.124
361.981
360.796
359.572
358.314
357.025
355.709
354.37
353.013
351.641
350.259
348.869
347.476
346.084
344.696
343.314
341.94
340.576
339.226
337.892
336.577
335.282
334.01
332.764
331.545
330.355
329.196
328.068
326.974
325.915
324.89
323.9
322.946
322.029
321.147
320.3
319.489
318.712
317.969
317.259
316.582
315.935
315.319
314.731
314.171
313.637
313.128
312.643
312.18
311.739
311.317
310.915
310.529
310.16
309.807
309.467
309.141
308.827
308.525
308.232
307.95
307.677
307.412
307.155
306.906
306.664
306.428
306.198
305.974
305.756
305.543
305.336
305.133
304.935
304.742
304.553
304.369
304.19
304.015
303.844
303.678
303.515
303.358
303.204
303.055
302.91
302.769
302.632
302.5
302.372
302.248
302.128
302.012
301.9
301.793
301.689
301.59
301.494
301.402
301.314
301.23
301.15
301.074
301.001
300.932
300.866
300.804
300.745
300.689
300.636
300.586
300.54
300.496
300.454
300.416
300.38
300.346
300.314
300.285
300.258
300.233
300.21
300.189
343.953
345.396
346.855
348.326
349.802
351.276
352.741
354.189
355.613
357.005
358.355
359.656
360.9
362.079
363.185
364.212
365.153
366.004
366.759
367.415
367.969
368.421
368.769
369.014
369.158
369.201
369.147
368.999
368.759
368.431
368.019
367.525
366.954
366.309
365.592
364.809
363.96
363.051
362.083
361.061
359.988
358.868
357.703
356.499
355.258
353.987
352.689
351.369
350.031
348.68
347.32
345.955
344.591
343.23
341.875
340.529
339.195
337.875
336.572
335.289
334.028
332.791
331.581
330.399
329.247
328.126
327.038
325.984
324.964
323.978
323.029
322.114
321.235
320.391
319.582
318.808
318.066
317.358
316.682
316.036
315.42
314.833
314.273
313.74
313.231
312.746
312.283
311.841
311.419
311.016
310.63
310.261
309.906
309.565
309.238
308.923
308.619
308.325
308.041
307.766
307.499
307.24
306.989
306.744
306.506
306.274
306.047
305.827
305.611
305.401
305.196
304.995
304.799
304.608
304.422
304.239
304.062
303.888
303.72
303.555
303.395
303.239
303.088
302.94
302.798
302.659
302.525
302.395
302.269
302.148
302.03
301.917
301.808
301.704
301.603
301.506
301.413
301.325
301.24
301.159
301.081
301.008
300.938
300.872
300.809
300.75
300.693
300.64
300.59
300.543
300.499
300.457
300.418
300.382
300.348
300.316
300.287
300.26
300.234
300.211
300.19
341.339
342.635
343.947
345.272
346.605
347.939
349.271
350.594
351.901
353.186
354.443
355.664
356.844
357.975
359.051
360.066
361.014
361.891
362.691
363.411
364.048
364.598
365.06
365.432
365.715
365.908
366.011
366.026
365.955
365.797
365.556
365.233
364.831
364.351
363.797
363.169
362.472
361.706
360.876
359.984
359.032
358.025
356.966
355.859
354.707
353.516
352.289
351.033
349.752
348.451
347.135
345.808
344.475
343.142
341.812
340.488
339.174
337.872
336.585
335.316
334.068
332.843
331.643
330.47
329.327
328.213
327.132
326.083
325.068
324.087
323.141
322.23
321.353
320.512
319.705
318.932
318.192
317.485
316.809
316.164
315.549
314.962
314.402
313.868
313.359
312.873
312.41
311.967
311.545
311.14
310.753
310.382
310.026
309.684
309.355
309.038
308.732
308.436
308.15
307.873
307.604
307.342
307.088
306.841
306.6
306.364
306.135
305.911
305.693
305.479
305.271
305.067
304.868
304.674
304.484
304.298
304.118
303.941
303.77
303.602
303.439
303.281
303.127
302.977
302.832
302.691
302.554
302.422
302.294
302.171
302.052
301.937
301.827
301.72
301.618
301.52
301.426
301.336
301.25
301.168
301.09
301.016
300.946
300.879
300.815
300.755
300.698
300.645
300.594
300.547
300.502
300.46
300.421
300.384
300.35
300.318
300.289
300.261
300.236
300.212
300.191
338.865
340.03
341.211
342.405
343.609
344.819
346.03
347.237
348.436
349.621
350.788
351.931
353.044
354.121
355.159
356.15
357.091
357.975
358.8
359.561
360.253
360.875
361.422
361.894
362.288
362.603
362.838
362.992
363.065
363.058
362.971
362.805
362.559
362.236
361.837
361.362
360.814
360.194
359.504
358.747
357.924
357.039
356.095
355.095
354.043
352.944
351.802
350.622
349.41
348.17
346.909
345.631
344.34
343.042
341.744
340.448
339.159
337.879
336.613
335.362
334.13
332.919
331.731
330.569
329.435
328.33
327.256
326.214
325.204
324.228
323.286
322.378
321.504
320.665
319.86
319.088
318.349
317.642
316.967
316.322
315.707
315.119
314.559
314.025
313.515
313.028
312.564
312.12
311.696
311.29
310.902
310.529
310.171
309.827
309.496
309.177
308.868
308.57
308.281
308.001
307.729
307.464
307.206
306.956
306.711
306.472
306.239
306.012
305.789
305.572
305.36
305.152
304.949
304.751
304.557
304.368
304.184
304.004
303.829
303.658
303.491
303.33
303.172
303.02
302.872
302.728
302.589
302.454
302.324
302.199
302.077
301.96
301.848
301.74
301.636
301.537
301.441
301.35
301.263
301.18
301.101
301.026
300.954
300.886
300.822
300.761
300.704
300.65
300.599
300.551
300.506
300.463
300.424
300.387
300.352
300.32
300.29
300.263
300.237
300.214
300.192
336.532
337.581
338.645
339.724
340.812
341.909
343.01
344.112
345.211
346.303
347.384
348.449
349.495
350.516
351.508
352.467
353.387
354.266
355.097
355.879
356.606
357.276
357.885
358.431
358.91
359.321
359.663
359.932
360.129
360.251
360.299
360.272
360.169
359.991
359.737
359.407
359.004
358.526
357.977
357.356
356.665
355.908
355.085
354.201
353.259
352.262
351.216
350.124
348.992
347.825
346.63
345.411
344.174
342.924
341.665
340.404
339.146
337.894
336.652
335.423
334.211
333.017
331.845
330.696
329.573
328.478
327.413
326.378
325.374
324.403
323.465
322.561
321.69
320.853
320.049
319.278
318.54
317.834
317.159
316.514
315.897
315.309
314.748
314.213
313.702
313.214
312.748
312.303
311.877
311.469
311.078
310.704
310.344
309.997
309.663
309.341
309.03
308.728
308.436
308.152
307.876
307.608
307.346
307.091
306.843
306.6
306.362
306.13
305.903
305.681
305.464
305.252
305.045
304.842
304.644
304.45
304.261
304.077
303.898
303.723
303.553
303.387
303.226
303.07
302.918
302.771
302.629
302.492
302.359
302.23
302.107
301.987
301.873
301.763
301.657
301.555
301.458
301.366
301.277
301.193
301.113
301.036
300.964
300.895
300.83
300.768
300.71
300.655
300.604
300.555
300.51
300.467
300.427
300.39
300.355
300.322
300.292
300.264
300.239
300.215
300.193
334.343
335.288
336.249
337.223
338.209
339.204
340.205
341.211
342.218
343.222
344.222
345.213
346.191
347.153
348.096
349.015
349.906
350.767
351.592
352.378
353.123
353.821
354.471
355.068
355.611
356.095
356.52
356.882
357.18
357.411
357.574
357.668
357.691
357.643
357.522
357.328
357.061
356.72
356.307
355.82
355.262
354.634
353.938
353.175
352.349
351.463
350.521
349.528
348.487
347.405
346.287
345.138
343.965
342.772
341.565
340.349
339.128
337.91
336.699
335.497
334.308
333.135
331.981
330.849
329.74
328.657
327.602
326.575
325.579
324.614
323.681
322.78
321.913
321.078
320.276
319.506
318.769
318.063
317.387
316.741
316.125
315.535
314.973
314.436
313.923
313.434
312.966
312.518
312.09
311.68
311.287
310.91
310.547
310.197
309.86
309.534
309.219
308.914
308.618
308.33
308.05
307.777
307.51
307.251
306.997
306.749
306.506
306.269
306.036
305.809
305.587
305.369
305.156
304.948
304.745
304.546
304.352
304.163
303.978
303.799
303.624
303.454
303.288
303.128
302.972
302.822
302.676
302.535
302.399
302.267
302.14
302.019
301.901
301.789
301.681
301.577
301.478
301.384
301.294
301.208
301.126
301.048
300.975
300.905
300.839
300.776
300.717
300.662
300.609
300.56
300.514
300.471
300.43
300.393
300.358
300.325
300.295
300.266
300.24
300.216
300.194
332.3
333.152
334.02
334.901
335.794
336.697
337.608
338.526
339.448
340.371
341.294
342.213
343.125
344.028
344.919
345.793
346.649
347.482
348.29
349.069
349.816
350.527
351.199
351.829
352.415
352.953
353.44
353.874
354.252
354.571
354.831
355.027
355.159
355.225
355.223
355.151
355.01
354.797
354.512
354.156
353.727
353.228
352.658
352.019
351.314
350.544
349.714
348.827
347.886
346.898
345.867
344.799
343.7
342.575
341.429
340.268
339.097
337.921
336.746
335.576
334.416
333.269
332.138
331.025
329.933
328.865
327.822
326.806
325.819
324.861
323.934
323.038
322.174
321.342
320.542
319.774
319.037
318.331
317.655
317.009
316.391
315.801
315.237
314.698
314.183
313.691
313.221
312.771
312.34
311.927
311.531
311.151
310.784
310.431
310.09
309.76
309.441
309.131
308.83
308.537
308.252
307.973
307.702
307.436
307.176
306.922
306.673
306.43
306.191
305.957
305.729
305.505
305.286
305.071
304.862
304.657
304.457
304.262
304.072
303.886
303.706
303.531
303.36
303.195
303.035
302.88
302.73
302.585
302.445
302.309
302.179
302.054
301.934
301.819
301.708
301.602
301.501
301.404
301.312
301.225
301.141
301.062
300.987
300.916
300.849
300.785
300.725
300.669
300.616
300.566
300.519
300.475
300.434
300.396
300.361
300.327
300.297
300.268
300.242
300.218
300.195
330.4
331.17
331.954
332.752
333.561
334.381
335.211
336.048
336.892
337.74
338.59
339.441
340.289
341.133
341.97
342.797
343.613
344.413
345.195
345.956
346.693
347.404
348.084
348.732
349.344
349.917
350.448
350.935
351.374
351.763
352.099
352.38
352.603
352.767
352.868
352.905
352.876
352.78
352.616
352.381
352.076
351.701
351.255
350.74
350.156
349.506
348.792
348.016
347.184
346.297
345.363
344.385
343.369
342.321
341.246
340.15
339.038
337.914
336.785
335.655
334.53
333.413
332.309
331.22
330.149
329.099
328.072
327.069
326.093
325.144
324.225
323.335
322.476
321.648
320.85
320.084
319.348
318.642
317.966
317.319
316.7
316.109
315.543
315.002
314.485
313.991
313.518
313.065
312.631
312.214
311.815
311.43
311.06
310.702
310.357
310.022
309.698
309.383
309.076
308.778
308.486
308.201
307.923
307.651
307.384
307.123
306.867
306.616
306.37
306.129
305.893
305.661
305.435
305.213
304.996
304.785
304.578
304.376
304.179
303.987
303.801
303.619
303.443
303.272
303.107
302.946
302.791
302.642
302.497
302.358
302.224
302.095
301.971
301.853
301.739
301.63
301.527
301.428
301.333
301.244
301.159
301.078
301.001
300.929
300.86
300.795
300.734
300.677
300.623
300.572
300.525
300.48
300.439
300.4
300.364
300.33
300.299
300.27
300.244
300.219
300.197
328.642
329.339
330.049
330.772
331.506
332.252
333.007
333.771
334.543
335.321
336.103
336.889
337.675
338.461
339.245
340.023
340.795
341.557
342.307
343.043
343.762
344.461
345.138
345.79
346.413
347.006
347.566
348.088
348.571
349.012
349.408
349.757
350.054
350.299
350.487
350.618
350.688
350.696
350.64
350.517
350.328
350.07
349.744
349.348
348.885
348.354
347.757
347.097
346.376
345.597
344.766
343.886
342.962
342
341.005
339.983
338.938
337.876
336.803
335.723
334.64
333.561
332.489
331.43
330.384
329.356
328.348
327.362
326.4
325.463
324.553
323.671
322.819
321.995
321.201
320.438
319.703
318.999
318.323
317.675
317.056
316.462
315.895
315.352
314.832
314.335
313.859
313.403
312.965
312.545
312.141
311.753
311.378
311.015
310.665
310.325
309.994
309.673
309.36
309.054
308.756
308.464
308.178
307.898
307.623
307.354
307.09
306.83
306.576
306.326
306.081
305.841
305.606
305.376
305.151
304.931
304.716
304.506
304.302
304.103
303.909
303.721
303.538
303.36
303.189
303.022
302.862
302.707
302.557
302.413
302.274
302.141
302.014
301.891
301.774
301.662
301.556
301.454
301.357
301.265
301.178
301.095
301.017
300.943
300.873
300.806
300.744
300.686
300.63
300.579
300.53
300.485
300.443
300.404
300.367
300.333
300.302
300.273
300.246
300.221
300.198
327.024
327.655
328.298
328.954
329.621
330.299
330.987
331.684
332.39
333.103
333.822
334.546
335.274
336.004
336.734
337.463
338.189
338.91
339.624
340.329
341.023
341.703
342.367
343.012
343.636
344.236
344.81
345.354
345.866
346.343
346.783
347.182
347.538
347.847
348.108
348.317
348.472
348.57
348.609
348.587
348.503
348.353
348.139
347.857
347.51
347.095
346.615
346.07
345.462
344.795
344.072
343.295
342.471
341.603
340.696
339.755
338.787
337.796
336.787
335.765
334.736
333.703
332.671
331.646
330.632
329.631
328.647
327.681
326.736
325.814
324.917
324.046
323.201
322.385
321.596
320.836
320.105
319.402
318.727
318.08
317.459
316.865
316.296
315.751
315.229
314.729
314.25
313.79
313.348
312.924
312.515
312.122
311.742
311.374
311.017
310.671
310.334
310.005
309.685
309.372
309.065
308.764
308.47
308.181
307.897
307.618
307.344
307.075
306.811
306.551
306.296
306.047
305.802
305.562
305.327
305.098
304.874
304.655
304.442
304.234
304.032
303.836
303.645
303.46
303.281
303.108
302.941
302.78
302.625
302.475
302.332
302.194
302.062
301.935
301.814
301.699
301.589
301.484
301.384
301.29
301.2
301.115
301.034
300.958
300.886
300.819
300.755
300.695
300.639
300.586
300.537
300.491
300.448
300.408
300.371
300.337
300.305
300.275
300.248
300.223
300.2
325.543
326.115
326.698
327.293
327.899
328.516
329.143
329.779
330.424
331.077
331.737
332.404
333.076
333.751
334.43
335.11
335.79
336.469
337.144
337.814
338.477
339.131
339.775
340.405
341.02
341.616
342.193
342.746
343.274
343.774
344.243
344.679
345.077
345.437
345.754
346.027
346.252
346.426
346.548
346.614
346.622
346.571
346.458
346.283
346.044
345.741
345.373
344.941
344.447
343.892
343.279
342.61
341.889
341.121
340.309
339.458
338.574
337.662
336.726
335.771
334.803
333.826
332.845
331.863
330.886
329.918
328.962
328.022
327.099
326.196
325.315
324.457
323.624
322.816
322.035
321.281
320.554
319.854
319.181
318.535
317.915
317.32
316.749
316.202
315.678
315.175
314.693
314.229
313.783
313.354
312.941
312.542
312.156
311.782
311.418
311.065
310.72
310.384
310.055
309.732
309.416
309.106
308.802
308.502
308.208
307.918
307.633
307.353
307.077
306.806
306.54
306.279
306.023
305.773
305.527
305.287
305.052
304.823
304.6
304.382
304.171
303.966
303.766
303.573
303.386
303.206
303.031
302.863
302.701
302.546
302.396
302.253
302.116
301.984
301.859
301.74
301.626
301.518
301.415
301.317
301.224
301.137
301.054
300.976
300.902
300.832
300.767
300.706
300.648
300.594
300.544
300.497
300.453
300.413
300.375
300.34
300.308
300.278
300.25
300.225
300.201
324.191
324.71
325.241
325.781
326.333
326.894
327.465
328.046
328.635
329.233
329.839
330.451
331.07
331.694
332.323
332.955
333.589
334.224
334.859
335.491
336.121
336.745
337.362
337.971
338.569
339.154
339.724
340.276
340.809
341.32
341.805
342.264
342.692
343.088
343.448
343.77
344.051
344.288
344.478
344.619
344.708
344.743
344.722
344.642
344.504
344.304
344.043
343.72
343.336
342.891
342.388
341.828
341.214
340.549
339.837
339.083
338.29
337.464
336.608
335.729
334.83
333.917
332.994
332.066
331.136
330.209
329.288
328.379
327.483
326.604
325.743
324.902
324.084
323.289
322.518
321.771
321.051
320.356
319.686
319.042
318.423
317.829
317.258
316.709
316.183
315.678
315.192
314.724
314.274
313.84
313.421
313.016
312.624
312.243
311.872
311.51
311.157
310.812
310.473
310.14
309.814
309.492
309.176
308.865
308.558
308.256
307.959
307.666
307.378
307.094
306.815
306.541
306.273
306.009
305.751
305.499
305.253
305.012
304.777
304.549
304.327
304.111
303.902
303.7
303.504
303.315
303.132
302.956
302.787
302.624
302.468
302.319
302.176
302.04
301.909
301.785
301.667
301.555
301.448
301.347
301.251
301.161
301.075
300.995
300.919
300.847
300.78
300.717
300.658
300.603
300.552
300.504
300.459
300.418
300.379
300.344
300.311
300.28
300.252
300.226
300.203
322.965
323.437
323.919
324.411
324.913
325.424
325.945
326.475
327.014
327.56
328.115
328.678
329.247
329.822
330.403
330.988
331.577
332.169
332.762
333.356
333.949
334.54
335.127
335.709
336.285
336.851
337.407
337.95
338.478
338.99
339.482
339.952
340.398
340.818
341.208
341.566
341.889
342.175
342.42
342.623
342.78
342.889
342.947
342.953
342.904
342.799
342.637
342.416
342.136
341.798
341.403
340.95
340.443
339.884
339.276
338.622
337.925
337.191
336.424
335.627
334.806
333.965
333.109
332.242
331.368
330.491
329.616
328.745
327.882
327.032
326.197
325.378
324.578
323.799
323.042
322.307
321.595
320.907
320.243
319.603
318.987
318.394
317.823
317.274
316.747
316.239
315.75
315.279
314.824
314.385
313.961
313.549
313.15
312.761
312.381
312.011
311.648
311.292
310.942
310.598
310.259
309.926
309.596
309.272
308.951
308.635
308.324
308.016
307.714
307.416
307.122
306.834
306.551
306.274
306.002
305.736
305.476
305.223
304.975
304.735
304.501
304.274
304.054
303.841
303.635
303.436
303.244
303.06
302.882
302.712
302.549
302.393
302.244
302.101
301.965
301.836
301.713
301.596
301.485
301.381
301.281
301.188
301.099
301.016
300.937
300.864
300.795
300.73
300.669
300.613
300.56
300.511
300.465
300.423
300.384
300.347
300.314
300.283
300.254
300.228
300.204
321.856
322.286
322.725
323.173
323.63
324.096
324.571
325.055
325.547
326.047
326.555
327.07
327.593
328.122
328.657
329.198
329.743
330.292
330.844
331.399
331.954
332.51
333.065
333.617
334.165
334.708
335.243
335.77
336.287
336.79
337.28
337.752
338.206
338.638
339.047
339.429
339.782
340.104
340.392
340.644
340.856
341.026
341.152
341.231
341.261
341.241
341.167
341.04
340.858
340.621
340.328
339.98
339.578
339.124
338.62
338.069
337.473
336.836
336.162
335.454
334.718
333.957
333.175
332.377
331.568
330.75
329.928
329.106
328.287
327.474
326.67
325.879
325.103
324.345
323.605
322.885
322.185
321.508
320.852
320.218
319.606
319.016
318.447
317.899
317.371
316.862
316.37
315.895
315.436
314.992
314.561
314.143
313.735
313.338
312.949
312.568
312.195
311.827
311.465
311.108
310.755
310.407
310.063
309.724
309.388
309.056
308.728
308.405
308.086
307.772
307.463
307.158
306.86
306.567
306.279
305.998
305.724
305.456
305.194
304.94
304.693
304.453
304.221
303.996
303.779
303.57
303.368
303.174
302.988
302.809
302.638
302.474
302.318
302.169
302.027
301.892
301.763
301.642
301.526
301.417
301.314
301.217
301.125
301.039
300.958
300.882
300.81
300.744
300.681
300.623
300.569
300.519
300.472
300.428
300.388
300.351
300.317
300.286
300.257
300.23
300.206
320.857
321.249
321.649
322.058
322.475
322.9
323.333
323.774
324.224
324.681
325.146
325.618
326.097
326.582
327.074
327.572
328.075
328.583
329.095
329.61
330.128
330.647
331.167
331.687
332.205
332.72
333.231
333.737
334.235
334.725
335.204
335.67
336.123
336.558
336.975
337.371
337.744
338.091
338.409
338.698
338.953
339.172
339.353
339.493
339.591
339.643
339.648
339.605
339.511
339.367
339.17
338.921
338.621
338.269
337.868
337.42
336.925
336.388
335.812
335.199
334.553
333.878
333.179
332.458
331.721
330.97
330.211
329.445
328.678
327.912
327.151
326.397
325.652
324.92
324.202
323.502
322.819
322.155
321.511
320.886
320.281
319.696
319.131
318.585
318.057
317.547
317.054
316.576
316.112
315.662
315.225
314.799
314.383
313.976
313.577
313.184
312.798
312.417
312.041
311.669
311.302
310.938
310.577
310.221
309.868
309.519
309.173
308.832
308.495
308.163
307.836
307.514
307.198
306.887
306.583
306.285
305.995
305.711
305.434
305.165
304.904
304.65
304.405
304.167
303.938
303.717
303.504
303.3
303.104
302.916
302.736
302.564
302.4
302.243
302.094
301.953
301.818
301.691
301.571
301.457
301.349
301.248
301.153
301.063
300.979
300.901
300.827
300.758
300.694
300.634
300.578
300.527
300.479
300.434
300.393
300.355
300.321
300.288
300.259
300.232
300.207
319.957
320.315
320.68
321.053
321.433
321.821
322.217
322.62
323.03
323.448
323.873
324.305
324.743
325.188
325.64
326.097
326.56
327.028
327.5
327.977
328.457
328.94
329.425
329.91
330.397
330.882
331.365
331.846
332.322
332.792
333.255
333.708
334.152
334.583
334.999
335.4
335.782
336.143
336.482
336.796
337.082
337.339
337.563
337.753
337.906
338.02
338.092
338.122
338.106
338.045
337.936
337.779
337.574
337.32
337.018
336.67
336.277
335.841
335.363
334.848
334.297
333.715
333.103
332.467
331.81
331.134
330.445
329.746
329.039
328.329
327.618
326.91
326.207
325.511
324.825
324.151
323.49
322.845
322.216
321.604
321.009
320.432
319.873
319.33
318.804
318.295
317.8
317.319
316.851
316.396
315.951
315.517
315.091
314.673
314.262
313.857
313.457
313.061
312.669
312.281
311.896
311.515
311.136
310.761
310.389
310.02
309.656
309.295
308.938
308.587
308.24
307.899
307.564
307.235
306.912
306.596
306.288
305.987
305.694
305.409
305.132
304.864
304.604
304.353
304.111
303.877
303.653
303.437
303.23
303.031
302.842
302.661
302.488
302.323
302.167
302.019
301.878
301.745
301.619
301.5
301.388
301.282
301.183
301.09
301.003
300.921
300.845
300.774
300.707
300.646
300.588
300.535
300.486
300.44
300.398
300.36
300.324
300.291
300.261
300.234
300.209
319.145
319.472
319.806
320.146
320.494
320.848
321.209
321.578
321.952
322.334
322.722
323.117
323.518
323.925
324.338
324.757
325.182
325.612
326.047
326.486
326.929
327.375
327.825
328.276
328.73
329.183
329.637
330.089
330.539
330.986
331.428
331.864
332.293
332.713
333.122
333.519
333.902
334.269
334.618
334.948
335.255
335.537
335.794
336.021
336.218
336.382
336.51
336.601
336.653
336.664
336.633
336.559
336.44
336.277
336.069
335.818
335.522
335.184
334.806
334.389
333.935
333.448
332.93
332.383
331.812
331.22
330.609
329.983
329.346
328.7
328.049
327.395
326.742
326.092
325.446
324.808
324.179
323.561
322.955
322.362
321.782
321.216
320.665
320.129
319.607
319.099
318.604
318.121
317.649
317.187
316.735
316.291
315.854
315.425
315
314.58
314.165
313.753
313.343
312.937
312.534
312.133
311.734
311.339
310.946
310.557
310.171
309.789
309.411
309.039
308.672
308.31
307.955
307.606
307.264
306.93
306.603
306.284
305.973
305.671
305.378
305.093
304.818
304.552
304.296
304.049
303.811
303.583
303.364
303.155
302.955
302.764
302.582
302.409
302.245
302.089
301.941
301.802
301.67
301.545
301.428
301.318
301.215
301.118
301.027
300.943
300.864
300.79
300.721
300.658
300.598
300.544
300.493
300.446
300.403
300.364
300.327
300.294
300.264
300.236
300.21
318.407
318.707
319.012
319.323
319.641
319.965
320.295
320.631
320.973
321.321
321.676
322.036
322.403
322.775
323.153
323.536
323.924
324.318
324.717
325.12
325.527
325.939
326.353
326.771
327.19
327.612
328.034
328.457
328.879
329.299
329.717
330.132
330.541
330.945
331.341
331.728
332.105
332.47
332.821
333.157
333.475
333.774
334.052
334.307
334.536
334.738
334.91
335.051
335.159
335.231
335.267
335.265
335.224
335.142
335.02
334.858
334.654
334.411
334.128
333.808
333.451
333.06
332.636
332.183
331.703
331.198
330.672
330.127
329.566
328.993
328.41
327.82
327.226
326.629
326.033
325.44
324.851
324.268
323.693
323.127
322.57
322.023
321.488
320.963
320.449
319.945
319.451
318.967
318.491
318.023
317.562
317.108
316.66
316.217
315.777
315.342
314.909
314.479
314.051
313.625
313.202
312.78
312.361
311.944
311.529
311.118
310.711
310.307
309.908
309.514
309.125
308.743
308.366
307.997
307.635
307.28
306.934
306.596
306.267
305.947
305.636
305.335
305.044
304.762
304.491
304.23
303.979
303.738
303.507
303.286
303.075
302.874
302.682
302.5
302.327
302.163
302.008
301.862
301.724
301.594
301.471
301.356
301.248
301.148
301.053
300.965
300.883
300.807
300.736
300.67
300.609
300.553
300.501
300.453
300.409
300.368
300.331
300.297
300.266
300.237
300.211
317.729
318.003
318.283
318.568
318.858
319.154
319.455
319.762
320.075
320.392
320.716
321.045
321.379
321.719
322.063
322.413
322.768
323.128
323.492
323.861
324.235
324.612
324.992
325.376
325.763
326.152
326.543
326.935
327.328
327.72
328.112
328.501
328.888
329.272
329.65
330.022
330.387
330.744
331.09
331.424
331.746
332.052
332.342
332.613
332.864
333.093
333.299
333.478
333.629
333.752
333.843
333.902
333.926
333.916
333.87
333.787
333.667
333.511
333.318
333.089
332.825
332.528
332.198
331.838
331.45
331.036
330.598
330.139
329.661
329.167
328.659
328.14
327.612
327.078
326.54
325.999
325.459
324.92
324.383
323.851
323.325
322.804
322.289
321.782
321.281
320.787
320.3
319.818
319.342
318.871
318.404
317.941
317.481
317.025
316.571
316.119
315.669
315.221
314.773
314.328
313.883
313.441
313
312.561
312.125
311.692
311.262
310.837
310.416
310
309.589
309.185
308.787
308.397
308.014
307.64
307.274
306.917
306.569
306.231
305.903
305.584
305.277
304.98
304.693
304.417
304.152
303.898
303.655
303.422
303.199
302.988
302.786
302.594
302.413
302.241
302.078
301.924
301.78
301.644
301.516
301.396
301.283
301.178
301.08
300.988
300.903
300.824
300.751
300.683
300.62
300.562
300.508
300.459
300.414
300.372
300.334
300.299
300.268
300.239
300.212
317.094
317.345
317.602
317.862
318.128
318.398
318.673
318.953
319.238
319.528
319.822
320.122
320.427
320.736
321.05
321.369
321.693
322.021
322.353
322.69
323.03
323.375
323.723
324.074
324.429
324.786
325.146
325.507
325.87
326.233
326.597
326.961
327.323
327.683
328.04
328.393
328.742
329.084
329.419
329.746
330.063
330.369
330.662
330.942
331.205
331.451
331.678
331.884
332.068
332.228
332.363
332.47
332.548
332.597
332.615
332.601
332.555
332.475
332.363
332.218
332.04
331.831
331.591
331.321
331.023
330.698
330.348
329.976
329.583
329.171
328.742
328.299
327.844
327.378
326.904
326.424
325.938
325.45
324.96
324.47
323.98
323.492
323.006
322.522
322.041
321.563
321.087
320.614
320.143
319.673
319.205
318.736
318.269
317.802
317.336
316.87
316.405
315.94
315.475
315.011
314.547
314.085
313.624
313.165
312.708
312.254
311.803
311.357
310.915
310.478
310.047
309.622
309.204
308.794
308.392
307.998
307.613
307.237
306.871
306.515
306.17
305.835
305.512
305.199
304.897
304.607
304.328
304.061
303.805
303.56
303.326
303.104
302.892
302.691
302.5
302.32
302.149
301.988
301.837
301.694
301.561
301.436
301.318
301.209
301.107
301.012
300.923
300.841
300.766
300.695
300.63
300.571
300.516
300.465
300.419
300.376
300.337
300.302
300.269
300.24
300.213
316.485
316.716
316.951
317.189
317.432
317.679
317.93
318.185
318.445
318.708
318.976
319.249
319.526
319.807
320.093
320.383
320.677
320.975
321.277
321.584
321.894
322.207
322.524
322.845
323.168
323.495
323.824
324.155
324.488
324.822
325.158
325.493
325.829
326.164
326.498
326.829
327.157
327.482
327.801
328.115
328.422
328.72
329.009
329.288
329.555
329.809
330.047
330.27
330.475
330.661
330.826
330.969
331.089
331.183
331.252
331.295
331.309
331.295
331.251
331.179
331.077
330.946
330.787
330.6
330.385
330.145
329.88
329.592
329.282
328.951
328.602
328.236
327.855
327.461
327.055
326.639
326.214
325.782
325.344
324.901
324.454
324.005
323.553
323.1
322.645
322.189
321.731
321.273
320.813
320.351
319.887
319.422
318.953
318.482
318.01
317.535
317.06
316.583
316.105
315.626
315.148
314.67
314.192
313.717
313.243
312.771
312.303
311.839
311.379
310.925
310.476
310.033
309.598
309.17
308.75
308.339
307.937
307.545
307.162
306.79
306.429
306.079
305.74
305.413
305.098
304.794
304.502
304.222
303.953
303.697
303.452
303.219
302.997
302.787
302.587
302.399
302.22
302.052
301.894
301.746
301.606
301.476
301.354
301.24
301.134
301.035
300.944
300.859
300.78
300.708
300.641
300.579
300.523
300.471
300.423
300.38
300.34
300.304
300.271
300.241
300.214
315.889
316.101
316.315
316.534
316.755
316.981
317.21
317.442
317.678
317.918
318.161
318.408
318.659
318.914
319.173
319.436
319.702
319.972
320.247
320.525
320.806
321.09
321.378
321.669
321.963
322.26
322.559
322.861
323.164
323.469
323.776
324.084
324.392
324.701
325.008
325.315
325.621
325.924
326.223
326.519
326.81
327.096
327.374
327.645
327.908
328.16
328.401
328.63
328.845
329.045
329.228
329.395
329.542
329.67
329.776
329.86
329.921
329.958
329.97
329.957
329.918
329.853
329.763
329.648
329.507
329.342
329.153
328.941
328.708
328.454
328.181
327.889
327.58
327.256
326.918
326.566
326.203
325.83
325.446
325.055
324.656
324.25
323.837
323.42
322.997
322.569
322.137
321.7
321.258
320.812
320.361
319.906
319.445
318.98
318.51
318.037
317.559
317.079
316.597
316.113
315.627
315.141
314.655
314.17
313.685
313.203
312.724
312.248
311.776
311.31
310.848
310.393
309.944
309.503
309.07
308.646
308.23
307.825
307.429
307.044
306.669
306.306
305.955
305.615
305.287
304.971
304.667
304.375
304.096
303.829
303.574
303.331
303.1
302.88
302.672
302.476
302.29
302.115
301.95
301.796
301.651
301.515
301.388
301.27
301.16
301.058
300.963
300.876
300.794
300.72
300.651
300.587
300.529
300.476
300.427
300.383
300.342
300.306
300.272
300.242
300.214
315.296
315.49
315.686
315.885
316.088
316.293
316.501
316.713
316.927
317.145
317.365
317.589
317.816
318.046
318.28
318.517
318.757
319
319.247
319.498
319.751
320.008
320.268
320.531
320.797
321.065
321.335
321.608
321.883
322.159
322.437
322.716
322.996
323.277
323.558
323.838
324.118
324.396
324.673
324.947
325.217
325.484
325.746
326.003
326.253
326.495
326.73
326.955
327.169
327.373
327.563
327.74
327.902
328.049
328.178
328.289
328.382
328.455
328.507
328.537
328.547
328.533
328.498
328.44
328.359
328.257
328.132
327.986
327.819
327.633
327.426
327.202
326.959
326.7
326.425
326.136
325.833
325.516
325.188
324.849
324.499
324.139
323.77
323.392
323.006
322.613
322.212
321.803
321.388
320.965
320.536
320.101
319.658
319.209
318.754
318.293
317.827
317.356
316.881
316.403
315.922
315.439
314.956
314.471
313.988
313.505
313.024
312.546
312.071
311.6
311.134
310.673
310.219
309.771
309.331
308.899
308.476
308.061
307.657
307.262
306.879
306.506
306.144
305.795
305.457
305.131
304.817
304.516
304.227
303.951
303.687
303.435
303.196
302.968
302.753
302.549
302.356
302.175
302.004
301.843
301.693
301.553
301.421
301.299
301.185
301.08
300.982
300.891
300.808
300.731
300.66
300.595
300.535
300.481
300.431
300.386
300.345
300.307
300.273
300.242
300.214
314.705
314.882
315.062
315.244
315.428
315.615
315.804
315.996
316.19
316.387
316.587
316.789
316.994
317.201
317.411
317.624
317.839
318.058
318.278
318.502
318.729
318.958
319.189
319.424
319.661
319.901
320.142
320.386
320.632
320.879
321.127
321.377
321.628
321.879
322.131
322.383
322.635
322.886
323.136
323.384
323.63
323.873
324.113
324.349
324.58
324.805
325.025
325.237
325.441
325.637
325.823
325.999
326.163
326.314
326.453
326.577
326.686
326.778
326.854
326.913
326.954
326.976
326.979
326.962
326.926
326.871
326.796
326.702
326.589
326.457
326.307
326.138
325.953
325.751
325.533
325.299
325.051
324.789
324.513
324.224
323.923
323.611
323.287
322.953
322.609
322.254
321.891
321.518
321.136
320.746
320.348
319.942
319.528
319.107
318.679
318.243
317.801
317.353
316.9
316.442
315.981
315.516
315.048
314.579
314.109
313.638
313.168
312.699
312.232
311.768
311.307
310.851
310.399
309.953
309.514
309.081
308.657
308.24
307.833
307.435
307.046
306.668
306.301
305.946
305.601
305.269
304.948
304.64
304.344
304.06
303.789
303.53
303.283
303.049
302.826
302.616
302.417
302.23
302.053
301.888
301.733
301.588
301.452
301.326
301.209
301.1
300.999
300.906
300.82
300.741
300.669
300.602
300.541
300.485
300.434
300.388
300.346
300.308
300.274
300.242
300.214
314.126
314.287
314.451
314.617
314.784
314.954
315.126
315.299
315.475
315.653
315.833
316.015
316.198
316.384
316.573
316.763
316.955
317.149
317.346
317.544
317.744
317.947
318.151
318.358
318.566
318.777
318.989
319.203
319.419
319.636
319.854
320.073
320.293
320.513
320.734
320.955
321.175
321.395
321.614
321.832
322.049
322.263
322.475
322.684
322.889
323.091
323.287
323.479
323.665
323.844
324.015
324.178
324.332
324.476
324.61
324.733
324.844
324.942
325.027
325.097
325.153
325.194
325.219
325.229
325.221
325.198
325.157
325.1
325.026
324.936
324.829
324.706
324.567
324.412
324.242
324.058
323.858
323.645
323.418
323.178
322.926
322.661
322.384
322.096
321.796
321.486
321.166
320.836
320.496
320.147
319.789
319.423
319.048
318.665
318.275
317.877
317.472
317.061
316.643
316.219
315.79
315.357
314.919
314.478
314.034
313.589
313.142
312.694
312.247
311.801
311.356
310.914
310.475
310.04
309.609
309.185
308.766
308.354
307.95
307.554
307.166
306.788
306.42
306.062
305.715
305.379
305.055
304.742
304.441
304.152
303.876
303.611
303.359
303.119
302.891
302.676
302.472
302.279
302.098
301.928
301.768
301.619
301.48
301.35
301.23
301.118
301.015
300.919
300.831
300.75
300.676
300.608
300.546
300.489
300.437
300.39
300.348
300.309
300.274
300.242
300.214
313.584
313.732
313.881
314.032
314.184
314.338
314.493
314.65
314.809
314.969
315.13
315.294
315.458
315.624
315.792
315.961
316.132
316.304
316.477
316.652
316.828
317.005
317.184
317.364
317.545
317.727
317.911
318.095
318.28
318.467
318.654
318.841
319.03
319.218
319.406
319.594
319.782
319.968
320.154
320.339
320.523
320.704
320.884
321.061
321.235
321.406
321.573
321.736
321.894
322.047
322.195
322.336
322.47
322.597
322.716
322.826
322.927
323.018
323.098
323.168
323.225
323.271
323.304
323.325
323.332
323.326
323.306
323.273
323.225
323.164
323.089
323
322.897
322.781
322.651
322.508
322.352
322.183
322.001
321.808
321.602
321.384
321.155
320.915
320.665
320.403
320.131
319.85
319.558
319.257
318.947
318.628
318.3
317.964
317.62
317.269
316.909
316.543
316.169
315.789
315.403
315.01
314.612
314.209
313.801
313.39
312.975
312.558
312.139
311.719
311.298
310.878
310.459
310.042
309.627
309.216
308.809
308.408
308.012
307.623
307.241
306.867
306.502
306.146
305.799
305.463
305.137
304.822
304.519
304.227
303.947
303.679
303.423
303.179
302.947
302.727
302.518
302.322
302.137
301.963
301.799
301.647
301.504
301.372
301.248
301.134
301.029
300.931
300.841
300.758
300.683
300.613
300.55
300.492
300.44
300.392
300.349
300.31
300.274
300.242
300.214
313.136
313.271
313.408
313.546
313.685
313.825
313.967
314.11
314.254
314.399
314.545
314.692
314.841
314.99
315.14
315.291
315.443
315.596
315.75
315.905
316.06
316.215
316.372
316.529
316.686
316.844
317.002
317.16
317.319
317.477
317.636
317.795
317.953
318.111
318.269
318.426
318.582
318.737
318.891
319.043
319.194
319.343
319.49
319.634
319.775
319.914
320.049
320.181
320.309
320.432
320.551
320.665
320.774
320.876
320.973
321.062
321.145
321.22
321.287
321.346
321.396
321.437
321.468
321.49
321.501
321.502
321.492
321.472
321.441
321.399
321.346
321.282
321.207
321.12
321.023
320.915
320.795
320.665
320.524
320.373
320.211
320.038
319.855
319.662
319.458
319.245
319.022
318.789
318.547
318.295
318.034
317.764
317.484
317.196
316.9
316.595
316.282
315.96
315.631
315.295
314.951
314.6
314.241
313.877
313.506
313.13
312.749
312.363
311.974
311.581
311.186
310.789
310.392
309.995
309.598
309.203
308.81
308.421
308.036
307.656
307.282
306.914
306.553
306.201
305.857
305.522
305.197
304.882
304.577
304.284
304.002
303.731
303.473
303.226
302.99
302.767
302.556
302.356
302.168
301.99
301.824
301.669
301.524
301.389
301.263
301.147
301.039
300.94
300.849
300.765
300.688
300.617
300.553
300.495
300.441
300.393
300.349
300.31
300.274
300.242
300.213
312.868
312.996
313.125
313.255
313.386
313.517
313.65
313.784
313.919
314.054
314.19
314.327
314.465
314.604
314.743
314.883
315.023
315.164
315.305
315.447
315.589
315.731
315.873
316.015
316.158
316.3
316.442
316.583
316.725
316.866
317.006
317.145
317.284
317.422
317.559
317.694
317.828
317.961
318.092
318.221
318.348
318.473
318.596
318.715
318.832
318.946
319.057
319.164
319.268
319.368
319.463
319.554
319.641
319.722
319.799
319.87
319.935
319.994
320.047
320.093
320.133
320.166
320.191
320.209
320.219
320.221
320.215
320.201
320.178
320.147
320.107
320.058
320.001
319.934
319.859
319.775
319.681
319.578
319.466
319.345
319.214
319.075
318.925
318.767
318.599
318.421
318.234
318.037
317.831
317.616
317.391
317.156
316.913
316.659
316.397
316.125
315.845
315.555
315.257
314.95
314.635
314.312
313.981
313.642
313.297
312.944
312.586
312.222
311.852
311.479
311.102
310.722
310.339
309.956
309.572
309.188
308.806
308.426
308.048
307.675
307.306
306.943
306.586
306.236
305.894
305.56
305.236
304.921
304.616
304.321
304.038
303.766
303.505
303.256
303.019
302.794
302.58
302.378
302.188
302.009
301.84
301.683
301.536
301.4
301.273
301.155
301.046
300.946
300.854
300.769
300.691
300.62
300.555
300.496
300.443
300.394
300.35
300.31
300.274
300.242
300.213
300.144
300.101
300.071
300.049
300.033
300.022
300.015
300.009
300.006
300.004
300.002
300.001
300.001
300
300
300
300
300
300
300
300
300
300
300
300
300
300
300
300
300
300
300
300
300
300
300
300
300
300
300
300
300
300
300
300
300
300
300
300
300
300
300.144
300.101
300.071
300.049
300.033
300.022
300.015
300.009
300.006
300.004
300.002
300.001
300.001
300
300
300
300
300
300
300
300
300
300
300
300
300
300
300
300
300
300
300
300
300
300
300
300
300
300
300
300
300
300
300
300
300
300
300
300
300
300
300.144
300.101
300.071
300.049
300.033
300.022
300.015
300.009
300.006
300.004
300.002
300.001
300.001
300
300
300
300
300
300
300
300
300
300
300
300
300
300
300
300
300
300
300
300
300
300
300
300
300
300
300
300
300
300
300
300
300
300
300
300
300
300
300.144
300.102
300.071
300.049
300.033
300.022
300.015
300.009
300.006
300.004
300.002
300.001
300.001
300
300
300
300
300
300
300
300
300
300
300
300
300
300
300
300
300
300
300
300
300
300
300
300
300
300
300
300
300
300
300
300
300
300
300
300
300
300
300.144
300.102
300.071
300.049
300.033
300.022
300.015
300.009
300.006
300.004
300.002
300.001
300.001
300
300
300
300
300
300
300
300
300
300
300
300
300
300
300
300
300
300
300
300
300
300
300
300
300
300
300
300
300
300
300
300
300
300
300
300
300
300
300.144
300.102
300.071
300.049
300.033
300.022
300.015
300.009
300.006
300.004
300.002
300.001
300.001
300
300
300
300
300
300
300
300
300
300
300
300
300
300
300
300
300
300
300
300
300
300
300
300
300
300
300
300
300
300
300
300
300
300
300
300
300
300
300.145
300.102
300.071
300.049
300.033
300.022
300.015
300.01
300.006
300.004
300.002
300.001
300.001
300
300
300
300
300
300
300
300
300
300
300
300
300
300
300
300
300
300
300
300
300
300
300
300
300
300
300
300
300
300
300
300
300
300
300
300
300
300
300.145
300.102
300.071
300.049
300.033
300.022
300.015
300.01
300.006
300.004
300.002
300.001
300.001
300
300
300
300
300
300
300
300
300
300
300
300
300
300
300
300
300
300
300
300
300
300
300
300
300
300
300
300
300
300
300
300
300
300
300
300
300
300
300.145
300.103
300.072
300.049
300.034
300.022
300.015
300.01
300.006
300.004
300.002
300.001
300.001
300
300
300
300
300
300
300
300
300
300
300
300
300
300
300
300
300
300
300
300
300
300
300
300
300
300
300
300
300
300
300
300
300
300
300
300
300
300
300.146
300.103
300.072
300.05
300.034
300.023
300.015
300.01
300.006
300.004
300.002
300.001
300.001
300
300
300
300
300
300
300
300
300
300
300
300
300
300
300
300
300
300
300
300
300
300
300
300
300
300
300
300
300
300
300
300
300
300
300
300
300
300
300.146
300.103
300.072
300.05
300.034
300.023
300.015
300.01
300.006
300.004
300.002
300.001
300.001
300
300
300
300
300
300
300
300
300
300
300
300
300
300
300
300
300
300
300
300
300
300
300
300
300
300
300
300
300
300
300
300
300
300
300
300
300
300
300.147
300.104
300.072
300.05
300.034
300.023
300.015
300.01
300.006
300.004
300.002
300.001
300.001
300
300
300
300
300
300
300
300
300
300
300
300
300
300
300
300
300
300
300
300
300
300
300
300
300
300
300
300
300
300
300
300
300
300
300
300
300
300
300.147
300.104
300.073
300.05
300.034
300.023
300.015
300.01
300.006
300.004
300.002
300.001
300.001
300
300
300
300
300
300
300
300
300
300
300
300
300
300
300
300
300
300
300
300
300
300
300
300
300
300
300
300
300
300
300
300
300
300
300
300
300
300
300.148
300.105
300.073
300.05
300.034
300.023
300.015
300.01
300.006
300.004
300.002
300.001
300.001
300
300
300
300
300
300
300
300
300
300
300
300
300
300
300
300
300
300
300
300
300
300
300
300
300
300
300
300
300
300
300
300
300
300
300
300
300
300
300.149
300.105
300.074
300.051
300.035
300.023
300.015
300.01
300.006
300.004
300.002
300.001
300.001
300
300
300
300
300
300
300
300
300
300
300
300
300
300
300
300
300
300
300
300
300
300
300
300
300
300
300
300
300
300
300
300
300
300
300
300
300
300
300.15
300.106
300.074
300.051
300.035
300.023
300.015
300.01
300.006
300.004
300.002
300.001
300.001
300
300
300
300
300
300
300
300
300
300
300
300
300
300
300
300
300
300
300
300
300
300
300
300
300
300
300
300
300
300
300
300
300
300
300
300
300
300
300.15
300.106
300.074
300.051
300.035
300.023
300.015
300.01
300.006
300.004
300.002
300.001
300.001
300
300
300
300
300
300
300
300
300
300
300
300
300
300
300
300
300
300
300
300
300
300
300
300
300
300
300
300
300
300
300
300
300
300
300
300
300
300
300.151
300.107
300.075
300.052
300.035
300.024
300.016
300.01
300.006
300.004
300.002
300.001
300.001
300
300
300
300
300
300
300
300
300
300
300
300
300
300
300
300
300
300
300
300
300
300
300
300
300
300
300
300
300
300
300
300
300
300
300
300
300
300
300.152
300.108
300.075
300.052
300.035
300.024
300.016
300.01
300.006
300.004
300.002
300.001
300.001
300
300
300
300
300
300
300
300
300
300
300
300
300
300
300
300
300
300
300
300
300
300
300
300
300
300
300
300
300
300
300
300
300
300
300
300
300
300
300.153
300.108
300.076
300.052
300.036
300.024
300.016
300.01
300.006
300.004
300.002
300.001
300.001
300
300
300
300
300
300
300
300
300
300
300
300
300
300
300
300
300
300
300
300
300
300
300
300
300
300
300
300
300
300
300
300
300
300
300
300
300
300
300.154
300.109
300.076
300.052
300.036
300.024
300.016
300.01
300.007
300.004
300.002
300.001
300.001
300
300
300
300
300
300
300
300
300
300
300
300
300
300
300
300
300
300
300
300
300
300
300
300
300
300
300
300
300
300
300
300
300
300
300
300
300
300
300.155
300.11
300.076
300.053
300.036
300.024
300.016
300.01
300.007
300.004
300.002
300.001
300.001
300
300
300
300
300
300
300
300
300
300
300
300
300
300
300
300
300
300
300
300
300
300
300
300
300
300
300
300
300
300
300
300
300
300
300
300
300
300
300.156
300.11
300.077
300.053
300.036
300.024
300.016
300.01
300.007
300.004
300.002
300.001
300.001
300
300
300
300
300
300
300
300
300
300
300
300
300
300
300
300
300
300
300
300
300
300
300
300
300
300
300
300
300
300
300
300
300
300
300
300
300
300
300.157
300.111
300.077
300.053
300.036
300.024
300.016
300.01
300.007
300.004
300.002
300.001
300.001
300
300
300
300
300
300
300
300
300
300
300
300
300
300
300
300
300
300
300
300
300
300
300
300
300
300
300
300
300
300
300
300
300
300
300
300
300
300
300.158
300.111
300.078
300.053
300.036
300.024
300.016
300.01
300.007
300.004
300.002
300.001
300.001
300
300
300
300
300
300
300
300
300
300
300
300
300
300
300
300
300
300
300
300
300
300
300
300
300
300
300
300
300
300
300
300
300
300
300
300
300
300
300.159
300.112
300.078
300.053
300.036
300.024
300.016
300.01
300.007
300.004
300.002
300.001
300.001
300
300
300
300
300
300
300
300
300
300
300
300
300
300
300
300
300
300
300
300
300
300
300
300
300
300
300
300
300
300
300
300
300
300
300
300
300
300
300.16
300.112
300.078
300.054
300.036
300.024
300.016
300.01
300.007
300.004
300.002
300.001
300.001
300
300
300
300
300
300
300
300
300
300
300
300
300
300
300
300
300
300
300
300
300
300
300
300
300
300
300
300
300
300
300
300
300
300
300
300
300
300
300.161
300.113
300.078
300.054
300.036
300.024
300.016
300.01
300.007
300.004
300.002
300.001
300.001
300
300
300
300
300
300
300
300
300
300
300
300
300
300
300
300
300
300
300
300
300
300
300
300
300
300
300
300
300
300
300
300
300
300
300
300
300
300
300.162
300.113
300.078
300.054
300.036
300.024
300.016
300.01
300.006
300.004
300.002
300.001
300.001
300
300
300
300
300
300
300
300
300
300
300
300
300
300
300
300
300
300
300
300
300
300
300
300
300
300
300
300
300
300
300
300
300
300
300
300
300
300
300.162
300.113
300.078
300.053
300.036
300.024
300.016
300.01
300.006
300.004
300.002
300.001
300.001
300
300
300
300
300
300
300
300
300
300
300
300
300
300
300
300
300
300
300
300
300
300
300
300
300
300
300
300
300
300
300
300
300
300
300
300
300
300
300.163
300.113
300.078
300.053
300.036
300.024
300.016
300.01
300.006
300.004
300.002
300.001
300.001
300
300
300
300
300
300
300
300
300
300
300
300
300
300
300
300
300
300
300
300
300
300
300
300
300
300
300
300
300
300
300
300
300
300
300
300
300
300
300.163
300.113
300.078
300.053
300.036
300.024
300.015
300.01
300.006
300.004
300.002
300.001
300.001
300
300
300
300
300
300
300
300
300
300
300
300
300
300
300
300
300
300
300
300
300
300
300
300
300
300
300
300
300
300
300
300
300
300
300
300
300
300
300.163
300.113
300.077
300.053
300.035
300.023
300.015
300.01
300.006
300.004
300.002
300.001
300.001
300
300
300
300
300
300
300
300
300
300
300
300
300
300
300
300
300
300
300
300
300
300
300
300
300
300
300
300
300
300
300
300
300
300
300
300
300
300
300.163
300.113
300.077
300.052
300.035
300.023
300.015
300.01
300.006
300.004
300.002
300.001
300.001
300
300
300
300
300
300
300
300
300
299.999
299.999
299.999
299.999
299.999
299.999
299.999
299.999
299.999
299.999
299.999
299.999
299.999
299.999
299.999
299.999
299.999
299.999
299.999
299.999
299.999
299.999
299.999
299.999
299.999
299.999
299.999
299.999
299.999
300.163
300.112
300.076
300.051
300.034
300.023
300.015
300.009
300.006
300.004
300.002
300.001
300
300
300
300
300
300
300
300
299.999
299.999
299.999
299.999
299.999
299.999
299.999
299.999
299.999
299.999
299.999
299.999
299.999
299.999
299.999
299.999
299.999
299.999
299.999
299.999
299.999
299.999
299.999
299.999
299.999
299.999
299.999
299.999
299.999
299.999
299.999
300.163
300.111
300.076
300.051
300.034
300.022
300.014
300.009
300.006
300.003
300.002
300.001
300
300
300
300
300
300
300
300
299.999
299.999
299.999
299.999
299.999
299.999
299.999
299.999
299.999
299.999
299.999
299.999
299.999
299.999
299.999
299.999
299.999
299.999
299.999
299.999
299.999
299.999
299.999
299.999
299.999
299.999
299.999
299.999
299.999
299.999
299.999
300.162
300.111
300.075
300.05
300.033
300.022
300.014
300.009
300.006
300.003
300.002
300.001
300
300
300
300
300
300
300
299.999
299.999
299.999
299.999
299.999
299.999
299.999
299.999
299.999
299.999
299.999
299.999
299.999
299.999
299.999
299.999
299.999
299.999
299.999
299.999
299.999
299.999
299.999
299.999
299.999
299.999
299.999
299.999
299.999
299.999
299.999
299.999
300.161
300.11
300.074
300.049
300.033
300.021
300.014
300.009
300.005
300.003
300.002
300.001
300
300
300
300
300
300
299.999
299.999
299.999
299.999
299.999
299.999
299.999
299.999
299.999
299.999
299.999
299.999
299.999
299.999
299.999
299.999
299.999
299.999
299.999
299.999
299.999
299.999
299.999
299.999
299.999
299.999
299.999
299.999
299.999
299.999
299.999
299.999
299.999
300.161
300.109
300.073
300.049
300.032
300.021
300.013
300.008
300.005
300.003
300.002
300.001
300
300
300
300
300
300
299.999
299.999
299.999
299.999
299.999
299.999
299.999
299.999
299.999
299.999
299.999
299.999
299.999
299.999
299.999
299.999
299.999
299.999
299.999
299.999
299.999
299.999
299.999
299.999
299.999
299.999
299.999
299.999
299.999
299.999
299.999
299.999
299.999
300.16
300.108
300.073
300.048
300.032
300.021
300.013
300.008
300.005
300.003
300.002
300.001
300
300
300
300
300
300
299.999
299.999
299.999
299.999
299.999
299.999
299.999
299.999
299.999
299.999
299.999
299.999
299.999
299.999
299.999
299.999
299.999
299.999
299.999
299.999
299.999
299.999
299.999
299.999
299.999
299.999
299.999
299.999
299.999
299.999
299.999
299.999
299.999
300.16
300.108
300.072
300.048
300.031
300.02
300.013
300.008
300.005
300.003
300.002
300.001
300
300
300
300
300
300
299.999
299.999
299.999
299.999
299.999
299.999
299.999
299.999
299.999
299.999
299.999
299.999
299.999
299.999
299.999
299.999
299.999
299.999
299.999
299.999
299.999
299.999
299.999
299.999
299.999
299.999
299.999
299.999
299.999
299.999
299.999
299.999
299.999
)
;

boundaryField
{
    inlet
    {
        type            fixedValue;
        value           uniform 300;
    }
    outlet
    {
        type            zeroGradient;
    }
    top
    {
        type            zeroGradient;
    }
    slip-bottom
    {
        type            zeroGradient;
    }
    bottom
    {
        type            zeroGradient;
    }
    interface
    {
        type            fixedGradient;
        gradient        nonuniform List<scalar> 
161
(
2999.99
2999.99
2999.99
2999.99
2999.99
2999.99
2999.99
2999.99
2999.99
2999.99
2999.99
2999.99
2999.99
2999.99
2999.99
2999.99
2999.99
2999.99
2999.99
2999.99
-2.55795e-13
-2.55795e-13
-2.55795e-13
-2.55795e-13
-2.55795e-13
-2.55795e-13
-2.55795e-13
-2.55795e-13
-2.55795e-13
-2.55795e-13
-2.55795e-13
-2.55795e-13
-2.55795e-13
-2.55795e-13
-2.55795e-13
-2.55795e-13
-2.55795e-13
-2.55795e-13
-2.55795e-13
-2.55795e-13
-2.41585e-12
-2.41585e-12
-2.41585e-12
-2.41585e-12
-2.41585e-12
-2.41585e-12
-2.41585e-12
-2.41585e-12
-2.41585e-12
-2.41585e-12
-2.41585e-12
-2.41585e-12
-2.41585e-12
-2.41585e-12
-2.41585e-12
-2.41585e-12
-7.10543e-13
-7.10543e-13
-7.10543e-13
-7.10543e-13
-7.10543e-13
-7.10543e-13
-7.10543e-13
-7.10543e-13
-7.10543e-13
-7.10543e-13
-7.10543e-13
-7.10543e-13
-7.10543e-13
-7.10543e-13
-7.10543e-13
5.68434e-14
5.68434e-14
5.68434e-14
5.68434e-14
5.68434e-14
5.68434e-14
5.68434e-14
5.68434e-14
5.68434e-14
5.68434e-14
5.68434e-14
5.68434e-14
8.52651e-14
8.52651e-14
8.52651e-14
8.52651e-14
8.52651e-14
8.52651e-14
8.52651e-14
8.52651e-14
8.52651e-14
8.52651e-14
8.52651e-14
-2.84217e-13
-2.84217e-13
-2.84217e-13
-2.84217e-13
-2.84217e-13
-2.84217e-13
-2.84217e-13
-2.84217e-13
-2.84217e-13
-2.84217e-13
1.13687e-12
1.13687e-12
1.13687e-12
1.13687e-12
1.13687e-12
1.13687e-12
1.13687e-12
1.13687e-12
1.13687e-12
4.26326e-13
4.26326e-13
4.26326e-13
4.26326e-13
4.26326e-13
4.26326e-13
4.26326e-13
4.26326e-13
-1.39266e-12
-1.39266e-12
-1.39266e-12
-1.39266e-12
-1.39266e-12
-1.39266e-12
-1.39266e-12
-1.39266e-12
-5.68434e-14
-5.68434e-14
-5.68434e-14
-5.68434e-14
-5.68434e-14
-5.68434e-14
-5.68434e-14
5.68434e-14
5.68434e-14
5.68434e-14
5.68434e-14
5.68434e-14
5.68434e-14
5.68434e-14
-4.83169e-13
-4.83169e-13
-4.83169e-13
-4.83169e-13
-4.83169e-13
-4.83169e-13
-3.69482e-13
-3.69482e-13
-3.69482e-13
-3.69482e-13
-3.69482e-13
-3.69482e-13
2.21689e-12
2.21689e-12
2.21689e-12
2.21689e-12
2.21689e-12
2.21689e-12
)
;
    }
    defaultFaces
    {
        type            empty;
    }
}


// ************************************************************************* //
