/*--------------------------------*- C++ -*----------------------------------*\
  =========                 |
  \\      /  F ield         | OpenFOAM: The Open Source CFD Toolbox
   \\    /   O peration     | Website:  https://openfoam.org
    \\  /    A nd           | Version:  7
     \\/     M anipulation  |
\*---------------------------------------------------------------------------*/
FoamFile
{
    version     2.0;
    format      ascii;
    class       volVectorField;
    location    "0.5";
    object      U;
}
// * * * * * * * * * * * * * * * * * * * * * * * * * * * * * * * * * * * * * //

dimensions      [0 1 -1 0 0 0 0];

internalField   nonuniform List<vector> 
2790
(
(9.94396 0.0205389 0)
(9.87562 0.0296086 0)
(9.77502 0.0360053 0)
(9.64921 0.0425568 0)
(9.50389 0.0493612 0)
(9.34 0.0563686 0)
(9.15675 0.0637094 0)
(8.95325 0.0715455 0)
(8.72872 0.0800143 0)
(8.48219 0.0892393 0)
(8.21251 0.0993427 0)
(7.91833 0.110448 0)
(7.59822 0.122679 0)
(7.25063 0.136149 0)
(6.87407 0.150958 0)
(6.46712 0.167171 0)
(6.02862 0.184801 0)
(5.55787 0.203776 0)
(5.05483 0.223893 0)
(4.5205 0.244762 0)
(3.95727 0.26572 0)
(3.3694 0.285695 0)
(2.7636 0.302982 0)
(2.14971 0.314794 0)
(1.54169 0.316343 0)
(0.959394 0.299044 0)
(0.43304 0.248122 0)
(0.0244545 0.138437 0)
(-0.214689 -0.0518991 0)
(-0.085332 -0.184019 0)
(9.99847 0.0407501 0)
(9.98135 0.0624446 0)
(9.93556 0.0791865 0)
(9.86394 0.0966274 0)
(9.77079 0.115056 0)
(9.65711 0.13432 0)
(9.5223 0.154678 0)
(9.36554 0.176484 0)
(9.18605 0.200048 0)
(8.98289 0.225643 0)
(8.75491 0.253535 0)
(8.50078 0.283977 0)
(8.219 0.317203 0)
(7.90802 0.3534 0)
(7.56624 0.392677 0)
(7.19211 0.43502 0)
(6.78431 0.480223 0)
(6.34189 0.527808 0)
(5.86451 0.576913 0)
(5.35279 0.626167 0)
(4.80873 0.673527 0)
(4.23611 0.716094 0)
(3.64119 0.749852 0)
(3.03325 0.769275 0)
(2.42526 0.766661 0)
(1.83443 0.731005 0)
(1.28183 0.646744 0)
(0.795885 0.49315 0)
(0.392315 0.244558 0)
(0.134938 -0.124013 0)
(9.99556 0.0432857 0)
(9.97545 0.0753745 0)
(9.93161 0.103423 0)
(9.86466 0.132375 0)
(9.77756 0.162945 0)
(9.67144 0.195118 0)
(9.546 0.229246 0)
(9.40062 0.265836 0)
(9.23468 0.305369 0)
(9.0474 0.348295 0)
(8.83783 0.395056 0)
(8.6048 0.446084 0)
(8.34701 0.501784 0)
(8.06305 0.562496 0)
(7.75139 0.628446 0)
(7.41051 0.699668 0)
(7.03897 0.7759 0)
(6.6355 0.856444 0)
(6.19925 0.939987 0)
(5.73 1.02438 0)
(5.22855 1.1064 0)
(4.69707 1.18139 0)
(4.13962 1.243 0)
(3.56255 1.2827 0)
(2.97475 1.2893 0)
(2.38742 1.24852 0)
(1.81236 1.14319 0)
(1.26217 0.956212 0)
(0.73181 0.680394 0)
(0.319432 0.309415 0)
(9.994 0.0496097 0)
(9.9717 0.0933517 0)
(9.92769 0.133684 0)
(9.862 0.174223 0)
(9.7767 0.21629 0)
(9.67285 0.260297 0)
(9.55039 0.306781 0)
(9.4089 0.35641 0)
(9.24791 0.409848 0)
(9.06687 0.467728 0)
(8.86505 0.530669 0)
(8.64161 0.599285 0)
(8.39556 0.674156 0)
(8.12582 0.755798 0)
(7.83122 0.844594 0)
(7.51055 0.940708 0)
(7.16258 1.04395 0)
(6.78614 1.15361 0)
(6.38022 1.26819 0)
(5.94407 1.38518 0)
(5.47749 1.50063 0)
(4.981 1.60884 0)
(4.4562 1.7019 0)
(3.90601 1.76935 0)
(3.3347 1.79792 0)
(2.74764 1.77173 0)
(2.1501 1.67363 0)
(1.54823 1.48928 0)
(0.92798 1.21791 0)
(0.406032 0.846408 0)
(9.99328 0.0573557 0)
(9.96984 0.111146 0)
(9.92574 0.16225 0)
(9.86121 0.213372 0)
(9.77775 0.266184 0)
(9.6762 0.321467 0)
(9.55659 0.379903 0)
(9.41857 0.442253 0)
(9.26177 0.50929 0)
(9.08571 0.581762 0)
(8.88982 0.660401 0)
(8.67341 0.745929 0)
(8.43569 0.839041 0)
(8.17583 0.94036 0)
(7.89293 1.05038 0)
(7.58602 1.16938 0)
(7.25412 1.29725 0)
(6.89622 1.43335 0)
(6.51127 1.57622 0)
(6.09825 1.72324 0)
(5.65622 1.87029 0)
(5.18441 2.01124 0)
(4.68233 2.13758 0)
(4.14994 2.23804 0)
(3.58772 2.29859 0)
(2.99663 2.30296 0)
(2.37764 2.23439 0)
(1.73445 2.07928 0)
(1.04766 1.8375 0)
(0.454352 1.48419 0)
(9.99299 0.065712 0)
(9.96913 0.128931 0)
(9.92538 0.190294 0)
(9.86229 0.251879 0)
(9.78105 0.315381 0)
(9.68229 0.381797 0)
(9.56604 0.45194 0)
(9.43203 0.526659 0)
(9.27992 0.606825 0)
(9.10931 0.693297 0)
(8.91968 0.786915 0)
(8.71043 0.888507 0)
(8.48088 0.998867 0)
(8.23029 1.11872 0)
(7.95788 1.24866 0)
(7.66279 1.38907 0)
(7.34414 1.53996 0)
(7.00091 1.70081 0)
(6.63199 1.87031 0)
(6.23605 2.04601 0)
(5.81154 2.22394 0)
(5.35665 2.39812 0)
(4.86926 2.56013 0)
(4.34704 2.69874 0)
(3.78761 2.7999 0)
(3.18883 2.8473 0)
(2.5488 2.824 0)
(1.87079 2.7153 0)
(1.13098 2.51884 0)
(0.485291 2.19506 0)
(9.99294 0.074279 0)
(9.96916 0.146585 0)
(9.92619 0.217698 0)
(9.86485 0.28934 0)
(9.78619 0.363134 0)
(9.69069 0.440234 0)
(9.57836 0.521597 0)
(9.449 0.608174 0)
(9.3023 0.700934 0)
(9.13792 0.800833 0)
(8.95537 0.908813 0)
(8.7541 1.02579 0)
(8.53349 1.15266 0)
(8.29284 1.29024 0)
(8.03137 1.43921 0)
(7.74823 1.60008 0)
(7.44248 1.773 0)
(7.11298 1.95765 0)
(6.7584 2.15297 0)
(6.37704 2.35687 0)
(5.96673 2.56582 0)
(5.52471 2.77441 0)
(5.04752 2.97482 0)
(4.53102 3.15645 0)
(3.97058 3.30566 0)
(3.36171 3.40611 0)
(2.70035 3.43998 0)
(1.9901 3.38991 0)
(1.20289 3.24903 0)
(0.510973 2.96111 0)
(9.99304 0.0828224 0)
(9.96971 0.163917 0)
(9.92789 0.244298 0)
(9.86862 0.325539 0)
(9.7929 0.409203 0)
(9.70111 0.496546 0)
(9.59324 0.588654 0)
(9.46914 0.686578 0)
(9.32857 0.791374 0)
(9.17119 0.904089 0)
(8.9966 1.02576 0)
(8.80427 1.1574 0)
(8.5936 1.29999 0)
(8.36392 1.45446 0)
(8.11444 1.62162 0)
(7.84424 1.80212 0)
(7.55225 1.9963 0)
(7.23715 2.20411 0)
(6.89729 2.42485 0)
(6.53052 2.65694 0)
(6.13403 2.89754 0)
(5.70414 3.14211 0)
(5.23616 3.38386 0)
(4.7243 3.61319 0)
(4.16192 3.81726 0)
(3.54232 3.97973 0)
(2.85909 4.08142 0)
(2.11605 4.10098 0)
(1.2804 4.02477 0)
(0.539168 3.77752 0)
(9.99323 0.0911919 0)
(9.97063 0.180759 0)
(9.93029 0.269948 0)
(9.8734 0.360311 0)
(9.80097 0.453381 0)
(9.7133 0.550484 0)
(9.6104 0.652812 0)
(9.49214 0.761508 0)
(9.35834 0.877712 0)
(9.20873 1.00256 0)
(9.04292 1.13717 0)
(8.86046 1.28267 0)
(8.66078 1.44013 0)
(8.44321 1.61061 0)
(8.20695 1.79507 0)
(7.95104 1.99433 0)
(7.67426 2.20901 0)
(7.3751 2.43937 0)
(7.05159 2.6852 0)
(6.70113 2.94559 0)
(6.32026 3.21857 0)
(5.90442 3.50075 0)
(5.44769 3.78673 0)
(4.94266 4.06839 0)
(4.3805 4.33408 0)
(3.75186 4.56782 0)
(3.04704 4.74888 0)
(2.26869 4.85101 0)
(1.37807 4.85136 0)
(0.576512 4.65183 0)
(9.9935 0.0992839 0)
(9.97181 0.196966 0)
(9.93324 0.294504 0)
(9.87904 0.393495 0)
(9.81021 0.495466 0)
(9.72705 0.601798 0)
(9.62957 0.713771 0)
(9.51769 0.832611 0)
(9.39128 0.959539 0)
(9.2501 1.09577 0)
(9.09387 1.24251 0)
(8.92215 1.40098 0)
(8.73445 1.57238 0)
(8.53013 1.75788 0)
(8.3084 1.95862 0)
(8.06826 2.17565 0)
(7.80843 2.40988 0)
(7.52724 2.66199 0)
(7.22247 2.93237 0)
(6.89115 3.22088 0)
(6.52928 3.52665 0)
(6.13151 3.84772 0)
(5.69077 4.18045 0)
(5.19791 4.51875 0)
(4.64162 4.85293 0)
(4.00898 5.16819 0)
(3.28524 5.4429 0)
(2.46902 5.64559 0)
(1.51249 5.74157 0)
(0.631072 5.60327 0)
(9.99382 0.107022 0)
(9.97322 0.212421 0)
(9.93665 0.317838 0)
(9.8854 0.424939 0)
(9.82047 0.535273 0)
(9.74217 0.650264 0)
(9.65052 0.771263 0)
(9.54549 0.899575 0)
(9.42701 1.03649 0)
(9.2949 1.18329 0)
(9.14894 1.34128 0)
(8.98879 1.51176 0)
(8.81401 1.69605 0)
(8.62402 1.89546 0)
(8.41808 2.11131 0)
(8.19524 2.3449 0)
(7.9542 2.59748 0)
(7.69325 2.87022 0)
(7.41006 3.16413 0)
(7.10145 3.48002 0)
(6.76309 3.81826 0)
(6.38907 4.17861 0)
(5.97135 4.55964 0)
(5.4992 4.95804 0)
(4.95853 5.36724 0)
(4.3319 5.77526 0)
(3.59698 6.16164 0)
(2.74353 6.49121 0)
(1.70739 6.71545 0)
(0.715693 6.66617 0)
(9.99418 0.114349 0)
(9.97479 0.227027 0)
(9.94042 0.339831 0)
(9.89236 0.454507 0)
(9.8316 0.572636 0)
(9.75847 0.695681 0)
(9.67302 0.825054 0)
(9.57526 0.962121 0)
(9.46518 1.10824 0)
(9.34269 1.26475 0)
(9.20764 1.43304 0)
(9.05978 1.61448 0)
(8.89875 1.81051 0)
(8.72409 2.02259 0)
(8.53516 2.2522 0)
(8.33108 2.50092 0)
(8.11067 2.77033 0)
(7.87229 3.0621 0)
(7.6137 3.37795 0)
(7.33175 3.71965 0)
(7.02211 4.08898 0)
(6.67869 4.4876 0)
(6.29303 4.91679 0)
(5.85326 5.37684 0)
(5.34284 5.86589 0)
(4.73934 6.37763 0)
(4.01039 6.89714 0)
(3.1298 7.3912 0)
(2.00238 7.80042 0)
(0.85487 7.90058 0)
(9.99457 0.121219 0)
(9.9765 0.240704 0)
(9.94449 0.360382 0)
(9.89982 0.482079 0)
(9.84347 0.60741 0)
(9.77578 0.737877 0)
(9.69683 0.874935 0)
(9.6067 1.02001 0)
(9.50544 1.17449 0)
(9.39304 1.3398 0)
(9.26944 1.51737 0)
(9.13449 1.70867 0)
(8.98796 1.9152 0)
(8.82951 2.13856 0)
(8.65864 2.38042 0)
(8.47467 2.64256 0)
(8.2766 2.92694 0)
(8.06302 3.23567 0)
(7.83199 3.57117 0)
(7.58069 3.93616 0)
(7.30521 4.33381 0)
(6.9999 4.76782 0)
(6.65668 5.24243 0)
(6.26371 5.76232 0)
(5.80342 6.33209 0)
(5.24967 6.9548 0)
(4.55966 7.6286 0)
(3.68416 8.33616 0)
(2.47045 9.02736 0)
(1.10188 9.42024 0)
(9.99499 0.127597 0)
(9.97831 0.253387 0)
(9.94881 0.379407 0)
(9.9077 0.507552 0)
(9.85595 0.639476 0)
(9.79391 0.776708 0)
(9.72172 0.920743 0)
(9.63952 1.07304 0)
(9.54741 1.23504 0)
(9.44549 1.4082 0)
(9.33378 1.594 0)
(9.21226 1.79395 0)
(9.08083 2.00967 0)
(8.93932 2.24282 0)
(8.78743 2.49523 0)
(8.62471 2.7689 0)
(8.45045 3.06603 0)
(8.26364 3.38918 0)
(8.06281 3.74131 0)
(7.84583 4.12602 0)
(7.60963 4.54773 0)
(7.34977 5.01199 0)
(7.05968 5.52594 0)
(6.72945 6.09884 0)
(6.34348 6.74282 0)
(5.87667 7.47365 0)
(5.28212 8.31187 0)
(4.49017 9.2808 0)
(3.25789 10.4043 0)
(1.58693 11.4746 0)
(9.99543 0.133455 0)
(9.98021 0.265025 0)
(9.95332 0.396832 0)
(9.9159 0.530832 0)
(9.8689 0.668711 0)
(9.8127 0.81202 0)
(9.74748 0.962281 0)
(9.67343 1.12098 0)
(9.59074 1.28959 0)
(9.49959 1.46959 0)
(9.40011 1.66248 0)
(9.29241 1.86985 0)
(9.17655 2.09332 0)
(9.05254 2.33465 0)
(8.92032 2.59578 0)
(8.77972 2.87882 0)
(8.63042 3.1862 0)
(8.47192 3.52076 0)
(8.3034 3.88589 0)
(8.12366 4.2858 0)
(7.93095 4.7258 0)
(7.7227 5.21286 0)
(7.49512 5.75632 0)
(7.24246 6.36915 0)
(6.95555 7.07 0)
(6.61942 7.88716 0)
(6.20258 8.86706 0)
(5.65595 10.0952 0)
(4.69134 11.7863 0)
(2.67877 14.7081 0)
(-0.377388 0.465035 0)
(-1.14425 0.583742 0)
(-2.10819 0.59137 0)
(-3.10217 0.57681 0)
(-4.11698 0.55369 0)
(-5.13814 0.526325 0)
(-6.15415 0.496194 0)
(-7.15497 0.463918 0)
(-8.13121 0.429755 0)
(-9.07355 0.39377 0)
(-9.97224 0.355907 0)
(-10.8168 0.316041 0)
(-11.5955 0.274023 0)
(-12.2959 0.229726 0)
(-12.9041 0.183077 0)
(-13.4058 0.134138 0)
(-13.7862 0.0829912 0)
(-14.0306 0.0298366 0)
(-14.1234 -0.0256139 0)
(-14.0513 -0.0854807 0)
(-13.8053 -0.14713 0)
(-13.3764 -0.210343 0)
(-12.7596 -0.275942 0)
(-11.9487 -0.346031 0)
(-10.9298 -0.424788 0)
(-9.66934 -0.521954 0)
(-8.11093 -0.663566 0)
(-6.20363 -0.909111 0)
(-3.82446 -1.35058 0)
(1.75425 -2.17562 0)
(-0.56285 1.15004 0)
(-1.37803 1.30407 0)
(-2.35937 1.34775 0)
(-3.3493 1.35627 0)
(-4.35282 1.34187 0)
(-5.35768 1.31153 0)
(-6.35359 1.26892 0)
(-7.33117 1.21612 0)
(-8.28143 1.1542 0)
(-9.19533 1.08358 0)
(-10.0633 1.00421 0)
(-10.8749 0.915738 0)
(-11.6185 0.817691 0)
(-12.2812 0.709645 0)
(-12.8493 0.591413 0)
(-13.3078 0.463245 0)
(-13.6421 0.325926 0)
(-13.8371 0.180724 0)
(-13.8786 0.0289082 0)
(-13.7546 -0.128823 0)
(-13.4623 -0.285835 0)
(-12.9946 -0.440119 0)
(-12.3464 -0.59197 0)
(-11.512 -0.743591 0)
(-10.4797 -0.899631 0)
(-9.22371 -1.07304 0)
(-7.70608 -1.30431 0)
(-5.90128 -1.68836 0)
(-3.73117 -2.35269 0)
(-0.134407 -3.31459 0)
(-0.595939 2.0475 0)
(-1.40479 2.20659 0)
(-2.36932 2.25276 0)
(-3.31927 2.25566 0)
(-4.27324 2.22461 0)
(-5.22241 2.16798 0)
(-6.15959 2.09095 0)
(-7.07754 1.99674 0)
(-7.96888 1.88716 0)
(-8.8258 1.7629 0)
(-9.6397 1.6239 0)
(-10.4008 1.46961 0)
(-11.0981 1.29926 0)
(-11.719 1.1122 0)
(-12.2496 0.908263 0)
(-12.6752 0.688019 0)
(-12.9806 0.453099 0)
(-13.151 0.20609 0)
(-13.1712 -0.0492659 0)
(-13.0324 -0.307912 0)
(-12.7306 -0.566326 0)
(-12.2597 -0.821024 0)
(-11.6165 -1.07215 0)
(-10.7966 -1.32271 0)
(-9.79143 -1.57895 0)
(-8.58481 -1.85664 0)
(-7.16005 -2.1994 0)
(-5.52427 -2.69684 0)
(-3.66521 -3.44828 0)
(-1.12388 -4.43654 0)
(-0.568575 2.95635 0)
(-1.33209 3.09648 0)
(-2.24894 3.12194 0)
(-3.13494 3.10402 0)
(-4.02028 3.04845 0)
(-4.89812 2.9633 0)
(-5.76448 2.85385 0)
(-6.61442 2.72348 0)
(-7.44226 2.57396 0)
(-8.24136 2.40573 0)
(-9.00373 2.21824 0)
(-9.71988 2.0103 0)
(-10.3785 1.78044 0)
(-10.9666 1.52736 0)
(-11.4693 1.25033 0)
(-11.871 0.94969 0)
(-12.1554 0.627232 0)
(-12.3066 0.286382 0)
(-12.3087 -0.0675236 0)
(-12.1561 -0.426735 0)
(-11.8474 -0.782742 0)
(-11.3785 -1.13163 0)
(-10.7481 -1.47392 0)
(-9.95333 -1.81359 0)
(-8.9887 -2.15823 0)
(-7.84661 -2.52503 0)
(-6.5274 -2.95596 0)
(-5.06308 -3.52709 0)
(-3.49522 -4.3086 0)
(-1.61089 -5.2486 0)
(-0.514772 3.80519 0)
(-1.20646 3.92088 0)
(-2.04839 3.92026 0)
(-2.85089 3.87871 0)
(-3.65394 3.79904 0)
(-4.45065 3.68845 0)
(-5.23934 3.55135 0)
(-6.01671 3.39047 0)
(-6.77822 3.20683 0)
(-7.51782 3 0)
(-8.22773 2.76846 0)
(-8.89821 2.51002 0)
(-9.5175 2.22228 0)
(-10.0717 1.90323 0)
(-10.5453 1.55186 0)
(-10.9213 1.1688 0)
(-11.1828 0.757062 0)
(-11.3129 0.32249 0)
(-11.2954 -0.126236 0)
(-11.1299 -0.578585 0)
(-10.8169 -1.02423 0)
(-10.3551 -1.45853 0)
(-9.74498 -1.8825 0)
(-8.98522 -2.30095 0)
(-8.07272 -2.72165 0)
(-7.00653 -3.15994 0)
(-5.79902 -3.6503 0)
(-4.49847 -4.25178 0)
(-3.18391 -5.01345 0)
(-1.73962 -5.85522 0)
(-0.446801 4.56048 0)
(-1.04753 4.65725 0)
(-1.79367 4.63399 0)
(-2.49728 4.57174 0)
(-3.20657 4.47189 0)
(-3.91314 4.341 0)
(-4.617 4.18242 0)
(-5.31572 3.99785 0)
(-6.00543 3.78721 0)
(-6.68037 3.54897 0)
(-7.33281 3.28045 0)
(-7.95281 2.97837 0)
(-8.52821 2.63934 0)
(-9.04463 2.26061 0)
(-9.48568 1.84065 0)
(-9.83358 1.38011 0)
(-10.0701 0.882881 0)
(-10.1774 0.357225 0)
(-10.1386 -0.184484 0)
(-9.96092 -0.727329 0)
(-9.64624 -1.25746 0)
(-9.19663 -1.7703 0)
(-8.61466 -2.26831 0)
(-7.89968 -2.7576 0)
(-7.05004 -3.24554 0)
(-6.06914 -3.74341 0)
(-4.97672 -4.2744 0)
(-3.82973 -4.87886 0)
(-2.72902 -5.59014 0)
(-1.60002 -6.30575 0)
(-0.370259 5.2029 0)
(-0.865377 5.28955 0)
(-1.50012 5.2501 0)
(-2.09256 5.17289 0)
(-2.69779 5.05888 0)
(-3.30518 4.91428 0)
(-3.91612 4.74124 0)
(-4.52863 4.54022 0)
(-5.13921 4.30985 0)
(-5.74234 4.04723 0)
(-6.33033 3.74837 0)
(-6.89325 3.40871 0)
(-7.41881 3.02376 0)
(-7.89232 2.58981 0)
(-8.29695 2.10482 0)
(-8.61397 1.56941 0)
(-8.82362 0.988724 0)
(-8.90625 0.374506 0)
(-8.84482 -0.255614 0)
(-8.65632 -0.882131 0)
(-8.34321 -1.48792 0)
(-7.91149 -2.06926 0)
(-7.36541 -2.6311 0)
(-6.7044 -3.18142 0)
(-5.92704 -3.72674 0)
(-5.03904 -4.27289 0)
(-4.06395 -4.82979 0)
(-3.06171 -5.41921 0)
(-2.14046 -6.06252 0)
(-1.25273 -6.64236 0)
(-0.288545 5.7192 0)
(-0.666407 5.80535 0)
(-1.17786 5.75711 0)
(-1.649 5.67209 0)
(-2.14092 5.55128 0)
(-2.64029 5.40052 0)
(-3.1499 5.22064 0)
(-3.66796 5.0108 0)
(-4.19125 4.76821 0)
(-4.71444 4.48853 0)
(-5.23011 4.16641 0)
(-5.72856 3.79603 0)
(-6.19776 3.37167 0)
(-6.62318 2.88859 0)
(-6.98786 2.34401 0)
(-7.2722 1.73833 0)
(-7.45399 1.07773 0)
(-7.51063 0.37809 0)
(-7.42506 -0.336131 0)
(-7.2279 -1.0396 0)
(-6.92031 -1.71158 0)
(-6.51248 -2.35064 0)
(-6.00967 -2.96573 0)
(-5.41049 -3.56731 0)
(-4.71277 -4.16061 0)
(-3.92286 -4.74531 0)
(-3.06627 -5.31736 0)
(-2.20186 -5.88124 0)
(-1.43297 -6.44836 0)
(-0.741735 -6.89382 0)
(-0.204078 6.09968 0)
(-0.455192 6.19535 0)
(-0.83441 6.14591 0)
(-1.17581 6.06086 0)
(-1.54639 5.94118 0)
(-1.9296 5.79232 0)
(-2.32991 5.61356 0)
(-2.74548 5.40274 0)
(-3.17329 5.1556 0)
(-3.60827 4.86642 0)
(-4.04334 4.52852 0)
(-4.46942 4.1349 0)
(-4.87516 3.6785 0)
(-5.2467 3.15332 0)
(-5.56748 2.55556 0)
(-5.81729 1.88505 0)
(-5.97074 1.14864 0)
(-6.00074 0.366855 0)
(-5.89161 -0.426129 0)
(-5.68987 -1.19865 0)
(-5.39356 -1.92568 0)
(-5.01647 -2.61049 0)
(-4.56383 -3.26778 0)
(-4.03256 -3.91118 0)
(-3.4194 -4.54396 0)
(-2.72992 -5.15878 0)
(-1.99193 -5.73805 0)
(-1.25952 -6.27225 0)
(-0.623264 -6.761 0)
(-0.0993282 -7.08227 0)
(-0.118909 6.33751 0)
(-0.235469 6.45281 0)
(-0.476136 6.4095 0)
(-0.680924 6.33228 0)
(-0.923607 6.22187 0)
(-1.18374 6.08317 0)
(-1.46796 5.91361 0)
(-1.77398 5.70963 0)
(-2.09893 5.4656 0)
(-2.43791 5.17449 0)
(-2.78418 4.82843 0)
(-3.12954 4.41955 0)
(-3.46392 3.93941 0)
(-3.77479 3.38051 0)
(-4.04705 2.73758 0)
(-4.26079 2.00938 0)
(-4.38633 1.20257 0)
(-4.38819 0.342553 0)
(-4.25456 -0.526114 0)
(-4.05696 -1.35762 0)
(-3.78125 -2.12652 0)
(-3.44338 -2.84412 0)
(-3.04762 -3.5325 0)
(-2.58861 -4.20929 0)
(-2.06239 -4.87503 0)
(-1.47264 -5.51437 0)
(-0.851807 -6.09427 0)
(-0.246248 -6.59912 0)
(0.27016 -7.00942 0)
(0.650041 -7.22126 0)
(-0.0353805 6.42887 0)
(-0.0109979 6.57331 0)
(-0.109164 6.54367 0)
(-0.171791 6.4819 0)
(-0.281796 6.3891 0)
(-0.413622 6.26888 0)
(-0.576801 6.11638 0)
(-0.768028 5.92648 0)
(-0.984414 5.69233 0)
(-1.22102 5.40603 0)
(-1.47097 5.05955 0)
(-1.72701 4.64322 0)
(-1.98087 4.14755 0)
(-2.22193 3.56314 0)
(-2.43778 2.88235 0)
(-2.61039 2.10226 0)
(-2.70339 1.23062 0)
(-2.66861 0.299403 0)
(-2.52193 -0.633475 0)
(-2.34318 -1.50996 0)
(-2.10265 -2.30756 0)
(-1.81467 -3.04732 0)
(-1.48257 -3.75803 0)
(-1.09909 -4.46125 0)
(-0.660057 -5.15426 0)
(-0.167269 -5.81619 0)
(0.341508 -6.39251 0)
(0.814906 -6.85672 0)
(1.22772 -7.19868 0)
(1.49929 -7.32586 0)
(0.0465433 6.37363 0)
(0.212708 6.55159 0)
(0.26274 6.54458 0)
(0.342196 6.50508 0)
(0.368481 6.43888 0)
(0.367353 6.34629 0)
(0.328064 6.21988 0)
(0.254995 6.05286 0)
(0.151461 5.83769 0)
(0.0227845 5.56514 0)
(-0.126849 5.22171 0)
(-0.286763 4.8059 0)
(-0.451174 4.30411 0)
(-0.611934 3.70587 0)
(-0.761574 3.00183 0)
(-0.88862 2.18783 0)
(-0.940642 1.26839 0)
(-0.845752 0.273325 0)
(-0.702907 -0.722414 0)
(-0.566569 -1.63559 0)
(-0.380614 -2.45464 0)
(-0.155216 -3.2145 0)
(0.108691 -3.94956 0)
(0.414884 -4.67564 0)
(0.76836 -5.38902 0)
(1.15534 -6.05163 0)
(1.55688 -6.61954 0)
(1.92811 -7.05854 0)
(2.25177 -7.34519 0)
(2.42544 -7.39938 0)
(0.132247 6.16867 0)
(0.438143 6.38867 0)
(0.637888 6.41073 0)
(0.856875 6.39939 0)
(1.0203 6.36858 0)
(1.14731 6.3118 0)
(1.22947 6.21837 0)
(1.27249 6.07976 0)
(1.28103 5.88799 0)
(1.26124 5.63425 0)
(1.21788 5.30482 0)
(1.15879 4.89618 0)
(1.09107 4.39677 0)
(1.02143 3.79595 0)
(0.954935 3.08366 0)
(0.897828 2.25166 0)
(0.906784 1.29883 0)
(1.05128 0.253543 0)
(1.15795 -0.784286 0)
(1.23958 -1.72531 0)
(1.35395 -2.56283 0)
(1.50177 -3.33189 0)
(1.68681 -4.08014 0)
(1.91662 -4.82904 0)
(2.1908 -5.56235 0)
(2.49464 -6.23701 0)
(2.80723 -6.80062 0)
(3.08625 -7.21344 0)
(3.32553 -7.45006 0)
(3.40614 -7.44325 0)
(0.230935 5.80613 0)
(0.669513 6.09269 0)
(1.01357 6.14149 0)
(1.3712 6.16489 0)
(1.67072 6.18095 0)
(1.92028 6.16967 0)
(2.11759 6.11643 0)
(2.27091 6.01179 0)
(2.38674 5.84763 0)
(2.47199 5.61546 0)
(2.53224 5.30257 0)
(2.57379 4.90346 0)
(2.60408 4.40828 0)
(2.62951 3.80691 0)
(2.65495 3.08929 0)
(2.6869 2.24587 0)
(2.75811 1.28135 0)
(2.88804 0.236549 0)
(2.96894 -0.808196 0)
(3.00637 -1.76384 0)
(3.05169 -2.61754 0)
(3.12529 -3.40661 0)
(3.24025 -4.17783 0)
(3.40392 -4.94952 0)
(3.61127 -5.70047 0)
(3.8437 -6.38127 0)
(4.07722 -6.93635 0)
(4.27205 -7.32334 0)
(4.43109 -7.51533 0)
(4.4212 -7.45768 0)
(0.355787 5.28005 0)
(0.911814 5.69932 0)
(1.38182 5.74855 0)
(1.88598 5.81219 0)
(2.31939 5.88696 0)
(2.68171 5.93006 0)
(2.98357 5.9233 0)
(3.23766 5.85747 0)
(3.45235 5.72477 0)
(3.63507 5.51717 0)
(3.79203 5.22366 0)
(3.92877 4.83736 0)
(4.05196 4.34947 0)
(4.16728 3.75055 0)
(4.27878 3.03098 0)
(4.38975 2.18283 0)
(4.50723 1.21651 0)
(4.63257 0.177879 0)
(4.6933 -0.843663 0)
(4.69183 -1.78444 0)
(4.67833 -2.63914 0)
(4.68921 -3.44392 0)
(4.74765 -4.23956 0)
(4.86037 -5.03635 0)
(5.01564 -5.80433 0)
(5.18864 -6.48845 0)
(5.35209 -7.0316 0)
(5.46924 -7.39169 0)
(5.55108 -7.54255 0)
(5.45194 -7.44204 0)
(9.99589 0.138865 0)
(9.98221 0.275772 0)
(9.95805 0.412911 0)
(9.92452 0.552284 0)
(9.88251 0.695601 0)
(9.83243 0.84443 0)
(9.77451 1.00031 0)
(9.70903 1.16473 0)
(9.63623 1.33919 0)
(9.55641 1.52517 0)
(9.46981 1.72419 0)
(9.37668 1.93784 0)
(9.27725 2.16778 0)
(9.17175 2.4158 0)
(9.06039 2.68388 0)
(8.94333 2.9742 0)
(8.8207 3.2893 0)
(8.69259 3.63215 0)
(8.559 4.00637 0)
(8.41987 4.41642 0)
(8.27506 4.86805 0)
(8.12445 5.36879 0)
(7.96799 5.92889 0)
(7.80604 6.56272 0)
(7.64008 7.29138 0)
(7.47562 8.14751 0)
(7.32754 9.18536 0)
(7.2885 10.4993 0)
(7.77712 12.2358 0)
(8.01638 14.9802 0)
(9.99637 0.143836 0)
(9.98431 0.285633 0)
(9.96303 0.427625 0)
(9.93355 0.571849 0)
(9.89673 0.720029 0)
(9.85299 0.873741 0)
(9.80264 1.03452 0)
(9.74598 1.20388 0)
(9.68339 1.38329 0)
(9.61523 1.57425 0)
(9.54187 1.77825 0)
(9.46372 1.99688 0)
(9.38119 2.23179 0)
(9.29474 2.48474 0)
(9.20486 2.7577 0)
(9.11208 3.05286 0)
(9.017 3.37271 0)
(8.92032 3.7202 0)
(8.8229 4.09888 0)
(8.72586 4.51311 0)
(8.63075 4.9684 0)
(8.53987 5.47185 0)
(8.4569 6.03279 0)
(8.38807 6.66377 0)
(8.34466 7.38186 0)
(8.34892 8.21009 0)
(8.44053 9.17788 0)
(8.67482 10.3169 0)
(9.32594 11.5673 0)
(9.81556 12.623 0)
(9.99688 0.148281 0)
(9.98649 0.294444 0)
(9.9682 0.440752 0)
(9.94292 0.589259 0)
(9.91145 0.741696 0)
(9.87426 0.899633 0)
(9.83168 1.0646 0)
(9.7841 1.23808 0)
(9.73196 1.42155 0)
(9.67571 1.61645 0)
(9.61587 1.82427 0)
(9.55298 2.04652 0)
(9.48765 2.28483 0)
(9.42054 2.5409 0)
(9.35245 2.81659 0)
(9.28425 3.114 0)
(9.21702 3.43548 0)
(9.15203 3.78377 0)
(9.09094 4.16209 0)
(9.03589 4.5743 0)
(8.98984 5.02511 0)
(8.95697 5.52027 0)
(8.94346 6.06679 0)
(8.95866 6.67302 0)
(9.01682 7.3482 0)
(9.1396 8.10054 0)
(9.35725 8.93104 0)
(9.6761 9.82697 0)
(10.2224 10.7353 0)
(10.8701 11.4403 0)
(9.9974 0.152146 0)
(9.98874 0.302096 0)
(9.97351 0.452121 0)
(9.95254 0.60428 0)
(9.92656 0.760298 0)
(9.89606 0.921727 0)
(9.86141 1.09008 0)
(9.82307 1.2668 0)
(9.78154 1.45333 0)
(9.73738 1.65107 0)
(9.6912 1.86144 0)
(9.6437 2.08589 0)
(9.59566 2.32595 0)
(9.54795 2.5832 0)
(9.50162 2.85938 0)
(9.45788 3.15638 0)
(9.41819 3.47629 0)
(9.38435 3.82148 0)
(9.35861 4.19466 0)
(9.3439 4.5989 0)
(9.34406 5.03774 0)
(9.3643 5.51513 0)
(9.41168 6.03528 0)
(9.49585 6.60221 0)
(9.62955 7.2187 0)
(9.82882 7.88437 0)
(10.1152 8.59219 0)
(10.4949 9.32791 0)
(11.033 10.084 0)
(11.7906 10.7523 0)
(9.99792 0.155385 0)
(9.99102 0.308496 0)
(9.97892 0.461598 0)
(9.96233 0.616736 0)
(9.94193 0.775615 0)
(9.9182 0.93976 0)
(9.89157 1.11064 0)
(9.86255 1.28968 0)
(9.8317 1.47823 0)
(9.79967 1.67765 0)
(9.76717 1.88927 0)
(9.73502 2.11444 0)
(9.70414 2.35454 0)
(9.67561 2.61104 0)
(9.65067 2.88543 0)
(9.63081 3.17936 0)
(9.6178 3.49457 0)
(9.61379 3.83296 0)
(9.62145 4.19658 0)
(9.64414 4.58759 0)
(9.6861 5.00827 0)
(9.75277 5.46079 0)
(9.85106 5.94693 0)
(9.98966 6.46759 0)
(10.1793 7.02197 0)
(10.4323 7.60663 0)
(10.7653 8.21426 0)
(11.1887 8.83167 0)
(11.7254 9.45042 0)
(12.4593 9.99967 0)
(9.99846 0.157952 0)
(9.99334 0.313558 0)
(9.98439 0.469053 0)
(9.97221 0.626457 0)
(9.95742 0.787441 0)
(9.94049 0.95349 0)
(9.9219 1.12603 0)
(9.90219 1.30641 0)
(9.88199 1.49592 0)
(9.862 1.69584 0)
(9.84303 1.90737 0)
(9.82599 2.13176 0)
(9.81193 2.37024 0)
(9.80207 2.62404 0)
(9.79782 2.89446 0)
(9.80084 3.18279 0)
(9.8131 3.4904 0)
(9.83697 3.81865 0)
(9.87532 4.16889 0)
(9.93162 4.54241 0)
(10.0101 4.94028 0)
(10.116 5.36318 0)
(10.2554 5.81111 0)
(10.4359 6.28292 0)
(10.666 6.7758 0)
(10.955 7.28462 0)
(11.3141 7.80116 0)
(11.7506 8.31131 0)
(12.2659 8.80068 0)
(12.9385 9.2304 0)
(9.99899 0.159808 0)
(9.99565 0.317203 0)
(9.98986 0.474374 0)
(9.9821 0.633295 0)
(9.9729 0.795594 0)
(9.96275 0.962704 0)
(9.95213 1.13599 0)
(9.94163 1.31672 0)
(9.93192 1.50612 0)
(9.92376 1.70533 0)
(9.91801 1.91547 0)
(9.91566 2.13761 0)
(9.91786 2.37281 0)
(9.9259 2.62209 0)
(9.9413 2.88646 0)
(9.96583 3.16689 0)
(10.0015 3.46432 0)
(10.0509 3.77958 0)
(10.1167 4.11337 0)
(10.2023 4.46616 0)
(10.3117 4.83804 0)
(10.4496 5.22854 0)
(10.6211 5.63637 0)
(10.8322 6.05908 0)
(11.0894 6.49267 0)
(11.399 6.93108 0)
(11.7672 7.36584 0)
(12.1983 7.78471 0)
(12.687 8.17477 0)
(13.304 8.51729 0)
(9.99952 0.160921 0)
(9.99795 0.319366 0)
(9.99529 0.477462 0)
(9.9919 0.637124 0)
(9.98824 0.799925 0)
(9.98476 0.967232 0)
(9.98198 1.14033 0)
(9.98051 1.32043 0)
(9.98103 1.50862 0)
(9.98434 1.70595 0)
(9.99136 1.9134 0)
(10.0031 2.13187 0)
(10.0208 2.36223 0)
(10.0457 2.60527 0)
(10.0795 2.86172 0)
(10.1238 3.13222 0)
(10.1808 3.41729 0)
(10.2528 3.71727 0)
(10.3425 4.03229 0)
(10.453 4.36213 0)
(10.5878 4.70612 0)
(10.7507 5.06296 0)
(10.9461 5.43055 0)
(11.1783 5.80572 0)
(11.4517 6.18397 0)
(11.7704 6.55931 0)
(12.1375 6.92413 0)
(12.555 7.26895 0)
(13.0163 7.58372 0)
(13.583 7.85807 0)
(10 0.161261 0)
(10.0002 0.319991 0)
(10.0006 0.478237 0)
(10.0015 0.637844 0)
(10.0033 0.800314 0)
(10.0063 0.966943 0)
(10.0112 1.13893 0)
(10.0184 1.31739 0)
(10.0288 1.50331 0)
(10.0432 1.69761 0)
(10.0623 1.90113 0)
(10.0874 2.11459 0)
(10.1196 2.33867 0)
(10.1602 2.57393 0)
(10.2108 2.82083 0)
(10.273 3.07968 0)
(10.3489 3.35063 0)
(10.4407 3.63361 0)
(10.5506 3.92825 0)
(10.6816 4.23382 0)
(10.8364 4.5491 0)
(11.0182 4.87229 0)
(11.2302 5.20081 0)
(11.4755 5.53126 0)
(11.7569 5.85921 0)
(12.0768 6.1792 0)
(12.4364 6.48482 0)
(12.836 6.76874 0)
(13.269 7.02315 0)
(13.7886 7.2415 0)
(10.0006 0.160806 0)
(10.0024 0.319035 0)
(10.0058 0.47664 0)
(10.0109 0.635381 0)
(10.0179 0.796682 0)
(10.0273 0.961755 0)
(10.0395 1.13171 0)
(10.0551 1.30756 0)
(10.0749 1.49018 0)
(10.0996 1.68035 0)
(10.1302 1.87876 0)
(10.1677 2.08599 0)
(10.2133 2.3025 0)
(10.2682 2.52863 0)
(10.3339 2.76459 0)
(10.412 3.01042 0)
(10.5043 3.26593 0)
(10.6128 3.53071 0)
(10.7395 3.80404 0)
(10.8866 4.0848 0)
(11.0566 4.37143 0)
(11.2518 4.66186 0)
(11.4744 4.95337 0)
(11.7266 5.2426 0)
(12.0098 5.52545 0)
(12.3253 5.7972 0)
(12.6729 6.05254 0)
(13.0522 6.28578 0)
(13.4566 6.49101 0)
(13.9331 6.66401 0)
(10.0011 0.159543 0)
(10.0046 0.316471 0)
(10.0109 0.472633 0)
(10.02 0.629691 0)
(10.032 0.788985 0)
(10.0474 0.951635 0)
(10.0666 1.11866 0)
(10.0901 1.29095 0)
(10.1188 1.46928 0)
(10.1533 1.6543 0)
(10.1945 1.84654 0)
(10.2434 2.04642 0)
(10.3011 2.25423 0)
(10.3688 2.4701 0)
(10.4478 2.69402 0)
(10.5397 2.92578 0)
(10.6459 3.16495 0)
(10.7681 3.41084 0)
(10.908 3.66248 0)
(11.0675 3.91853 0)
(11.2484 4.17724 0)
(11.4522 4.43645 0)
(11.6805 4.69349 0)
(11.9346 4.94523 0)
(12.2151 5.18805 0)
(12.5221 5.41794 0)
(12.8551 5.63063 0)
(13.2128 5.82174 0)
(13.5895 5.98692 0)
(14.0266 6.12341 0)
(10.0015 0.157464 0)
(10.0066 0.312286 0)
(10.0157 0.466199 0)
(10.0286 0.620762 0)
(10.0454 0.77722 0)
(10.0665 0.936599 0)
(10.0923 1.09982 0)
(10.1233 1.26766 0)
(10.1602 1.44077 0)
(10.2036 1.61969 0)
(10.2545 1.8048 0)
(10.3137 1.99638 0)
(10.3823 2.19453 0)
(10.4612 2.39923 0)
(10.5518 2.61027 0)
(10.6552 2.82725 0)
(10.7728 3.04955 0)
(10.9059 3.2763 0)
(11.056 3.50636 0)
(11.2243 3.73828 0)
(11.4122 3.97027 0)
(11.6208 4.20019 0)
(11.8508 4.42556 0)
(12.103 4.64357 0)
(12.3773 4.85111 0)
(12.6733 5.04487 0)
(12.9901 5.22146 0)
(13.326 5.37756 0)
(13.6761 5.51 0)
(14.0772 5.61693 0)
(10.002 0.154567 0)
(10.0085 0.306479 0)
(10.0202 0.457344 0)
(10.0368 0.60861 0)
(10.0581 0.761423 0)
(10.0845 0.91671 0)
(10.1164 1.07529 0)
(10.1543 1.23783 0)
(10.1987 1.40489 0)
(10.2503 1.57685 0)
(10.3099 1.75399 0)
(10.3783 1.93644 0)
(10.4563 2.12418 0)
(10.5449 2.31701 0)
(10.6451 2.5146 0)
(10.7581 2.71639 0)
(10.8847 2.92163 0)
(11.0262 3.12935 0)
(11.1835 3.33831 0)
(11.3576 3.54706 0)
(11.5494 3.75383 0)
(11.7594 3.95663 0)
(11.9881 4.15322 0)
(12.2354 4.34113 0)
(12.5012 4.51777 0)
(12.7845 4.68046 0)
(13.0842 4.82653 0)
(13.3986 4.9535 0)
(13.7234 5.05905 0)
(14.0917 5.14198 0)
(10.0024 0.150861 0)
(10.0103 0.299067 0)
(10.0245 0.446097 0)
(10.0444 0.593282 0)
(10.0699 0.741665 0)
(10.1012 0.892078 0)
(10.1388 1.04524 0)
(10.1829 1.20171 0)
(10.2341 1.36193 0)
(10.2931 1.52619 0)
(10.3604 1.69465 0)
(10.4367 1.86731 0)
(10.5228 2.04404 0)
(10.6195 2.22453 0)
(10.7277 2.40832 0)
(10.8482 2.59478 0)
(10.9817 2.78306 0)
(11.1292 2.97214 0)
(11.2912 3.16079 0)
(11.4685 3.34757 0)
(11.6614 3.53084 0)
(11.8703 3.70878 0)
(12.0951 3.87942 0)
(12.3356 4.04067 0)
(12.5911 4.19038 0)
(12.8608 4.32641 0)
(13.1432 4.44671 0)
(13.4367 4.54941 0)
(13.7378 4.63286 0)
(14.076 4.69628 0)
(10.0028 0.146358 0)
(10.012 0.290077 0)
(10.0284 0.432504 0)
(10.0514 0.574849 0)
(10.0808 0.718055 0)
(10.1166 0.862853 0)
(10.1592 1.00986 0)
(10.209 1.15956 0)
(10.2663 1.31226 0)
(10.3317 1.46818 0)
(10.4057 1.62737 0)
(10.4888 1.78972 0)
(10.5817 1.95503 0)
(10.6851 2.12289 0)
(10.7995 2.29277 0)
(10.9257 2.46397 0)
(11.0641 2.63562 0)
(11.2154 2.8067 0)
(11.38 2.97601 0)
(11.5582 3.1422 0)
(11.7502 3.30378 0)
(11.9558 3.45913 0)
(12.175 3.60656 0)
(12.4071 3.74431 0)
(12.6514 3.87064 0)
(12.9069 3.98388 0)
(13.1722 4.08244 0)
(13.4457 4.16495 0)
(13.7244 4.23023 0)
(14.0351 4.27783 0)
(10.0031 0.141079 0)
(10.0136 0.279552 0)
(10.032 0.416632 0)
(10.0579 0.553411 0)
(10.0907 0.690729 0)
(10.1306 0.829223 0)
(10.1778 0.96942 0)
(10.2325 1.1117 0)
(10.2952 1.2563 0)
(10.3661 1.40334 0)
(10.4457 1.55278 0)
(10.5345 1.70446 0)
(10.633 1.85808 0)
(10.7416 2.0132 0)
(10.8608 2.16923 0)
(10.991 2.32544 0)
(11.1326 2.48099 0)
(11.286 2.63487 0)
(11.4513 2.78597 0)
(11.6286 2.93304 0)
(11.8178 3.07475 0)
(12.0187 3.20972 0)
(12.2309 3.33649 0)
(12.4537 3.45364 0)
(12.6862 3.55977 0)
(12.9274 3.65356 0)
(13.176 3.73382 0)
(13.4305 3.79957 0)
(13.6884 3.84997 0)
(13.9738 3.88479 0)
(10.0035 0.135049 0)
(10.015 0.267543 0)
(10.0353 0.398564 0)
(10.0637 0.529086 0)
(10.0997 0.659851 0)
(10.1432 0.791405 0)
(10.1944 0.924187 0)
(10.2534 1.05849 0)
(10.3207 1.19449 0)
(10.3963 1.33221 0)
(10.4807 1.47157 0)
(10.5741 1.61233 0)
(10.6769 1.75414 0)
(10.7894 1.89655 0)
(10.9119 2.03893 0)
(11.0448 2.18059 0)
(11.1881 2.32069 0)
(11.3419 2.45829 0)
(11.5064 2.59237 0)
(11.6814 2.72182 0)
(11.8666 2.84548 0)
(12.0616 2.96217 0)
(12.2659 3.07067 0)
(12.4788 3.16984 0)
(12.6993 3.25855 0)
(12.9264 3.33581 0)
(13.159 3.40073 0)
(13.3956 3.45261 0)
(13.6341 3.49087 0)
(13.8964 3.51544 0)
(10.0038 0.128297 0)
(10.0162 0.254111 0)
(10.0382 0.378396 0)
(10.0689 0.502011 0)
(10.1076 0.625604 0)
(10.1543 0.749637 0)
(10.2089 0.874468 0)
(10.2717 1.00032 0)
(10.3428 1.12729 0)
(10.4224 1.25536 0)
(10.5105 1.38438 0)
(10.6076 1.51409 0)
(10.7136 1.64411 0)
(10.829 1.77396 0)
(10.9537 1.90304 0)
(11.0878 2.03068 0)
(11.2315 2.15607 0)
(11.3846 2.27839 0)
(11.5471 2.39669 0)
(11.7186 2.51001 0)
(11.8988 2.61735 0)
(12.0872 2.71773 0)
(12.2831 2.81014 0)
(12.4858 2.89367 0)
(12.6944 2.96744 0)
(12.9079 3.03071 0)
(13.1252 3.08281 0)
(13.3451 3.12326 0)
(13.5657 3.15169 0)
(13.807 3.16812 0)
(10.004 0.120857 0)
(10.0173 0.239323 0)
(10.0408 0.356232 0)
(10.0734 0.472333 0)
(10.1146 0.588185 0)
(10.164 0.704172 0)
(10.2216 0.82058 0)
(10.2875 0.937568 0)
(10.3618 1.05518 0)
(10.4445 1.17334 0)
(10.5357 1.29188 0)
(10.6354 1.41051 0)
(10.7438 1.52884 0)
(10.8609 1.64639 0)
(10.9867 1.76259 0)
(11.1212 1.87681 0)
(11.2642 1.98832 0)
(11.4156 2.09636 0)
(11.5751 2.20011 0)
(11.7424 2.29875 0)
(11.9169 2.39142 0)
(12.0982 2.47731 0)
(12.2855 2.55561 0)
(12.4781 2.6256 0)
(12.6751 2.6866 0)
(12.8755 2.73806 0)
(13.0784 2.77951 0)
(13.2828 2.81061 0)
(13.4869 2.83116 0)
(13.7091 2.84123 0)
(10.0042 0.112763 0)
(10.0183 0.223251 0)
(10.043 0.332182 0)
(10.0774 0.440207 0)
(10.1206 0.547799 0)
(10.1723 0.65527 0)
(10.2324 0.762843 0)
(10.3009 0.870623 0)
(10.3778 0.978609 0)
(10.4629 1.0867 0)
(10.5563 1.19469 0)
(10.658 1.30228 0)
(10.7679 1.4091 0)
(10.8859 1.51468 0)
(11.0119 1.6185 0)
(11.1459 1.71996 0)
(11.2874 1.81842 0)
(11.4364 1.9132 0)
(11.5923 2.00361 0)
(11.7548 2.08893 0)
(11.9233 2.16846 0)
(12.0973 2.24152 0)
(12.276 2.30749 0)
(12.4586 2.36579 0)
(12.6445 2.41592 0)
(12.8326 2.45747 0)
(13.0222 2.49012 0)
(13.2122 2.51365 0)
(13.4014 2.52795 0)
(13.6061 2.53316 0)
(10.0044 0.104052 0)
(10.0191 0.205965 0)
(10.045 0.306359 0)
(10.0808 0.405787 0)
(10.1258 0.504647 0)
(10.1794 0.603186 0)
(10.2416 0.70157 0)
(10.3121 0.799859 0)
(10.391 0.898018 0)
(10.478 0.995922 0)
(10.573 1.09336 0)
(10.6759 1.19003 0)
(10.7866 1.28558 0)
(10.9048 1.37957 0)
(11.0304 1.47152 0)
(11.1631 1.5609 0)
(11.3026 1.64714 0)
(11.4485 1.72966 0)
(11.6004 1.80786 0)
(11.7579 1.88114 0)
(11.9202 1.94893 0)
(12.0869 2.01068 0)
(12.2572 2.06591 0)
(12.4304 2.11416 0)
(12.6058 2.15507 0)
(12.7825 2.18834 0)
(12.9597 2.21376 0)
(13.1366 2.23122 0)
(13.3122 2.24066 0)
(13.5014 2.24225 0)
(10.0046 0.0947555 0)
(10.0198 0.187536 0)
(10.0466 0.278869 0)
(10.0837 0.369224 0)
(10.1301 0.458927 0)
(10.1853 0.548166 0)
(10.2491 0.637057 0)
(10.3213 0.725625 0)
(10.4017 0.813811 0)
(10.49 0.901475 0)
(10.5861 0.988403 0)
(10.6897 1.07432 0)
(10.8005 1.15887 0)
(10.9184 1.24168 0)
(11.0431 1.32231 0)
(11.1741 1.40028 0)
(11.3111 1.47512 0)
(11.4537 1.54631 0)
(11.6014 1.61336 0)
(11.7536 1.67578 0)
(11.9099 1.7331 0)
(12.0695 1.78489 0)
(12.2318 1.83077 0)
(12.3961 1.87041 0)
(12.5617 1.90353 0)
(12.7279 1.92993 0)
(12.8939 1.94948 0)
(13.059 1.96212 0)
(13.2223 1.96787 0)
(13.3977 1.96689 0)
(10.0047 0.0849045 0)
(10.0205 0.168024 0)
(10.0481 0.249811 0)
(10.0862 0.330658 0)
(10.1338 0.410822 0)
(10.1903 0.490436 0)
(10.2554 0.569575 0)
(10.3288 0.648234 0)
(10.4103 0.726337 0)
(10.4995 0.80374 0)
(10.5961 0.880238 0)
(10.6999 0.955569 0)
(10.8106 1.02942 0)
(10.9277 1.10145 0)
(11.051 1.17128 0)
(11.18 1.23849 0)
(11.3143 1.30268 0)
(11.4535 1.36341 0)
(11.5969 1.42029 0)
(11.7441 1.47291 0)
(11.8944 1.52089 0)
(12.0473 1.56391 0)
(12.2022 1.60167 0)
(12.3582 1.63393 0)
(12.5149 1.66048 0)
(12.6716 1.68121 0)
(12.8275 1.69603 0)
(12.9821 1.70493 0)
(13.1345 1.70795 0)
(13.2976 1.70526 0)
(10.0049 0.0745203 0)
(10.021 0.147477 0)
(10.0493 0.219267 0)
(10.0883 0.290211 0)
(10.1369 0.360497 0)
(10.1944 0.430205 0)
(10.2605 0.499376 0)
(10.3348 0.567983 0)
(10.417 0.63594 0)
(10.5067 0.703105 0)
(10.6036 0.769286 0)
(10.7073 0.834244 0)
(10.8174 0.897706 0)
(10.9335 0.959368 0)
(11.0553 1.0189 0)
(11.1821 1.07596 0)
(11.3136 1.13021 0)
(11.4493 1.18129 0)
(11.5886 1.22887 0)
(11.731 1.27263 0)
(11.8758 1.31228 0)
(12.0225 1.34757 0)
(12.1705 1.37827 0)
(12.3192 1.4042 0)
(12.4678 1.42524 0)
(12.616 1.4413 0)
(12.763 1.45235 0)
(12.9083 1.4584 0)
(13.0512 1.45952 0)
(13.2036 1.45585 0)
(10.005 0.0636108 0)
(10.0215 0.125922 0)
(10.0504 0.187299 0)
(10.0902 0.247983 0)
(10.1396 0.308076 0)
(10.1979 0.367608 0)
(10.2647 0.42659 0)
(10.3397 0.484986 0)
(10.4223 0.542708 0)
(10.5123 0.599623 0)
(10.6092 0.655557 0)
(10.7125 0.710304 0)
(10.8219 0.763626 0)
(10.9368 0.815266 0)
(11.0569 0.864949 0)
(11.1816 0.912392 0)
(11.3104 0.957311 0)
(11.4428 0.999427 0)
(11.5782 1.03847 0)
(11.7161 1.0742 0)
(11.856 1.10638 0)
(11.9971 1.13482 0)
(12.139 1.15936 0)
(12.281 1.17988 0)
(12.4227 1.19628 0)
(12.5634 1.20852 0)
(12.7026 1.2166 0)
(12.8399 1.22053 0)
(12.9746 1.22039 0)
(13.1178 1.21633 0)
(10.0051 0.0521555 0)
(10.022 0.103346 0)
(10.0516 0.153949 0)
(10.092 0.2041 0)
(10.142 0.253792 0)
(10.2009 0.302996 0)
(10.2682 0.351698 0)
(10.3436 0.399849 0)
(10.4266 0.44736 0)
(10.5166 0.494108 0)
(10.6133 0.539941 0)
(10.7161 0.584685 0)
(10.8247 0.628143 0)
(10.9384 0.670105 0)
(11.0568 0.710349 0)
(11.1795 0.74865 0)
(11.3057 0.784784 0)
(11.4351 0.818531 0)
(11.5671 0.849688 0)
(11.7011 0.878064 0)
(11.8365 0.903492 0)
(11.9727 0.92583 0)
(12.1093 0.94496 0)
(12.2457 0.960799 0)
(12.3813 0.97329 0)
(12.5157 0.98241 0)
(12.6484 0.988168 0)
(12.7788 0.990599 0)
(12.9066 0.989771 0)
(13.0422 0.98581 0)
(10.0053 0.0400712 0)
(10.0228 0.079639 0)
(10.053 0.119055 0)
(10.0941 0.158251 0)
(10.1446 0.197115 0)
(10.204 0.235608 0)
(10.2717 0.273715 0)
(10.3474 0.311382 0)
(10.4305 0.348523 0)
(10.5204 0.385029 0)
(10.6168 0.420773 0)
(10.7191 0.45561 0)
(10.8268 0.489382 0)
(10.9393 0.521923 0)
(11.0563 0.553058 0)
(11.1771 0.582613 0)
(11.3011 0.610415 0)
(11.4279 0.636301 0)
(11.5569 0.660116 0)
(11.6875 0.681722 0)
(11.8191 0.700996 0)
(11.9513 0.717837 0)
(12.0835 0.732165 0)
(12.2152 0.743924 0)
(12.3459 0.753081 0)
(12.4751 0.759626 0)
(12.6024 0.763575 0)
(12.7273 0.764962 0)
(12.8495 0.763843 0)
(12.9789 0.760323 0)
(10.0056 0.0271767 0)
(10.0238 0.0551487 0)
(10.0548 0.0837087 0)
(10.0964 0.112188 0)
(10.1473 0.140354 0)
(10.207 0.168212 0)
(10.2751 0.195767 0)
(10.3509 0.222971 0)
(10.434 0.249752 0)
(10.5239 0.27603 0)
(10.62 0.301714 0)
(10.7217 0.326703 0)
(10.8287 0.350885 0)
(10.9403 0.374142 0)
(11.056 0.396353 0)
(11.1752 0.417394 0)
(11.2974 0.437147 0)
(11.4221 0.455497 0)
(11.5487 0.472339 0)
(11.6766 0.487577 0)
(11.8053 0.501129 0)
(11.9342 0.512928 0)
(12.063 0.522921 0)
(12.191 0.531074 0)
(12.3178 0.537367 0)
(12.4429 0.541799 0)
(12.5661 0.544383 0)
(12.6867 0.545149 0)
(12.8046 0.54414 0)
(12.9292 0.541433 0)
(10.0068 0.0111461 0)
(10.0269 0.026298 0)
(10.059 0.0432557 0)
(10.1009 0.0604076 0)
(10.152 0.0774318 0)
(10.2118 0.094362 0)
(10.2799 0.111188 0)
(10.3557 0.127842 0)
(10.4387 0.144253 0)
(10.5283 0.160356 0)
(10.624 0.176087 0)
(10.7252 0.191376 0)
(10.8315 0.206151 0)
(10.9422 0.220336 0)
(11.0569 0.233857 0)
(11.1749 0.246638 0)
(11.2958 0.258606 0)
(11.4188 0.269696 0)
(11.5436 0.279844 0)
(11.6696 0.288995 0)
(11.7961 0.297105 0)
(11.9228 0.304135 0)
(12.0491 0.310058 0)
(12.1745 0.314856 0)
(12.2985 0.318524 0)
(12.4209 0.321063 0)
(12.5411 0.322488 0)
(12.6588 0.322821 0)
(12.7737 0.322097 0)
(12.895 0.320378 0)
(9.99587 0.000883704 0)
(10.0069 0.00485173 0)
(10.0273 0.0100683 0)
(10.0568 0.0154865 0)
(10.0959 0.0209427 0)
(10.1442 0.0264604 0)
(10.2013 0.0320278 0)
(10.2665 0.0376067 0)
(10.3394 0.0431608 0)
(10.4193 0.0486597 0)
(10.5058 0.0540744 0)
(10.5983 0.0593752 0)
(10.6962 0.0645312 0)
(10.7989 0.0695111 0)
(10.906 0.0742837 0)
(11.0167 0.0788181 0)
(11.1305 0.0830849 0)
(11.2468 0.0870563 0)
(11.3651 0.090707 0)
(11.4847 0.0940144 0)
(11.6051 0.0969594 0)
(11.7258 0.0995261 0)
(11.8463 0.101703 0)
(11.966 0.103482 0)
(12.0846 0.104859 0)
(12.2015 0.105834 0)
(12.3164 0.106412 0)
(12.4289 0.106601 0)
(12.5386 0.10641 0)
(12.6544 0.105872 0)
(9.61399 13.051 0)
(6.4198 10.5116 0)
(-0.253937 6.27781 0)
(10.3353 11.0763 0)
(9.68285 9.57358 0)
(8.0645 7.85223 0)
(11.3454 11.106 0)
(11.4873 10.5015 0)
(11.1758 9.63046 0)
(12.2658 10.8255 0)
(12.5729 10.6737 0)
(12.6433 10.3009 0)
(12.8922 10.1379 0)
(13.2459 10.1608 0)
(13.4737 10.0623 0)
(13.3329 9.37354 0)
(13.6937 9.46151 0)
(13.9776 9.48755 0)
(13.6647 8.64619 0)
(14.0075 8.7457 0)
(14.2928 8.81194 0)
(13.9111 7.96432 0)
(14.2264 8.05185 0)
(14.493 8.11984 0)
(14.0866 7.32592 0)
(14.3737 7.39638 0)
(14.6172 7.45351 0)
(14.2041 6.73022 0)
(14.4651 6.78499 0)
(14.6862 6.82937 0)
(14.2735 6.17475 0)
(14.5108 6.21632 0)
(14.7117 6.24922 0)
(14.3025 5.65614 0)
(14.5186 5.6869 0)
(14.7012 5.71022 0)
(14.2975 5.17133 0)
(14.4945 5.1933 0)
(14.6608 5.20885 0)
(14.264 4.71765 0)
(14.4439 4.73256 0)
(14.5956 4.74187 0)
(14.2072 4.29276 0)
(14.3715 4.30202 0)
(14.5099 4.3064 0)
(14.1314 3.89457 0)
(14.2816 3.89938 0)
(14.408 3.89992 0)
(14.0408 3.52116 0)
(14.1782 3.52251 0)
(14.2939 3.52013 0)
(13.9393 3.17069 0)
(14.0652 3.16944 0)
(14.1711 3.16492 0)
(13.8306 2.84142 0)
(13.9461 2.83826 0)
(14.0431 2.83227 0)
(13.718 2.5316 0)
(13.824 2.52715 0)
(13.9131 2.52022 0)
(13.6045 2.2395 0)
(13.7022 2.23423 0)
(13.7841 2.22684 0)
(13.493 1.96339 0)
(13.5832 1.95774 0)
(13.6589 1.95026 0)
(13.3861 1.70139 0)
(13.4698 1.69569 0)
(13.54 1.68844 0)
(13.2861 1.45192 0)
(13.3642 1.44646 0)
(13.4296 1.4397 0)
(13.1953 1.21258 0)
(13.2685 1.20757 0)
(13.3298 1.2015 0)
(13.1154 0.982471 0)
(13.1846 0.97812 0)
(13.2425 0.972916 0)
(13.0488 0.757519 0)
(13.1146 0.753939 0)
(13.1697 0.749711 0)
(12.9963 0.539339 0)
(13.0597 0.536687 0)
(13.1128 0.53357 0)
(12.9603 0.319005 0)
(13.0219 0.317235 0)
(13.0734 0.315172 0)
(12.7168 0.105368 0)
(12.7756 0.104683 0)
(12.8248 0.103895 0)
(-1.55329 3.71192 0)
(1.14908 4.79016 0)
(1.73124 5.07305 0)
(2.41379 5.29767 0)
(2.98342 5.47784 0)
(3.44949 5.59332 0)
(3.84586 5.64091 0)
(4.19173 5.6183 0)
(4.49718 5.52043 0)
(4.77005 5.34064 0)
(5.01665 5.0698 0)
(5.24181 4.70056 0)
(5.45054 4.22484 0)
(5.64663 3.63431 0)
(5.83141 2.9213 0)
(6.0021 2.08328 0)
(6.14965 1.13868 0)
(6.26874 0.13733 0)
(6.29443 -0.848366 0)
(6.25209 -1.76945 0)
(6.19439 -2.62593 0)
(6.16557 -3.45132 0)
(6.19205 -4.27673 0)
(6.27531 -5.10023 0)
(6.39473 -5.88238 0)
(6.51904 -6.5644 0)
(6.61915 -7.09024 0)
(6.66283 -7.42071 0)
(6.66892 -7.53256 0)
(6.48075 -7.39535 0)
(5.70095 5.60048 0)
(4.25859 4.62401 0)
(3.47063 4.46776 0)
(3.49748 4.67003 0)
(3.84998 4.93515 0)
(4.27745 5.14315 0)
(4.70606 5.26435 0)
(5.11234 5.29604 0)
(5.48953 5.23869 0)
(5.83844 5.09017 0)
(6.16219 4.8448 0)
(6.46357 4.49635 0)
(6.74502 4.03796 0)
(7.00739 3.46305 0)
(7.2483 2.76732 0)
(7.45956 1.95455 0)
(7.62551 1.04914 0)
(7.73741 0.101054 0)
(7.74934 -0.837993 0)
(7.69394 -1.73408 0)
(7.6266 -2.59401 0)
(7.5952 -3.44543 0)
(7.62235 -4.30414 0)
(7.69931 -5.15242 0)
(7.79592 -5.94185 0)
(7.87682 -6.61281 0)
(7.91423 -7.11339 0)
(7.88293 -7.40964 0)
(7.81016 -7.48284 0)
(7.52948 -7.31336 0)
(9.99695 7.82816 0)
(8.49069 6.38161 0)
(7.05182 5.42898 0)
(6.10513 4.92351 0)
(5.67439 4.76086 0)
(5.62584 4.78881 0)
(5.81311 4.86767 0)
(6.12262 4.91335 0)
(6.48308 4.88648 0)
(6.85653 4.76963 0)
(7.22461 4.55322 0)
(7.57833 4.23064 0)
(7.91267 3.7963 0)
(8.22301 3.24598 0)
(8.50235 2.57928 0)
(8.73879 1.80536 0)
(8.91522 0.951822 0)
(9.02259 0.0636279 0)
(9.03684 -0.825563 0)
(8.99897 -1.70011 0)
(8.96441 -2.5703 0)
(8.97332 -3.45166 0)
(9.03331 -4.34031 0)
(9.1214 -5.20286 0)
(9.20047 -5.98554 0)
(9.23613 -6.63204 0)
(9.20643 -7.09741 0)
(9.09573 -7.35445 0)
(8.94004 -7.38963 0)
(8.56431 -7.19291 0)
(12.2634 9.10309 0)
(11.4296 7.85297 0)
(10.3497 6.7841 0)
(9.31424 5.95117 0)
(8.48245 5.36269 0)
(7.92354 4.99627 0)
(7.64845 4.79371 0)
(7.61604 4.67763 0)
(7.75854 4.57632 0)
(8.0106 4.43689 0)
(8.32227 4.22524 0)
(8.65906 3.9209 0)
(8.99752 3.51208 0)
(9.32031 2.99318 0)
(9.61204 2.36532 0)
(9.85662 1.64007 0)
(10.0365 0.844765 0)
(10.1494 0.0145395 0)
(10.1976 -0.833969 0)
(10.223 -1.69909 0)
(10.2685 -2.58666 0)
(10.3519 -3.49405 0)
(10.4593 -4.39784 0)
(10.5569 -5.25423 0)
(10.6079 -6.01007 0)
(10.5855 -6.61619 0)
(10.4776 -7.03625 0)
(10.2797 -7.25002 0)
(10.036 -7.2488 0)
(9.56352 -7.03068 0)
(13.5756 9.43448 0)
(13.3079 8.57221 0)
(12.7577 7.69094 0)
(12.0614 6.88174 0)
(11.3378 6.18157 0)
(10.6804 5.60755 0)
(10.1597 5.15743 0)
(9.81514 4.80914 0)
(9.65137 4.52574 0)
(9.64641 4.26392 0)
(9.76416 3.98252 0)
(9.96537 3.64824 0)
(10.214 3.23768 0)
(10.4792 2.73731 0)
(10.7347 2.1437 0)
(10.959 1.4648 0)
(11.1332 0.721215 0)
(11.2713 -0.0671224 0)
(11.3898 -0.895949 0)
(11.5127 -1.76463 0)
(11.6545 -2.66617 0)
(11.8052 -3.5804 0)
(11.936 -4.4719 0)
(12.0124 -5.29488 0)
(12.0064 -6.00209 0)
(11.903 -6.55336 0)
(11.7013 -6.92071 0)
(11.4074 -7.08995 0)
(11.0716 -7.05621 0)
(10.5034 -6.82401 0)
(14.3297 9.23441 0)
(14.4432 8.72552 0)
(14.3385 8.09968 0)
(14.0477 7.44147 0)
(13.6332 6.79731 0)
(13.1643 6.19636 0)
(12.7046 5.65394 0)
(12.3052 5.17169 0)
(12.0016 4.73954 0)
(11.8106 4.33842 0)
(11.7321 3.94366 0)
(11.7524 3.52924 0)
(11.8489 3.07184 0)
(11.9953 2.55412 0)
(12.1658 1.96693 0)
(12.3387 1.31031 0)
(12.4965 0.591471 0)
(12.6672 -0.18505 0)
(12.8469 -1.01591 0)
(13.0341 -1.89027 0)
(13.2165 -2.78832 0)
(13.3683 -3.68091 0)
(13.4588 -4.53067 0)
(13.4613 -5.29643 0)
(13.3596 -5.93925 0)
(13.1499 -6.42764 0)
(12.8406 -6.74058 0)
(12.4455 -6.86843 0)
(12.0177 -6.80901 0)
(11.3597 -6.57171 0)
(14.7426 8.76044 0)
(15.0746 8.50409 0)
(15.2781 8.10668 0)
(15.3233 7.62476 0)
(15.2286 7.09862 0)
(15.0353 6.55835 0)
(14.7871 6.02466 0)
(14.5238 5.50833 0)
(14.2795 5.01118 0)
(14.0804 4.52779 0)
(13.943 4.04723 0)
(13.8737 3.55514 0)
(13.8694 3.03623 0)
(13.9198 2.4768 0)
(14.0111 1.8669 0)
(14.1299 1.20099 0)
(14.2651 0.474769 0)
(14.4336 -0.313078 0)
(14.6059 -1.15116 0)
(14.7673 -2.01903 0)
(14.8952 -2.89147 0)
(14.9629 -3.73893 0)
(14.9458 -4.52813 0)
(14.8273 -5.22505 0)
(14.6009 -5.79887 0)
(14.2706 -6.22538 0)
(13.8502 -6.48894 0)
(13.3575 -6.58314 0)
(12.8452 -6.50756 0)
(12.1097 -6.27518 0)
(14.9578 8.15576 0)
(15.3883 8.05162 0)
(15.7701 7.82234 0)
(16.045 7.49513 0)
(16.2027 7.09641 0)
(16.2617 6.64949 0)
(16.247 6.17333 0)
(16.1837 5.681 0)
(16.0963 5.17939 0)
(16.0071 4.66989 0)
(15.9343 4.14936 0)
(15.8905 3.61136 0)
(15.8824 3.04759 0)
(15.9109 2.44944 0)
(15.9724 1.80927 0)
(16.0608 1.12072 0)
(16.1707 0.377107 0)
(16.2921 -0.418776 0)
(16.3948 -1.24887 0)
(16.4629 -2.09044 0)
(16.4757 -2.9192 0)
(16.4125 -3.7089 0)
(16.2579 -4.43162 0)
(16.0035 -5.05999 0)
(15.6496 -5.56988 0)
(15.205 -5.94268 0)
(14.6857 -6.16675 0)
(14.111 -6.2379 0)
(13.5303 -6.15691 0)
(12.7367 -5.93915 0)
(15.0598 7.51379 0)
(15.5141 7.48515 0)
(15.9748 7.36013 0)
(16.3787 7.1459 0)
(16.7012 6.85517 0)
(16.9456 6.5018 0)
(17.1224 6.09904 0)
(17.244 5.65788 0)
(17.3246 5.18597 0)
(17.3788 4.68743 0)
(17.4207 4.16311 0)
(17.4616 3.61127 0)
(17.5097 3.02835 0)
(17.5691 2.41002 0)
(17.6401 1.75204 0)
(17.7188 1.05093 0)
(17.8004 0.304745 0)
(17.8598 -0.477751 0)
(17.8778 -1.27806 0)
(17.8417 -2.07602 0)
(17.736 -2.85032 0)
(17.5477 -3.57825 0)
(17.2693 -4.23651 0)
(16.8991 -4.80298 0)
(16.442 -5.25854 0)
(15.9093 -5.58869 0)
(15.3178 -5.78459 0)
(14.6867 -5.84354 0)
(14.0608 -5.76706 0)
(13.2337 -5.57175 0)
(15.0939 6.88575 0)
(15.5327 6.88518 0)
(16.0083 6.81426 0)
(16.4641 6.67045 0)
(16.8722 6.45723 0)
(17.228 6.18042 0)
(17.5329 5.84697 0)
(17.79 5.46383 0)
(18.0047 5.0369 0)
(18.1842 4.57039 0)
(18.3364 4.06664 0)
(18.4686 3.52636 0)
(18.5861 2.94907 0)
(18.692 2.33379 0)
(18.7857 1.6799 0)
(18.8631 0.988204 0)
(18.9187 0.26283 0)
(18.9269 -0.484548 0)
(18.877 -1.23839 0)
(18.76 -1.98193 0)
(18.5659 -2.69671 0)
(18.288 -3.36315 0)
(17.9243 -3.96168 0)
(17.4777 -4.47413 0)
(16.9561 -4.88503 0)
(16.3721 -5.18278 0)
(15.7422 -5.3604 0)
(15.0848 -5.41601 0)
(14.4395 -5.35148 0)
(13.605 -5.18349 0)
(15.0827 6.29222 0)
(15.4898 6.29593 0)
(15.9459 6.24767 0)
(16.4042 6.14185 0)
(16.8392 5.9775 0)
(17.244 5.75548 0)
(17.6158 5.47795 0)
(17.9522 5.14799 0)
(18.2524 4.76894 0)
(18.5177 4.34377 0)
(18.7502 3.87483 0)
(18.9525 3.3638 0)
(19.1262 2.81201 0)
(19.2713 2.22088 0)
(19.3854 1.59278 0)
(19.4632 0.93209 0)
(19.4995 0.247012 0)
(19.4749 -0.450651 0)
(19.3828 -1.14824 0)
(19.2174 -1.83178 0)
(18.973 -2.48541 0)
(18.6469 -3.09234 0)
(18.2408 -3.63603 0)
(17.7599 -4.10132 0)
(17.2137 -4.47534 0)
(16.6149 -4.74844 0)
(15.9794 -4.91482 0)
(15.3241 -4.97293 0)
(14.6836 -4.92462 0)
(13.8651 -4.78562 0)
(15.0379 5.73859 0)
(15.4092 5.73716 0)
(15.8314 5.69546 0)
(16.2661 5.60775 0)
(16.6918 5.47159 0)
(17.1023 5.28561 0)
(17.4938 5.04928 0)
(17.8616 4.76303 0)
(18.2016 4.428 0)
(18.511 4.04574 0)
(18.788 3.61793 0)
(19.0311 3.1464 0)
(19.2385 2.63332 0)
(19.4075 2.08154 0)
(19.5339 1.49524 0)
(19.6121 0.880841 0)
(19.6368 0.248081 0)
(19.5959 -0.39213 0)
(19.4846 -1.02908 0)
(19.2993 -1.65097 0)
(19.0371 -2.24426 0)
(18.6979 -2.79463 0)
(18.2847 -3.288 0)
(17.8042 -3.71149 0)
(17.2657 -4.05413 0)
(16.6817 -4.30762 0)
(16.0667 -4.46684 0)
(15.4358 -4.53027 0)
(14.8189 -4.49948 0)
(14.0347 -4.38847 0)
(14.9665 5.22424 0)
(15.3032 5.21536 0)
(15.6878 5.17364 0)
(16.0882 5.094 0)
(16.4866 4.97385 0)
(16.8781 4.81119 0)
(17.2593 4.60438 0)
(17.6253 4.3525 0)
(17.9708 4.05537 0)
(18.2911 3.71343 0)
(18.5818 3.32771 0)
(18.8392 2.89981 0)
(19.059 2.43211 0)
(19.2368 1.92803 0)
(19.3673 1.39248 0)
(19.4448 0.832396 0)
(19.4644 0.257322 0)
(19.4192 -0.322854 0)
(19.3052 -0.89874 0)
(19.1202 -1.4602 0)
(18.8631 -1.99571 0)
(18.5347 -2.49302 0)
(18.1389 -2.9401 0)
(17.6821 -3.32582 0)
(17.1733 -3.64068 0)
(16.6237 -3.87734 0)
(16.0462 -4.0311 0)
(15.4544 -4.10033 0)
(14.8735 -4.0861 0)
(14.136 -4.0003 0)
(14.8733 4.74663 0)
(15.1782 4.7308 0)
(15.5265 4.68725 0)
(15.8906 4.61162 0)
(16.2553 4.50155 0)
(16.6168 4.35503 0)
(16.9725 4.17021 0)
(17.3182 3.9457 0)
(17.6484 3.68072 0)
(17.9578 3.37515 0)
(18.2414 3.02956 0)
(18.4941 2.64526 0)
(18.7108 2.22452 0)
(18.886 1.77075 0)
(19.0142 1.2888 0)
(19.09 0.785241 0)
(19.1085 0.268574 0)
(19.0663 -0.252485 0)
(18.9596 -0.769515 0)
(18.7869 -1.27362 0)
(18.5481 -1.75492 0)
(18.2444 -2.20292 0)
(17.8796 -2.60724 0)
(17.4595 -2.95825 0)
(16.9921 -3.24759 0)
(16.4872 -3.46867 0)
(15.9562 -3.6171 0)
(15.4108 -3.69107 0)
(14.8725 -3.69114 0)
(14.1881 -3.62694 0)
(14.7626 4.30281 0)
(15.0388 4.28142 0)
(15.3537 4.23622 0)
(15.6832 4.16344 0)
(16.0137 4.06102 0)
(16.3424 3.92716 0)
(16.6674 3.76011 0)
(16.9848 3.55846 0)
(17.2899 3.32128 0)
(17.5775 3.04826 0)
(17.8427 2.73971 0)
(18.0801 2.39673 0)
(18.2845 2.02135 0)
(18.4503 1.61668 0)
(18.5724 1.18712 0)
(18.6455 0.738451 0)
(18.6653 0.277883 0)
(18.6295 -0.187054 0)
(18.5349 -0.64881 0)
(18.3803 -1.09948 0)
(18.1657 -1.53049 0)
(17.8926 -1.93283 0)
(17.5643 -2.29754 0)
(17.1857 -2.61621 0)
(16.7638 -2.88147 0)
(16.3071 -3.08736 0)
(15.8253 -3.22977 0)
(15.3285 -3.30672 0)
(14.835 -3.31827 0)
(14.2058 -3.27196 0)
(14.6381 3.88998 0)
(14.8886 3.86456 0)
(15.1734 3.81851 0)
(15.4712 3.74861 0)
(15.7698 3.65304 0)
(16.0668 3.53027 0)
(16.3607 3.37874 0)
(16.6485 3.19718 0)
(16.9257 2.98472 0)
(17.1879 2.741 0)
(17.4303 2.46627 0)
(17.6482 2.16145 0)
(17.8364 1.8283 0)
(17.99 1.46956 0)
(18.104 1.08901 0)
(18.1739 0.691572 0)
(18.1957 0.283237 0)
(18.1674 -0.129567 0)
(18.0863 -0.540151 0)
(17.9512 -0.941483 0)
(17.7623 -1.32611 0)
(17.5207 -1.68626 0)
(17.2293 -2.01416 0)
(16.8923 -2.30248 0)
(16.5155 -2.5447 0)
(16.1061 -2.73544 0)
(15.6724 -2.87086 0)
(15.2234 -2.94885 0)
(14.774 -2.96907 0)
(14.1993 -2.93723 0)
(14.5036 3.50557 0)
(14.731 3.4775 0)
(14.9889 3.43154 0)
(15.2581 3.36488 0)
(15.5277 3.27601 0)
(15.7956 3.16357 0)
(16.0607 3.02627 0)
(16.3202 2.86298 0)
(16.5704 2.67295 0)
(16.8073 2.45587 0)
(17.0268 2.21193 0)
(17.2246 1.94196 0)
(17.396 1.64746 0)
(17.5367 1.33076 0)
(17.6423 0.995065 0)
(17.7088 0.644492 0)
(17.7325 0.283994 0)
(17.7117 -0.0809575 0)
(17.6438 -0.44454 0)
(17.5276 -0.800556 0)
(17.3631 -1.14251 0)
(17.1515 -1.46368 0)
(16.895 -1.75734 0)
(16.597 -2.01709 0)
(16.2625 -2.23716 0)
(15.8975 -2.41274 0)
(15.5091 -2.54022 0)
(15.105 -2.61747 0)
(14.6979 -2.64382 0)
(14.1756 -2.62348 0)
(14.3625 3.14719 0)
(14.5692 3.11768 0)
(14.803 3.07266 0)
(15.0467 3.0097 0)
(15.2904 2.92752 0)
(15.5322 2.82499 0)
(15.7711 2.701 0)
(16.0049 2.55461 0)
(16.2304 2.38517 0)
(16.4441 2.19243 0)
(16.6422 1.97657 0)
(16.821 1.7383 0)
(16.9767 1.4789 0)
(17.1052 1.20035 0)
(17.2028 0.905329 0)
(17.2659 0.597262 0)
(17.2912 0.280258 0)
(17.277 -0.0410446 0)
(17.2211 -0.361642 0)
(17.1222 -0.676134 0)
(16.9802 -0.978879 0)
(16.7959 -1.26406 0)
(16.5711 -1.52587 0)
(16.3088 -1.75871 0)
(16.013 -1.95752 0)
(15.6888 -2.11799 0)
(15.3421 -2.23679 0)
(14.9797 -2.3118 0)
(14.6121 -2.34211 0)
(14.1391 -2.33074 0)
(14.218 2.81259 0)
(14.4063 2.78267 0)
(14.6187 2.73931 0)
(14.8397 2.68046 0)
(15.0603 2.60501 0)
(15.2788 2.51205 0)
(15.4945 2.40063 0)
(15.7054 2.26996 0)
(15.9088 2.11952 0)
(16.1015 1.9491 0)
(16.2805 1.75886 0)
(16.4423 1.54941 0)
(16.5837 1.32184 0)
(16.7011 1.07782 0)
(16.7914 0.819568 0)
(16.8512 0.549946 0)
(16.8779 0.272367 0)
(16.8695 -0.00924607 0)
(16.8242 -0.290629 0)
(16.7407 -0.567131 0)
(16.6188 -0.833877 0)
(16.459 -1.08585 0)
(16.2628 -1.31803 0)
(16.0325 -1.52558 0)
(15.7716 -1.70403 0)
(15.4843 -1.84957 0)
(15.1757 -1.95914 0)
(14.8514 -2.03068 0)
(14.5206 -2.06315 0)
(14.0936 -2.05863 0)
(14.0734 2.49963 0)
(14.2452 2.47014 0)
(14.4386 2.42906 0)
(14.6394 2.37464 0)
(14.8396 2.30595 0)
(15.0376 2.22224 0)
(15.2328 2.12272 0)
(15.4235 2.00676 0)
(15.6073 1.87389 0)
(15.7816 1.72397 0)
(15.9436 1.55714 0)
(16.0904 1.37391 0)
(16.2191 1.17522 0)
(16.3267 0.962448 0)
(16.4103 0.737457 0)
(16.4673 0.502613 0)
(16.4949 0.260759 0)
(16.4916 0.0152151 0)
(16.4556 -0.230421 0)
(16.3857 -0.472186 0)
(16.2815 -0.705895 0)
(16.1434 -0.92724 0)
(15.9726 -1.1319 0)
(15.771 -1.31569 0)
(15.5413 -1.47473 0)
(15.2872 -1.60562 0)
(15.013 -1.70562 0)
(14.7235 -1.77275 0)
(14.4264 -1.80591 0)
(14.0419 -1.80646 0)
(13.9313 2.20617 0)
(14.0886 2.17783 0)
(14.2652 2.13953 0)
(14.4483 2.08979 0)
(14.6305 2.02785 0)
(14.8105 1.95309 0)
(14.9876 1.86487 0)
(15.1606 1.76265 0)
(15.3274 1.64608 0)
(15.4855 1.51503 0)
(15.6326 1.36963 0)
(15.7662 1.21031 0)
(15.8838 1.03786 0)
(15.9828 0.853422 0)
(16.0606 0.658553 0)
(16.1149 0.455214 0)
(16.1434 0.245765 0)
(16.1443 0.033003 0)
(16.1164 -0.180068 0)
(16.0584 -0.390079 0)
(15.9698 -0.593466 0)
(15.8509 -0.786557 0)
(15.7025 -0.965655 0)
(15.5263 -1.12716 0)
(15.3244 -1.26772 0)
(15.1 -1.38434 0)
(14.8566 -1.47456 0)
(14.5986 -1.53657 0)
(14.3322 -1.56921 0)
(13.9866 -1.57334 0)
(13.7945 1.93021 0)
(13.939 1.90359 0)
(14.1009 1.86846 0)
(14.2685 1.8236 0)
(14.435 1.76838 0)
(14.5992 1.70228 0)
(14.7607 1.6248 0)
(14.9182 1.53549 0)
(15.0701 1.43407 0)
(15.2142 1.32043 0)
(15.3484 1.1947 0)
(15.4706 1.05724 0)
(15.5786 0.908698 0)
(15.67 0.750035 0)
(15.7427 0.582533 0)
(15.7946 0.407815 0)
(15.8238 0.227836 0)
(15.8283 0.0449124 0)
(15.8075 -0.138444 0)
(15.7598 -0.31939 0)
(15.6848 -0.494922 0)
(15.5827 -0.661932 0)
(15.454 -0.817285 0)
(15.3001 -0.957912 0)
(15.1228 -1.08092 0)
(14.9247 -1.18372 0)
(14.7089 -1.26414 0)
(14.4791 -1.32049 0)
(14.2405 -1.35168 0)
(13.93 -1.35815 0)
(13.6655 1.66958 0)
(13.7988 1.64514 0)
(13.9478 1.6135 0)
(14.1019 1.57366 0)
(14.2549 1.52508 0)
(14.4054 1.46737 0)
(14.5534 1.40011 0)
(14.6976 1.32295 0)
(14.8367 1.23565 0)
(14.9687 1.13815 0)
(15.0918 1.03054 0)
(15.2041 0.913126 0)
(15.3038 0.786455 0)
(15.3888 0.651309 0)
(15.4571 0.508744 0)
(15.507 0.360095 0)
(15.5366 0.206971 0)
(15.5444 0.051263 0)
(15.5295 -0.104924 0)
(15.4907 -0.259219 0)
(15.4275 -0.409112 0)
(15.3399 -0.552004 0)
(15.2284 -0.68526 0)
(15.094 -0.806289 0)
(14.9383 -0.912632 0)
(14.7633 -1.00206 0)
(14.5718 -1.07268 0)
(14.3669 -1.12299 0)
(14.1531 -1.15194 0)
(13.8742 -1.15971 0)
(13.5463 1.42249 0)
(13.67 1.4006 0)
(13.808 1.37271 0)
(13.9505 1.33798 0)
(14.0918 1.29598 0)
(14.2307 1.24641 0)
(14.3671 1.18893 0)
(14.5 1.12325 0)
(14.6281 1.0492 0)
(14.7498 0.966715 0)
(14.8635 0.875893 0)
(14.9674 0.776986 0)
(15.06 0.670432 0)
(15.1395 0.556876 0)
(15.2041 0.437176 0)
(15.2522 0.312418 0)
(15.2822 0.183914 0)
(15.2928 0.0532001 0)
(15.283 -0.0780035 0)
(15.2518 -0.20775 0)
(15.1987 -0.333966 0)
(15.1236 -0.4545 0)
(15.0269 -0.567166 0)
(14.9093 -0.669805 0)
(14.7722 -0.760352 0)
(14.6174 -0.836922 0)
(14.4471 -0.897881 0)
(14.264 -0.941913 0)
(14.0721 -0.968069 0)
(13.821 -0.976344 0)
(13.439 1.18631 0)
(13.5546 1.16727 0)
(13.6832 1.14331 0)
(13.816 1.11374 0)
(13.9474 1.07825 0)
(14.0765 1.03658 0)
(14.2031 0.988467 0)
(14.3265 0.933692 0)
(14.4455 0.872115 0)
(14.5585 0.803694 0)
(14.6642 0.728508 0)
(14.7612 0.646762 0)
(14.8479 0.558811 0)
(14.9227 0.465171 0)
(14.9841 0.36653 0)
(15.0308 0.263759 0)
(15.0612 0.157906 0)
(15.074 0.0502002 0)
(15.0685 -0.057961 0)
(15.0438 -0.165006 0)
(14.9992 -0.26925 0)
(14.9346 -0.368942 0)
(14.8504 -0.462303 0)
(14.7471 -0.547565 0)
(14.6259 -0.623032 0)
(14.4882 -0.68714 0)
(14.3361 -0.738517 0)
(14.1719 -0.77604 0)
(13.9988 -0.798869 0)
(13.7718 -0.806902 0)
(13.3455 0.960054 0)
(13.4543 0.944109 0)
(13.5752 0.924239 0)
(13.6999 0.899908 0)
(13.8232 0.870864 0)
(13.9442 0.836914 0)
(14.0628 0.797859 0)
(14.1784 0.753528 0)
(14.2897 0.703816 0)
(14.3957 0.648694 0)
(14.4949 0.588227 0)
(14.5861 0.522578 0)
(14.6679 0.452027 0)
(14.7389 0.376977 0)
(14.7978 0.29797 0)
(14.8432 0.215683 0)
(14.8739 0.130939 0)
(14.8886 0.0446952 0)
(14.8867 -0.0419602 0)
(14.8672 -0.127803 0)
(14.8296 -0.2115 0)
(14.7738 -0.291664 0)
(14.7 -0.366882 0)
(14.6086 -0.435742 0)
(14.5006 -0.496885 0)
(14.3773 -0.549043 0)
(14.2403 -0.591095 0)
(14.0919 -0.622102 0)
(13.9348 -0.641349 0)
(13.7282 -0.648685 0)
(13.2677 0.739387 0)
(13.371 0.726709 0)
(13.4858 0.711034 0)
(13.6039 0.691958 0)
(13.7207 0.669291 0)
(13.8353 0.642893 0)
(13.9475 0.612615 0)
(14.0568 0.578333 0)
(14.1622 0.539966 0)
(14.2624 0.497498 0)
(14.3565 0.450976 0)
(14.4431 0.400527 0)
(14.521 0.346359 0)
(14.589 0.288778 0)
(14.6458 0.228187 0)
(14.6902 0.165096 0)
(14.7211 0.100118 0)
(14.7374 0.0339708 0)
(14.7382 -0.0325087 0)
(14.7229 -0.0983873 0)
(14.691 -0.162653 0)
(14.6421 -0.224252 0)
(14.5766 -0.282111 0)
(14.4947 -0.335158 0)
(14.3973 -0.382354 0)
(14.2855 -0.422721 0)
(14.1608 -0.455383 0)
(14.0251 -0.479591 0)
(13.8808 -0.49476 0)
(13.6907 -0.50074 0)
(13.2071 0.525999 0)
(13.3063 0.516789 0)
(13.4163 0.505464 0)
(13.5296 0.491724 0)
(13.6415 0.475444 0)
(13.7511 0.456531 0)
(13.8585 0.434885 0)
(13.9631 0.410417 0)
(14.0639 0.383075 0)
(14.16 0.352845 0)
(14.2501 0.319765 0)
(14.3333 0.283921 0)
(14.4083 0.245463 0)
(14.474 0.204603 0)
(14.5292 0.161623 0)
(14.5729 0.116879 0)
(14.6039 0.0707913 0)
(14.6213 0.0238398 0)
(14.6243 -0.0234208 0)
(14.6122 -0.0703376 0)
(14.5844 -0.116187 0)
(14.5409 -0.160215 0)
(14.4815 -0.201652 0)
(14.4067 -0.239731 0)
(14.3171 -0.273702 0)
(14.2137 -0.302855 0)
(14.098 -0.326543 0)
(13.9715 -0.344193 0)
(13.8365 -0.355314 0)
(13.658 -0.359662 0)
(13.165 0.310352 0)
(13.2613 0.304726 0)
(13.3681 0.297846 0)
(13.4779 0.289484 0)
(13.5863 0.27958 0)
(13.6925 0.268095 0)
(13.7965 0.254973 0)
(13.8978 0.240161 0)
(13.9955 0.223627 0)
(14.0885 0.205363 0)
(14.1759 0.185392 0)
(14.2565 0.163764 0)
(14.3294 0.140566 0)
(14.3935 0.115926 0)
(14.4475 0.0900136 0)
(14.4905 0.0630461 0)
(14.5215 0.0352949 0)
(14.5393 0.00708612 0)
(14.543 -0.0212211 0)
(14.5318 -0.0492711 0)
(14.5054 -0.076659 0)
(14.4634 -0.102945 0)
(14.4058 -0.127673 0)
(14.3329 -0.150386 0)
(14.2454 -0.170633 0)
(14.1442 -0.187983 0)
(14.0306 -0.202038 0)
(13.9063 -0.212433 0)
(13.7734 -0.218823 0)
(13.598 -0.220994 0)
(12.9119 0.102174 0)
(13.0032 0.100278 0)
(13.1043 0.0979424 0)
(13.2083 0.0950652 0)
(13.3107 0.0916343 0)
(13.4108 0.0876421 0)
(13.5083 0.0830691 0)
(13.6029 0.0778957 0)
(13.6936 0.0721105 0)
(13.7795 0.0657118 0)
(13.8594 0.0587079 0)
(13.9323 0.0511183 0)
(13.9971 0.0429757 0)
(14.0527 0.0343276 0)
(14.098 0.0252392 0)
(14.1319 0.0157982 0)
(14.1534 0.00612442 0)
(14.1615 -0.0036198 0)
(14.1557 -0.0132937 0)
(14.1353 -0.0228128 0)
(14.0997 -0.0320694 0)
(14.0488 -0.0409339 0)
(13.9826 -0.0492655 0)
(13.9013 -0.0569183 0)
(13.8055 -0.0637453 0)
(13.6963 -0.069602 0)
(13.5748 -0.0743495 0)
(13.4428 -0.077856 0)
(13.3022 -0.0799824 0)
(13.1177 -0.0807299 0)
)
;

boundaryField
{
    inlet
    {
        type            fixedValue;
        value           uniform (10 0 0);
    }
    outlet
    {
        type            zeroGradient;
    }
    flap
    {
        type            movingWallVelocity;
        value           nonuniform List<vector> 
33
(
(0 6.93889e-16 0)
(0 0 0)
(0 0 0)
(0 0 0)
(0 0 0)
(0 0 0)
(0 0 0)
(0 0 0)
(0 0 0)
(0 0 0)
(0 0 0)
(0 -1.11022e-14 0)
(0 -1.11022e-14 0)
(0 -1.11022e-14 0)
(0 -2.22045e-14 0)
(6.93889e-16 0 -2.77556e-15)
(0 0 -2.77556e-15)
(0 0 0)
(0 6.93889e-16 0)
(0 0 0)
(0 0 0)
(0 0 0)
(0 0 0)
(0 0 0)
(0 -5.55112e-15 0)
(0 0 0)
(0 -1.11022e-14 0)
(0 0 0)
(0 0 0)
(0 0 0)
(0 0 0)
(0 -1.11022e-14 0)
(0 -1.11022e-14 0)
)
;
    }
    upperWall
    {
        type            noSlip;
    }
    lowerWall
    {
        type            noSlip;
    }
    frontAndBack
    {
        type            empty;
    }
}


// ************************************************************************* //
