/*--------------------------------*- C++ -*----------------------------------*\
  =========                 |
  \\      /  F ield         | OpenFOAM: The Open Source CFD Toolbox
   \\    /   O peration     | Website:  https://openfoam.org
    \\  /    A nd           | Version:  7
     \\/     M anipulation  |
\*---------------------------------------------------------------------------*/
FoamFile
{
    version     2.0;
    format      ascii;
    class       volScalarField;
    location    "4.92";
    object      T;
}
// * * * * * * * * * * * * * * * * * * * * * * * * * * * * * * * * * * * * * //

dimensions      [0 0 0 1 0 0 0];

internalField   nonuniform List<scalar> 
12013
(
300.065
300.197
300.332
300.47
300.61
300.75
300.891
301.031
301.17
301.308
301.445
301.579
301.711
301.84
301.967
302.091
302.213
302.333
302.449
302.564
302.677
302.787
302.896
303.004
303.111
303.217
303.323
303.429
303.536
303.644
303.754
303.866
303.981
304.101
304.225
304.354
304.49
304.634
304.787
304.949
305.123
305.311
305.512
305.73
305.967
306.223
306.502
306.806
307.137
307.499
307.894
308.325
308.797
309.312
309.875
310.49
311.161
311.895
312.696
313.571
314.525
315.567
316.703
317.942
319.293
320.767
322.375
324.129
326.045
328.138
330.427
332.935
335.688
338.718
342.064
345.778
349.926
354.603
359.955
366.222
373.864
300.065
300.197
300.332
300.47
300.61
300.751
300.891
301.032
301.171
301.309
301.445
301.58
301.712
301.841
301.968
302.093
302.214
302.334
302.451
302.565
302.678
302.789
302.898
303.006
303.112
303.219
303.325
303.431
303.537
303.645
303.755
303.867
303.983
304.102
304.226
304.355
304.492
304.635
304.788
304.95
305.125
305.312
305.513
305.731
305.967
306.224
306.503
306.806
307.137
307.499
307.893
308.324
308.795
309.31
309.872
310.486
311.157
311.89
312.69
313.564
314.517
315.556
316.69
317.926
319.274
320.744
322.347
324.096
326.004
328.089
330.367
332.86
335.594
338.598
341.909
345.572
349.645
354.203
359.343
365.188
371.848
300.065
300.197
300.333
300.471
300.611
300.752
300.892
301.033
301.173
301.311
301.447
301.582
301.714
301.843
301.97
302.095
302.217
302.336
302.454
302.568
302.681
302.792
302.901
303.009
303.116
303.222
303.328
303.434
303.541
303.649
303.759
303.871
303.986
304.105
304.229
304.358
304.494
304.638
304.791
304.953
305.127
305.314
305.515
305.733
305.969
306.225
306.503
306.807
307.137
307.498
307.892
308.322
308.792
309.306
309.867
310.48
311.149
311.88
312.677
313.548
314.497
315.533
316.662
317.892
319.234
320.695
322.288
324.024
325.917
327.981
330.234
332.696
335.389
338.339
341.576
345.136
349.061
353.396
358.186
363.458
369.17
300.065
300.197
300.333
300.472
300.612
300.753
300.894
301.035
301.175
301.313
301.45
301.585
301.717
301.847
301.974
302.099
302.221
302.341
302.458
302.573
302.686
302.797
302.906
303.014
303.121
303.227
303.333
303.439
303.546
303.654
303.764
303.876
303.991
304.11
304.234
304.363
304.499
304.643
304.795
304.957
305.131
305.318
305.519
305.736
305.971
306.227
306.505
306.807
307.137
307.497
307.89
308.318
308.787
309.299
309.858
310.468
311.134
311.862
312.656
313.521
314.465
315.494
316.615
317.837
319.166
320.614
322.19
323.905
325.773
327.806
330.019
332.431
335.06
337.926
341.052
344.463
348.181
352.228
356.609
361.305
366.242
300.065
300.198
300.334
300.473
300.614
300.755
300.897
301.038
301.178
301.317
301.454
301.589
301.722
301.852
301.98
302.105
302.228
302.348
302.465
302.58
302.693
302.804
302.914
303.022
303.129
303.235
303.341
303.447
303.554
303.662
303.772
303.884
303.999
304.118
304.242
304.371
304.507
304.65
304.802
304.964
305.137
305.323
305.524
305.74
305.975
306.23
306.507
306.808
307.137
307.495
307.886
308.313
308.779
309.288
309.844
310.451
311.113
311.836
312.624
313.483
314.419
315.438
316.548
317.755
319.068
320.496
322.048
323.734
325.565
327.554
329.713
332.055
334.597
337.352
340.335
343.559
347.035
350.762
354.728
358.899
363.206
300.066
300.199
300.336
300.475
300.616
300.758
300.9
301.042
301.183
301.323
301.46
301.596
301.729
301.86
301.988
302.114
302.237
302.357
302.475
302.59
302.703
302.815
302.924
303.033
303.14
303.246
303.352
303.459
303.565
303.673
303.783
303.895
304.01
304.129
304.252
304.381
304.517
304.659
304.811
304.972
305.145
305.331
305.53
305.746
305.98
306.234
306.509
306.809
307.136
307.493
307.881
308.306
308.769
309.274
309.826
310.428
311.085
311.8
312.58
313.43
314.355
315.361
316.455
317.644
318.935
320.336
321.856
323.503
325.288
327.219
329.307
331.563
333.997
336.617
339.433
342.447
345.66
349.062
352.634
356.338
360.123
300.066
300.2
300.337
300.478
300.619
300.762
300.905
301.048
301.189
301.33
301.468
301.604
301.738
301.87
301.999
302.125
302.248
302.369
302.487
302.603
302.717
302.829
302.939
303.047
303.154
303.261
303.367
303.473
303.58
303.688
303.798
303.91
304.025
304.143
304.266
304.395
304.53
304.672
304.823
304.984
305.156
305.341
305.54
305.754
305.987
306.239
306.513
306.811
307.136
307.489
307.875
308.296
308.755
309.256
309.802
310.398
311.047
311.754
312.523
313.361
314.271
315.26
316.334
317.5
318.762
320.13
321.61
323.209
324.935
326.796
328.8
330.953
333.262
335.731
338.362
341.154
344.1
347.186
350.392
353.685
357.026
300.066
300.201
300.34
300.481
300.624
300.767
300.911
301.055
301.198
301.339
301.478
301.616
301.75
301.883
302.012
302.139
302.263
302.385
302.504
302.62
302.734
302.846
302.957
303.066
303.173
303.28
303.386
303.493
303.6
303.707
303.817
303.929
304.043
304.162
304.284
304.413
304.547
304.689
304.839
304.999
305.17
305.354
305.552
305.765
305.996
306.246
306.518
306.813
307.135
307.485
307.867
308.284
308.738
309.232
309.772
310.359
310.998
311.694
312.451
313.273
314.166
315.134
316.183
317.319
318.547
319.874
321.305
322.847
324.504
326.284
328.191
330.228
332.399
334.705
337.143
339.709
342.394
345.182
348.053
350.983
353.942
300.067
300.203
300.343
300.485
300.629
300.774
300.919
301.064
301.208
301.351
301.491
301.63
301.766
301.899
302.03
302.158
302.283
302.405
302.525
302.642
302.756
302.869
302.98
303.089
303.197
303.304
303.411
303.517
303.624
303.732
303.841
303.953
304.067
304.185
304.307
304.435
304.569
304.71
304.859
305.019
305.188
305.371
305.567
305.778
306.007
306.255
306.524
306.816
307.134
307.481
307.858
308.269
308.716
309.203
309.734
310.311
310.939
311.621
312.362
313.166
314.037
314.979
315.999
317.1
318.287
319.566
320.941
322.416
323.996
325.684
327.484
329.396
331.421
333.557
335.801
338.145
340.578
343.089
345.658
348.266
350.89
300.068
300.205
300.346
300.49
300.636
300.782
300.929
301.076
301.221
301.365
301.507
301.647
301.785
301.919
302.051
302.18
302.307
302.43
302.551
302.669
302.784
302.897
303.009
303.118
303.227
303.334
303.441
303.547
303.654
303.762
303.871
303.983
304.097
304.214
304.336
304.463
304.596
304.736
304.885
305.043
305.211
305.392
305.586
305.795
306.021
306.266
306.532
306.821
307.134
307.475
307.847
308.251
308.69
309.169
309.689
310.254
310.868
311.533
312.255
313.037
313.882
314.795
315.78
316.841
317.981
319.205
320.516
321.918
323.412
325.001
326.686
328.467
330.342
332.308
334.359
336.489
338.687
340.941
343.237
345.558
347.888
300.068
300.208
300.351
300.496
300.644
300.792
300.941
301.09
301.237
301.383
301.527
301.669
301.808
301.945
302.078
302.209
302.336
302.461
302.583
302.702
302.818
302.932
303.044
303.155
303.263
303.371
303.478
303.585
303.692
303.8
303.909
304.02
304.133
304.251
304.372
304.498
304.63
304.769
304.916
305.072
305.239
305.418
305.609
305.816
306.039
306.281
306.542
306.826
307.135
307.47
307.834
308.23
308.66
309.128
309.635
310.186
310.783
311.43
312.13
312.886
313.701
314.58
315.526
316.541
317.629
318.792
320.033
321.355
322.758
324.243
325.809
327.456
329.18
330.978
332.844
334.771
336.749
338.768
340.817
342.883
344.952
300.07
300.211
300.356
300.504
300.654
300.805
300.956
301.107
301.257
301.405
301.552
301.695
301.837
301.975
302.111
302.243
302.372
302.498
302.622
302.742
302.86
302.975
303.088
303.199
303.308
303.416
303.524
303.631
303.738
303.845
303.954
304.065
304.178
304.295
304.415
304.54
304.671
304.809
304.954
305.109
305.274
305.45
305.639
305.842
306.062
306.299
306.556
306.834
307.136
307.464
307.82
308.207
308.626
309.081
309.574
310.108
310.686
311.311
311.985
312.712
313.495
314.335
315.237
316.202
317.232
318.33
319.497
320.734
322.041
323.419
324.865
326.378
327.954
329.59
331.279
333.015
334.79
336.596
338.423
340.26
342.097
300.071
300.215
300.362
300.513
300.666
300.82
300.974
301.128
301.281
301.432
301.581
301.728
301.872
302.012
302.15
302.285
302.416
302.544
302.669
302.791
302.91
303.026
303.14
303.252
303.362
303.471
303.579
303.686
303.793
303.901
304.01
304.12
304.233
304.348
304.468
304.592
304.721
304.858
305.001
305.154
305.316
305.489
305.675
305.874
306.09
306.322
306.573
306.845
307.14
307.46
307.806
308.181
308.588
309.029
309.505
310.021
310.577
311.177
311.823
312.518
313.263
314.062
314.916
315.826
316.795
317.824
318.913
320.063
321.273
322.542
323.869
325.251
326.684
328.165
329.687
331.247
332.836
334.447
336.073
337.707
339.338
300.072
300.219
300.37
300.524
300.681
300.838
300.996
301.153
301.309
301.464
301.616
301.766
301.913
302.057
302.198
302.335
302.469
302.599
302.726
302.85
302.97
303.088
303.204
303.317
303.428
303.537
303.645
303.753
303.86
303.968
304.076
304.186
304.298
304.413
304.531
304.654
304.782
304.916
305.058
305.208
305.367
305.537
305.719
305.914
306.125
306.351
306.596
306.861
307.147
307.457
307.792
308.155
308.548
308.972
309.43
309.924
310.457
311.029
311.644
312.304
313.009
313.763
314.566
315.419
316.324
317.282
318.291
319.352
320.465
321.627
322.837
324.092
325.389
326.723
328.091
329.488
330.906
332.342
333.789
335.239
336.688
300.074
300.225
300.38
300.538
300.698
300.86
301.022
301.183
301.344
301.502
301.659
301.813
301.963
302.111
302.255
302.395
302.532
302.665
302.794
302.92
303.043
303.162
303.279
303.394
303.506
303.616
303.725
303.833
303.94
304.048
304.156
304.265
304.377
304.491
304.608
304.729
304.855
304.987
305.126
305.273
305.429
305.595
305.773
305.963
306.168
306.388
306.626
306.882
307.159
307.458
307.781
308.13
308.507
308.913
309.351
309.821
310.328
310.871
311.452
312.074
312.737
313.443
314.193
314.987
315.827
316.711
317.641
318.614
319.631
320.689
321.786
322.92
324.088
325.287
326.511
327.758
329.023
330.3
331.584
332.872
334.157
300.076
300.232
300.391
300.554
300.719
300.886
301.053
301.219
301.385
301.548
301.709
301.868
302.023
302.175
302.323
302.467
302.607
302.743
302.876
303.004
303.129
303.251
303.37
303.485
303.599
303.71
303.82
303.928
304.036
304.143
304.251
304.36
304.471
304.583
304.699
304.819
304.943
305.072
305.209
305.352
305.504
305.666
305.839
306.024
306.222
306.435
306.665
306.912
307.178
307.465
307.774
308.108
308.467
308.854
309.269
309.715
310.193
310.704
311.25
311.833
312.452
313.109
313.804
314.538
315.311
316.123
316.974
317.861
318.785
319.743
320.733
321.754
322.802
323.874
324.967
326.078
327.202
328.336
329.476
330.618
331.758
300.079
300.239
300.405
300.573
300.744
300.917
301.089
301.262
301.433
301.603
301.77
301.934
302.094
302.251
302.403
302.552
302.696
302.836
302.972
303.104
303.232
303.356
303.477
303.594
303.709
303.822
303.932
304.041
304.149
304.257
304.364
304.473
304.582
304.694
304.808
304.925
305.047
305.174
305.307
305.447
305.595
305.752
305.92
306.098
306.29
306.495
306.715
306.952
307.206
307.48
307.775
308.092
308.432
308.798
309.19
309.609
310.057
310.536
311.045
311.586
312.16
312.767
313.408
314.082
314.79
315.53
316.304
317.108
317.943
318.806
319.696
320.61
321.547
322.503
323.477
324.464
325.462
326.467
327.478
328.489
329.499
300.082
300.249
300.42
300.596
300.774
300.953
301.133
301.313
301.491
301.667
301.841
302.011
302.178
302.341
302.499
302.653
302.802
302.946
303.086
303.222
303.353
303.48
303.603
303.723
303.84
303.954
304.065
304.175
304.284
304.391
304.499
304.606
304.715
304.825
304.937
305.053
305.172
305.296
305.426
305.562
305.705
305.857
306.018
306.19
306.373
306.57
306.78
307.006
307.248
307.508
307.787
308.086
308.406
308.75
309.117
309.509
309.926
310.371
310.842
311.342
311.871
312.428
313.014
313.629
314.273
314.945
315.644
316.37
317.12
317.894
318.691
319.507
320.342
321.192
322.057
322.932
323.816
324.707
325.601
326.497
327.391
300.086
300.26
300.439
300.623
300.809
300.996
301.185
301.372
301.559
301.743
301.925
302.103
302.277
302.447
302.611
302.771
302.926
303.076
303.221
303.361
303.496
303.626
303.753
303.875
303.994
304.11
304.223
304.333
304.442
304.55
304.657
304.764
304.871
304.98
305.091
305.204
305.32
305.441
305.567
305.698
305.837
305.983
306.137
306.302
306.477
306.664
306.864
307.078
307.307
307.552
307.814
308.095
308.395
308.715
309.056
309.42
309.807
310.217
310.651
311.109
311.593
312.101
312.635
313.192
313.775
314.381
315.01
315.661
316.333
317.024
317.734
318.461
319.202
319.957
320.722
321.497
322.28
323.067
323.858
324.65
325.441
300.09
300.273
300.461
300.654
300.85
301.047
301.245
301.443
301.639
301.833
302.024
302.211
302.394
302.572
302.744
302.911
303.073
303.229
303.379
303.524
303.664
303.798
303.928
304.054
304.175
304.293
304.407
304.519
304.629
304.737
304.844
304.95
305.056
305.164
305.272
305.383
305.496
305.614
305.735
305.862
305.995
306.135
306.283
306.439
306.606
306.783
306.971
307.173
307.388
307.618
307.863
308.124
308.403
308.7
309.016
309.351
309.707
310.082
310.479
310.898
311.337
311.798
312.28
312.784
313.308
313.851
314.415
314.996
315.596
316.211
316.842
317.486
318.143
318.811
319.488
320.173
320.864
321.56
322.258
322.958
323.657
300.095
300.288
300.488
300.691
300.898
301.107
301.317
301.526
301.734
301.939
302.141
302.338
302.531
302.718
302.9
303.075
303.245
303.408
303.565
303.716
303.861
304
304.134
304.263
304.387
304.508
304.624
304.737
304.848
304.956
305.063
305.169
305.274
305.379
305.486
305.594
305.704
305.818
305.935
306.057
306.184
306.318
306.458
306.607
306.764
306.931
307.108
307.297
307.498
307.712
307.939
308.182
308.439
308.713
309.003
309.31
309.635
309.977
310.338
310.717
311.115
311.53
311.964
312.416
312.885
313.371
313.874
314.391
314.924
315.47
316.029
316.599
317.18
317.769
318.367
318.971
319.581
320.194
320.81
321.428
322.046
300.101
300.307
300.519
300.735
300.956
301.178
301.401
301.624
301.845
302.063
302.278
302.488
302.692
302.89
303.082
303.268
303.446
303.617
303.782
303.94
304.091
304.236
304.375
304.508
304.636
304.759
304.878
304.992
305.104
305.213
305.32
305.425
305.529
305.633
305.738
305.843
305.95
306.06
306.172
306.289
306.411
306.537
306.67
306.81
306.958
307.115
307.28
307.456
307.642
307.841
308.051
308.274
308.511
308.761
309.026
309.306
309.601
309.912
310.238
310.58
310.937
311.311
311.699
312.103
312.521
312.954
313.4
313.86
314.331
314.815
315.308
315.812
316.324
316.844
317.371
317.903
318.44
318.98
319.524
320.068
320.613
300.108
300.328
300.555
300.787
301.023
301.261
301.5
301.739
301.976
302.209
302.438
302.662
302.88
303.092
303.296
303.492
303.681
303.863
304.036
304.202
304.36
304.511
304.656
304.793
304.925
305.052
305.173
305.29
305.403
305.513
305.62
305.725
305.828
305.93
306.032
306.135
306.239
306.345
306.453
306.564
306.68
306.8
306.925
307.057
307.195
307.341
307.495
307.658
307.83
308.012
308.206
308.41
308.626
308.855
309.095
309.349
309.616
309.896
310.19
310.497
310.817
311.151
311.497
311.857
312.229
312.613
313.008
313.415
313.832
314.258
314.693
315.137
315.588
316.046
316.509
316.978
317.45
317.926
318.404
318.884
319.365
300.116
300.353
300.597
300.847
301.102
301.359
301.617
301.874
302.129
302.38
302.627
302.867
303.101
303.327
303.545
303.755
303.956
304.148
304.332
304.507
304.673
304.832
304.982
305.126
305.262
305.393
305.517
305.637
305.751
305.862
305.969
306.074
306.176
306.277
306.377
306.477
306.578
306.679
306.783
306.889
306.998
307.112
307.229
307.352
307.481
307.617
307.759
307.91
308.068
308.236
308.412
308.599
308.796
309.003
309.221
309.45
309.69
309.942
310.205
310.48
310.766
311.063
311.372
311.691
312.021
312.36
312.71
313.069
313.437
313.812
314.196
314.586
314.983
315.386
315.793
316.205
316.62
317.039
317.46
317.882
318.305
300.126
300.383
300.648
300.919
301.195
301.473
301.753
302.032
302.308
302.58
302.847
303.106
303.358
303.602
303.836
304.061
304.276
304.481
304.676
304.861
305.037
305.204
305.362
305.512
305.654
305.788
305.916
306.038
306.155
306.267
306.375
306.479
306.581
306.68
306.778
306.876
306.973
307.071
307.17
307.271
307.374
307.481
307.591
307.706
307.826
307.951
308.083
308.221
308.366
308.519
308.68
308.85
309.028
309.216
309.413
309.619
309.835
310.06
310.296
310.541
310.795
311.06
311.333
311.616
311.908
312.209
312.517
312.834
313.158
313.489
313.826
314.169
314.518
314.872
315.23
315.592
315.957
316.324
316.694
317.066
317.439
300.138
300.418
300.706
301.002
301.303
301.608
301.913
302.217
302.518
302.814
303.104
303.386
303.659
303.922
304.175
304.417
304.648
304.867
305.075
305.273
305.459
305.635
305.801
305.958
306.106
306.246
306.378
306.503
306.622
306.735
306.844
306.948
307.049
307.148
307.244
307.339
307.433
307.527
307.621
307.717
307.815
307.915
308.018
308.125
308.236
308.352
308.473
308.6
308.733
308.873
309.019
309.173
309.335
309.504
309.681
309.866
310.06
310.262
310.472
310.69
310.917
311.152
311.395
311.645
311.903
312.168
312.441
312.72
313.005
313.296
313.593
313.895
314.202
314.512
314.827
315.145
315.466
315.789
316.114
316.441
316.769
300.151
300.459
300.776
301.101
301.431
301.765
302.1
302.434
302.764
303.088
303.404
303.712
304.009
304.295
304.569
304.83
305.079
305.315
305.538
305.748
305.946
306.133
306.308
306.473
306.627
306.772
306.909
307.038
307.159
307.275
307.384
307.489
307.59
307.687
307.781
307.874
307.965
308.055
308.146
308.237
308.329
308.423
308.52
308.619
308.722
308.829
308.941
309.057
309.179
309.306
309.439
309.579
309.725
309.878
310.037
310.203
310.377
310.557
310.745
310.94
311.141
311.35
311.565
311.787
312.016
312.25
312.491
312.737
312.988
313.245
313.506
313.771
314.041
314.314
314.591
314.87
315.152
315.437
315.723
316.01
316.299
300.167
300.507
300.857
301.216
301.582
301.951
302.32
302.688
303.051
303.407
303.754
304.091
304.416
304.728
305.025
305.309
305.578
305.832
306.071
306.296
306.508
306.706
306.891
307.064
307.226
307.377
307.519
307.651
307.776
307.893
308.004
308.109
308.21
308.306
308.399
308.489
308.578
308.665
308.751
308.838
308.925
309.014
309.104
309.197
309.292
309.391
309.494
309.601
309.712
309.828
309.95
310.076
310.209
310.347
310.49
310.64
310.796
310.958
311.125
311.299
311.479
311.664
311.856
312.053
312.255
312.463
312.675
312.893
313.115
313.341
313.572
313.806
314.043
314.284
314.527
314.774
315.022
315.272
315.524
315.777
316.031
300.186
300.563
300.953
301.352
301.758
302.168
302.578
302.985
303.386
303.78
304.162
304.532
304.889
305.229
305.554
305.862
306.153
306.428
306.685
306.927
307.152
307.362
307.558
307.741
307.91
308.068
308.215
308.352
308.48
308.599
308.711
308.817
308.918
309.013
309.105
309.193
309.279
309.363
309.446
309.529
309.611
309.695
309.78
309.866
309.955
310.047
310.142
310.24
310.343
310.449
310.56
310.676
310.796
310.921
311.051
311.186
311.327
311.472
311.623
311.778
311.939
312.105
312.275
312.451
312.631
312.815
313.004
313.197
313.393
313.594
313.797
314.004
314.214
314.426
314.641
314.858
315.077
315.298
315.52
315.743
315.967
300.207
300.63
301.065
301.512
301.965
302.422
302.879
303.332
303.778
304.214
304.637
305.045
305.437
305.81
306.165
306.5
306.816
307.112
307.389
307.648
307.888
308.112
308.319
308.511
308.689
308.853
309.006
309.147
309.278
309.4
309.514
309.62
309.721
309.816
309.906
309.993
310.077
310.158
310.238
310.317
310.396
310.475
310.556
310.637
310.72
310.806
310.894
310.986
311.08
311.179
311.281
311.387
311.497
311.611
311.729
311.852
311.979
312.11
312.246
312.386
312.531
312.68
312.833
312.989
313.15
313.315
313.483
313.655
313.83
314.008
314.189
314.372
314.558
314.746
314.936
315.128
315.322
315.517
315.713
315.91
316.108
300.233
300.708
301.198
301.699
302.208
302.721
303.232
303.738
304.235
304.72
305.188
305.639
306.07
306.48
306.867
307.232
307.574
307.894
308.192
308.469
308.725
308.962
309.181
309.383
309.569
309.74
309.898
310.043
310.177
310.302
310.417
310.525
310.625
310.72
310.81
310.895
310.977
311.057
311.135
311.211
311.287
311.363
311.439
311.516
311.595
311.676
311.759
311.845
311.933
312.025
312.119
312.217
312.319
312.424
312.532
312.644
312.761
312.88
313.004
313.131
313.262
313.397
313.535
313.676
313.821
313.969
314.12
314.273
314.43
314.589
314.75
314.914
315.079
315.247
315.416
315.586
315.758
315.931
316.105
316.279
316.454
300.264
300.801
301.354
301.92
302.494
303.071
303.645
304.212
304.768
305.307
305.827
306.325
306.8
307.249
307.672
308.069
308.439
308.783
309.103
309.398
309.67
309.92
310.151
310.362
310.555
310.733
310.896
311.045
311.183
311.309
311.427
311.535
311.636
311.731
311.821
311.905
311.987
312.065
312.141
312.216
312.289
312.363
312.437
312.511
312.587
312.664
312.743
312.824
312.908
312.994
313.083
313.175
313.27
313.367
313.468
313.572
313.679
313.79
313.903
314.02
314.14
314.263
314.388
314.517
314.648
314.782
314.918
315.057
315.198
315.34
315.485
315.632
315.78
315.93
316.08
316.232
316.385
316.539
316.694
316.849
317.004
300.3
300.909
301.537
302.179
302.829
303.481
304.128
304.765
305.386
305.987
306.565
307.115
307.637
308.128
308.588
309.018
309.417
309.786
310.126
310.439
310.727
310.99
311.23
311.45
311.651
311.834
312.002
312.155
312.295
312.424
312.543
312.653
312.755
312.851
312.94
313.025
313.107
313.185
313.26
313.334
313.407
313.48
313.552
313.625
313.699
313.774
313.851
313.93
314.01
314.093
314.178
314.265
314.355
314.447
314.542
314.64
314.74
314.843
314.948
315.057
315.167
315.281
315.396
315.514
315.634
315.756
315.88
316.006
316.134
316.263
316.394
316.526
316.659
316.794
316.929
317.065
317.202
317.339
317.477
317.615
317.753
300.342
301.037
301.753
302.483
303.222
303.96
304.69
305.406
306.102
306.771
307.411
308.018
308.589
309.124
309.623
310.085
310.511
310.904
311.264
311.593
311.894
312.168
312.418
312.645
312.852
313.04
313.211
313.368
313.511
313.642
313.763
313.875
313.978
314.075
314.166
314.253
314.335
314.414
314.491
314.566
314.639
314.712
314.785
314.859
314.932
315.007
315.083
315.161
315.24
315.321
315.403
315.488
315.574
315.663
315.754
315.847
315.942
316.04
316.139
316.241
316.344
316.45
316.557
316.666
316.777
316.89
317.003
317.119
317.235
317.353
317.471
317.591
317.711
317.833
317.954
318.076
318.199
318.321
318.444
318.567
318.69
300.391
301.187
302.006
302.84
303.68
304.517
305.342
306.147
306.925
307.669
308.375
309.04
309.662
310.241
310.775
311.268
311.72
312.132
312.509
312.852
313.163
313.446
313.702
313.935
314.146
314.338
314.513
314.672
314.818
314.952
315.075
315.189
315.295
315.395
315.489
315.578
315.663
315.745
315.825
315.902
315.979
316.054
316.129
316.205
316.28
316.357
316.434
316.512
316.591
316.672
316.754
316.837
316.922
317.009
317.097
317.187
317.279
317.372
317.467
317.563
317.661
317.76
317.861
317.963
318.066
318.17
318.275
318.381
318.488
318.595
318.703
318.812
318.921
319.03
319.139
319.249
319.359
319.468
319.578
319.687
319.796
300.449
301.363
302.301
303.255
304.213
305.163
306.095
306.997
307.863
308.686
309.46
310.183
310.853
311.471
312.038
312.555
313.027
313.455
313.843
314.195
314.513
314.801
315.062
315.297
315.511
315.706
315.883
316.045
316.194
316.331
316.458
316.576
316.686
316.79
316.889
316.983
317.073
317.16
317.244
317.326
317.407
317.487
317.567
317.646
317.725
317.805
317.884
317.965
318.045
318.127
318.21
318.293
318.378
318.464
318.551
318.639
318.728
318.818
318.909
319.001
319.094
319.188
319.283
319.379
319.475
319.571
319.669
319.766
319.864
319.962
320.061
320.159
320.258
320.356
320.454
320.553
320.65
320.748
320.845
320.942
321.038
300.517
301.567
302.645
303.736
304.828
305.905
306.953
307.961
308.919
309.82
310.658
311.434
312.147
312.796
313.385
313.919
314.401
314.836
315.229
315.583
315.903
316.192
316.454
316.692
316.908
317.105
317.285
317.451
317.604
317.745
317.877
318.001
318.118
318.228
318.333
318.434
318.53
318.624
318.715
318.804
318.892
318.978
319.063
319.147
319.231
319.315
319.398
319.482
319.565
319.649
319.733
319.818
319.903
319.989
320.075
320.161
320.248
320.336
320.424
320.512
320.601
320.69
320.78
320.869
320.959
321.048
321.138
321.228
321.317
321.407
321.496
321.585
321.673
321.762
321.849
321.937
322.024
322.11
322.196
322.281
322.365
300.595
301.803
303.04
304.289
305.53
306.746
307.918
309.034
310.084
311.054
311.942
312.753
313.488
314.153
314.752
315.292
315.777
316.213
316.605
316.959
317.278
317.567
317.829
318.067
318.285
318.485
318.668
318.838
318.996
319.144
319.282
319.413
319.537
319.655
319.768
319.876
319.981
320.083
320.182
320.278
320.373
320.466
320.557
320.647
320.737
320.825
320.912
320.999
321.086
321.172
321.258
321.344
321.43
321.515
321.601
321.686
321.771
321.856
321.941
322.025
322.11
322.194
322.278
322.361
322.445
322.528
322.61
322.692
322.773
322.854
322.935
323.014
323.093
323.172
323.249
323.326
323.403
323.478
323.553
323.627
323.7
300.682
302.069
303.486
304.91
306.316
307.682
308.974
310.177
311.286
312.3
313.219
314.049
314.796
315.465
316.065
316.601
317.082
317.513
317.901
318.25
318.565
318.851
319.111
319.349
319.568
319.77
319.957
320.131
320.294
320.447
320.592
320.73
320.861
320.987
321.108
321.224
321.337
321.446
321.553
321.656
321.758
321.857
321.954
322.05
322.144
322.237
322.328
322.418
322.507
322.595
322.683
322.769
322.855
322.94
323.024
323.108
323.191
323.273
323.354
323.435
323.515
323.594
323.673
323.751
323.827
323.904
323.979
324.053
324.127
324.2
324.271
324.342
324.412
324.482
324.55
324.617
324.683
324.749
324.813
324.877
324.939
300.775
302.354
303.968
305.585
307.147
308.625
310
311.264
312.413
313.451
314.382
315.215
315.957
316.619
317.208
317.733
318.202
318.622
319
319.34
319.649
319.929
320.186
320.422
320.64
320.842
321.031
321.208
321.374
321.532
321.682
321.826
321.963
322.094
322.221
322.344
322.462
322.578
322.69
322.799
322.906
323.01
323.111
323.211
323.308
323.404
323.498
323.59
323.681
323.77
323.858
323.945
324.03
324.114
324.197
324.279
324.359
324.439
324.517
324.594
324.67
324.744
324.818
324.89
324.961
325.032
325.101
325.168
325.235
325.301
325.365
325.429
325.491
325.552
325.612
325.671
325.729
325.786
325.842
325.897
325.951
300.855
302.603
304.407
306.163
307.83
309.381
310.805
312.096
313.257
314.294
315.218
316.038
316.765
317.409
317.981
318.49
318.944
319.35
319.716
320.046
320.346
320.62
320.871
321.103
321.318
321.519
321.708
321.885
322.053
322.212
322.364
322.51
322.649
322.784
322.914
323.039
323.161
323.279
323.394
323.506
323.615
323.721
323.825
323.927
324.026
324.123
324.219
324.312
324.404
324.493
324.581
324.668
324.753
324.836
324.918
324.998
325.077
325.154
325.23
325.304
325.377
325.449
325.519
325.588
325.656
325.722
325.787
325.851
325.913
325.974
326.034
326.093
326.15
326.206
326.261
326.315
326.368
326.42
326.47
326.52
326.568
384.052
392.008
398.691
404.508
409.664
414.267
418.38
422.04
425.26
428.045
430.383
432.254
433.623
434.445
434.653
434.158
432.832
430.479
426.767
421.04
411.648
405.278
400.388
396.379
392.961
389.973
387.314
384.914
382.726
380.712
378.844
377.101
375.464
373.919
372.455
371.06
369.727
368.447
367.215
366.025
364.872
363.751
362.66
361.594
360.551
359.529
358.523
357.534
356.559
355.595
354.643
353.699
352.765
351.837
350.916
350.001
349.091
348.185
347.284
346.387
345.493
344.604
343.718
342.835
341.956
341.081
340.21
339.343
338.48
337.621
336.768
335.919
335.076
334.239
333.407
332.583
331.766
330.956
330.155
329.363
328.58
327.807
327.045
326.295
325.556
324.83
324.118
323.419
322.734
322.065
321.41
320.772
320.15
319.545
318.956
318.385
317.831
317.295
316.776
316.276
315.793
315.328
314.88
314.45
314.037
313.642
313.263
312.901
312.555
312.225
311.91
311.61
311.325
311.054
310.796
310.552
310.319
310.099
309.891
309.693
309.505
309.327
309.159
308.999
308.847
308.702
308.565
308.434
308.309
308.19
308.076
307.966
307.861
307.759
307.66
307.565
307.472
307.381
307.292
307.205
307.119
307.034
306.95
306.866
306.782
306.698
306.615
306.531
306.446
306.361
306.274
306.187
306.099
306.01
305.919
305.827
305.734
305.639
305.543
305.447
305.349
379.301
386.217
392.433
398.008
403.023
407.539
411.598
415.222
418.422
421.197
423.535
425.414
426.802
427.652
427.905
427.478
426.258
424.092
420.762
415.999
409.758
404.356
399.844
396.015
392.699
389.775
387.159
384.79
382.624
380.627
378.773
377.04
375.412
373.875
372.417
371.027
369.698
368.422
367.193
366.005
364.854
363.736
362.646
361.582
360.541
359.519
358.515
357.526
356.552
355.589
354.637
353.694
352.76
351.833
350.912
349.997
349.087
348.182
347.281
346.384
345.491
344.601
343.715
342.833
341.954
341.079
340.208
339.341
338.478
337.619
336.766
335.917
335.074
334.237
333.405
332.581
331.764
330.954
330.153
329.361
328.578
327.805
327.043
326.292
325.554
324.828
324.115
323.416
322.732
322.062
321.408
320.77
320.148
319.542
318.954
318.383
317.829
317.293
316.775
316.274
315.791
315.326
314.878
314.449
314.036
313.64
313.262
312.9
312.554
312.224
311.909
311.609
311.324
311.053
310.796
310.551
310.319
310.099
309.89
309.692
309.505
309.327
309.158
308.998
308.847
308.702
308.565
308.434
308.309
308.19
308.076
307.966
307.861
307.759
307.661
307.565
307.472
307.382
307.293
307.205
307.119
307.034
306.95
306.866
306.782
306.699
306.615
306.531
306.446
306.361
306.275
306.188
306.1
306.01
305.92
305.828
305.735
305.64
305.544
305.447
305.35
375.195
381.116
386.701
391.876
396.628
400.966
404.903
408.445
411.592
414.337
416.665
418.554
419.972
420.876
421.213
420.915
419.897
418.055
415.287
411.546
407.047
402.682
398.74
395.24
392.126
389.335
386.812
384.51
382.394
380.436
378.613
376.905
375.297
373.776
372.331
370.953
369.634
368.366
367.144
365.962
364.817
363.703
362.617
361.557
360.518
359.499
358.497
357.511
356.538
355.577
354.626
353.684
352.751
351.825
350.905
349.99
349.081
348.176
347.276
346.379
345.486
344.596
343.711
342.828
341.95
341.075
340.204
339.337
338.474
337.616
336.762
335.913
335.07
334.233
333.401
332.577
331.76
330.95
330.149
329.356
328.573
327.801
327.039
326.288
325.549
324.823
324.111
323.412
322.727
322.058
321.403
320.765
320.143
319.538
318.95
318.378
317.825
317.289
316.771
316.27
315.787
315.322
314.875
314.445
314.033
313.638
313.259
312.897
312.551
312.222
311.907
311.608
311.323
311.052
310.794
310.55
310.318
310.098
309.889
309.692
309.504
309.327
309.158
308.998
308.847
308.702
308.565
308.434
308.31
308.191
308.076
307.967
307.862
307.76
307.661
307.566
307.473
307.382
307.294
307.206
307.12
307.035
306.951
306.867
306.784
306.7
306.616
306.532
306.448
306.362
306.276
306.189
306.101
306.012
305.921
305.829
305.736
305.642
305.546
305.449
305.351
371.339
376.447
381.405
386.116
390.53
394.622
398.38
401.793
404.851
407.542
409.845
411.738
413.191
414.166
414.618
414.495
413.738
412.29
410.119
407.257
403.897
400.436
397.117
394.035
391.205
388.614
386.234
384.04
382.007
380.113
378.341
376.674
375.1
373.607
372.186
370.828
369.525
368.272
367.063
365.892
364.755
363.649
362.57
361.516
360.482
359.467
358.469
357.486
356.516
355.557
354.609
353.669
352.737
351.813
350.894
349.981
349.072
348.168
347.268
346.372
345.479
344.591
343.705
342.823
341.945
341.07
340.199
339.332
338.469
337.611
336.757
335.909
335.065
334.228
333.396
332.572
331.754
330.944
330.143
329.35
328.567
327.794
327.032
326.281
325.542
324.816
324.103
323.405
322.72
322.05
321.396
320.758
320.136
319.531
318.943
318.372
317.818
317.282
316.764
316.264
315.782
315.317
314.87
314.44
314.028
313.633
313.255
312.893
312.548
312.218
311.904
311.605
311.32
311.049
310.792
310.548
310.316
310.097
309.888
309.691
309.504
309.326
309.158
308.998
308.847
308.702
308.565
308.435
308.31
308.191
308.077
307.968
307.863
307.761
307.663
307.567
307.475
307.384
307.295
307.208
307.122
307.037
306.953
306.869
306.786
306.702
306.619
306.535
306.45
306.365
306.279
306.192
306.104
306.015
305.924
305.832
305.739
305.644
305.548
305.451
305.353
367.612
372.06
376.449
380.695
384.739
388.542
392.078
395.324
398.262
400.873
403.134
405.023
406.51
407.563
408.146
408.222
407.753
406.713
405.101
402.969
400.448
397.746
395.031
392.405
389.915
387.577
385.39
383.344
381.427
379.626
377.929
376.324
374.8
373.35
371.964
370.636
369.36
368.129
366.939
365.785
364.663
363.569
362.501
361.455
360.43
359.422
358.43
357.452
356.486
355.531
354.586
353.649
352.72
351.797
350.88
349.968
349.061
348.158
347.259
346.364
345.472
344.584
343.699
342.817
341.939
341.065
340.194
339.327
338.464
337.606
336.752
335.903
335.06
334.222
333.39
332.565
331.748
330.938
330.136
329.343
328.559
327.786
327.024
326.273
325.534
324.807
324.094
323.395
322.711
322.041
321.387
320.749
320.127
319.522
318.933
318.363
317.809
317.274
316.756
316.256
315.774
315.309
314.863
314.433
314.022
313.627
313.249
312.888
312.543
312.214
311.9
311.601
311.317
311.046
310.789
310.546
310.314
310.095
309.887
309.69
309.503
309.326
309.158
308.998
308.847
308.703
308.566
308.436
308.312
308.193
308.079
307.97
307.864
307.763
307.665
307.57
307.477
307.386
307.298
307.211
307.125
307.04
306.956
306.872
306.789
306.706
306.622
306.538
306.454
306.369
306.283
306.196
306.108
306.019
305.928
305.837
305.743
305.649
305.553
305.456
305.357
363.974
367.877
371.763
375.569
379.241
382.738
386.026
389.079
391.871
394.381
396.583
398.455
399.97
401.1
401.818
402.097
401.914
401.26
400.146
398.616
396.76
394.695
392.537
390.369
388.248
386.203
384.248
382.389
380.622
378.943
377.347
375.825
374.372
372.981
371.646
370.361
369.122
367.923
366.76
365.63
364.529
363.454
362.402
361.37
360.357
359.359
358.376
357.405
356.446
355.496
354.556
353.623
352.697
351.778
350.863
349.954
349.049
348.148
347.25
346.356
345.465
344.578
343.693
342.812
341.935
341.06
340.19
339.323
338.46
337.602
336.748
335.899
335.055
334.217
333.385
332.559
331.741
330.93
330.128
329.334
328.551
327.777
327.014
326.262
325.523
324.796
324.083
323.384
322.699
322.029
321.375
320.737
320.115
319.51
318.922
318.351
317.798
317.263
316.745
316.245
315.764
315.3
314.853
314.425
314.013
313.619
313.242
312.881
312.537
312.208
311.895
311.596
311.312
311.042
310.786
310.543
310.312
310.093
309.885
309.689
309.502
309.325
309.158
308.999
308.848
308.704
308.568
308.438
308.313
308.195
308.081
307.972
307.867
307.766
307.668
307.573
307.481
307.39
307.302
307.215
307.129
307.045
306.961
306.877
306.794
306.711
306.627
306.543
306.459
306.374
306.288
306.202
306.114
306.025
305.935
305.843
305.75
305.656
305.56
305.463
305.364
360.416
363.856
367.301
370.703
374.018
377.208
380.24
383.083
385.713
388.104
390.232
392.074
393.606
394.806
395.65
396.12
396.202
395.894
395.209
394.182
392.869
391.345
389.686
387.959
386.212
384.482
382.789
381.146
379.56
378.032
376.562
375.148
373.786
372.474
371.206
369.979
368.79
367.635
366.511
365.414
364.343
363.293
362.264
361.252
360.255
359.273
358.303
357.343
356.393
355.452
354.518
353.591
352.67
351.755
350.844
349.938
349.035
348.136
347.241
346.348
345.459
344.572
343.689
342.809
341.931
341.057
340.187
339.32
338.457
337.599
336.745
335.895
335.051
334.212
333.379
332.553
331.734
330.923
330.12
329.326
328.541
327.767
327.003
326.251
325.511
324.784
324.07
323.37
322.685
322.015
321.361
320.723
320.101
319.496
318.908
318.337
317.785
317.25
316.732
316.233
315.752
315.288
314.843
314.414
314.004
313.61
313.233
312.873
312.529
312.201
311.889
311.591
311.308
311.038
310.783
310.54
310.31
310.091
309.884
309.688
309.502
309.326
309.158
309
308.849
308.706
308.57
308.44
308.316
308.198
308.085
307.976
307.872
307.771
307.673
307.578
307.486
307.396
307.307
307.221
307.135
307.051
306.967
306.884
306.801
306.718
306.634
306.551
306.467
306.382
306.297
306.21
306.122
306.034
305.944
305.852
305.759
305.665
305.569
305.472
305.373
356.937
359.979
363.036
366.073
369.055
371.949
374.724
377.353
379.81
382.071
384.112
385.911
387.448
388.702
389.655
390.294
390.609
390.601
390.28
389.669
388.808
387.744
386.528
385.209
383.829
382.418
381.003
379.599
378.218
376.866
375.547
374.263
373.014
371.799
370.617
369.465
368.341
367.244
366.17
365.118
364.086
363.072
362.073
361.088
360.116
359.155
358.203
357.259
356.323
355.394
354.47
353.551
352.637
351.728
350.822
349.92
349.021
348.125
347.232
346.342
345.454
344.569
343.687
342.807
341.931
341.057
340.187
339.321
338.458
337.599
336.744
335.894
335.049
334.209
333.376
332.549
331.729
330.917
330.113
329.318
328.532
327.756
326.992
326.239
325.498
324.77
324.056
323.356
322.67
322
321.345
320.707
320.085
319.48
318.892
318.322
317.769
317.235
316.718
316.219
315.738
315.275
314.83
314.403
313.993
313.6
313.224
312.865
312.522
312.194
311.882
311.585
311.303
311.034
310.78
310.537
310.308
310.09
309.884
309.688
309.503
309.327
309.16
309.002
308.852
308.71
308.574
308.445
308.321
308.203
308.09
307.982
307.878
307.777
307.68
307.585
307.493
307.403
307.315
307.229
307.144
307.06
306.976
306.893
306.81
306.728
306.645
306.561
306.478
306.393
306.308
306.222
306.134
306.046
305.956
305.865
305.772
305.678
305.583
305.486
305.386
353.542
356.237
358.953
361.663
364.338
366.953
369.481
371.898
374.178
376.301
378.245
379.99
381.516
382.807
383.848
384.628
385.139
385.382
385.363
385.099
384.615
383.941
383.113
382.164
381.128
380.032
378.898
377.744
376.584
375.427
374.279
373.146
372.03
370.932
369.853
368.792
367.75
366.725
365.716
364.721
363.74
362.772
361.813
360.865
359.925
358.992
358.065
357.144
356.228
355.315
354.406
353.5
352.596
351.694
350.796
349.9
349.006
348.114
347.224
346.337
345.452
344.569
343.688
342.81
341.934
341.061
340.191
339.325
338.461
337.602
336.747
335.896
335.05
334.21
333.375
332.547
331.726
330.912
330.107
329.311
328.524
327.747
326.981
326.227
325.486
324.757
324.042
323.341
322.654
321.984
321.329
320.69
320.068
319.463
318.875
318.305
317.753
317.219
316.702
316.204
315.724
315.262
314.817
314.391
313.982
313.59
313.215
312.856
312.514
312.187
311.876
311.58
311.299
311.031
310.777
310.536
310.307
310.09
309.885
309.69
309.505
309.33
309.164
309.007
308.857
308.715
308.58
308.451
308.328
308.211
308.098
307.99
307.886
307.786
307.689
307.595
307.503
307.414
307.326
307.24
307.155
307.072
306.988
306.906
306.823
306.741
306.658
306.575
306.492
306.408
306.323
306.237
306.15
306.062
305.973
305.882
305.79
305.696
305.6
305.504
305.404
350.24
352.631
355.044
357.46
359.858
362.215
364.509
366.72
368.827
370.81
372.649
374.328
375.83
377.139
378.244
379.133
379.802
380.249
380.478
380.499
380.326
379.982
379.488
378.869
378.149
377.35
376.492
375.59
374.659
373.708
372.746
371.779
370.812
369.849
368.89
367.937
366.992
366.054
365.124
364.2
363.283
362.372
361.466
360.564
359.666
358.77
357.877
356.986
356.096
355.206
354.317
353.429
352.54
351.652
350.763
349.875
348.988
348.102
347.218
346.334
345.452
344.571
343.693
342.816
341.942
341.069
340.2
339.333
338.47
337.61
336.754
335.903
335.056
334.214
333.378
332.549
331.726
330.911
330.104
329.306
328.518
327.739
326.972
326.217
325.474
324.744
324.028
323.326
322.639
321.967
321.312
320.673
320.051
319.446
318.858
318.288
317.736
317.202
316.687
316.189
315.71
315.248
314.805
314.379
313.971
313.58
313.206
312.848
312.507
312.182
311.872
311.577
311.296
311.029
310.776
310.536
310.308
310.092
309.888
309.694
309.51
309.335
309.17
309.013
308.865
308.723
308.589
308.46
308.338
308.221
308.109
308.002
307.898
307.799
307.702
307.608
307.517
307.428
307.341
307.255
307.171
307.088
307.005
306.923
306.84
306.759
306.676
306.594
306.511
306.427
306.343
306.257
306.171
306.083
305.994
305.904
305.812
305.719
305.624
305.527
305.428
347.039
349.162
351.308
353.462
355.608
357.728
359.805
361.821
363.759
365.602
367.334
368.938
370.402
371.711
372.854
373.824
374.614
375.221
375.648
375.898
375.983
375.913
375.704
375.372
374.936
374.411
373.813
373.157
372.453
371.713
370.944
370.155
369.35
368.533
367.709
366.879
366.046
365.209
364.372
363.532
362.692
361.851
361.008
360.165
359.319
358.471
357.621
356.769
355.913
355.055
354.194
353.329
352.462
351.591
350.719
349.844
348.967
348.089
347.211
346.333
345.455
344.578
343.702
342.828
341.955
341.084
340.215
339.348
338.485
337.625
336.768
335.915
335.067
334.224
333.387
332.555
331.731
330.914
330.105
329.305
328.515
327.735
326.966
326.209
325.465
324.733
324.016
323.313
322.625
321.953
321.297
320.657
320.035
319.43
318.842
318.272
317.721
317.187
316.672
316.175
315.697
315.236
314.793
314.369
313.961
313.571
313.198
312.842
312.502
312.178
311.869
311.575
311.296
311.03
310.778
310.539
310.312
310.097
309.894
309.701
309.518
309.344
309.18
309.024
308.876
308.735
308.601
308.474
308.352
308.236
308.124
308.018
307.915
307.815
307.719
307.626
307.535
307.447
307.36
307.275
307.191
307.108
307.026
306.944
306.863
306.781
306.7
306.618
306.535
306.452
306.368
306.283
306.197
306.11
306.022
305.932
305.841
305.748
305.653
305.557
305.458
343.95
345.835
347.744
349.664
351.583
353.488
355.365
357.199
358.976
360.682
362.304
363.827
365.241
366.533
367.693
368.715
369.592
370.321
370.9
371.333
371.623
371.778
371.808
371.723
371.536
371.257
370.899
370.473
369.989
369.456
368.883
368.275
367.639
366.979
366.3
365.604
364.894
364.172
363.44
362.698
361.947
361.188
360.421
359.647
358.865
358.076
357.279
356.475
355.664
354.845
354.02
353.188
352.349
351.503
350.652
349.796
348.935
348.07
347.202
346.331
345.46
344.588
343.716
342.844
341.974
341.104
340.236
339.371
338.507
337.647
336.789
335.936
335.086
334.242
333.402
332.569
331.743
330.923
330.113
329.31
328.518
327.736
326.965
326.206
325.46
324.727
324.008
323.304
322.615
321.942
321.285
320.645
320.022
319.417
318.829
318.26
317.708
317.175
316.661
316.165
315.687
315.227
314.785
314.361
313.955
313.567
313.195
312.84
312.501
312.178
311.87
311.578
311.3
311.035
310.785
310.547
310.321
310.107
309.904
309.712
309.53
309.358
309.194
309.039
308.892
308.752
308.619
308.492
308.371
308.255
308.145
308.038
307.936
307.837
307.742
307.649
307.559
307.471
307.385
307.301
307.217
307.135
307.053
306.972
306.891
306.81
306.729
306.648
306.566
306.484
306.401
306.316
306.231
306.145
306.057
305.968
305.877
305.785
305.691
305.595
305.497
340.983
342.657
344.355
346.066
347.782
349.492
351.186
352.851
354.476
356.05
357.561
358.999
360.353
361.613
362.771
363.82
364.754
365.569
366.262
366.834
367.287
367.623
367.849
367.971
367.996
367.934
367.791
367.576
367.298
366.963
366.579
366.152
365.686
365.187
364.659
364.105
363.528
362.93
362.313
361.679
361.029
360.363
359.683
358.99
358.283
357.563
356.831
356.086
355.329
354.56
353.78
352.989
352.186
351.374
350.552
349.722
348.883
348.037
347.185
346.327
345.465
344.6
343.734
342.866
341.999
341.132
340.266
339.401
338.538
337.677
336.819
335.965
335.114
334.268
333.427
332.591
331.763
330.941
330.128
329.324
328.529
327.745
326.972
326.211
325.462
324.728
324.007
323.301
322.611
321.937
321.279
320.639
320.015
319.41
318.822
318.252
317.701
317.169
316.655
316.159
315.682
315.223
314.783
314.36
313.955
313.567
313.197
312.843
312.505
312.184
311.877
311.586
311.309
311.046
310.797
310.56
310.335
310.122
309.921
309.73
309.549
309.377
309.215
309.06
308.914
308.775
308.642
308.516
308.396
308.281
308.171
308.066
307.964
307.866
307.771
307.679
307.59
307.502
307.417
307.333
307.25
307.169
307.088
307.007
306.927
306.847
306.767
306.686
306.605
306.523
306.441
306.358
306.273
306.188
306.101
306.012
305.922
305.831
305.737
305.642
305.545
338.148
339.635
341.144
342.669
344.203
345.737
347.263
348.772
350.255
351.702
353.105
354.454
355.741
356.958
358.097
359.151
360.116
360.987
361.76
362.435
363.011
363.489
363.872
364.163
364.367
364.488
364.533
364.507
364.416
364.265
364.06
363.806
363.507
363.169
362.793
362.384
361.945
361.477
360.983
360.466
359.925
359.363
358.78
358.177
357.556
356.916
356.258
355.582
354.89
354.181
353.455
352.715
351.959
351.188
350.404
349.608
348.799
347.979
347.149
346.31
345.464
344.611
343.753
342.893
342.03
341.167
340.303
339.44
338.578
337.718
336.86
336.005
335.153
334.305
333.462
332.625
331.794
330.97
330.155
329.348
328.55
327.764
326.988
326.225
325.475
324.738
324.015
323.308
322.616
321.941
321.282
320.641
320.017
319.411
318.823
318.254
317.703
317.17
316.657
316.162
315.685
315.227
314.788
314.366
313.962
313.576
313.206
312.854
312.518
312.197
311.892
311.602
311.326
311.065
310.816
310.581
310.357
310.145
309.945
309.755
309.575
309.404
309.243
309.089
308.944
308.805
308.674
308.548
308.429
308.315
308.205
308.1
307.999
307.902
307.808
307.717
307.628
307.541
307.457
307.373
307.291
307.211
307.13
307.051
306.971
306.892
306.813
306.733
306.653
306.572
306.491
306.408
306.325
306.24
306.154
306.067
305.978
305.887
305.795
305.7
305.604
335.453
336.773
338.115
339.475
340.845
342.22
343.594
344.959
346.309
347.637
348.933
350.193
351.408
352.572
353.677
354.72
355.693
356.594
357.419
358.164
358.83
359.415
359.919
360.345
360.694
360.969
361.173
361.311
361.385
361.4
361.359
361.267
361.127
360.942
360.716
360.451
360.15
359.816
359.45
359.054
358.629
358.177
357.699
357.196
356.668
356.117
355.543
354.946
354.328
353.689
353.028
352.348
351.648
350.929
350.192
349.437
348.667
347.881
347.082
346.269
345.446
344.612
343.77
342.92
342.065
341.208
340.349
339.489
338.629
337.77
336.912
336.057
335.204
334.356
333.511
332.672
331.839
331.013
330.195
329.386
328.586
327.797
327.019
326.253
325.5
324.761
324.037
323.328
322.635
321.958
321.298
320.655
320.031
319.424
318.836
318.266
317.716
317.184
316.67
316.176
315.7
315.243
314.804
314.383
313.98
313.595
313.227
312.875
312.54
312.221
311.917
311.628
311.354
311.093
310.846
310.611
310.389
310.178
309.979
309.79
309.611
309.441
309.28
309.127
308.983
308.845
308.714
308.59
308.471
308.357
308.249
308.145
308.044
307.948
307.854
307.764
307.676
307.59
307.506
307.424
307.343
307.262
307.183
307.105
307.026
306.948
306.87
306.791
306.712
306.632
306.552
306.471
306.388
306.305
306.22
306.133
306.045
305.956
305.864
305.771
305.675
332.907
334.079
335.273
336.483
337.707
338.939
340.175
341.409
342.635
343.849
345.043
346.214
347.353
348.457
349.519
350.535
351.499
352.409
353.26
354.049
354.775
355.436
356.031
356.559
357.023
357.421
357.757
358.032
358.248
358.408
358.514
358.569
358.575
358.534
358.45
358.325
358.16
357.957
357.718
357.446
357.14
356.802
356.434
356.037
355.61
355.155
354.673
354.164
353.629
353.067
352.481
351.87
351.235
350.577
349.897
349.194
348.472
347.729
346.969
346.191
345.398
344.59
343.771
342.94
342.1
341.253
340.4
339.546
338.689
337.833
336.977
336.123
335.27
334.421
333.576
332.736
331.901
331.073
330.253
329.441
328.639
327.847
327.066
326.298
325.543
324.802
324.076
323.365
322.67
321.991
321.33
320.686
320.061
319.454
318.865
318.295
317.744
317.212
316.699
316.205
315.73
315.273
314.835
314.415
314.013
313.628
313.261
312.91
312.576
312.258
311.955
311.667
311.394
311.134
310.888
310.654
310.433
310.223
310.024
309.836
309.658
309.489
309.329
309.177
309.033
308.896
308.766
308.642
308.524
308.411
308.303
308.2
308.1
308.004
307.912
307.822
307.735
307.65
307.567
307.485
307.405
307.326
307.248
307.17
307.093
307.016
306.938
306.861
306.783
306.705
306.626
306.546
306.465
306.382
306.299
306.214
306.127
306.039
305.948
305.856
305.762
330.518
331.559
332.619
333.697
334.789
335.893
337.003
338.116
339.228
340.335
341.432
342.514
343.576
344.615
345.626
346.604
347.545
348.446
349.303
350.114
350.875
351.585
352.243
352.846
353.395
353.89
354.331
354.718
355.052
355.335
355.567
355.751
355.887
355.978
356.025
356.03
355.993
355.918
355.804
355.652
355.466
355.244
354.988
354.699
354.378
354.024
353.64
353.224
352.779
352.304
351.799
351.267
350.705
350.117
349.502
348.861
348.195
347.506
346.793
346.059
345.305
344.533
343.743
342.939
342.121
341.293
340.455
339.609
338.759
337.908
337.055
336.203
335.352
334.504
333.659
332.818
331.982
331.153
330.33
329.517
328.712
327.918
327.135
326.365
325.607
324.864
324.136
323.423
322.726
322.046
321.383
320.738
320.112
319.504
318.914
318.344
317.792
317.26
316.747
316.253
315.778
315.321
314.883
314.464
314.062
313.679
313.312
312.962
312.629
312.311
312.009
311.722
311.449
311.19
310.945
310.712
310.491
310.282
310.084
309.897
309.719
309.551
309.391
309.24
309.097
308.961
308.831
308.708
308.59
308.478
308.371
308.268
308.169
308.074
307.982
307.893
307.807
307.723
307.64
307.56
307.481
307.403
307.326
307.249
307.173
307.097
307.021
306.945
306.869
306.792
306.714
306.636
306.556
306.476
306.394
306.31
306.225
306.138
306.049
305.958
305.866
328.294
329.217
330.159
331.118
332.093
333.079
334.076
335.079
336.085
337.092
338.095
339.091
340.077
341.048
342.001
342.933
343.84
344.718
345.566
346.378
347.155
347.892
348.588
349.242
349.852
350.417
350.937
351.411
351.84
352.223
352.561
352.855
353.104
353.311
353.475
353.598
353.68
353.723
353.726
353.692
353.62
353.512
353.368
353.188
352.973
352.724
352.44
352.123
351.772
351.389
350.973
350.525
350.045
349.534
348.993
348.421
347.821
347.193
346.538
345.857
345.151
344.423
343.673
342.904
342.117
341.314
340.498
339.671
338.834
337.991
337.145
336.297
335.45
334.604
333.76
332.92
332.084
331.254
330.431
329.616
328.81
328.014
327.23
326.457
325.698
324.952
324.222
323.507
322.808
322.126
321.462
320.816
320.188
319.578
318.988
318.417
317.865
317.332
316.818
316.324
315.849
315.392
314.954
314.535
314.134
313.75
313.384
313.034
312.701
312.384
312.083
311.796
311.524
311.265
311.02
310.788
310.568
310.359
310.161
309.974
309.797
309.629
309.47
309.319
309.176
309.041
308.912
308.789
308.672
308.56
308.453
308.351
308.253
308.159
308.067
307.979
307.894
307.811
307.729
307.65
307.572
307.495
307.419
307.344
307.269
307.195
307.121
307.046
306.972
306.896
306.82
306.744
306.666
306.587
306.506
306.425
306.341
306.256
306.169
306.08
305.989
326.241
327.059
327.895
328.748
329.617
330.498
331.391
332.293
333.202
334.115
335.03
335.943
336.853
337.755
338.648
339.527
340.391
341.237
342.061
342.862
343.636
344.381
345.096
345.778
346.427
347.04
347.616
348.155
348.655
349.117
349.54
349.924
350.268
350.573
350.838
351.065
351.253
351.403
351.515
351.589
351.626
351.626
351.589
351.515
351.405
351.259
351.078
350.86
350.607
350.319
349.995
349.637
349.244
348.817
348.356
347.862
347.335
346.777
346.187
345.568
344.92
344.245
343.544
342.818
342.071
341.303
340.518
339.717
338.902
338.077
337.243
336.404
335.563
334.721
333.881
333.043
332.209
331.381
330.558
329.742
328.936
328.139
327.353
326.579
325.818
325.07
324.338
323.621
322.921
322.237
321.571
320.923
320.294
319.683
319.092
318.519
317.966
317.432
316.918
316.423
315.947
315.49
315.052
314.632
314.231
313.847
313.48
313.131
312.798
312.481
312.179
311.892
311.62
311.362
311.117
310.885
310.664
310.456
310.258
310.072
309.894
309.727
309.568
309.417
309.275
309.139
309.01
308.888
308.771
308.66
308.554
308.452
308.355
308.261
308.17
308.083
307.998
307.916
307.836
307.758
307.681
307.605
307.531
307.457
307.384
307.311
307.239
307.166
307.093
307.02
306.946
306.871
306.795
306.718
306.64
306.56
306.479
306.396
306.311
306.224
306.134
324.365
325.089
325.831
326.589
327.362
328.149
328.948
329.758
330.577
331.403
332.234
333.068
333.904
334.737
335.567
336.391
337.206
338.011
338.802
339.578
340.337
341.075
341.792
342.485
343.153
343.794
344.406
344.988
345.54
346.06
346.547
347.001
347.42
347.806
348.156
348.471
348.75
348.994
349.202
349.374
349.51
349.61
349.673
349.7
349.691
349.645
349.563
349.444
349.289
349.096
348.867
348.601
348.298
347.959
347.584
347.172
346.725
346.244
345.727
345.178
344.595
343.982
343.338
342.667
341.968
341.245
340.499
339.733
338.949
338.149
337.337
336.515
335.687
334.853
334.02
333.188
332.358
331.532
330.711
329.897
329.091
328.294
327.508
326.733
325.971
325.222
324.489
323.77
323.068
322.383
321.715
321.066
320.435
319.822
319.229
318.655
318.101
317.566
317.05
316.554
316.077
315.62
315.181
314.76
314.358
313.973
313.606
313.256
312.922
312.605
312.303
312.016
311.743
311.484
311.239
311.006
310.786
310.577
310.379
310.192
310.015
309.847
309.688
309.537
309.395
309.259
309.13
309.008
308.892
308.781
308.675
308.573
308.476
308.383
308.293
308.207
308.123
308.042
307.963
307.886
307.81
307.736
307.663
307.591
307.52
307.449
307.378
307.308
307.237
307.165
307.094
307.021
306.948
306.873
306.797
306.72
306.641
306.56
306.477
306.392
306.305
322.671
323.313
323.97
324.643
325.33
326.032
326.746
327.471
328.208
328.953
329.706
330.465
331.228
331.994
332.761
333.527
334.29
335.048
335.799
336.542
337.274
337.993
338.698
339.387
340.058
340.71
341.34
341.948
342.532
343.091
343.623
344.128
344.605
345.052
345.47
345.856
346.211
346.534
346.824
347.082
347.305
347.494
347.649
347.768
347.853
347.901
347.914
347.889
347.828
347.73
347.594
347.421
347.21
346.961
346.673
346.348
345.986
345.585
345.148
344.674
344.165
343.621
343.043
342.433
341.792
341.122
340.425
339.704
338.959
338.195
337.414
336.618
335.81
334.995
334.173
333.35
332.527
331.707
330.891
330.08
329.277
328.482
327.696
326.922
326.16
325.411
324.677
323.957
323.254
322.568
321.899
321.247
320.615
320.001
319.406
318.83
318.274
317.738
317.221
316.723
316.245
315.785
315.345
314.923
314.519
314.134
313.765
313.414
313.079
312.761
312.457
312.169
311.896
311.636
311.39
311.156
310.935
310.726
310.527
310.34
310.162
309.993
309.834
309.683
309.54
309.404
309.275
309.153
309.036
308.925
308.82
308.719
308.622
308.529
308.44
308.354
308.271
308.191
308.113
308.037
307.963
307.891
307.819
307.749
307.68
307.611
307.542
307.474
307.405
307.336
307.267
307.197
307.126
307.055
306.981
306.907
306.83
306.752
306.672
306.59
306.505
321.166
321.733
322.315
322.911
323.522
324.146
324.783
325.432
326.092
326.763
327.443
328.13
328.825
329.525
330.23
330.937
331.645
332.353
333.06
333.763
334.46
335.151
335.834
336.507
337.168
337.816
338.449
339.067
339.666
340.247
340.808
341.346
341.863
342.355
342.822
343.264
343.678
344.065
344.422
344.75
345.048
345.314
345.549
345.75
345.919
346.053
346.153
346.217
346.245
346.236
346.191
346.107
345.986
345.826
345.628
345.39
345.114
344.798
344.444
344.051
343.62
343.151
342.645
342.105
341.529
340.921
340.282
339.613
338.918
338.198
337.457
336.696
335.919
335.13
334.33
333.524
332.713
331.903
331.095
330.291
329.493
328.702
327.92
327.148
326.387
325.639
324.905
324.186
323.482
322.795
322.125
321.472
320.838
320.223
319.626
319.049
318.491
317.952
317.433
316.934
316.453
315.992
315.55
315.126
314.721
314.333
313.963
313.61
313.274
312.953
312.649
312.359
312.084
311.823
311.575
311.34
311.118
310.907
310.707
310.518
310.34
310.17
310.01
309.858
309.714
309.578
309.448
309.325
309.209
309.098
308.992
308.891
308.794
308.702
308.613
308.528
308.446
308.367
308.29
308.216
308.143
308.072
308.002
307.934
307.867
307.8
307.734
307.668
307.602
307.536
307.47
307.403
307.335
307.266
307.196
307.124
307.051
306.976
306.899
306.82
306.738
319.852
320.353
320.868
321.396
321.937
322.492
323.059
323.639
324.229
324.831
325.443
326.064
326.694
327.331
327.974
328.623
329.276
329.933
330.591
331.25
331.907
332.563
333.215
333.862
334.503
335.136
335.76
336.373
336.974
337.562
338.135
338.692
339.232
339.753
340.254
340.734
341.192
341.626
342.036
342.421
342.778
343.108
343.41
343.681
343.923
344.132
344.309
344.453
344.562
344.637
344.675
344.677
344.642
344.568
344.456
344.305
344.115
343.885
343.615
343.305
342.955
342.566
342.138
341.671
341.168
340.629
340.055
339.448
338.81
338.144
337.451
336.735
335.998
335.244
334.475
333.695
332.907
332.114
331.319
330.525
329.736
328.952
328.176
327.409
326.652
325.907
325.175
324.457
323.754
323.067
322.397
321.743
321.108
320.492
319.893
319.314
318.755
318.214
317.693
317.191
316.709
316.245
315.801
315.375
314.967
314.577
314.205
313.849
313.511
313.188
312.881
312.589
312.312
312.049
311.799
311.563
311.338
311.126
310.924
310.734
310.553
310.382
310.221
310.068
309.922
309.785
309.655
309.531
309.414
309.302
309.196
309.095
308.998
308.906
308.818
308.733
308.652
308.574
308.498
308.425
308.353
308.284
308.216
308.15
308.085
308.021
307.957
307.894
307.831
307.768
307.705
307.641
307.577
307.511
307.445
307.377
307.307
307.235
307.162
307.086
307.007
318.735
319.177
319.632
320.099
320.579
321.071
321.575
322.091
322.618
323.157
323.706
324.265
324.833
325.41
325.995
326.587
327.186
327.789
328.398
329.01
329.624
330.239
330.855
331.47
332.082
332.691
333.295
333.893
334.484
335.066
335.639
336.2
336.749
337.284
337.804
338.308
338.794
339.261
339.708
340.134
340.537
340.916
341.271
341.599
341.901
342.174
342.417
342.63
342.811
342.959
343.074
343.154
343.198
343.205
343.175
343.107
342.999
342.853
342.666
342.439
342.172
341.864
341.516
341.128
340.701
340.236
339.734
339.195
338.623
338.018
337.383
336.72
336.032
335.322
334.593
333.849
333.092
332.325
331.553
330.778
330.002
329.23
328.463
327.704
326.954
326.214
325.486
324.772
324.071
323.386
322.716
322.064
321.428
320.811
320.212
319.632
319.07
318.528
318.005
317.501
317.016
316.55
316.103
315.674
315.264
314.871
314.496
314.138
313.796
313.471
313.161
312.867
312.587
312.321
312.069
311.829
311.602
311.387
311.184
310.991
310.808
310.635
310.472
310.317
310.17
310.031
309.9
309.775
309.656
309.544
309.437
309.335
309.239
309.146
309.058
308.974
308.893
308.815
308.741
308.669
308.599
308.531
308.465
308.401
308.338
308.277
308.216
308.156
308.096
308.036
307.976
307.916
307.856
307.794
307.732
307.668
307.602
307.534
307.465
307.393
307.318
317.817
318.207
318.608
319.021
319.446
319.882
320.329
320.788
321.258
321.738
322.229
322.731
323.242
323.762
324.291
324.829
325.374
325.926
326.484
327.048
327.616
328.189
328.764
329.341
329.919
330.497
331.074
331.648
332.219
332.786
333.346
333.9
334.446
334.982
335.507
336.021
336.521
337.007
337.477
337.93
338.364
338.779
339.173
339.545
339.893
340.216
340.513
340.783
341.025
341.236
341.417
341.565
341.68
341.76
341.805
341.813
341.784
341.717
341.61
341.464
341.278
341.051
340.783
340.475
340.127
339.739
339.312
338.847
338.345
337.808
337.238
336.636
336.006
335.349
334.669
333.969
333.252
332.522
331.781
331.032
330.28
329.527
328.775
328.028
327.288
326.558
325.837
325.128
324.433
323.751
323.085
322.434
321.8
321.183
320.584
320.004
319.441
318.898
318.373
317.867
317.38
316.911
316.462
316.03
315.617
315.221
314.843
314.482
314.137
313.808
313.495
313.197
312.914
312.645
312.39
312.147
311.917
311.699
311.492
311.297
311.111
310.936
310.77
310.612
310.463
310.322
310.189
310.062
309.942
309.829
309.721
309.618
309.521
309.428
309.339
309.255
309.175
309.097
309.024
308.952
308.884
308.818
308.754
308.692
308.632
308.573
308.515
308.458
308.401
308.345
308.289
308.233
308.176
308.119
308.061
308.001
307.94
307.877
307.812
307.744
307.674
317.103
317.446
317.8
318.164
318.54
318.925
319.322
319.729
320.146
320.574
321.013
321.461
321.919
322.386
322.863
323.348
323.842
324.343
324.852
325.368
325.89
326.418
326.95
327.486
328.026
328.568
329.112
329.656
330.2
330.742
331.282
331.819
332.351
332.877
333.397
333.908
334.41
334.901
335.381
335.847
336.3
336.736
337.156
337.557
337.938
338.299
338.637
338.951
339.24
339.503
339.738
339.944
340.12
340.263
340.374
340.451
340.492
340.497
340.465
340.395
340.285
340.137
339.948
339.718
339.449
339.139
338.789
338.4
337.973
337.508
337.008
336.474
335.907
335.312
334.689
334.042
333.374
332.688
331.987
331.274
330.554
329.828
329.101
328.374
327.65
326.932
326.223
325.524
324.837
324.162
323.501
322.855
322.224
321.61
321.012
320.433
319.871
319.327
318.801
318.294
317.805
317.335
316.882
316.448
316.032
315.633
315.252
314.887
314.539
314.207
313.89
313.589
313.302
313.029
312.769
312.523
312.29
312.068
311.858
311.658
311.47
311.291
311.122
310.961
310.809
310.666
310.53
310.401
310.279
310.163
310.053
309.949
309.851
309.757
309.668
309.583
309.502
309.425
309.352
309.282
309.214
309.15
309.088
309.028
308.969
308.913
308.858
308.804
308.751
308.699
308.647
308.595
308.543
308.491
308.437
308.382
308.326
308.268
308.208
308.146
308.08
316.593
316.895
317.207
317.529
317.86
318.201
318.552
318.913
319.283
319.663
320.053
320.453
320.862
321.28
321.708
322.144
322.589
323.043
323.504
323.973
324.448
324.931
325.419
325.913
326.412
326.915
327.422
327.931
328.442
328.954
329.467
329.978
330.488
330.996
331.499
331.998
332.491
332.977
333.455
333.923
334.38
334.825
335.258
335.675
336.077
336.461
336.827
337.173
337.497
337.798
338.076
338.327
338.552
338.748
338.914
339.049
339.152
339.221
339.255
339.253
339.214
339.138
339.023
338.869
338.675
338.442
338.168
337.856
337.504
337.114
336.687
336.225
335.728
335.199
334.64
334.053
333.442
332.809
332.157
331.489
330.809
330.12
329.424
328.726
328.027
327.331
326.639
325.954
325.279
324.614
323.962
323.324
322.699
322.09
321.497
320.92
320.36
319.817
319.292
318.785
318.296
317.824
317.37
316.934
316.515
316.114
315.729
315.361
315.01
314.674
314.353
314.048
313.757
313.48
313.216
312.966
312.728
312.502
312.288
312.084
311.891
311.709
311.536
311.371
311.216
311.069
310.93
310.798
310.673
310.554
310.442
310.336
310.236
310.141
310.05
309.965
309.883
309.806
309.733
309.663
309.596
309.532
309.472
309.413
309.357
309.304
309.251
309.201
309.151
309.103
309.055
309.008
308.96
308.913
308.864
308.815
308.764
308.712
308.657
308.6
308.54
316.29
316.556
316.831
317.115
317.408
317.709
318.019
318.338
318.666
319.004
319.35
319.705
320.07
320.443
320.825
321.216
321.615
322.023
322.438
322.862
323.292
323.73
324.175
324.626
325.083
325.545
326.012
326.483
326.958
327.436
327.915
328.396
328.878
329.359
329.839
330.317
330.792
331.263
331.728
332.187
332.639
333.082
333.514
333.936
334.346
334.742
335.122
335.487
335.833
336.16
336.467
336.752
337.013
337.249
337.459
337.641
337.794
337.917
338.008
338.065
338.089
338.077
338.029
337.944
337.821
337.66
337.46
337.222
336.945
336.63
336.277
335.888
335.463
335.004
334.514
333.993
333.445
332.871
332.276
331.661
331.03
330.385
329.73
329.069
328.403
327.736
327.07
326.408
325.752
325.104
324.465
323.838
323.223
322.623
322.037
321.466
320.91
320.371
319.849
319.344
318.855
318.384
317.93
317.493
317.073
316.669
316.282
315.911
315.557
315.217
314.893
314.584
314.288
314.007
313.739
313.484
313.241
313.011
312.792
312.584
312.386
312.199
312.021
311.853
311.693
311.542
311.398
311.262
311.134
311.012
310.897
310.788
310.685
310.587
310.495
310.408
310.325
310.247
310.172
310.102
310.036
309.973
309.913
309.856
309.802
309.75
309.7
309.653
309.606
309.562
309.518
309.475
309.432
309.39
309.347
309.303
309.258
309.212
309.163
309.112
309.058
316.195
316.43
316.673
316.923
317.181
317.447
317.721
318.004
318.294
318.593
318.9
319.215
319.539
319.871
320.211
320.56
320.916
321.281
321.654
322.034
322.421
322.816
323.218
323.627
324.042
324.463
324.889
325.32
325.756
326.196
326.64
327.086
327.535
327.984
328.435
328.885
329.335
329.782
330.227
330.668
331.104
331.534
331.958
332.373
332.779
333.174
333.558
333.929
334.285
334.626
334.95
335.255
335.54
335.804
336.045
336.262
336.454
336.619
336.755
336.862
336.937
336.981
336.991
336.967
336.908
336.812
336.68
336.511
336.305
336.062
335.782
335.465
335.113
334.726
334.306
333.855
333.374
332.866
332.333
331.777
331.202
330.61
330.005
329.388
328.764
328.134
327.503
326.871
326.242
325.618
325
324.391
323.792
323.204
322.629
322.067
321.52
320.988
320.472
319.971
319.486
319.017
318.565
318.128
317.708
317.304
316.916
316.543
316.186
315.844
315.517
315.204
314.905
314.619
314.347
314.087
313.84
313.604
313.38
313.167
312.964
312.772
312.589
312.415
312.25
312.094
311.946
311.805
311.672
311.546
311.427
311.314
311.207
311.106
311.011
310.921
310.836
310.756
310.68
310.609
310.542
310.478
310.418
310.362
310.309
310.258
310.211
310.165
310.122
310.081
310.041
310.002
309.964
309.926
309.889
309.851
309.812
309.771
309.729
309.685
309.637
316.309
316.517
316.731
316.952
317.18
317.415
317.658
317.907
318.164
318.428
318.7
318.979
319.266
319.56
319.863
320.172
320.49
320.814
321.147
321.486
321.833
322.187
322.547
322.915
323.288
323.668
324.054
324.445
324.841
325.242
325.647
326.056
326.468
326.882
327.299
327.717
328.135
328.553
328.971
329.386
329.799
330.209
330.614
331.013
331.405
331.79
332.166
332.533
332.887
333.23
333.558
333.872
334.169
334.449
334.709
334.949
335.166
335.361
335.531
335.675
335.791
335.879
335.937
335.964
335.959
335.921
335.849
335.743
335.601
335.425
335.213
334.965
334.684
334.368
334.019
333.638
333.226
332.786
332.319
331.828
331.315
330.782
330.233
329.669
329.094
328.51
327.92
327.327
326.734
326.141
325.552
324.969
324.393
323.825
323.268
322.721
322.187
321.666
321.159
320.666
320.188
319.725
319.277
318.844
318.426
318.023
317.636
317.263
316.905
316.562
316.232
315.916
315.614
315.325
315.049
314.785
314.533
314.292
314.063
313.844
313.636
313.438
313.249
313.07
312.899
312.737
312.583
312.437
312.299
312.168
312.043
311.925
311.814
311.709
311.609
311.515
311.427
311.343
311.265
311.191
311.122
311.057
310.996
310.94
310.886
310.836
310.79
310.746
310.705
310.666
310.629
310.593
310.559
310.526
310.494
310.461
310.428
310.394
310.358
310.32
310.279
316.632
316.816
317.005
317.201
317.402
317.61
317.824
318.044
318.271
318.505
318.745
318.992
319.246
319.506
319.773
320.048
320.329
320.617
320.912
321.213
321.522
321.837
322.158
322.486
322.819
323.159
323.505
323.856
324.212
324.573
324.939
325.309
325.682
326.059
326.439
326.821
327.204
327.588
327.973
328.358
328.741
329.123
329.502
329.877
330.248
330.614
330.973
331.325
331.668
332.002
332.324
332.635
332.933
333.216
333.483
333.733
333.965
334.178
334.369
334.538
334.683
334.804
334.898
334.965
335.004
335.013
334.991
334.938
334.854
334.736
334.586
334.403
334.187
333.938
333.657
333.345
333.002
332.631
332.232
331.808
331.361
330.891
330.403
329.898
329.379
328.848
328.309
327.762
327.212
326.659
326.107
325.557
325.011
324.471
323.938
323.414
322.9
322.397
321.905
321.425
320.959
320.505
320.065
319.639
319.227
318.829
318.444
318.074
317.718
317.375
317.045
316.728
316.424
316.133
315.853
315.586
315.329
315.084
314.85
314.626
314.413
314.209
314.014
313.829
313.652
313.484
313.323
313.171
313.026
312.889
312.758
312.634
312.517
312.406
312.301
312.202
312.108
312.02
311.938
311.86
311.788
311.72
311.656
311.597
311.543
311.492
311.444
311.401
311.36
311.322
311.287
311.254
311.223
311.194
311.165
311.137
311.109
311.08
311.05
311.018
310.984
317.162
317.325
317.492
317.665
317.843
318.027
318.216
318.41
318.611
318.817
319.029
319.247
319.47
319.7
319.936
320.178
320.426
320.68
320.94
321.207
321.479
321.757
322.042
322.332
322.627
322.929
323.235
323.547
323.864
324.186
324.512
324.842
325.176
325.514
325.855
326.199
326.544
326.892
327.241
327.59
327.939
328.288
328.635
328.981
329.323
329.662
329.997
330.326
330.649
330.964
331.272
331.57
331.857
332.133
332.397
332.646
332.881
333.099
333.3
333.482
333.645
333.786
333.905
334
334.071
334.116
334.134
334.124
334.086
334.019
333.922
333.795
333.638
333.45
333.232
332.985
332.708
332.404
332.073
331.716
331.335
330.932
330.508
330.066
329.608
329.136
328.653
328.16
327.66
327.155
326.647
326.139
325.631
325.127
324.627
324.132
323.645
323.166
322.697
322.237
321.788
321.35
320.924
320.51
320.108
319.719
319.342
318.977
318.625
318.286
317.958
317.643
317.339
317.047
316.766
316.496
316.238
315.989
315.751
315.523
315.304
315.095
314.894
314.703
314.52
314.345
314.178
314.018
313.866
313.722
313.584
313.453
313.328
313.21
313.099
312.993
312.893
312.799
312.71
312.627
312.549
312.477
312.409
312.346
312.288
312.234
312.184
312.138
312.096
312.058
312.022
311.99
311.96
311.932
311.906
311.881
311.857
311.832
311.807
311.781
311.752
317.893
318.037
318.186
318.339
318.496
318.658
318.825
318.997
319.173
319.355
319.541
319.733
319.93
320.131
320.339
320.551
320.769
320.992
321.22
321.453
321.692
321.936
322.186
322.44
322.699
322.964
323.233
323.507
323.786
324.069
324.356
324.647
324.942
325.24
325.541
325.845
326.152
326.46
326.771
327.082
327.394
327.706
328.018
328.329
328.638
328.944
329.248
329.548
329.844
330.134
330.418
330.694
330.963
331.223
331.473
331.712
331.938
332.152
332.352
332.536
332.704
332.854
332.986
333.097
333.189
333.258
333.304
333.327
333.325
333.297
333.244
333.164
333.057
332.922
332.76
332.572
332.356
332.114
331.846
331.554
331.239
330.901
330.543
330.166
329.772
329.363
328.94
328.506
328.063
327.612
327.156
326.697
326.236
325.775
325.315
324.858
324.406
323.959
323.519
323.086
322.662
322.246
321.84
321.444
321.058
320.683
320.319
319.965
319.622
319.29
318.969
318.658
318.358
318.069
317.79
317.52
317.261
317.011
316.771
316.539
316.317
316.103
315.898
315.701
315.512
315.33
315.156
314.99
314.83
314.678
314.532
314.393
314.261
314.135
314.015
313.901
313.793
313.691
313.595
313.504
313.419
313.339
313.265
313.196
313.131
313.072
313.017
312.967
312.921
312.879
312.841
312.807
312.775
312.747
312.721
312.696
312.673
312.65
312.628
312.605
312.58
318.814
318.942
319.074
319.209
319.348
319.491
319.638
319.789
319.944
320.103
320.267
320.434
320.606
320.783
320.963
321.149
321.338
321.532
321.731
321.934
322.142
322.354
322.57
322.791
323.016
323.245
323.479
323.716
323.958
324.203
324.452
324.705
324.961
325.22
325.481
325.746
326.012
326.281
326.552
326.823
327.096
327.369
327.643
327.916
328.188
328.458
328.727
328.993
329.255
329.514
329.769
330.017
330.26
330.496
330.724
330.944
331.154
331.354
331.542
331.719
331.882
332.031
332.164
332.282
332.383
332.465
332.529
332.572
332.595
332.597
332.576
332.532
332.465
332.375
332.26
332.122
331.959
331.773
331.564
331.332
331.078
330.804
330.509
330.196
329.866
329.521
329.161
328.789
328.407
328.016
327.617
327.213
326.804
326.394
325.982
325.571
325.161
324.754
324.351
323.953
323.561
323.175
322.797
322.425
322.062
321.708
321.362
321.024
320.696
320.377
320.067
319.766
319.474
319.191
318.917
318.652
318.395
318.147
317.907
317.675
317.451
317.235
317.026
316.825
316.631
316.444
316.264
316.091
315.924
315.764
315.611
315.463
315.322
315.187
315.058
314.935
314.818
314.707
314.601
314.501
314.407
314.318
314.234
314.156
314.083
314.016
313.953
313.896
313.843
313.794
313.751
313.711
313.674
313.642
313.612
313.584
313.559
313.535
313.512
313.488
313.464
319.906
320.02
320.136
320.255
320.377
320.502
320.631
320.763
320.899
321.037
321.18
321.325
321.475
321.627
321.784
321.944
322.107
322.275
322.446
322.62
322.798
322.98
323.166
323.355
323.547
323.743
323.943
324.145
324.351
324.561
324.773
324.988
325.206
325.426
325.649
325.874
326.102
326.33
326.561
326.793
327.025
327.258
327.492
327.725
327.958
328.19
328.421
328.65
328.876
329.1
329.32
329.536
329.748
329.954
330.155
330.349
330.535
330.714
330.883
331.044
331.193
331.332
331.458
331.572
331.672
331.758
331.828
331.882
331.919
331.939
331.94
331.923
331.886
331.829
331.752
331.655
331.537
331.399
331.24
331.061
330.863
330.647
330.412
330.16
329.891
329.608
329.311
329.002
328.682
328.352
328.014
327.668
327.318
326.963
326.605
326.245
325.885
325.526
325.168
324.812
324.459
324.111
323.767
323.428
323.095
322.768
322.447
322.133
321.826
321.526
321.233
320.948
320.669
320.398
320.134
319.877
319.627
319.384
319.148
318.919
318.697
318.481
318.272
318.069
317.872
317.682
317.497
317.319
317.146
316.979
316.818
316.663
316.513
316.369
316.231
316.098
315.971
315.849
315.733
315.622
315.517
315.417
315.322
315.233
315.149
315.071
314.998
314.929
314.866
314.808
314.755
314.705
314.661
314.62
314.582
314.548
314.516
314.486
314.457
314.429
314.401
321.136
321.235
321.337
321.441
321.548
321.657
321.769
321.883
322
322.12
322.243
322.368
322.496
322.627
322.76
322.897
323.036
323.178
323.323
323.471
323.621
323.775
323.931
324.09
324.252
324.416
324.583
324.753
324.925
325.099
325.276
325.456
325.637
325.82
326.006
326.193
326.381
326.571
326.762
326.955
327.148
327.341
327.535
327.728
327.921
328.114
328.305
328.496
328.684
328.87
329.054
329.235
329.412
329.585
329.754
329.918
330.076
330.228
330.373
330.511
330.641
330.763
330.875
330.977
331.068
331.148
331.216
331.271
331.314
331.342
331.356
331.354
331.337
331.305
331.255
331.19
331.107
331.007
330.891
330.757
330.607
330.441
330.26
330.063
329.852
329.627
329.39
329.141
328.881
328.612
328.335
328.05
327.758
327.462
327.161
326.858
326.552
326.244
325.937
325.629
325.323
325.019
324.716
324.417
324.121
323.829
323.541
323.257
322.978
322.703
322.434
322.17
321.911
321.657
321.409
321.166
320.928
320.696
320.469
320.247
320.03
319.818
319.612
319.411
319.215
319.023
318.837
318.655
318.479
318.307
318.141
317.979
317.822
317.67
317.522
317.38
317.243
317.11
316.983
316.86
316.743
316.631
316.524
316.422
316.325
316.233
316.147
316.066
315.989
315.918
315.851
315.789
315.732
315.678
315.629
315.583
315.54
315.499
315.46
315.423
315.385
322.45
322.536
322.625
322.715
322.807
322.901
322.997
323.095
323.195
323.297
323.401
323.507
323.615
323.725
323.838
323.952
324.068
324.187
324.308
324.43
324.555
324.682
324.811
324.941
325.074
325.209
325.345
325.484
325.624
325.766
325.91
326.055
326.202
326.35
326.499
326.65
326.801
326.954
327.107
327.261
327.416
327.571
327.725
327.88
328.034
328.188
328.341
328.493
328.643
328.792
328.939
329.083
329.225
329.364
329.5
329.632
329.759
329.882
330
330.112
330.218
330.317
330.41
330.495
330.572
330.64
330.699
330.749
330.789
330.818
330.835
330.842
330.836
330.818
330.788
330.744
330.687
330.617
330.533
330.436
330.326
330.202
330.066
329.917
329.757
329.584
329.401
329.208
329.005
328.793
328.573
328.347
328.114
327.875
327.632
327.385
327.135
326.882
326.628
326.372
326.116
325.86
325.604
325.349
325.096
324.844
324.594
324.347
324.102
323.859
323.62
323.383
323.15
322.92
322.693
322.47
322.25
322.033
321.82
321.611
321.405
321.202
321.003
320.808
320.616
320.428
320.243
320.062
319.885
319.711
319.542
319.375
319.213
319.055
318.9
318.75
318.604
318.461
318.323
318.19
318.061
317.936
317.816
317.7
317.589
317.483
317.382
317.285
317.193
317.106
317.023
316.945
316.872
316.803
316.737
316.676
316.617
316.561
316.507
316.455
316.403
323.773
323.847
323.923
324
324.078
324.158
324.239
324.322
324.406
324.491
324.578
324.666
324.756
324.847
324.939
325.033
325.128
325.225
325.323
325.423
325.524
325.626
325.729
325.834
325.941
326.048
326.157
326.266
326.377
326.489
326.603
326.717
326.831
326.947
327.064
327.181
327.298
327.417
327.535
327.654
327.773
327.892
328.01
328.129
328.247
328.364
328.481
328.596
328.711
328.824
328.935
329.044
329.152
329.257
329.36
329.459
329.556
329.649
329.738
329.823
329.904
329.98
330.051
330.116
330.176
330.229
330.275
330.315
330.347
330.371
330.387
330.394
330.393
330.383
330.363
330.334
330.294
330.245
330.186
330.117
330.037
329.947
329.848
329.739
329.62
329.492
329.355
329.21
329.058
328.897
328.73
328.557
328.378
328.193
328.005
327.812
327.615
327.416
327.214
327.009
326.804
326.596
326.388
326.18
325.971
325.762
325.554
325.346
325.138
324.932
324.726
324.522
324.319
324.117
323.916
323.718
323.52
323.324
323.13
322.938
322.748
322.559
322.372
322.187
322.005
321.824
321.645
321.469
321.295
321.123
320.953
320.786
320.622
320.46
320.301
320.145
319.992
319.842
319.696
319.552
319.413
319.276
319.144
319.015
318.89
318.769
318.653
318.54
318.432
318.328
318.228
318.132
318.041
317.953
317.869
317.789
317.711
317.637
317.564
317.492
317.421
325.002
325.065
325.129
325.194
325.26
325.327
325.394
325.463
325.532
325.602
325.674
325.746
325.819
325.893
325.968
326.043
326.12
326.197
326.275
326.354
326.434
326.515
326.596
326.678
326.761
326.845
326.929
327.013
327.099
327.185
327.271
327.358
327.445
327.532
327.62
327.708
327.796
327.884
327.972
328.06
328.148
328.236
328.323
328.41
328.496
328.581
328.666
328.75
328.832
328.913
328.993
329.072
329.149
329.223
329.296
329.367
329.435
329.501
329.564
329.623
329.68
329.733
329.782
329.828
329.869
329.906
329.938
329.965
329.987
330.004
330.014
330.019
330.018
330.01
329.995
329.974
329.946
329.91
329.868
329.818
329.761
329.697
329.625
329.547
329.461
329.369
329.27
329.164
329.053
328.936
328.813
328.685
328.552
328.415
328.274
328.128
327.98
327.828
327.673
327.516
327.356
327.195
327.031
326.866
326.7
326.532
326.364
326.194
326.024
325.854
325.682
325.511
325.338
325.166
324.994
324.821
324.649
324.476
324.304
324.131
323.959
323.788
323.616
323.445
323.275
323.105
322.936
322.767
322.6
322.433
322.268
322.104
321.941
321.779
321.619
321.461
321.304
321.15
320.997
320.847
320.699
320.554
320.411
320.271
320.135
320.001
319.87
319.743
319.619
319.499
319.382
319.269
319.159
319.053
318.95
318.85
318.753
318.658
318.565
318.472
318.379
326.004
326.058
326.113
326.168
326.223
326.279
326.336
326.393
326.45
326.508
326.567
326.626
326.686
326.746
326.806
326.867
326.928
326.99
327.053
327.115
327.178
327.242
327.305
327.369
327.433
327.498
327.563
327.628
327.693
327.758
327.823
327.889
327.954
328.019
328.084
328.149
328.214
328.279
328.343
328.407
328.471
328.534
328.597
328.658
328.72
328.78
328.84
328.898
328.956
329.012
329.067
329.121
329.173
329.224
329.273
329.321
329.366
329.41
329.451
329.49
329.527
329.561
329.592
329.621
329.646
329.669
329.688
329.704
329.716
329.724
329.728
329.729
329.725
329.716
329.704
329.686
329.664
329.637
329.605
329.568
329.526
329.479
329.427
329.37
329.308
329.241
329.17
329.094
329.014
328.929
328.84
328.746
328.649
328.548
328.444
328.336
328.225
328.111
327.994
327.874
327.752
327.627
327.5
327.37
327.239
327.105
326.97
326.833
326.694
326.553
326.411
326.268
326.123
325.976
325.828
325.679
325.529
325.378
325.225
325.071
324.917
324.761
324.605
324.448
324.29
324.132
323.974
323.814
323.655
323.496
323.336
323.177
323.017
322.858
322.7
322.542
322.385
322.229
322.074
321.92
321.767
321.616
321.467
321.319
321.174
321.031
320.89
320.751
320.615
320.482
320.351
320.223
320.098
319.976
319.857
319.74
319.625
319.513
319.401
319.289
319.176
326.616
326.664
326.712
326.761
326.81
326.86
326.909
326.959
327.01
327.06
327.111
327.162
327.214
327.265
327.317
327.369
327.421
327.474
327.526
327.579
327.632
327.685
327.738
327.791
327.844
327.897
327.95
328.003
328.056
328.109
328.162
328.214
328.266
328.319
328.37
328.422
328.473
328.523
328.574
328.623
328.672
328.721
328.769
328.816
328.862
328.907
328.952
328.996
329.038
329.08
329.12
329.159
329.197
329.233
329.268
329.301
329.333
329.363
329.391
329.417
329.442
329.464
329.484
329.502
329.518
329.531
329.541
329.549
329.555
329.557
329.557
329.553
329.547
329.537
329.524
329.508
329.488
329.465
329.438
329.408
329.374
329.336
329.295
329.25
329.201
329.149
329.094
329.035
328.972
328.906
328.836
328.763
328.687
328.608
328.526
328.44
328.351
328.26
328.165
328.068
327.968
327.866
327.76
327.653
327.542
327.43
327.314
327.197
327.077
326.955
326.831
326.705
326.576
326.446
326.313
326.179
326.043
325.904
325.765
325.623
325.48
325.335
325.189
325.041
324.892
324.742
324.59
324.438
324.284
324.13
323.975
323.82
323.664
323.507
323.351
323.194
323.038
322.882
322.726
322.571
322.416
322.263
322.11
321.959
321.808
321.66
321.513
321.368
321.225
321.084
320.945
320.809
320.674
320.543
320.413
320.286
320.16
320.036
319.913
319.789
319.662
305.165
304.87
304.558
304.234
303.902
303.567
303.231
302.899
302.574
302.26
301.961
301.679
301.419
301.182
300.971
300.785
300.626
300.492
300.382
300.293
300.222
300.167
300.124
300.092
300.067
300.048
300.035
300.025
300.017
300.012
300.008
300.006
300.004
300.003
300.002
300.001
300
300
300
300
300
300
300
300
300
300
300
300
300
300
300
305.166
304.87
304.559
304.235
303.903
303.567
303.232
302.899
302.575
302.261
301.961
301.68
301.42
301.183
300.971
300.786
300.626
300.492
300.382
300.293
300.222
300.167
300.124
300.092
300.067
300.048
300.035
300.025
300.017
300.012
300.008
300.006
300.004
300.003
300.002
300.001
300
300
300
300
300
300
300
300
300
300
300
300
300
300
300
305.168
304.872
304.561
304.237
303.905
303.569
303.234
302.901
302.576
302.262
301.963
301.682
301.421
301.184
300.972
300.787
300.627
300.493
300.383
300.293
300.223
300.167
300.124
300.092
300.067
300.048
300.035
300.025
300.017
300.012
300.008
300.006
300.004
300.003
300.002
300.001
300
300
300
300
300
300
300
300
300
300
300
300
300
300
300
305.171
304.876
304.564
304.24
303.909
303.573
303.237
302.905
302.58
302.266
301.966
301.684
301.423
301.186
300.974
300.788
300.628
300.494
300.383
300.294
300.223
300.168
300.125
300.092
300.067
300.048
300.035
300.025
300.017
300.012
300.008
300.006
300.004
300.003
300.002
300.001
300
300
300
300
300
300
300
300
300
300
300
300
300
300
300
305.176
304.881
304.57
304.246
303.915
303.579
303.243
302.91
302.585
302.271
301.971
301.688
301.427
301.189
300.977
300.79
300.63
300.495
300.384
300.295
300.224
300.168
300.125
300.092
300.067
300.049
300.035
300.025
300.017
300.012
300.008
300.006
300.004
300.003
300.002
300.001
300
300
300
300
300
300
300
300
300
300
300
300
300
300
300
305.184
304.889
304.578
304.255
303.923
303.587
303.251
302.919
302.593
302.278
301.977
301.694
301.432
301.194
300.98
300.793
300.632
300.497
300.386
300.296
300.225
300.169
300.125
300.092
300.067
300.049
300.035
300.025
300.017
300.012
300.008
300.006
300.004
300.003
300.002
300.001
300.001
300
300
300
300
300
300
300
300
300
300
300
300
300
300
305.195
304.9
304.59
304.266
303.935
303.599
303.263
302.93
302.603
302.288
301.986
301.702
301.439
301.2
300.985
300.797
300.636
300.5
300.388
300.297
300.226
300.17
300.126
300.093
300.068
300.049
300.035
300.025
300.018
300.012
300.008
300.006
300.004
300.003
300.002
300.001
300.001
300
300
300
300
300
300
300
300
300
300
300
300
300
300
305.209
304.916
304.605
304.282
303.951
303.615
303.279
302.945
302.618
302.301
301.998
301.713
301.449
301.208
300.992
300.803
300.64
300.503
300.39
300.299
300.227
300.171
300.127
300.093
300.068
300.049
300.035
300.025
300.018
300.012
300.009
300.006
300.004
300.003
300.002
300.001
300.001
300
300
300
300
300
300
300
300
300
300
300
300
300
300
305.228
304.936
304.626
304.304
303.972
303.636
303.299
302.964
302.636
302.318
302.014
301.727
301.461
301.218
301.001
300.81
300.646
300.508
300.394
300.302
300.229
300.172
300.128
300.094
300.069
300.05
300.036
300.025
300.018
300.012
300.009
300.006
300.004
300.003
300.002
300.001
300.001
300
300
300
300
300
300
300
300
300
300
300
300
300
300
305.253
304.962
304.653
304.331
304
303.663
303.325
302.99
302.66
302.34
302.034
301.745
301.476
301.231
301.012
300.819
300.653
300.513
300.398
300.305
300.231
300.174
300.129
300.095
300.069
300.05
300.036
300.026
300.018
300.013
300.009
300.006
300.004
300.003
300.002
300.001
300.001
300
300
300
300
300
300
300
300
300
300
300
300
300
300
305.285
304.995
304.687
304.365
304.034
303.697
303.359
303.021
302.69
302.367
302.059
301.767
301.496
301.248
301.025
300.83
300.662
300.52
300.403
300.309
300.234
300.176
300.131
300.096
300.07
300.051
300.036
300.026
300.018
300.013
300.009
300.006
300.004
300.003
300.002
300.001
300.001
300
300
300
300
300
300
300
300
300
300
300
300
300
300
305.325
305.037
304.73
304.409
304.077
303.74
303.4
303.061
302.726
302.401
302.089
301.794
301.519
301.268
301.042
300.843
300.672
300.528
300.409
300.314
300.238
300.178
300.133
300.098
300.071
300.051
300.037
300.026
300.018
300.013
300.009
300.006
300.004
300.003
300.002
300.001
300.001
300
300
300
300
300
300
300
300
300
300
300
300
300
300
305.375
305.088
304.782
304.462
304.13
303.792
303.45
303.109
302.772
302.443
302.127
301.827
301.548
301.292
301.062
300.86
300.685
300.538
300.417
300.319
300.242
300.181
300.135
300.099
300.072
300.052
300.037
300.026
300.019
300.013
300.009
300.006
300.004
300.003
300.002
300.001
300.001
300
300
300
300
300
300
300
300
300
300
300
300
300
300
305.435
305.151
304.846
304.526
304.195
303.855
303.511
303.167
302.826
302.494
302.173
301.868
301.583
301.322
301.087
300.88
300.701
300.55
300.426
300.326
300.247
300.185
300.137
300.101
300.074
300.053
300.038
300.027
300.019
300.013
300.009
300.006
300.004
300.003
300.002
300.001
300.001
300
300
300
300
300
300
300
300
300
300
300
300
300
300
305.509
305.227
304.924
304.605
304.273
303.932
303.586
303.238
302.893
302.554
302.227
301.916
301.625
301.357
301.116
300.903
300.72
300.565
300.437
300.334
300.253
300.19
300.141
300.103
300.075
300.054
300.039
300.027
300.019
300.013
300.009
300.006
300.004
300.003
300.002
300.001
300.001
300
300
300
300
300
300
300
300
300
300
300
300
300
300
305.597
305.318
305.017
304.698
304.366
304.024
303.674
303.322
302.972
302.627
302.293
301.974
301.675
301.4
301.151
300.932
300.742
300.582
300.45
300.344
300.26
300.195
300.144
300.106
300.077
300.055
300.04
300.028
300.02
300.014
300.009
300.006
300.004
300.003
300.002
300.001
300.001
300
300
300
300
300
300
300
300
300
300
300
300
300
300
305.703
305.427
305.128
304.81
304.478
304.133
303.78
303.423
303.066
302.714
302.371
302.044
301.735
301.451
301.193
300.965
300.769
300.602
300.465
300.355
300.269
300.201
300.149
300.109
300.079
300.057
300.041
300.029
300.02
300.014
300.01
300.007
300.004
300.003
300.002
300.001
300.001
300
300
300
300
300
300
300
300
300
300
300
300
300
300
305.829
305.556
305.26
304.943
304.61
304.262
303.905
303.542
303.178
302.817
302.464
302.126
301.806
301.511
301.243
301.005
300.8
300.626
300.483
300.369
300.279
300.208
300.154
300.113
300.082
300.059
300.042
300.029
300.021
300.014
300.01
300.007
300.004
300.003
300.002
300.001
300.001
300
300
300
300
300
300
300
300
300
300
300
300
300
300
305.977
305.709
305.415
305.1
304.765
304.415
304.053
303.683
303.309
302.938
302.574
302.223
301.89
301.582
301.301
301.053
300.837
300.655
300.505
300.385
300.29
300.217
300.16
300.117
300.085
300.061
300.043
300.03
300.021
300.015
300.01
300.007
300.005
300.003
300.002
300.001
300.001
300
300
300
300
300
300
300
300
300
300
300
300
300
300
306.151
305.888
305.597
305.283
304.948
304.595
304.227
303.848
303.464
303.081
302.703
302.337
301.989
301.665
301.371
301.108
300.881
300.688
300.53
300.404
300.304
300.227
300.167
300.122
300.088
300.063
300.045
300.031
300.022
300.015
300.01
300.007
300.005
300.003
300.002
300.001
300.001
300
300
300
300
300
300
300
300
300
300
300
300
300
300
306.355
306.097
305.811
305.498
305.162
304.805
304.43
304.042
303.646
303.248
302.854
302.471
302.106
301.764
301.452
301.174
300.932
300.728
300.56
300.426
300.32
300.238
300.175
300.127
300.092
300.066
300.046
300.033
300.023
300.016
300.011
300.007
300.005
300.003
300.002
300.001
300.001
300
300
300
300
300
300
300
300
300
300
300
300
300
300
306.592
306.34
306.059
305.748
305.411
305.049
304.666
304.268
303.858
303.444
303.032
302.629
302.242
301.88
301.548
301.251
300.993
300.774
300.595
300.452
300.339
300.252
300.185
300.134
300.096
300.069
300.048
300.034
300.024
300.016
300.011
300.008
300.005
300.003
300.002
300.001
300.001
300
300
300
300
300
300
300
300
300
300
300
300
300
300
306.867
306.622
306.346
306.037
305.699
305.332
304.941
304.53
304.105
303.672
303.239
302.813
302.402
302.016
301.66
301.342
301.064
300.829
300.636
300.482
300.361
300.267
300.196
300.142
300.101
300.072
300.051
300.035
300.025
300.017
300.012
300.008
300.005
300.003
300.002
300.001
300.001
300
300
300
300
300
300
300
300
300
300
300
300
300
300
307.183
306.947
306.676
306.371
306.032
305.66
305.259
304.835
304.392
303.938
303.48
303.028
302.59
302.175
301.792
301.448
301.148
300.893
300.685
300.518
300.388
300.286
300.209
300.151
300.107
300.076
300.053
300.037
300.026
300.018
300.012
300.008
300.005
300.004
300.002
300.001
300.001
300
300
300
300
300
300
300
300
300
300
300
300
300
300
307.546
307.319
307.056
306.754
306.413
306.036
305.625
305.186
304.723
304.245
303.76
303.278
302.808
302.361
301.947
301.573
301.246
300.969
300.742
300.561
300.418
300.308
300.224
300.161
300.114
300.081
300.056
300.039
300.027
300.018
300.013
300.008
300.006
300.004
300.002
300.001
300.001
300
300
300
300
300
300
300
300
300
300
300
300
300
300
307.959
307.743
307.488
307.191
306.85
306.467
306.045
305.589
305.105
304.601
304.085
303.569
303.063
302.579
302.128
301.72
301.362
301.058
300.809
300.611
300.454
300.333
300.241
300.173
300.123
300.086
300.06
300.041
300.028
300.019
300.013
300.009
300.006
300.004
300.002
300.002
300.001
300
300
300
300
300
300
300
300
300
300
300
300
300
300
308.427
308.224
307.979
307.686
307.346
306.957
306.524
306.05
305.543
305.009
304.46
303.905
303.358
302.832
302.34
301.892
301.498
301.163
300.889
300.669
300.496
300.363
300.262
300.187
300.132
300.092
300.064
300.044
300.03
300.021
300.014
300.009
300.006
300.004
300.003
300.002
300.001
300
300
300
300
300
300
300
300
300
300
300
300
300
300
308.954
308.765
308.53
308.245
307.905
307.512
307.067
306.575
306.043
305.478
304.891
304.294
303.701
303.127
302.587
302.093
301.657
301.287
300.983
300.738
300.546
300.398
300.286
300.203
300.143
300.099
300.069
300.047
300.032
300.022
300.015
300.01
300.006
300.004
300.003
300.002
300.001
300
300
300
300
300
300
300
300
300
300
300
300
300
300
309.543
309.369
309.147
308.869
308.532
308.134
307.679
307.168
306.61
306.012
305.385
304.742
304.098
303.47
302.875
302.329
301.844
301.432
301.093
300.819
300.604
300.438
300.314
300.222
300.155
300.107
300.074
300.05
300.034
300.023
300.015
300.01
300.007
300.004
300.003
300.002
300.001
300.001
300
300
300
300
300
300
300
300
300
300
300
300
300
310.196
310.037
309.829
309.56
309.227
308.827
308.362
307.834
307.25
306.617
305.947
305.254
304.554
303.866
303.21
302.603
302.064
301.604
301.223
300.915
300.672
300.486
300.346
300.244
300.17
300.117
300.08
300.054
300.037
300.025
300.016
300.011
300.007
300.005
300.003
300.002
300.001
300.001
300
300
300
300
300
300
300
300
300
300
300
300
300
310.912
310.77
310.575
310.318
309.991
309.591
309.118
308.575
307.966
307.298
306.584
305.838
305.078
304.324
303.599
302.924
302.323
301.807
301.376
301.027
300.752
300.542
300.384
300.269
300.186
300.128
300.087
300.059
300.039
300.026
300.017
300.012
300.008
300.005
300.003
300.002
300.001
300.001
300
300
300
300
300
300
300
300
300
300
300
300
300
311.69
311.563
311.383
311.137
310.819
310.422
309.945
309.39
308.758
308.058
307.3
306.499
305.675
304.85
304.048
303.3
302.627
302.044
301.555
301.158
300.846
300.607
300.428
300.298
300.205
300.14
300.095
300.064
300.042
300.028
300.019
300.012
300.008
300.005
300.003
300.002
300.001
300.001
300
300
300
300
300
300
300
300
300
300
300
300
300
312.525
312.41
312.243
312.011
311.703
311.312
310.836
310.273
309.624
308.895
308.096
307.241
306.35
305.45
304.567
303.736
302.981
302.321
301.765
301.312
300.955
300.682
300.479
300.332
300.227
300.154
300.103
300.069
300.046
300.03
300.02
300.013
300.008
300.005
300.003
300.002
300.001
300.001
300
300
300
300
300
300
300
300
300
300
300
300
300
313.41
313.303
313.146
312.926
312.63
312.25
311.779
311.215
310.556
309.804
308.969
308.064
307.109
306.131
305.162
304.238
303.391
302.643
302.008
301.49
301.082
300.769
300.538
300.37
300.252
300.17
300.113
300.075
300.05
300.033
300.021
300.014
300.009
300.006
300.004
300.002
300.001
300.001
300
300
300
300
300
300
300
300
300
300
300
300
300
314.34
314.232
314.08
313.869
313.584
313.217
312.757
312.199
311.537
310.772
309.91
308.962
307.946
306.892
305.833
304.81
303.859
303.013
302.289
301.696
301.227
300.869
300.604
300.414
300.28
300.187
300.124
300.082
300.054
300.035
300.023
300.015
300.01
300.006
300.004
300.002
300.001
300.001
300
300
300
300
300
300
300
300
300
300
300
300
300
315.307
315.186
315.03
314.821
314.546
314.192
313.747
313.2
312.545
311.778
310.899
309.918
308.85
307.724
306.576
305.449
304.388
303.432
302.608
301.929
301.391
300.981
300.679
300.462
300.31
300.206
300.136
300.089
300.058
300.038
300.024
300.016
300.01
300.006
300.004
300.002
300.001
300.001
300
300
300
300
300
300
300
300
300
300
300
300
300
316.294
316.148
315.975
315.761
315.49
315.147
314.717
314.188
313.548
312.789
311.906
310.905
309.797
308.609
307.376
306.146
304.97
303.897
302.963
302.188
301.573
301.105
300.76
300.514
300.343
300.226
300.148
300.096
300.062
300.04
300.026
300.017
300.011
300.007
300.004
300.003
300.002
300.001
300
300
300
300
300
300
300
300
300
300
300
300
300
317.271
317.086
316.887
316.657
316.382
316.045
315.631
315.122
314.503
313.761
312.888
311.881
310.748
309.511
308.205
306.879
305.59
304.396
303.346
302.468
301.769
301.236
300.845
300.568
300.376
300.247
300.16
300.104
300.067
300.043
300.027
300.018
300.011
300.007
300.004
300.003
300.002
300.001
300
300
300
300
300
300
300
300
300
300
300
300
300
318.182
317.951
317.715
317.462
317.176
316.841
316.437
315.948
315.354
314.637
313.783
312.785
311.644
310.377
309.014
307.606
306.213
304.903
303.736
302.752
301.966
301.367
300.929
300.62
300.408
300.266
300.172
300.11
300.071
300.045
300.029
300.018
300.012
300.007
300.005
300.003
300.002
300.001
300
300
300
300
300
300
300
300
300
300
300
300
300
318.933
318.657
318.386
318.107
317.807
317.468
317.073
316.6
316.028
315.338
314.509
313.53
312.396
311.117
309.72
308.251
306.774
305.365
304.093
303.012
302.144
301.484
301.003
300.665
300.435
300.282
300.181
300.116
300.074
300.047
300.03
300.019
300.012
300.008
300.005
300.003
300.002
300.001
300
300
300
300
300
300
300
300
300
300
300
300
300
319.388
319.083
318.788
318.492
318.181
317.84
317.448
316.986
316.431
315.76
314.953
313.993
312.872
311.595
310.186
308.686
307.159
305.685
304.341
303.191
302.266
301.561
301.051
300.694
300.452
300.292
300.187
300.119
300.076
300.048
300.031
300.019
300.012
300.008
300.005
300.003
300.002
300.001
300
300
300
300
300
300
300
300
300
300
300
300
300
)
;

boundaryField
{
    inlet
    {
        type            fixedValue;
        value           uniform 300;
    }
    outlet
    {
        type            zeroGradient;
    }
    top
    {
        type            zeroGradient;
    }
    slip-bottom
    {
        type            zeroGradient;
    }
    bottom
    {
        type            zeroGradient;
    }
    interface
    {
        type            fixedGradient;
        gradient        nonuniform List<scalar> 
161
(
2999.99
2999.99
2999.99
2999.99
2999.99
2999.99
2999.99
2999.99
2999.99
2999.99
2999.99
2999.99
2999.99
2999.99
2999.99
2999.99
2999.99
2999.99
2999.99
2999.99
9.9476e-13
9.9476e-13
9.9476e-13
9.9476e-13
9.9476e-13
9.9476e-13
9.9476e-13
9.9476e-13
9.9476e-13
9.9476e-13
9.9476e-13
9.9476e-13
9.9476e-13
9.9476e-13
9.9476e-13
9.9476e-13
9.9476e-13
9.9476e-13
9.9476e-13
9.9476e-13
1.98952e-13
1.98952e-13
1.98952e-13
1.98952e-13
1.98952e-13
1.98952e-13
1.98952e-13
1.98952e-13
1.98952e-13
1.98952e-13
1.98952e-13
1.98952e-13
1.98952e-13
1.98952e-13
1.98952e-13
1.98952e-13
-2.84217e-14
-2.84217e-14
-2.84217e-14
-2.84217e-14
-2.84217e-14
-2.84217e-14
-2.84217e-14
-2.84217e-14
-2.84217e-14
-2.84217e-14
-2.84217e-14
-2.84217e-14
-2.84217e-14
-2.84217e-14
-2.84217e-14
5.68434e-14
5.68434e-14
5.68434e-14
5.68434e-14
5.68434e-14
5.68434e-14
5.68434e-14
5.68434e-14
5.68434e-14
5.68434e-14
5.68434e-14
5.68434e-14
8.52651e-14
8.52651e-14
8.52651e-14
8.52651e-14
8.52651e-14
8.52651e-14
8.52651e-14
8.52651e-14
8.52651e-14
8.52651e-14
8.52651e-14
-2.84217e-13
-2.84217e-13
-2.84217e-13
-2.84217e-13
-2.84217e-13
-2.84217e-13
-2.84217e-13
-2.84217e-13
-2.84217e-13
-2.84217e-13
6.25278e-13
6.25278e-13
6.25278e-13
6.25278e-13
6.25278e-13
6.25278e-13
6.25278e-13
6.25278e-13
6.25278e-13
-9.37916e-13
-9.37916e-13
-9.37916e-13
-9.37916e-13
-9.37916e-13
-9.37916e-13
-9.37916e-13
-9.37916e-13
9.9476e-13
9.9476e-13
9.9476e-13
9.9476e-13
9.9476e-13
9.9476e-13
9.9476e-13
9.9476e-13
1.64846e-12
1.64846e-12
1.64846e-12
1.64846e-12
1.64846e-12
1.64846e-12
1.64846e-12
5.68434e-14
5.68434e-14
5.68434e-14
5.68434e-14
5.68434e-14
5.68434e-14
5.68434e-14
7.10543e-14
7.10543e-14
7.10543e-14
7.10543e-14
7.10543e-14
7.10543e-14
-2.84217e-14
-2.84217e-14
-2.84217e-14
-2.84217e-14
-2.84217e-14
-2.84217e-14
1.1795e-12
1.1795e-12
1.1795e-12
1.1795e-12
1.1795e-12
1.1795e-12
)
;
    }
    defaultFaces
    {
        type            empty;
    }
}


// ************************************************************************* //
