/*--------------------------------*- C++ -*----------------------------------*\
  =========                 |
  \\      /  F ield         | OpenFOAM: The Open Source CFD Toolbox
   \\    /   O peration     | Website:  https://openfoam.org
    \\  /    A nd           | Version:  7
     \\/     M anipulation  |
\*---------------------------------------------------------------------------*/
FoamFile
{
    version     2.0;
    format      ascii;
    class       volScalarField;
    location    "4.75";
    object      T;
}
// * * * * * * * * * * * * * * * * * * * * * * * * * * * * * * * * * * * * * //

dimensions      [0 0 0 1 0 0 0];

internalField   nonuniform List<scalar> 
12013
(
300.059
300.179
300.302
300.427
300.555
300.683
300.812
300.94
301.068
301.196
301.322
301.446
301.569
301.69
301.809
301.926
302.042
302.155
302.267
302.377
302.486
302.593
302.7
302.806
302.911
303.016
303.122
303.228
303.336
303.445
303.556
303.671
303.789
303.912
304.039
304.173
304.314
304.463
304.621
304.79
304.971
305.165
305.374
305.599
305.843
306.108
306.396
306.709
307.049
307.42
307.825
308.266
308.747
309.272
309.845
310.47
311.151
311.895
312.706
313.59
314.554
315.604
316.749
317.997
319.356
320.838
322.453
324.214
326.136
328.235
330.53
333.043
335.8
338.833
342.182
345.898
350.047
354.726
360.078
366.344
373.985
300.059
300.179
300.302
300.428
300.555
300.683
300.812
300.941
301.069
301.196
301.322
301.447
301.57
301.691
301.81
301.927
302.043
302.156
302.268
302.378
302.487
302.595
302.701
302.807
302.912
303.017
303.123
303.229
303.337
303.446
303.558
303.672
303.79
303.913
304.041
304.174
304.315
304.464
304.622
304.791
304.972
305.166
305.374
305.6
305.844
306.109
306.396
306.709
307.049
307.42
307.824
308.265
308.745
309.27
309.842
310.466
311.147
311.89
312.7
313.583
314.545
315.594
316.737
317.981
319.338
320.815
322.426
324.181
326.096
328.186
330.469
332.968
335.706
338.713
342.027
345.692
349.766
354.325
359.466
365.31
371.969
300.059
300.179
300.302
300.428
300.556
300.684
300.813
300.942
301.07
301.198
301.324
301.449
301.572
301.693
301.812
301.93
302.045
302.159
302.271
302.381
302.49
302.597
302.704
302.81
302.915
303.02
303.126
303.232
303.34
303.449
303.561
303.675
303.794
303.916
304.044
304.177
304.318
304.467
304.625
304.794
304.974
305.168
305.376
305.602
305.845
306.11
306.397
306.709
307.049
307.419
307.823
308.262
308.742
309.266
309.837
310.46
311.139
311.88
312.687
313.567
314.526
315.571
316.709
317.948
319.297
320.766
322.366
324.109
326.008
328.079
330.337
332.804
335.501
338.454
341.694
345.256
349.182
353.518
358.309
363.58
369.291
300.059
300.179
300.303
300.429
300.557
300.686
300.815
300.944
301.072
301.2
301.327
301.451
301.575
301.696
301.816
301.933
302.049
302.163
302.275
302.385
302.494
302.602
302.709
302.815
302.92
303.025
303.131
303.238
303.345
303.454
303.566
303.68
303.799
303.921
304.049
304.182
304.323
304.471
304.629
304.798
304.978
305.171
305.38
305.604
305.848
306.112
306.398
306.71
307.049
307.418
307.82
308.259
308.737
309.259
309.828
310.448
311.125
311.862
312.665
313.541
314.494
315.532
316.662
317.892
319.23
320.685
322.269
323.991
325.865
327.903
330.123
332.539
335.171
338.041
341.17
344.582
348.303
352.35
356.732
361.427
366.363
300.059
300.18
300.304
300.43
300.558
300.687
300.817
300.947
301.076
301.204
301.33
301.456
301.579
301.701
301.821
301.939
302.055
302.169
302.281
302.392
302.501
302.609
302.716
302.822
302.927
303.033
303.139
303.245
303.353
303.462
303.574
303.688
303.806
303.928
304.056
304.189
304.33
304.478
304.636
304.804
304.983
305.177
305.384
305.609
305.851
306.114
306.4
306.71
307.048
307.416
307.817
308.253
308.73
309.249
309.815
310.431
311.104
311.836
312.634
313.502
314.448
315.476
316.595
317.811
319.132
320.568
322.127
323.82
325.657
327.652
329.816
332.163
334.709
337.467
340.453
343.679
347.156
350.884
354.851
359.02
363.327
300.06
300.181
300.305
300.432
300.561
300.69
300.82
300.95
301.08
301.208
301.336
301.462
301.586
301.708
301.828
301.947
302.063
302.178
302.29
302.401
302.511
302.619
302.726
302.832
302.938
303.043
303.149
303.256
303.363
303.472
303.584
303.698
303.816
303.938
304.066
304.199
304.339
304.487
304.644
304.812
304.991
305.184
305.391
305.614
305.856
306.118
306.403
306.712
307.048
307.413
307.812
308.246
308.719
309.235
309.796
310.408
311.075
311.801
312.591
313.45
314.384
315.399
316.502
317.7
318.999
320.408
321.935
323.59
325.38
327.317
329.411
331.671
334.109
336.733
339.551
342.567
345.782
349.185
352.756
356.459
360.243
300.06
300.182
300.307
300.434
300.563
300.694
300.825
300.955
301.086
301.215
301.343
301.469
301.594
301.717
301.838
301.957
302.074
302.189
302.302
302.413
302.523
302.631
302.739
302.845
302.951
303.057
303.163
303.269
303.377
303.486
303.598
303.712
303.83
303.952
304.079
304.212
304.352
304.499
304.656
304.823
305.002
305.193
305.4
305.622
305.863
306.123
306.406
306.713
307.047
307.41
307.806
308.236
308.705
309.216
309.773
310.378
311.037
311.754
312.534
313.381
314.301
315.299
316.382
317.556
318.827
320.203
321.69
323.296
325.028
326.895
328.904
331.062
333.374
335.847
338.48
341.274
344.222
347.309
350.514
353.807
357.147
300.06
300.183
300.309
300.437
300.567
300.699
300.83
300.962
301.093
301.223
301.352
301.48
301.605
301.729
301.85
301.97
302.088
302.203
302.317
302.429
302.539
302.648
302.756
302.862
302.969
303.075
303.181
303.287
303.395
303.504
303.616
303.73
303.848
303.969
304.096
304.229
304.368
304.515
304.671
304.838
305.015
305.206
305.411
305.632
305.871
306.13
306.41
306.715
307.046
307.406
307.798
308.224
308.688
309.193
309.742
310.34
310.989
311.695
312.462
313.294
314.196
315.174
316.232
317.376
318.613
319.947
321.386
322.934
324.598
326.384
328.295
330.337
332.512
334.821
337.262
339.83
342.516
345.304
348.176
351.105
354.063
300.061
300.184
300.311
300.441
300.572
300.704
300.837
300.97
301.103
301.234
301.364
301.492
301.619
301.744
301.866
301.987
302.105
302.222
302.336
302.449
302.559
302.669
302.777
302.884
302.991
303.097
303.203
303.31
303.418
303.527
303.639
303.753
303.87
303.992
304.118
304.25
304.389
304.535
304.691
304.856
305.033
305.222
305.425
305.645
305.882
306.138
306.416
306.718
307.045
307.401
307.788
308.209
308.667
309.164
309.705
310.292
310.93
311.623
312.373
313.187
314.067
315.019
316.048
317.158
318.353
319.64
321.022
322.504
324.09
325.784
327.589
329.505
331.534
333.674
335.92
338.266
340.701
343.211
345.781
348.388
351.011
300.061
300.186
300.314
300.445
300.578
300.712
300.846
300.981
301.114
301.247
301.379
301.508
301.636
301.762
301.886
302.008
302.127
302.245
302.36
302.473
302.585
302.695
302.804
302.911
303.018
303.125
303.232
303.339
303.446
303.556
303.667
303.781
303.898
304.019
304.145
304.277
304.415
304.56
304.715
304.879
305.054
305.242
305.444
305.661
305.895
306.149
306.424
306.722
307.045
307.396
307.777
308.191
308.641
309.129
309.66
310.235
310.859
311.535
312.267
313.058
313.913
314.836
315.83
316.899
318.048
319.279
320.598
322.006
323.507
325.102
326.792
328.577
330.456
332.425
334.479
336.61
338.81
341.064
343.36
345.681
348.009
300.062
300.189
300.318
300.451
300.585
300.721
300.857
300.993
301.129
301.263
301.397
301.528
301.658
301.785
301.91
302.034
302.154
302.273
302.389
302.504
302.616
302.727
302.837
302.945
303.052
303.159
303.266
303.374
303.482
303.591
303.702
303.816
303.933
304.053
304.179
304.309
304.447
304.591
304.744
304.907
305.081
305.267
305.466
305.681
305.912
306.163
306.433
306.727
307.045
307.39
307.764
308.17
308.61
309.088
309.606
310.167
310.775
311.432
312.142
312.908
313.733
314.621
315.576
316.6
317.696
318.867
320.116
321.444
322.853
324.344
325.915
327.566
329.295
331.096
332.964
334.892
336.872
338.892
340.941
343.006
345.074
300.063
300.191
300.323
300.458
300.595
300.732
300.871
301.009
301.147
301.283
301.419
301.552
301.684
301.813
301.94
302.065
302.187
302.308
302.425
302.541
302.655
302.766
302.877
302.986
303.094
303.202
303.309
303.416
303.524
303.634
303.745
303.858
303.975
304.095
304.22
304.35
304.486
304.629
304.781
304.942
305.114
305.297
305.494
305.706
305.934
306.18
306.446
306.734
307.046
307.383
307.75
308.146
308.576
309.041
309.545
310.09
310.678
311.313
311.998
312.734
313.527
314.377
315.287
316.261
317.3
318.405
319.58
320.824
322.137
323.52
324.972
326.489
328.069
329.708
331.399
333.137
334.914
336.72
338.546
340.383
342.22
300.064
300.195
300.329
300.466
300.605
300.746
300.887
301.028
301.168
301.307
301.445
301.581
301.715
301.847
301.976
302.103
302.228
302.349
302.469
302.586
302.701
302.814
302.926
303.036
303.144
303.253
303.36
303.468
303.576
303.686
303.797
303.91
304.026
304.146
304.269
304.398
304.533
304.675
304.825
304.984
305.154
305.334
305.528
305.736
305.96
306.202
306.462
306.744
307.048
307.378
307.735
308.12
308.537
308.989
309.476
310.002
310.568
311.179
311.835
312.54
313.295
314.103
314.966
315.885
316.863
317.9
318.996
320.153
321.369
322.644
323.976
325.362
326.799
328.282
329.808
331.369
332.959
334.571
336.198
337.83
339.461
300.066
300.199
300.336
300.476
300.619
300.762
300.906
301.051
301.194
301.337
301.478
301.617
301.753
301.888
302.02
302.149
302.276
302.4
302.521
302.64
302.757
302.871
302.984
303.095
303.205
303.314
303.422
303.531
303.639
303.749
303.859
303.972
304.088
304.207
304.33
304.457
304.591
304.731
304.879
305.036
305.202
305.38
305.57
305.774
305.993
306.229
306.483
306.758
307.054
307.374
307.72
308.093
308.496
308.931
309.4
309.905
310.447
311.031
311.656
312.325
313.041
313.804
314.616
315.478
316.392
317.357
318.373
319.442
320.56
321.728
322.943
324.203
325.503
326.841
328.211
329.609
331.03
332.466
333.913
335.363
336.811
300.067
300.204
300.345
300.489
300.635
300.782
300.93
301.078
301.225
301.371
301.516
301.659
301.799
301.937
302.072
302.204
302.334
302.46
302.584
302.705
302.824
302.94
303.054
303.167
303.278
303.388
303.497
303.605
303.714
303.824
303.934
304.047
304.162
304.28
304.402
304.528
304.66
304.798
304.944
305.098
305.261
305.435
305.621
305.82
306.034
306.264
306.511
306.777
307.064
307.373
307.707
308.066
308.454
308.87
309.319
309.801
310.317
310.871
311.463
312.094
312.768
313.483
314.242
315.045
315.893
316.785
317.722
318.702
319.725
320.789
321.891
323.03
324.202
325.403
326.631
327.879
329.145
330.423
331.708
332.996
334.28
300.069
300.21
300.355
300.503
300.654
300.805
300.958
301.11
301.262
301.413
301.562
301.709
301.854
301.995
302.134
302.27
302.403
302.532
302.659
302.783
302.904
303.022
303.138
303.252
303.364
303.475
303.585
303.694
303.804
303.913
304.024
304.136
304.25
304.367
304.488
304.613
304.743
304.879
305.022
305.173
305.333
305.503
305.684
305.877
306.085
306.307
306.546
306.804
307.08
307.378
307.698
308.042
308.412
308.809
309.235
309.692
310.181
310.703
311.259
311.852
312.481
313.147
313.852
314.595
315.376
316.196
317.053
317.948
318.877
319.841
320.837
321.862
322.913
323.989
325.085
326.198
327.323
328.459
329.599
330.741
331.88
300.072
300.217
300.367
300.52
300.676
300.833
300.991
301.149
301.307
301.463
301.617
301.769
301.918
302.065
302.208
302.348
302.485
302.618
302.748
302.875
302.998
303.119
303.237
303.353
303.467
303.579
303.69
303.8
303.91
304.02
304.13
304.242
304.355
304.471
304.591
304.714
304.842
304.975
305.115
305.263
305.419
305.584
305.76
305.948
306.148
306.363
306.593
306.84
307.105
307.39
307.695
308.023
308.374
308.75
309.153
309.583
310.042
310.531
311.051
311.603
312.186
312.803
313.453
314.136
314.852
315.6
316.381
317.192
318.033
318.901
319.796
320.715
321.656
322.616
323.592
324.581
325.581
326.588
327.599
328.61
329.62
300.074
300.226
300.382
300.541
300.703
300.866
301.031
301.195
301.359
301.521
301.682
301.84
301.995
302.147
302.295
302.44
302.582
302.719
302.853
302.983
303.11
303.234
303.355
303.473
303.589
303.702
303.815
303.926
304.036
304.146
304.256
304.367
304.48
304.595
304.713
304.834
304.96
305.091
305.227
305.371
305.522
305.683
305.853
306.034
306.227
306.433
306.653
306.889
307.142
307.413
307.702
308.013
308.344
308.698
309.076
309.479
309.908
310.363
310.845
311.355
311.893
312.46
313.055
313.679
314.331
315.011
315.717
316.449
317.206
317.986
318.787
319.608
320.447
321.301
322.168
323.046
323.932
324.824
325.719
326.615
327.509
300.078
300.236
300.399
300.565
300.734
300.906
301.078
301.25
301.421
301.591
301.758
301.923
302.085
302.244
302.399
302.549
302.696
302.839
302.977
303.112
303.243
303.37
303.494
303.614
303.732
303.848
303.961
304.073
304.184
304.295
304.405
304.516
304.628
304.742
304.858
304.977
305.1
305.228
305.361
305.5
305.647
305.802
305.966
306.14
306.324
306.521
306.732
306.956
307.195
307.451
307.724
308.016
308.327
308.658
309.011
309.385
309.783
310.203
310.648
311.117
311.61
312.128
312.67
313.236
313.827
314.441
315.077
315.735
316.413
317.11
317.825
318.556
319.302
320.06
320.828
321.606
322.39
323.179
323.971
324.764
325.555
300.082
300.248
300.419
300.594
300.772
300.952
301.133
301.314
301.494
301.673
301.849
302.022
302.192
302.358
302.52
302.678
302.831
302.979
303.123
303.263
303.398
303.529
303.657
303.78
303.901
304.019
304.134
304.247
304.359
304.47
304.58
304.691
304.802
304.915
305.029
305.146
305.266
305.391
305.52
305.655
305.797
305.946
306.103
306.269
306.445
306.633
306.832
307.044
307.27
307.51
307.766
308.039
308.329
308.637
308.963
309.31
309.676
310.062
310.469
310.897
311.347
311.817
312.308
312.82
313.352
313.904
314.474
315.063
315.668
316.289
316.925
317.574
318.235
318.907
319.587
320.274
320.968
321.665
322.365
323.065
323.765
300.086
300.262
300.442
300.628
300.816
301.006
301.198
301.389
301.58
301.769
301.955
302.138
302.318
302.493
302.663
302.829
302.989
303.145
303.295
303.44
303.581
303.716
303.848
303.975
304.099
304.219
304.337
304.452
304.565
304.676
304.787
304.897
305.007
305.118
305.231
305.346
305.463
305.584
305.71
305.84
305.976
306.119
306.269
306.427
306.594
306.772
306.959
307.159
307.371
307.595
307.834
308.087
308.356
308.641
308.942
309.26
309.595
309.948
310.319
310.708
311.115
311.54
311.983
312.443
312.92
313.414
313.923
314.448
314.986
315.538
316.102
316.677
317.262
317.856
318.456
319.064
319.675
320.291
320.909
321.527
322.146
300.092
300.278
300.47
300.667
300.868
301.071
301.274
301.478
301.681
301.882
302.081
302.275
302.465
302.651
302.831
303.006
303.175
303.338
303.496
303.648
303.794
303.936
304.072
304.204
304.331
304.454
304.574
304.691
304.805
304.918
305.028
305.138
305.248
305.358
305.469
305.581
305.696
305.813
305.935
306.06
306.19
306.327
306.47
306.62
306.778
306.944
307.121
307.307
307.505
307.714
307.935
308.169
308.417
308.678
308.954
309.245
309.55
309.871
310.207
310.559
310.926
311.308
311.706
312.118
312.544
312.984
313.438
313.904
314.382
314.871
315.37
315.878
316.394
316.918
317.448
317.983
318.523
319.066
319.611
320.157
320.703
300.098
300.298
300.503
300.714
300.929
301.146
301.365
301.583
301.801
302.016
302.228
302.435
302.638
302.836
303.028
303.213
303.392
303.565
303.731
303.891
304.044
304.192
304.334
304.47
304.602
304.729
304.851
304.97
305.086
305.2
305.311
305.421
305.53
305.639
305.748
305.858
305.97
306.084
306.201
306.321
306.446
306.576
306.711
306.853
307.001
307.158
307.323
307.496
307.68
307.873
308.077
308.293
308.52
308.759
309.011
309.275
309.552
309.842
310.146
310.462
310.792
311.134
311.49
311.857
312.237
312.629
313.031
313.444
313.867
314.299
314.74
315.189
315.644
316.106
316.573
317.044
317.52
317.998
318.478
318.96
319.442
300.106
300.32
300.542
300.769
301.001
301.235
301.471
301.706
301.94
302.172
302.4
302.623
302.841
303.053
303.258
303.455
303.646
303.83
304.006
304.174
304.336
304.491
304.639
304.781
304.917
305.048
305.175
305.296
305.414
305.529
305.641
305.751
305.86
305.968
306.075
306.183
306.291
306.402
306.514
306.63
306.749
306.872
307
307.134
307.273
307.42
307.573
307.734
307.904
308.082
308.27
308.467
308.674
308.892
309.121
309.36
309.611
309.872
310.145
310.429
310.724
311.031
311.347
311.675
312.012
312.359
312.716
313.081
313.455
313.837
314.225
314.621
315.022
315.428
315.839
316.255
316.673
317.094
317.517
317.941
318.366
300.114
300.347
300.588
300.834
301.085
301.34
301.595
301.851
302.105
302.355
302.602
302.843
303.078
303.306
303.526
303.739
303.943
304.138
304.326
304.505
304.675
304.838
304.994
305.143
305.284
305.42
305.55
305.675
305.796
305.912
306.025
306.136
306.244
306.351
306.457
306.562
306.668
306.775
306.884
306.994
307.108
307.224
307.345
307.471
307.601
307.738
307.88
308.029
308.185
308.349
308.521
308.702
308.89
309.088
309.295
309.512
309.738
309.973
310.218
310.472
310.736
311.009
311.291
311.582
311.881
312.188
312.504
312.827
313.157
313.493
313.836
314.184
314.537
314.895
315.257
315.622
315.991
316.361
316.734
317.107
317.482
300.125
300.379
300.641
300.911
301.185
301.462
301.742
302.02
302.297
302.57
302.839
303.101
303.355
303.602
303.84
304.069
304.288
304.498
304.698
304.888
305.07
305.242
305.406
305.562
305.71
305.851
305.986
306.115
306.238
306.357
306.471
306.582
306.69
306.796
306.901
307.004
307.108
307.211
307.316
307.422
307.53
307.64
307.754
307.872
307.994
308.121
308.253
308.391
308.535
308.685
308.842
309.007
309.179
309.358
309.545
309.741
309.944
310.155
310.375
310.602
310.837
311.081
311.331
311.59
311.855
312.127
312.406
312.692
312.983
313.28
313.582
313.888
314.2
314.514
314.833
315.154
315.478
315.805
316.132
316.462
316.792
300.137
300.416
300.705
301
301.302
301.607
301.913
302.219
302.523
302.822
303.116
303.402
303.679
303.947
304.205
304.453
304.69
304.915
305.13
305.334
305.527
305.71
305.884
306.048
306.203
306.35
306.49
306.623
306.749
306.87
306.987
307.099
307.207
307.313
307.416
307.518
307.618
307.719
307.82
307.921
308.024
308.129
308.237
308.347
308.461
308.579
308.702
308.829
308.961
309.099
309.243
309.393
309.549
309.712
309.882
310.058
310.241
310.431
310.628
310.831
311.041
311.258
311.481
311.71
311.946
312.187
312.434
312.686
312.944
313.206
313.472
313.742
314.016
314.294
314.574
314.857
315.143
315.43
315.719
316.009
316.3
300.152
300.46
300.779
301.106
301.44
301.777
302.115
302.453
302.788
303.117
303.439
303.753
304.057
304.35
304.631
304.9
305.156
305.4
305.631
305.85
306.056
306.251
306.435
306.608
306.771
306.925
307.071
307.208
307.339
307.462
307.581
307.694
307.803
307.908
308.011
308.111
308.209
308.307
308.404
308.502
308.6
308.7
308.801
308.905
309.012
309.122
309.236
309.354
309.476
309.603
309.734
309.871
310.014
310.162
310.316
310.475
310.64
310.811
310.987
311.17
311.357
311.551
311.75
311.954
312.163
312.378
312.596
312.82
313.048
313.279
313.515
313.753
313.995
314.24
314.487
314.737
314.988
315.242
315.496
315.752
316.008
300.169
300.512
300.867
301.231
301.602
301.976
302.353
302.727
303.098
303.462
303.818
304.163
304.497
304.818
305.125
305.418
305.697
305.961
306.21
306.445
306.667
306.875
307.07
307.253
307.425
307.586
307.738
307.88
308.015
308.142
308.262
308.377
308.487
308.592
308.694
308.793
308.89
308.985
309.079
309.173
309.267
309.362
309.459
309.557
309.657
309.76
309.866
309.975
310.088
310.205
310.327
310.453
310.583
310.718
310.858
311.002
311.151
311.306
311.465
311.629
311.797
311.971
312.148
312.331
312.517
312.708
312.903
313.101
313.304
313.509
313.717
313.929
314.143
314.359
314.578
314.798
315.021
315.244
315.469
315.695
315.921
300.189
300.573
300.97
301.378
301.793
302.211
302.631
303.049
303.461
303.866
304.26
304.642
305.009
305.362
305.699
306.019
306.322
306.608
306.878
307.131
307.368
307.59
307.798
307.992
308.173
308.342
308.5
308.648
308.787
308.917
309.04
309.157
309.268
309.373
309.475
309.573
309.668
309.761
309.853
309.944
310.035
310.126
310.218
310.311
310.406
310.503
310.602
310.704
310.81
310.919
311.031
311.147
311.267
311.391
311.518
311.65
311.786
311.926
312.07
312.218
312.37
312.526
312.686
312.85
313.017
313.188
313.362
313.539
313.719
313.902
314.087
314.275
314.465
314.657
314.851
315.046
315.243
315.441
315.64
315.84
316.04
300.213
300.646
301.093
301.551
302.017
302.488
302.959
303.426
303.887
304.337
304.775
305.198
305.605
305.993
306.362
306.712
307.042
307.353
307.644
307.916
308.171
308.408
308.628
308.833
309.024
309.202
309.367
309.52
309.664
309.798
309.924
310.042
310.154
310.26
310.362
310.46
310.554
310.646
310.736
310.824
310.912
311
311.088
311.178
311.268
311.36
311.454
311.551
311.65
311.752
311.857
311.965
312.076
312.19
312.308
312.429
312.553
312.681
312.813
312.948
313.086
313.227
313.372
313.52
313.67
313.824
313.98
314.139
314.301
314.464
314.63
314.798
314.967
315.138
315.311
315.484
315.659
315.835
316.011
316.189
316.366
300.241
300.731
301.237
301.755
302.282
302.813
303.343
303.868
304.384
304.888
305.375
305.845
306.294
306.722
307.127
307.509
307.869
308.205
308.519
308.812
309.084
309.336
309.57
309.787
309.987
310.173
310.345
310.504
310.652
310.79
310.919
311.039
311.153
311.26
311.362
311.46
311.554
311.645
311.734
311.821
311.907
311.993
312.078
312.165
312.252
312.34
312.43
312.522
312.617
312.713
312.812
312.914
313.018
313.125
313.234
313.347
313.462
313.58
313.701
313.825
313.951
314.081
314.213
314.347
314.484
314.623
314.765
314.908
315.053
315.201
315.35
315.5
315.652
315.805
315.959
316.114
316.27
316.426
316.583
316.741
316.899
300.274
300.832
301.407
301.996
302.594
303.195
303.794
304.386
304.965
305.529
306.072
306.593
307.09
307.561
308.004
308.421
308.811
309.174
309.512
309.825
310.115
310.382
310.629
310.857
311.066
311.26
311.438
311.603
311.756
311.897
312.029
312.152
312.267
312.376
312.479
312.578
312.672
312.763
312.852
312.938
313.024
313.109
313.193
313.278
313.363
313.449
313.537
313.626
313.717
313.81
313.904
314.001
314.099
314.2
314.303
314.409
314.517
314.627
314.74
314.855
314.972
315.091
315.212
315.336
315.461
315.588
315.717
315.847
315.979
316.112
316.247
316.383
316.519
316.657
316.795
316.934
317.073
317.213
317.353
317.493
317.634
300.313
300.951
301.608
302.28
302.96
303.643
304.322
304.99
305.641
306.272
306.877
307.455
308.003
308.519
309.003
309.455
309.876
310.266
310.627
310.959
311.266
311.547
311.806
312.044
312.262
312.463
312.647
312.817
312.974
313.119
313.254
313.379
313.497
313.608
313.713
313.813
313.909
314.001
314.09
314.178
314.264
314.349
314.434
314.518
314.603
314.689
314.775
314.863
314.952
315.042
315.133
315.227
315.322
315.418
315.517
315.617
315.719
315.823
315.929
316.037
316.146
316.257
316.37
316.484
316.6
316.717
316.835
316.954
317.074
317.196
317.318
317.441
317.564
317.688
317.812
317.937
318.062
318.187
318.312
318.437
318.562
300.359
301.091
301.844
302.613
303.391
304.168
304.937
305.692
306.424
307.128
307.801
308.439
309.04
309.603
310.128
310.615
311.065
311.48
311.861
312.211
312.532
312.826
313.094
313.34
313.566
313.772
313.962
314.136
314.297
314.446
314.584
314.713
314.833
314.947
315.055
315.157
315.256
315.351
315.443
315.532
315.62
315.707
315.794
315.88
315.966
316.052
316.139
316.227
316.315
316.404
316.494
316.586
316.678
316.772
316.867
316.964
317.062
317.161
317.261
317.363
317.466
317.57
317.676
317.782
317.889
317.997
318.106
318.216
318.326
318.436
318.548
318.659
318.771
318.882
318.994
319.106
319.218
319.33
319.441
319.552
319.663
300.414
301.255
302.121
303.004
303.893
304.779
305.652
306.502
307.323
308.107
308.851
309.55
310.204
310.813
311.375
311.892
312.368
312.803
313.201
313.564
313.895
314.198
314.474
314.726
314.957
315.168
315.361
315.539
315.704
315.857
315.998
316.131
316.256
316.374
316.485
316.592
316.695
316.794
316.89
316.983
317.075
317.166
317.255
317.344
317.433
317.522
317.61
317.699
317.788
317.877
317.967
318.057
318.149
318.241
318.334
318.427
318.522
318.617
318.713
318.81
318.908
319.006
319.105
319.204
319.304
319.404
319.504
319.605
319.706
319.806
319.907
320.008
320.109
320.21
320.31
320.41
320.51
320.61
320.708
320.807
320.905
300.477
301.448
302.445
303.459
304.476
305.485
306.472
307.428
308.343
309.209
310.023
310.781
311.483
312.131
312.724
313.265
313.758
314.206
314.613
314.983
315.32
315.626
315.906
316.161
316.395
316.609
316.806
316.988
317.157
317.314
317.461
317.598
317.728
317.852
317.969
318.082
318.19
318.295
318.397
318.496
318.593
318.688
318.782
318.875
318.968
319.059
319.15
319.24
319.331
319.421
319.511
319.602
319.693
319.784
319.875
319.966
320.058
320.15
320.242
320.334
320.426
320.519
320.611
320.704
320.797
320.889
320.981
321.074
321.166
321.257
321.349
321.44
321.53
321.62
321.71
321.798
321.887
321.974
322.062
322.148
322.233
300.551
301.67
302.819
303.983
305.145
306.29
307.402
308.467
309.478
310.424
311.298
312.101
312.836
313.506
314.116
314.668
315.169
315.622
316.033
316.405
316.743
317.051
317.332
317.589
317.824
318.041
318.242
318.428
318.601
318.763
318.915
319.059
319.195
319.325
319.449
319.569
319.684
319.795
319.903
320.008
320.111
320.212
320.311
320.408
320.504
320.599
320.693
320.785
320.878
320.969
321.06
321.151
321.241
321.33
321.42
321.509
321.598
321.686
321.774
321.862
321.949
322.036
322.122
322.208
322.294
322.379
322.463
322.547
322.631
322.713
322.795
322.876
322.957
323.037
323.116
323.194
323.271
323.348
323.423
323.498
323.572
300.633
301.921
303.242
304.575
305.897
307.191
308.429
309.593
310.675
311.673
312.586
313.417
314.171
314.852
315.467
316.022
316.522
316.973
317.381
317.751
318.087
318.392
318.672
318.928
319.164
319.383
319.586
319.775
319.952
320.119
320.276
320.426
320.568
320.704
320.835
320.96
321.082
321.199
321.313
321.424
321.533
321.638
321.742
321.843
321.943
322.04
322.136
322.231
322.325
322.417
322.508
322.598
322.687
322.775
322.863
322.949
323.035
323.12
323.203
323.286
323.369
323.45
323.53
323.61
323.688
323.766
323.843
323.919
323.993
324.067
324.14
324.212
324.283
324.353
324.423
324.491
324.558
324.624
324.689
324.753
324.816
300.721
302.189
303.697
305.216
306.699
308.115
309.444
310.677
311.809
312.839
313.772
314.613
315.369
316.047
316.656
317.202
317.693
318.135
318.535
318.896
319.225
319.525
319.801
320.054
320.289
320.507
320.71
320.901
321.08
321.25
321.411
321.565
321.711
321.852
321.987
322.118
322.244
322.366
322.484
322.599
322.711
322.821
322.927
323.031
323.133
323.233
323.33
323.426
323.52
323.613
323.703
323.793
323.881
323.967
324.052
324.136
324.218
324.299
324.379
324.458
324.535
324.611
324.686
324.76
324.832
324.903
324.973
325.042
325.11
325.176
325.241
325.305
325.368
325.43
325.491
325.55
325.609
325.666
325.722
325.777
325.831
300.795
302.421
304.107
305.77
307.363
308.86
310.246
311.514
312.665
313.702
314.632
315.465
316.209
316.873
317.466
317.998
318.474
318.903
319.291
319.642
319.962
320.255
320.524
320.773
321.004
321.219
321.421
321.611
321.79
321.96
322.122
322.277
322.425
322.568
322.705
322.837
322.965
323.089
323.21
323.327
323.44
323.551
323.659
323.764
323.867
323.968
324.066
324.162
324.256
324.349
324.439
324.528
324.614
324.7
324.783
324.865
324.945
325.024
325.101
325.177
325.251
325.323
325.395
325.464
325.533
325.6
325.665
325.73
325.793
325.854
325.915
325.974
326.031
326.088
326.143
326.197
326.25
326.302
326.353
326.402
326.451
384.172
392.125
398.805
404.62
409.772
414.371
418.482
422.137
425.355
428.137
430.472
432.341
433.708
434.529
434.736
434.241
432.914
430.561
426.85
421.123
411.733
405.362
400.473
396.463
393.044
390.056
387.395
384.994
382.804
380.788
378.918
377.173
375.534
373.986
372.519
371.121
369.783
368.5
367.263
366.068
364.91
363.784
362.687
361.615
360.566
359.536
358.523
357.525
356.541
355.569
354.607
353.654
352.709
351.771
350.839
349.913
348.991
348.073
347.16
346.25
345.344
344.442
343.543
342.647
341.755
340.867
339.982
339.102
338.225
337.353
336.486
335.623
334.766
333.915
333.07
332.232
331.401
330.579
329.764
328.959
328.164
327.379
326.605
325.843
325.094
324.357
323.635
322.927
322.234
321.557
320.896
320.252
319.624
319.014
318.422
317.848
317.293
316.755
316.237
315.736
315.255
314.792
314.347
313.921
313.513
313.122
312.749
312.393
312.054
311.731
311.424
311.132
310.855
310.592
310.343
310.107
309.884
309.673
309.473
309.284
309.105
308.936
308.776
308.624
308.479
308.342
308.212
308.088
307.969
307.855
307.746
307.641
307.539
307.441
307.345
307.252
307.161
307.072
306.984
306.896
306.81
306.724
306.639
306.553
306.467
306.381
306.294
306.207
306.118
306.029
305.938
305.846
305.753
305.658
305.562
305.464
305.365
305.264
305.162
305.059
304.955
379.421
386.334
392.547
398.119
403.131
407.644
411.699
415.32
418.517
421.289
423.624
425.501
426.886
427.736
427.987
427.56
426.34
424.174
420.845
416.083
409.842
404.441
399.928
396.099
392.783
389.858
387.24
384.87
382.702
380.704
378.848
377.113
375.482
373.942
372.481
371.088
369.755
368.475
367.241
366.049
364.893
363.769
362.674
361.603
360.555
359.526
358.515
357.518
356.535
355.563
354.602
353.649
352.705
351.767
350.835
349.909
348.988
348.07
347.157
346.248
345.342
344.44
343.541
342.645
341.753
340.865
339.98
339.1
338.223
337.351
336.484
335.621
334.764
333.913
333.068
332.23
331.399
330.576
329.762
328.957
328.161
327.376
326.603
325.841
325.091
324.355
323.633
322.925
322.232
321.555
320.894
320.249
319.622
319.012
318.42
317.846
317.29
316.753
316.235
315.735
315.253
314.79
314.346
313.919
313.511
313.121
312.748
312.392
312.053
311.73
311.423
311.131
310.854
310.591
310.343
310.107
309.884
309.673
309.473
309.284
309.105
308.936
308.775
308.624
308.479
308.342
308.212
308.088
307.969
307.855
307.746
307.641
307.54
307.441
307.346
307.253
307.162
307.072
306.984
306.897
306.811
306.725
306.639
306.554
306.468
306.382
306.295
306.207
306.119
306.029
305.939
305.847
305.754
305.659
305.563
305.465
305.366
305.265
305.163
305.06
304.956
375.314
381.232
386.816
391.987
396.735
401.071
405.004
408.543
411.687
414.429
416.754
418.641
420.056
420.959
421.295
420.997
419.978
418.137
415.369
411.629
407.13
402.766
398.824
395.323
392.209
389.418
386.893
384.59
382.473
380.513
378.687
376.977
375.367
373.843
372.395
371.014
369.691
368.419
367.193
366.007
364.856
363.737
362.645
361.578
360.533
359.507
358.497
357.503
356.521
355.551
354.591
353.64
352.696
351.759
350.828
349.903
348.982
348.065
347.152
346.243
345.337
344.435
343.536
342.641
341.749
340.861
339.977
339.096
338.219
337.347
336.48
335.618
334.761
333.909
333.064
332.226
331.395
330.572
329.758
328.952
328.157
327.372
326.598
325.836
325.086
324.35
323.628
322.92
322.227
321.55
320.889
320.244
319.617
319.007
318.416
317.842
317.286
316.749
316.231
315.731
315.249
314.787
314.342
313.916
313.508
313.118
312.745
312.389
312.05
311.728
311.421
311.129
310.852
310.59
310.341
310.106
309.883
309.672
309.472
309.283
309.105
308.935
308.775
308.623
308.479
308.342
308.212
308.088
307.969
307.856
307.747
307.642
307.54
307.442
307.347
307.254
307.163
307.073
306.985
306.898
306.812
306.726
306.64
306.555
306.469
306.383
306.296
306.209
306.12
306.031
305.94
305.848
305.755
305.661
305.564
305.467
305.368
305.267
305.165
305.061
304.957
371.458
376.564
381.519
386.227
390.638
394.727
398.481
401.89
404.946
407.633
409.934
411.824
413.275
414.248
414.699
414.575
413.818
412.371
410.199
407.339
403.979
400.519
397.2
394.117
391.287
388.695
386.315
384.119
382.085
380.189
378.415
376.746
375.17
373.674
372.25
370.889
369.583
368.325
367.112
365.936
364.795
363.684
362.599
361.538
360.497
359.475
358.47
357.479
356.5
355.532
354.574
353.625
352.683
351.748
350.818
349.893
348.973
348.057
347.145
346.236
345.331
344.43
343.531
342.636
341.745
340.856
339.972
339.091
338.215
337.343
336.475
335.613
334.756
333.904
333.059
332.221
331.39
330.567
329.752
328.946
328.151
327.365
326.591
325.829
325.079
324.343
323.621
322.913
322.22
321.542
320.881
320.237
319.61
319
318.408
317.835
317.279
316.742
316.224
315.724
315.243
314.781
314.337
313.911
313.503
313.113
312.741
312.385
312.047
311.724
311.418
311.126
310.85
310.588
310.339
310.104
309.881
309.671
309.471
309.283
309.104
308.935
308.775
308.623
308.48
308.343
308.213
308.089
307.97
307.857
307.748
307.643
307.542
307.444
307.348
307.255
307.164
307.075
306.987
306.9
306.814
306.728
306.643
306.557
306.471
306.385
306.299
306.211
306.123
306.033
305.943
305.851
305.758
305.664
305.567
305.47
305.371
305.27
305.168
305.065
304.96
367.73
372.177
376.563
380.806
384.847
388.647
392.179
395.422
398.356
400.964
403.222
405.108
406.593
407.644
408.226
408.301
407.832
406.792
405.18
403.048
400.528
397.826
395.111
392.485
389.995
387.657
385.469
383.422
381.504
379.702
378.002
376.395
374.87
373.417
372.028
370.697
369.417
368.183
366.988
365.83
364.703
363.604
362.53
361.478
360.446
359.431
358.431
357.445
356.471
355.507
354.552
353.606
352.666
351.733
350.805
349.882
348.963
348.048
347.137
346.229
345.325
344.424
343.526
342.631
341.74
340.852
339.967
339.087
338.211
337.338
336.471
335.608
334.751
333.899
333.054
332.215
331.383
330.56
329.745
328.939
328.143
327.357
326.583
325.82
325.07
324.334
323.611
322.903
322.21
321.533
320.872
320.227
319.6
318.991
318.399
317.825
317.27
316.733
316.215
315.716
315.235
314.773
314.329
313.904
313.497
313.107
312.735
312.38
312.042
311.72
311.413
311.123
310.846
310.585
310.337
310.102
309.879
309.669
309.47
309.282
309.104
308.935
308.775
308.624
308.48
308.344
308.214
308.09
307.972
307.858
307.75
307.645
307.544
307.446
307.351
307.258
307.167
307.078
306.99
306.903
306.817
306.731
306.646
306.561
306.475
306.389
306.303
306.215
306.127
306.038
305.947
305.856
305.763
305.668
305.572
305.475
305.376
305.275
305.173
305.07
304.964
364.093
367.994
371.877
375.68
379.349
382.842
386.127
389.176
391.966
394.471
396.671
398.54
400.052
401.181
401.897
402.174
401.991
401.336
400.222
398.693
396.837
394.773
392.614
390.447
388.325
386.28
384.325
382.464
380.697
379.017
377.419
375.895
374.44
373.047
371.709
370.421
369.179
367.976
366.81
365.675
364.57
363.489
362.431
361.394
360.373
359.369
358.378
357.399
356.432
355.473
354.524
353.581
352.645
351.715
350.789
349.869
348.952
348.038
347.129
346.222
345.319
344.418
343.521
342.627
341.736
340.848
339.964
339.083
338.207
337.334
336.467
335.604
334.746
333.894
333.048
332.209
331.377
330.552
329.737
328.93
328.134
327.348
326.573
325.81
325.059
324.322
323.599
322.891
322.198
321.52
320.859
320.215
319.588
318.978
318.387
317.813
317.258
316.722
316.204
315.705
315.225
314.763
314.32
313.895
313.488
313.099
312.728
312.373
312.035
311.714
311.408
311.118
310.842
310.581
310.334
310.099
309.877
309.667
309.469
309.281
309.103
308.935
308.776
308.625
308.481
308.345
308.216
308.092
307.974
307.861
307.752
307.648
307.547
307.449
307.354
307.262
307.171
307.082
306.994
306.908
306.822
306.736
306.651
306.566
306.481
306.395
306.308
306.221
306.133
306.044
305.954
305.862
305.77
305.675
305.579
305.482
305.383
305.283
305.18
305.077
304.972
360.535
363.973
367.416
370.815
374.127
377.313
380.341
383.181
385.807
388.194
390.319
392.158
393.688
394.885
395.727
396.195
396.277
395.968
395.283
394.255
392.942
391.418
389.76
388.033
386.286
384.555
382.862
381.219
379.632
378.103
376.632
375.216
373.853
372.538
371.268
370.038
368.846
367.688
366.56
365.459
364.383
363.329
362.293
361.276
360.273
359.284
358.306
357.339
356.38
355.43
354.487
353.55
352.619
351.693
350.772
349.854
348.94
348.029
347.121
346.216
345.313
344.414
343.517
342.624
341.733
340.846
339.962
339.081
338.205
337.332
336.464
335.6
334.742
333.889
333.043
332.203
331.37
330.545
329.729
328.921
328.124
327.337
326.561
325.798
325.047
324.309
323.586
322.877
322.183
321.506
320.844
320.2
319.573
318.964
318.372
317.799
317.244
316.708
316.191
315.693
315.213
314.752
314.309
313.885
313.478
313.09
312.719
312.365
312.028
311.707
311.402
311.113
310.838
310.577
310.331
310.097
309.875
309.666
309.468
309.281
309.104
308.936
308.777
308.626
308.484
308.348
308.219
308.095
307.978
307.865
307.757
307.653
307.552
307.455
307.36
307.268
307.177
307.088
307.001
306.915
306.829
306.744
306.659
306.574
306.489
306.403
306.317
306.23
306.142
306.053
305.963
305.872
305.779
305.685
305.59
305.492
305.394
305.293
305.191
305.088
304.982
357.056
360.096
363.151
366.185
369.164
372.054
374.826
377.451
379.904
382.161
384.199
385.995
387.529
388.78
389.731
390.368
390.682
390.672
390.35
389.74
388.878
387.814
386.598
385.279
383.898
382.488
381.072
379.668
378.286
376.933
375.614
374.328
373.078
371.861
370.677
369.522
368.396
367.295
366.218
365.162
364.126
363.107
362.103
361.112
360.134
359.166
358.207
357.256
356.312
355.374
354.44
353.512
352.588
351.668
350.751
349.838
348.927
348.019
347.114
346.211
345.31
344.412
343.517
342.624
341.734
340.847
339.963
339.082
338.206
337.333
336.464
335.6
334.74
333.887
333.039
332.198
331.364
330.538
329.721
328.912
328.114
327.326
326.549
325.785
325.033
324.295
323.571
322.861
322.167
321.489
320.828
320.183
319.556
318.947
318.356
317.783
317.229
316.693
316.176
315.678
315.199
314.738
314.296
313.873
313.467
313.08
312.71
312.357
312.021
311.701
311.396
311.108
310.834
310.574
310.328
310.095
309.874
309.666
309.468
309.282
309.105
308.938
308.78
308.63
308.487
308.352
308.223
308.101
307.983
307.871
307.763
307.659
307.559
307.462
307.368
307.276
307.186
307.097
307.01
306.924
306.839
306.754
306.669
306.584
306.499
306.414
306.328
306.242
306.154
306.066
305.976
305.885
305.793
305.699
305.604
305.507
305.408
305.308
305.206
305.103
304.997
353.662
356.355
359.068
361.775
364.447
367.059
369.583
371.996
374.273
376.393
378.333
380.074
381.597
382.885
383.923
384.7
385.21
385.451
385.431
385.166
384.681
384.007
383.178
382.229
381.193
380.097
378.963
377.808
376.648
375.49
374.342
373.207
372.09
370.99
369.909
368.847
367.802
366.774
365.762
364.764
363.779
362.806
361.843
360.889
359.943
359.004
358.07
357.142
356.217
355.296
354.378
353.462
352.548
351.637
350.727
349.819
348.914
348.01
347.108
346.208
345.31
344.413
343.519
342.628
341.738
340.852
339.968
339.087
338.21
337.337
336.467
335.602
334.742
333.887
333.038
332.196
331.361
330.533
329.714
328.905
328.105
327.316
326.538
325.772
325.019
324.28
323.555
322.845
322.15
321.472
320.81
320.165
319.538
318.929
318.338
317.765
317.211
316.676
316.16
315.663
315.184
314.724
314.283
313.861
313.456
313.069
312.7
312.348
312.013
311.694
311.391
311.103
310.83
310.571
310.326
310.094
309.874
309.666
309.47
309.284
309.108
308.942
308.784
308.635
308.493
308.358
308.23
308.108
307.991
307.88
307.772
307.669
307.569
307.473
307.379
307.287
307.197
307.109
307.022
306.937
306.852
306.767
306.683
306.599
306.514
306.429
306.344
306.258
306.17
306.082
305.993
305.902
305.81
305.717
305.622
305.526
305.427
305.328
305.226
305.123
305.017
350.36
352.749
355.16
357.573
359.968
362.321
364.612
366.819
368.922
370.901
372.737
374.412
375.911
377.216
378.318
379.205
379.871
380.316
380.543
380.562
380.389
380.044
379.549
378.93
378.209
377.41
376.551
375.649
374.717
373.766
372.803
371.836
370.868
369.903
368.942
367.988
367.041
366.101
365.167
364.241
363.32
362.405
361.494
360.587
359.683
358.782
357.882
356.984
356.086
355.189
354.291
353.393
352.495
351.596
350.697
349.798
348.899
348.001
347.104
346.207
345.312
344.418
343.526
342.636
341.748
340.862
339.978
339.097
338.22
337.346
336.475
335.609
334.748
333.892
333.041
332.197
331.36
330.531
329.711
328.899
328.098
327.307
326.527
325.76
325.006
324.266
323.54
322.829
322.133
321.454
320.792
320.147
319.52
318.911
318.32
317.747
317.194
316.659
316.144
315.647
315.169
314.71
314.27
313.849
313.445
313.059
312.691
312.341
312.006
311.689
311.387
311.1
310.828
310.57
310.326
310.095
309.876
309.67
309.474
309.289
309.114
308.948
308.792
308.643
308.502
308.368
308.24
308.119
308.003
307.892
307.785
307.682
307.583
307.487
307.393
307.302
307.213
307.125
307.039
306.954
306.869
306.785
306.701
306.618
306.534
306.449
306.364
306.278
306.192
306.104
306.015
305.925
305.834
305.741
305.646
305.55
305.452
305.353
305.251
305.148
305.043
347.16
349.28
351.424
353.576
355.718
357.835
359.909
361.921
363.855
365.695
367.422
369.023
370.482
371.788
372.928
373.895
374.682
375.287
375.711
375.96
376.042
375.971
375.761
375.429
374.992
374.466
373.868
373.21
372.506
371.765
370.996
370.206
369.4
368.583
367.757
366.926
366.09
365.252
364.412
363.57
362.726
361.881
361.035
360.186
359.336
358.482
357.626
356.767
355.905
355.038
354.169
353.295
352.418
351.538
350.655
349.769
348.88
347.99
347.099
346.209
345.318
344.427
343.538
342.65
341.763
340.877
339.994
339.114
338.236
337.361
336.49
335.622
334.759
333.902
333.049
332.204
331.365
330.534
329.711
328.897
328.094
327.301
326.52
325.751
324.996
324.254
323.526
322.814
322.118
321.438
320.776
320.13
319.503
318.893
318.303
317.731
317.178
316.644
316.129
315.633
315.156
314.698
314.259
313.838
313.436
313.052
312.685
312.335
312.002
311.686
311.385
311.099
310.829
310.572
310.329
310.099
309.882
309.676
309.481
309.297
309.123
308.959
308.803
308.655
308.515
308.382
308.255
308.134
308.018
307.908
307.802
307.7
307.601
307.505
307.412
307.322
307.233
307.146
307.06
306.976
306.892
306.808
306.725
306.642
306.558
306.475
306.39
306.305
306.219
306.132
306.044
305.954
305.863
305.771
305.677
305.582
305.484
305.385
305.284
305.181
305.076
344.072
345.955
347.861
349.779
351.695
353.597
355.47
357.3
359.073
360.776
362.393
363.913
365.322
366.61
367.767
368.786
369.659
370.385
370.962
371.392
371.68
371.834
371.862
371.776
371.587
371.307
370.948
370.522
370.037
369.504
368.929
368.321
367.684
367.023
366.343
365.645
364.934
364.21
363.475
362.731
361.977
361.215
360.445
359.666
358.88
358.085
357.283
356.473
355.655
354.829
353.996
353.155
352.307
351.452
350.591
349.724
348.851
347.974
347.094
346.21
345.326
344.44
343.554
342.669
341.784
340.9
340.018
339.137
338.259
337.384
336.511
335.643
334.778
333.919
333.065
332.217
331.376
330.542
329.717
328.901
328.096
327.301
326.517
325.747
324.989
324.246
323.517
322.804
322.107
321.426
320.762
320.117
319.489
318.88
318.289
317.717
317.164
316.631
316.117
315.622
315.146
314.689
314.251
313.832
313.43
313.047
312.682
312.333
312.002
311.687
311.387
311.103
310.834
310.578
310.337
310.108
309.892
309.687
309.494
309.311
309.138
308.974
308.819
308.672
308.533
308.4
308.274
308.154
308.039
307.93
307.824
307.723
307.625
307.53
307.437
307.348
307.26
307.173
307.088
307.004
306.921
306.838
306.756
306.673
306.59
306.507
306.423
306.339
306.254
306.167
306.08
305.991
305.901
305.809
305.716
305.621
305.524
305.426
305.325
305.223
305.118
341.105
342.777
344.473
346.182
347.895
349.602
351.292
352.953
354.574
356.144
357.652
359.085
360.435
361.691
362.845
363.89
364.821
365.632
366.322
366.892
367.342
367.676
367.9
368.02
368.044
367.98
367.835
367.62
367.341
367.005
366.62
366.192
365.725
365.226
364.696
364.141
363.562
362.963
362.344
361.708
361.055
360.387
359.704
359.007
358.296
357.571
356.833
356.083
355.32
354.544
353.756
352.957
352.146
351.324
350.493
349.652
348.802
347.944
347.08
346.209
345.334
344.455
343.575
342.694
341.812
340.93
340.049
339.169
338.291
337.415
336.542
335.672
334.806
333.945
333.089
332.239
331.395
330.559
329.732
328.913
328.105
327.308
326.522
325.749
324.99
324.245
323.514
322.8
322.101
321.42
320.755
320.109
319.481
318.871
318.281
317.709
317.157
316.624
316.11
315.616
315.141
314.686
314.249
313.83
313.431
313.049
312.685
312.338
312.007
311.694
311.396
311.113
310.845
310.591
310.35
310.123
309.908
309.704
309.512
309.33
309.158
308.995
308.841
308.695
308.557
308.425
308.3
308.181
308.067
307.958
307.853
307.752
307.655
307.561
307.469
307.38
307.293
307.207
307.123
307.04
306.957
306.875
306.794
306.712
306.63
306.548
306.465
306.381
306.297
306.211
306.125
306.037
305.948
305.857
305.764
305.67
305.574
305.476
305.376
305.275
305.17
338.27
339.755
341.263
342.786
344.317
345.848
347.37
348.876
350.355
351.798
353.197
354.542
355.825
357.037
358.172
359.222
360.183
361.05
361.82
362.491
363.064
363.54
363.92
364.209
364.411
364.531
364.574
364.546
364.454
364.302
364.096
363.841
363.541
363.201
362.824
362.414
361.974
361.504
361.009
360.489
359.947
359.382
358.796
358.19
357.565
356.921
356.258
355.577
354.879
354.164
353.431
352.683
351.919
351.14
350.346
349.539
348.72
347.888
347.047
346.195
345.336
344.47
343.598
342.723
341.846
340.967
340.089
339.21
338.333
337.457
336.584
335.713
334.846
333.983
333.124
332.272
331.426
330.588
329.757
328.936
328.126
327.326
326.538
325.762
325.001
324.254
323.521
322.805
322.105
321.423
320.757
320.11
319.482
318.872
318.281
317.71
317.158
316.626
316.113
315.619
315.145
314.69
314.255
313.837
313.439
313.058
312.695
312.35
312.021
311.709
311.412
311.13
310.864
310.611
310.372
310.146
309.932
309.729
309.538
309.357
309.186
309.025
308.872
308.727
308.589
308.458
308.334
308.216
308.103
307.994
307.89
307.79
307.694
307.601
307.51
307.421
307.335
307.25
307.167
307.084
307.003
306.922
306.841
306.76
306.679
306.598
306.516
306.434
306.35
306.266
306.18
306.093
306.005
305.915
305.823
305.73
305.635
305.538
305.439
305.338
305.234
335.575
336.894
338.234
339.591
340.959
342.332
343.702
345.064
346.41
347.734
349.026
350.282
351.492
352.652
353.753
354.791
355.761
356.658
357.478
358.22
358.882
359.464
359.966
360.389
360.735
361.008
361.21
361.346
361.418
361.432
361.39
361.296
361.155
360.969
360.742
360.476
360.174
359.838
359.47
359.072
358.645
358.191
357.71
357.204
356.673
356.118
355.54
354.939
354.315
353.67
353.003
352.316
351.608
350.881
350.135
349.371
348.59
347.793
346.982
346.158
345.321
344.474
343.618
342.754
341.884
341.012
340.137
339.261
338.386
337.511
336.638
335.766
334.898
334.034
333.174
332.319
331.471
330.63
329.797
328.974
328.16
327.358
326.567
325.789
325.025
324.276
323.542
322.824
322.123
321.439
320.772
320.124
319.495
318.885
318.294
317.723
317.171
316.639
316.127
315.634
315.161
314.707
314.272
313.856
313.458
313.079
312.717
312.373
312.045
311.734
311.439
311.158
310.893
310.641
310.403
310.178
309.966
309.764
309.574
309.394
309.224
309.064
308.912
308.767
308.631
308.501
308.378
308.26
308.148
308.04
307.937
307.838
307.742
307.65
307.56
307.473
307.387
307.303
307.221
307.139
307.059
306.979
306.899
306.819
306.74
306.659
306.579
306.497
306.415
306.332
306.247
306.162
306.075
305.986
305.895
305.803
305.709
305.613
305.515
305.415
305.312
333.028
334.2
335.391
336.6
337.821
339.051
340.284
341.514
342.737
343.947
345.138
346.303
347.439
348.538
349.596
350.607
351.568
352.473
353.32
354.105
354.827
355.484
356.076
356.602
357.062
357.458
357.792
358.064
358.278
358.436
358.54
358.593
358.598
358.556
358.471
358.344
358.177
357.973
357.733
357.458
357.151
356.811
356.441
356.04
355.611
355.153
354.667
354.153
353.613
353.046
352.454
351.837
351.195
350.529
349.84
349.128
348.396
347.643
346.871
346.082
345.276
344.455
343.622
342.777
341.922
341.06
340.192
339.321
338.449
337.576
336.704
335.834
334.966
334.1
333.239
332.383
331.533
330.69
329.855
329.029
328.212
327.407
326.614
325.834
325.068
324.316
323.58
322.86
322.157
321.472
320.804
320.155
319.525
318.915
318.323
317.752
317.2
316.668
316.156
315.664
315.191
314.738
314.304
313.888
313.492
313.113
312.753
312.409
312.083
311.773
311.478
311.199
310.935
310.684
310.448
310.223
310.012
309.811
309.622
309.443
309.274
309.114
308.963
308.82
308.684
308.555
308.432
308.316
308.204
308.098
307.995
307.897
307.802
307.711
307.622
307.535
307.451
307.368
307.287
307.206
307.127
307.048
306.97
306.891
306.813
306.734
306.655
306.575
306.494
306.412
306.329
306.244
306.159
306.071
305.982
305.891
305.799
305.704
305.607
305.507
305.406
330.638
331.678
332.737
333.813
334.904
336.004
337.112
338.222
339.331
340.434
341.526
342.604
343.663
344.697
345.704
346.677
347.614
348.511
349.364
350.17
350.927
351.634
352.287
352.887
353.433
353.925
354.363
354.747
355.079
355.359
355.589
355.771
355.906
355.995
356.04
356.043
356.005
355.928
355.812
355.66
355.471
355.247
354.989
354.698
354.373
354.017
353.629
353.21
352.76
352.28
351.77
351.231
350.663
350.068
349.445
348.795
348.12
347.42
346.697
345.952
345.186
344.4
343.598
342.779
341.947
341.103
340.249
339.388
338.522
337.654
336.785
335.916
335.049
334.184
333.323
332.466
331.615
330.77
329.933
329.105
328.286
327.479
326.683
325.901
325.132
324.378
323.64
322.918
322.214
321.526
320.858
320.208
319.577
318.965
318.373
317.801
317.249
316.717
316.205
315.713
315.24
314.787
314.354
313.939
313.543
313.165
312.806
312.463
312.137
311.828
311.534
311.256
310.993
310.743
310.507
310.284
310.072
309.873
309.685
309.506
309.338
309.179
309.028
308.886
308.751
308.623
308.501
308.385
308.274
308.168
308.067
307.97
307.876
307.785
307.697
307.612
307.528
307.447
307.366
307.287
307.209
307.132
307.055
306.978
306.901
306.823
306.746
306.667
306.588
306.508
306.426
306.344
306.259
306.174
306.086
305.997
305.905
305.812
305.716
305.618
305.518
328.412
329.334
330.275
331.233
332.205
333.19
334.183
335.183
336.187
337.19
338.189
339.182
340.163
341.131
342.08
343.007
343.909
344.784
345.626
346.435
347.207
347.94
348.632
349.282
349.888
350.45
350.967
351.438
351.864
352.244
352.58
352.871
353.119
353.323
353.486
353.607
353.687
353.728
353.73
353.694
353.62
353.51
353.363
353.181
352.964
352.711
352.425
352.104
351.749
351.361
350.94
350.486
350.001
349.483
348.934
348.355
347.746
347.108
346.443
345.751
345.034
344.293
343.53
342.747
341.945
341.128
340.296
339.453
338.6
337.741
336.878
336.014
335.149
334.287
333.427
332.57
331.719
330.873
330.035
329.205
328.385
327.576
326.778
325.994
325.223
324.467
323.727
323.003
322.296
321.607
320.937
320.286
319.653
319.041
318.448
317.875
317.322
316.79
316.278
315.785
315.313
314.86
314.426
314.012
313.616
313.239
312.879
312.537
312.212
311.903
311.61
311.332
311.069
310.82
310.584
310.361
310.151
309.952
309.764
309.586
309.419
309.26
309.11
308.968
308.834
308.706
308.585
308.469
308.36
308.254
308.154
308.057
307.965
307.875
307.788
307.704
307.621
307.541
307.462
307.385
307.308
307.232
307.156
307.081
307.006
306.93
306.854
306.778
306.7
306.622
306.542
306.461
306.379
306.295
306.209
306.122
306.032
305.94
305.846
305.75
305.65
326.355
327.172
328.008
328.86
329.726
330.606
331.497
332.396
333.302
334.212
335.124
336.034
336.939
337.838
338.726
339.602
340.461
341.302
342.122
342.918
343.688
344.429
345.14
345.818
346.463
347.072
347.645
348.18
348.678
349.136
349.556
349.937
350.279
350.581
350.845
351.069
351.255
351.403
351.513
351.586
351.62
351.618
351.579
351.503
351.391
351.242
351.057
350.836
350.58
350.287
349.959
349.595
349.197
348.763
348.296
347.794
347.259
346.692
346.092
345.463
344.804
344.116
343.403
342.664
341.903
341.12
340.319
339.502
338.671
337.83
336.979
336.123
335.265
334.407
333.55
332.696
331.846
331.001
330.163
329.333
328.512
327.702
326.903
326.116
325.344
324.586
323.844
323.118
322.41
321.719
321.047
320.394
319.761
319.147
318.553
317.979
317.425
316.892
316.378
315.885
315.412
314.959
314.525
314.11
313.714
313.337
312.977
312.635
312.31
312.001
311.708
311.43
311.167
310.918
310.683
310.46
310.25
310.051
309.863
309.686
309.518
309.36
309.21
309.069
308.935
308.808
308.687
308.572
308.463
308.359
308.259
308.163
308.071
307.983
307.897
307.814
307.733
307.654
307.576
307.5
307.425
307.351
307.277
307.204
307.13
307.057
306.983
306.908
306.833
306.757
306.68
306.601
306.521
306.439
306.355
306.27
306.182
306.092
306
305.905
305.807
324.473
325.197
325.939
326.696
327.468
328.253
329.05
329.858
330.674
331.497
332.326
333.157
333.988
334.818
335.644
336.464
337.275
338.076
338.863
339.634
340.388
341.123
341.835
342.524
343.188
343.825
344.433
345.012
345.56
346.077
346.561
347.011
347.428
347.811
348.158
348.471
348.748
348.99
349.196
349.365
349.499
349.597
349.658
349.683
349.671
349.623
349.538
349.416
349.256
349.06
348.827
348.556
348.248
347.903
347.521
347.103
346.648
346.158
345.632
345.073
344.48
343.855
343.199
342.514
341.802
341.064
340.303
339.522
338.721
337.906
337.077
336.238
335.393
334.542
333.692
332.843
331.997
331.155
330.319
329.49
328.67
327.859
327.06
326.273
325.499
324.74
323.996
323.269
322.559
321.867
321.193
320.538
319.903
319.287
318.692
318.116
317.561
317.027
316.512
316.018
315.544
315.09
314.655
314.239
313.843
313.464
313.104
312.761
312.435
312.126
311.833
311.554
311.291
311.042
310.806
310.583
310.372
310.174
309.986
309.808
309.641
309.483
309.333
309.192
309.058
308.931
308.811
308.696
308.588
308.484
308.385
308.29
308.199
308.111
308.027
307.945
307.865
307.788
307.712
307.638
307.564
307.492
307.42
307.349
307.278
307.206
307.135
307.063
306.99
306.916
306.841
306.765
306.687
306.608
306.527
306.444
306.358
306.27
306.18
306.087
305.991
322.772
323.413
324.071
324.743
325.429
326.13
326.842
327.566
328.3
329.043
329.793
330.549
331.309
332.072
332.835
333.597
334.356
335.11
335.858
336.596
337.324
338.039
338.74
339.425
340.092
340.739
341.366
341.97
342.55
343.105
343.635
344.136
344.61
345.054
345.469
345.853
346.205
346.526
346.814
347.068
347.289
347.476
347.629
347.746
347.828
347.874
347.883
347.856
347.791
347.69
347.55
347.372
347.156
346.901
346.608
346.276
345.906
345.498
345.052
344.569
344.049
343.494
342.905
342.282
341.628
340.944
340.233
339.496
338.735
337.955
337.157
336.344
335.52
334.687
333.849
333.009
332.17
331.334
330.502
329.676
328.858
328.049
327.251
326.464
325.691
324.931
324.187
323.458
322.747
322.053
321.378
320.722
320.085
319.467
318.87
318.293
317.736
317.2
316.684
316.188
315.712
315.256
314.82
314.403
314.005
313.626
313.264
312.92
312.593
312.283
311.988
311.709
311.445
311.195
310.958
310.735
310.523
310.324
310.135
309.958
309.79
309.631
309.481
309.34
309.206
309.079
308.959
308.845
308.737
308.633
308.535
308.441
308.351
308.264
308.181
308.1
308.022
307.946
307.872
307.799
307.728
307.658
307.588
307.519
307.45
307.381
307.313
307.243
307.173
307.102
307.03
306.957
306.882
306.806
306.727
306.647
306.564
306.479
306.391
306.3
306.206
321.256
321.823
322.405
323.002
323.612
324.235
324.871
325.519
326.177
326.846
327.524
328.209
328.901
329.598
330.299
331.003
331.708
332.412
333.115
333.814
334.508
335.195
335.873
336.542
337.199
337.843
338.473
339.086
339.682
340.259
340.816
341.352
341.865
342.354
342.818
343.257
343.668
344.052
344.407
344.733
345.028
345.292
345.524
345.723
345.889
346.021
346.117
346.178
346.203
346.191
346.142
346.054
345.928
345.764
345.559
345.316
345.032
344.709
344.347
343.945
343.504
343.024
342.508
341.955
341.367
340.745
340.092
339.408
338.698
337.962
337.204
336.426
335.633
334.826
334.01
333.187
332.36
331.533
330.71
329.89
329.078
328.273
327.477
326.693
325.921
325.162
324.418
323.689
322.977
322.283
321.606
320.948
320.31
319.691
319.091
318.512
317.954
317.415
316.897
316.4
315.922
315.464
315.026
314.607
314.207
313.826
313.462
313.116
312.788
312.476
312.18
311.899
311.633
311.382
311.144
310.919
310.706
310.506
310.316
310.138
309.969
309.81
309.659
309.517
309.383
309.256
309.136
309.022
308.914
308.811
308.713
308.619
308.53
308.444
308.362
308.283
308.206
308.132
308.059
307.989
307.919
307.851
307.784
307.718
307.652
307.586
307.52
307.454
307.387
307.319
307.25
307.18
307.109
307.036
306.961
306.883
306.804
306.721
306.636
306.548
306.457
319.93
320.432
320.947
321.475
322.017
322.571
323.137
323.716
324.305
324.905
325.515
326.135
326.762
327.396
328.037
328.683
329.333
329.986
330.641
331.296
331.95
332.602
333.251
333.894
334.531
335.16
335.78
336.389
336.987
337.571
338.141
338.694
339.23
339.748
340.246
340.723
341.178
341.61
342.017
342.399
342.754
343.081
343.38
343.649
343.888
344.095
344.269
344.41
344.516
344.587
344.622
344.62
344.58
344.502
344.385
344.228
344.031
343.794
343.516
343.197
342.838
342.439
342
341.523
341.007
340.455
339.867
339.246
338.593
337.911
337.202
336.469
335.716
334.945
334.159
333.362
332.558
331.749
330.938
330.129
329.325
328.527
327.738
326.958
326.189
325.433
324.691
323.963
323.252
322.557
321.88
321.222
320.582
319.961
319.36
318.78
318.219
317.678
317.158
316.658
316.178
315.718
315.277
314.856
314.453
314.069
313.704
313.355
313.024
312.71
312.412
312.129
311.861
311.607
311.368
311.141
310.927
310.724
310.534
310.353
310.183
310.023
309.871
309.729
309.594
309.466
309.345
309.231
309.123
309.02
308.922
308.829
308.741
308.656
308.575
308.497
308.421
308.349
308.278
308.21
308.143
308.077
308.013
307.949
307.886
307.824
307.761
307.698
307.635
307.571
307.506
307.439
307.372
307.302
307.231
307.157
307.081
307.002
306.92
306.835
306.747
318.797
319.24
319.696
320.163
320.644
321.136
321.64
322.155
322.682
323.219
323.767
324.324
324.891
325.466
326.048
326.638
327.234
327.835
328.44
329.049
329.66
330.272
330.884
331.495
332.104
332.71
333.31
333.905
334.492
335.071
335.64
336.198
336.743
337.275
337.792
338.292
338.776
339.24
339.684
340.107
340.508
340.885
341.237
341.563
341.861
342.132
342.372
342.582
342.76
342.905
343.016
343.092
343.132
343.135
343.1
343.026
342.913
342.759
342.565
342.33
342.054
341.737
341.379
340.98
340.542
340.064
339.548
338.995
338.408
337.788
337.137
336.458
335.754
335.027
334.281
333.52
332.747
331.964
331.176
330.385
329.595
328.808
328.028
327.256
326.494
325.743
325.005
324.281
323.572
322.878
322.202
321.544
320.904
320.282
319.68
319.098
318.535
317.993
317.47
316.968
316.485
316.022
315.579
315.155
314.749
314.363
313.994
313.643
313.309
312.992
312.691
312.405
312.134
311.878
311.636
311.407
311.19
310.986
310.793
310.61
310.439
310.276
310.123
309.979
309.843
309.714
309.593
309.478
309.369
309.266
309.169
309.076
308.988
308.904
308.823
308.747
308.673
308.602
308.533
308.467
308.402
308.339
308.278
308.217
308.158
308.098
308.039
307.98
307.921
307.861
307.8
307.738
307.674
307.609
307.542
307.472
307.4
307.325
307.247
307.166
307.081
317.862
318.253
318.655
319.069
319.494
319.931
320.378
320.837
321.306
321.786
322.277
322.777
323.286
323.805
324.333
324.868
325.411
325.961
326.517
327.078
327.644
328.213
328.785
329.359
329.934
330.509
331.082
331.653
332.221
332.784
333.342
333.892
334.435
334.968
335.49
336.001
336.498
336.981
337.448
337.898
338.33
338.743
339.134
339.503
339.848
340.169
340.464
340.731
340.969
341.178
341.355
341.499
341.61
341.686
341.726
341.73
341.695
341.621
341.507
341.354
341.159
340.923
340.646
340.328
339.968
339.568
339.129
338.65
338.134
337.582
336.996
336.379
335.732
335.059
334.362
333.645
332.912
332.165
331.408
330.644
329.877
329.109
328.344
327.584
326.832
326.09
325.359
324.641
323.936
323.246
322.573
321.916
321.277
320.656
320.054
319.471
318.907
318.363
317.838
317.334
316.849
316.383
315.937
315.51
315.101
314.711
314.339
313.985
313.648
313.327
313.023
312.734
312.46
312.2
311.955
311.722
311.503
311.296
311.1
310.915
310.741
310.576
310.421
310.275
310.137
310.007
309.884
309.768
309.659
309.555
309.457
309.364
309.276
309.193
309.113
309.037
308.965
308.895
308.829
308.765
308.702
308.642
308.584
308.526
308.47
308.414
308.359
308.304
308.249
308.194
308.137
308.08
308.021
307.961
307.898
307.834
307.766
307.696
307.622
307.545
307.463
317.127
317.472
317.827
318.193
318.569
318.955
319.352
319.76
320.177
320.605
321.043
321.491
321.948
322.414
322.889
323.373
323.866
324.365
324.872
325.386
325.906
326.431
326.961
327.495
328.031
328.571
329.111
329.653
330.194
330.733
331.27
331.804
332.333
332.857
333.373
333.882
334.381
334.87
335.347
335.811
336.26
336.694
337.111
337.51
337.889
338.247
338.582
338.894
339.18
339.44
339.672
339.874
340.046
340.186
340.292
340.364
340.4
340.399
340.361
340.283
340.166
340.009
339.811
339.571
339.291
338.97
338.608
338.206
337.764
337.285
336.77
336.22
335.638
335.026
334.387
333.723
333.038
332.336
331.619
330.891
330.155
329.415
328.674
327.934
327.198
326.468
325.749
325.04
324.343
323.66
322.992
322.339
321.703
321.084
320.483
319.901
319.337
318.792
318.267
317.76
317.273
316.805
316.356
315.926
315.515
315.121
314.746
314.388
314.047
313.723
313.415
313.122
312.844
312.581
312.332
312.096
311.873
311.662
311.462
311.274
311.097
310.93
310.772
310.623
310.483
310.35
310.226
310.108
309.997
309.893
309.794
309.701
309.612
309.529
309.45
309.375
309.303
309.235
309.17
309.108
309.048
308.991
308.935
308.881
308.828
308.777
308.726
308.675
308.625
308.574
308.523
308.47
308.417
308.362
308.305
308.245
308.183
308.118
308.049
307.977
307.899
316.595
316.899
317.213
317.536
317.869
318.211
318.562
318.924
319.295
319.675
320.065
320.465
320.873
321.291
321.718
322.153
322.597
323.049
323.509
323.976
324.45
324.931
325.417
325.909
326.406
326.906
327.411
327.917
328.426
328.936
329.446
329.955
330.462
330.967
331.468
331.965
332.455
332.938
333.414
333.879
334.334
334.777
335.207
335.622
336.022
336.404
336.767
337.11
337.432
337.73
338.005
338.253
338.474
338.666
338.828
338.959
339.057
339.12
339.148
339.14
339.094
339.01
338.886
338.722
338.519
338.274
337.989
337.664
337.299
336.896
336.454
335.976
335.464
334.919
334.343
333.74
333.112
332.463
331.794
331.111
330.415
329.711
329.002
328.29
327.579
326.871
326.168
325.473
324.788
324.115
323.456
322.81
322.18
321.566
320.969
320.389
319.827
319.283
318.758
318.251
317.763
317.294
316.843
316.41
315.996
315.6
315.221
314.859
314.515
314.187
313.874
313.577
313.295
313.028
312.774
312.534
312.307
312.092
311.889
311.697
311.516
311.345
311.183
311.031
310.888
310.753
310.626
310.506
310.393
310.286
310.186
310.092
310.003
309.919
309.84
309.765
309.694
309.627
309.563
309.503
309.445
309.39
309.337
309.287
309.238
309.19
309.143
309.097
309.051
309.006
308.96
308.913
308.866
308.816
308.765
308.712
308.655
308.596
308.533
308.466
308.393
316.269
316.538
316.814
317.1
317.394
317.696
318.008
318.328
318.657
318.995
319.341
319.697
320.061
320.435
320.816
321.207
321.605
322.012
322.427
322.849
323.279
323.715
324.158
324.608
325.063
325.523
325.989
326.458
326.93
327.406
327.884
328.363
328.842
329.321
329.799
330.275
330.748
331.216
331.679
332.136
332.586
333.026
333.457
333.877
334.284
334.678
335.056
335.418
335.762
336.087
336.391
336.673
336.931
337.163
337.37
337.548
337.696
337.813
337.899
337.95
337.967
337.948
337.892
337.798
337.666
337.494
337.284
337.033
336.744
336.415
336.048
335.644
335.204
334.73
334.223
333.686
333.122
332.532
331.92
331.289
330.642
329.983
329.314
328.638
327.96
327.281
326.604
325.931
325.265
324.608
323.961
323.327
322.707
322.101
321.511
320.936
320.379
319.838
319.315
318.81
318.322
317.853
317.401
316.967
316.551
316.152
315.771
315.406
315.058
314.726
314.41
314.109
313.822
313.55
313.292
313.047
312.815
312.596
312.388
312.191
312.006
311.83
311.665
311.509
311.362
311.223
311.092
310.969
310.853
310.745
310.642
310.546
310.455
310.37
310.29
310.215
310.144
310.077
310.015
309.956
309.9
309.847
309.797
309.749
309.703
309.659
309.617
309.575
309.534
309.494
309.454
309.413
309.371
309.328
309.283
309.236
309.186
309.133
309.077
309.015
308.949
316.151
316.389
316.633
316.885
317.145
317.413
317.688
317.972
318.263
318.563
318.87
319.186
319.51
319.843
320.183
320.531
320.888
321.252
321.624
322.004
322.391
322.785
323.186
323.593
324.007
324.426
324.851
325.281
325.716
326.154
326.596
327.041
327.487
327.935
328.384
328.833
329.28
329.726
330.169
330.608
331.043
331.471
331.893
332.306
332.71
333.104
333.486
333.854
334.209
334.547
334.868
335.171
335.453
335.714
335.952
336.165
336.353
336.513
336.644
336.745
336.814
336.851
336.854
336.822
336.753
336.648
336.506
336.326
336.108
335.852
335.558
335.227
334.861
334.459
334.023
333.556
333.059
332.534
331.985
331.413
330.823
330.215
329.595
328.964
328.327
327.685
327.041
326.399
325.76
325.126
324.501
323.884
323.278
322.685
322.105
321.54
320.99
320.456
319.938
319.437
318.953
318.485
318.035
317.601
317.185
316.785
316.402
316.035
315.684
315.349
315.029
314.724
314.433
314.157
313.894
313.645
313.408
313.183
312.97
312.768
312.578
312.397
312.227
312.066
311.914
311.771
311.636
311.509
311.389
311.277
311.171
311.072
310.979
310.892
310.81
310.733
310.662
310.595
310.532
310.473
310.418
310.367
310.319
310.273
310.23
310.19
310.151
310.114
310.078
310.043
310.008
309.973
309.937
309.901
309.863
309.822
309.779
309.733
309.683
309.629
309.569
316.244
316.453
316.669
316.892
317.122
317.359
317.602
317.853
318.111
318.377
318.649
318.929
319.217
319.512
319.814
320.124
320.442
320.767
321.099
321.438
321.785
322.138
322.498
322.865
323.238
323.617
324.001
324.391
324.787
325.186
325.59
325.998
326.409
326.822
327.237
327.653
328.071
328.487
328.903
329.318
329.729
330.137
330.54
330.938
331.329
331.713
332.087
332.451
332.804
333.145
333.471
333.783
334.077
334.354
334.611
334.847
335.062
335.252
335.417
335.556
335.667
335.749
335.8
335.819
335.806
335.759
335.677
335.56
335.408
335.219
334.995
334.734
334.438
334.108
333.743
333.347
332.92
332.464
331.981
331.474
330.945
330.396
329.832
329.254
328.665
328.068
327.466
326.862
326.257
325.655
325.058
324.467
323.884
323.31
322.748
322.197
321.659
321.136
320.627
320.134
319.656
319.193
318.747
318.316
317.901
317.503
317.119
316.752
316.4
316.062
315.74
315.432
315.138
314.857
314.59
314.336
314.094
313.864
313.646
313.438
313.242
313.056
312.88
312.713
312.556
312.407
312.267
312.135
312.011
311.894
311.784
311.681
311.584
311.493
311.409
311.33
311.256
311.187
311.123
311.064
311.009
310.958
310.911
310.867
310.826
310.788
310.752
310.719
310.687
310.656
310.626
310.597
310.567
310.537
310.505
310.472
310.436
310.397
310.354
310.307
310.254
316.546
316.732
316.923
317.121
317.324
317.533
317.749
317.971
318.199
318.434
318.675
318.923
319.177
319.439
319.707
319.981
320.263
320.551
320.846
321.148
321.456
321.771
322.092
322.42
322.753
323.093
323.438
323.788
324.144
324.504
324.869
325.238
325.611
325.987
326.365
326.746
327.129
327.512
327.896
328.279
328.662
329.042
329.42
329.794
330.164
330.529
330.886
331.237
331.578
331.91
332.231
332.54
332.835
333.116
333.38
333.628
333.856
334.065
334.252
334.417
334.557
334.672
334.76
334.82
334.851
334.852
334.822
334.759
334.664
334.536
334.373
334.178
333.948
333.686
333.39
333.063
332.705
332.319
331.904
331.464
331.001
330.516
330.013
329.494
328.96
328.416
327.864
327.305
326.744
326.181
325.62
325.062
324.509
323.962
323.424
322.895
322.377
321.871
321.377
320.896
320.429
319.976
319.537
319.112
318.702
318.308
317.927
317.561
317.21
316.873
316.549
316.239
315.943
315.659
315.389
315.13
314.884
314.649
314.425
314.213
314.011
313.819
313.636
313.464
313.3
313.145
312.999
312.861
312.73
312.608
312.492
312.384
312.282
312.187
312.098
312.015
311.937
311.865
311.799
311.737
311.681
311.628
311.58
311.537
311.496
311.459
311.425
311.394
311.365
311.338
311.313
311.288
311.263
311.239
311.213
311.186
311.157
311.125
311.089
311.05
311.004
317.058
317.223
317.393
317.567
317.747
317.933
318.123
318.319
318.521
318.728
318.941
319.16
319.385
319.616
319.853
320.095
320.344
320.598
320.859
321.126
321.398
321.677
321.961
322.251
322.547
322.848
323.155
323.466
323.783
324.104
324.43
324.76
325.093
325.431
325.771
326.114
326.459
326.806
327.154
327.502
327.851
328.199
328.545
328.89
329.231
329.569
329.903
330.231
330.552
330.866
331.172
331.468
331.754
332.028
332.289
332.536
332.768
332.983
333.18
333.358
333.516
333.652
333.766
333.855
333.919
333.956
333.966
333.948
333.9
333.823
333.715
333.576
333.407
333.206
332.975
332.713
332.422
332.103
331.757
331.384
330.988
330.57
330.131
329.675
329.202
328.717
328.22
327.715
327.204
326.689
326.171
325.654
325.139
324.627
324.121
323.622
323.13
322.648
322.175
321.714
321.264
320.825
320.4
319.987
319.587
319.2
318.826
318.465
318.118
317.783
317.461
317.152
316.855
316.57
316.297
316.036
315.786
315.547
315.319
315.101
314.894
314.696
314.507
314.328
314.158
313.996
313.843
313.698
313.561
313.431
313.309
313.193
313.085
312.984
312.889
312.8
312.717
312.64
312.569
312.503
312.443
312.388
312.337
312.291
312.249
312.212
312.178
312.147
312.119
312.094
312.071
312.049
312.028
312.008
311.987
311.965
311.942
311.916
311.887
311.854
311.816
317.776
317.922
318.072
318.227
318.386
318.55
318.718
318.892
319.069
319.252
319.44
319.633
319.83
320.033
320.241
320.455
320.673
320.897
321.125
321.359
321.599
321.843
322.093
322.347
322.607
322.872
323.141
323.415
323.693
323.976
324.263
324.554
324.848
325.146
325.447
325.751
326.057
326.365
326.675
326.985
327.297
327.608
327.92
328.23
328.538
328.844
329.147
329.446
329.74
330.029
330.312
330.587
330.854
331.112
331.36
331.596
331.821
332.031
332.228
332.408
332.572
332.718
332.845
332.951
333.036
333.099
333.138
333.153
333.142
333.106
333.042
332.951
332.833
332.687
332.512
332.31
332.081
331.825
331.543
331.237
330.907
330.554
330.182
329.791
329.382
328.96
328.524
328.078
327.623
327.161
326.695
326.227
325.757
325.288
324.822
324.36
323.903
323.452
323.008
322.573
322.147
321.73
321.324
320.928
320.544
320.17
319.808
319.457
319.118
318.79
318.473
318.168
317.874
317.591
317.319
317.057
316.806
316.564
316.333
316.111
315.899
315.696
315.502
315.317
315.14
314.971
314.811
314.658
314.513
314.376
314.245
314.122
314.006
313.897
313.794
313.697
313.607
313.523
313.445
313.373
313.307
313.246
313.19
313.14
313.094
313.053
313.016
312.983
312.954
312.928
312.904
312.883
312.864
312.845
312.827
312.809
312.789
312.768
312.743
312.715
312.683
318.688
318.818
318.951
319.088
319.228
319.373
319.521
319.674
319.83
319.99
320.155
320.324
320.497
320.674
320.856
321.042
321.232
321.427
321.626
321.83
322.038
322.251
322.467
322.689
322.914
323.143
323.377
323.615
323.856
324.102
324.351
324.603
324.859
325.118
325.379
325.643
325.91
326.178
326.448
326.72
326.992
327.265
327.537
327.81
328.081
328.351
328.619
328.884
329.146
329.404
329.657
329.904
330.146
330.38
330.606
330.824
331.032
331.229
331.415
331.588
331.747
331.892
332.022
332.134
332.23
332.306
332.363
332.4
332.415
332.408
332.379
332.326
332.249
332.148
332.022
331.871
331.697
331.498
331.275
331.03
330.762
330.474
330.166
329.839
329.496
329.137
328.765
328.381
327.987
327.585
327.176
326.762
326.345
325.926
325.508
325.09
324.675
324.263
323.857
323.456
323.061
322.673
322.294
321.922
321.559
321.205
320.861
320.526
320.2
319.884
319.578
319.281
318.994
318.717
318.449
318.19
317.94
317.699
317.467
317.244
317.029
316.822
316.624
316.433
316.251
316.076
315.908
315.748
315.595
315.45
315.311
315.179
315.054
314.935
314.823
314.717
314.618
314.525
314.438
314.357
314.282
314.213
314.149
314.091
314.038
313.991
313.948
313.909
313.875
313.845
313.818
313.794
313.772
313.753
313.734
313.715
313.697
313.676
313.653
313.627
313.598
319.775
319.89
320.007
320.128
320.252
320.378
320.509
320.642
320.778
320.918
321.062
321.208
321.359
321.512
321.67
321.83
321.995
322.163
322.334
322.509
322.688
322.87
323.056
323.246
323.438
323.635
323.834
324.037
324.243
324.453
324.665
324.88
325.098
325.318
325.541
325.766
325.993
326.221
326.451
326.683
326.915
327.148
327.381
327.614
327.846
328.077
328.307
328.535
328.761
328.983
329.203
329.418
329.628
329.833
330.032
330.224
330.408
330.584
330.751
330.909
331.055
331.19
331.313
331.422
331.518
331.598
331.663
331.711
331.741
331.754
331.747
331.721
331.676
331.61
331.523
331.415
331.286
331.136
330.966
330.775
330.565
330.335
330.088
329.823
329.543
329.247
328.939
328.618
328.286
327.946
327.598
327.243
326.884
326.521
326.155
325.789
325.423
325.058
324.696
324.336
323.981
323.63
323.284
322.944
322.61
322.283
321.963
321.65
321.345
321.047
320.757
320.474
320.199
319.932
319.673
319.421
319.177
318.941
318.711
318.49
318.275
318.068
317.867
317.674
317.487
317.307
317.134
316.967
316.807
316.654
316.506
316.365
316.231
316.103
315.98
315.864
315.754
315.651
315.553
315.461
315.375
315.295
315.22
315.152
315.089
315.031
314.978
314.93
314.887
314.849
314.814
314.783
314.755
314.73
314.706
314.683
314.661
314.638
314.613
314.585
314.554
321.003
321.104
321.207
321.312
321.42
321.531
321.644
321.759
321.877
321.998
322.122
322.248
322.377
322.508
322.643
322.78
322.92
323.062
323.208
323.356
323.507
323.661
323.817
323.977
324.139
324.303
324.47
324.64
324.812
324.987
325.164
325.343
325.524
325.708
325.893
326.08
326.268
326.458
326.649
326.84
327.033
327.226
327.419
327.612
327.804
327.996
328.187
328.376
328.564
328.749
328.932
329.111
329.287
329.459
329.626
329.788
329.944
330.094
330.237
330.372
330.499
330.618
330.726
330.824
330.912
330.987
331.05
331.101
331.137
331.159
331.166
331.158
331.133
331.092
331.034
330.96
330.867
330.758
330.631
330.487
330.326
330.149
329.957
329.749
329.527
329.291
329.043
328.784
328.514
328.235
327.948
327.654
327.355
327.051
326.743
326.432
326.121
325.808
325.495
325.184
324.874
324.566
324.262
323.96
323.663
323.37
323.081
322.798
322.519
322.246
321.978
321.716
321.459
321.209
320.964
320.724
320.491
320.263
320.041
319.825
319.615
319.41
319.211
319.018
318.83
318.648
318.471
318.3
318.135
317.975
317.82
317.671
317.528
317.39
317.257
317.131
317.009
316.894
316.784
316.68
316.581
316.488
316.4
316.318
316.242
316.171
316.105
316.044
315.989
315.938
315.891
315.848
315.809
315.773
315.74
315.708
315.677
315.646
315.613
315.579
315.542
322.319
322.407
322.496
322.587
322.681
322.776
322.872
322.971
323.072
323.175
323.28
323.386
323.495
323.606
323.719
323.834
323.951
324.069
324.19
324.314
324.439
324.566
324.695
324.826
324.959
325.093
325.23
325.369
325.509
325.651
325.794
325.939
326.086
326.234
326.383
326.533
326.684
326.837
326.99
327.143
327.297
327.451
327.605
327.759
327.913
328.066
328.218
328.369
328.518
328.666
328.811
328.955
329.095
329.233
329.367
329.497
329.622
329.743
329.859
329.968
330.072
330.169
330.258
330.34
330.413
330.477
330.533
330.578
330.612
330.636
330.648
330.649
330.637
330.612
330.574
330.523
330.458
330.38
330.288
330.182
330.063
329.93
329.784
329.626
329.456
329.274
329.082
328.88
328.668
328.448
328.22
327.985
327.745
327.5
327.25
326.997
326.741
326.483
326.224
325.964
325.704
325.445
325.186
324.929
324.673
324.42
324.169
323.92
323.675
323.433
323.194
322.958
322.726
322.497
322.272
322.051
321.834
321.621
321.412
321.206
321.005
320.808
320.615
320.425
320.24
320.059
319.883
319.71
319.542
319.378
319.218
319.063
318.912
318.766
318.625
318.488
318.356
318.229
318.107
317.99
317.878
317.77
317.668
317.572
317.48
317.393
317.312
317.235
317.163
317.096
317.033
316.975
316.92
316.869
316.821
316.774
316.73
316.685
316.641
316.595
316.546
323.646
323.721
323.798
323.875
323.954
324.035
324.117
324.2
324.284
324.37
324.457
324.546
324.636
324.728
324.82
324.915
325.01
325.107
325.206
325.305
325.406
325.509
325.612
325.717
325.823
325.931
326.039
326.149
326.26
326.372
326.484
326.598
326.713
326.828
326.944
327.061
327.178
327.296
327.414
327.532
327.65
327.768
327.886
328.004
328.121
328.237
328.353
328.467
328.581
328.692
328.803
328.911
329.017
329.121
329.222
329.32
329.414
329.505
329.593
329.676
329.754
329.827
329.895
329.958
330.014
330.064
330.107
330.142
330.17
330.19
330.202
330.204
330.198
330.182
330.157
330.121
330.076
330.02
329.954
329.877
329.791
329.694
329.587
329.47
329.344
329.208
329.064
328.912
328.752
328.585
328.411
328.231
328.046
327.856
327.661
327.463
327.261
327.057
326.851
326.643
326.434
326.223
326.012
325.801
325.59
325.38
325.169
324.96
324.752
324.544
324.338
324.134
323.931
323.729
323.53
323.332
323.136
322.942
322.75
322.561
322.373
322.188
322.005
321.825
321.647
321.471
321.298
321.128
320.961
320.797
320.635
320.477
320.322
320.17
320.022
319.878
319.737
319.599
319.466
319.337
319.212
319.091
318.975
318.862
318.755
318.651
318.553
318.459
318.369
318.283
318.202
318.125
318.052
317.982
317.915
317.85
317.787
317.726
317.664
317.601
317.536
324.879
324.943
325.007
325.073
325.139
325.206
325.274
325.343
325.413
325.483
325.555
325.627
325.701
325.775
325.85
325.925
326.002
326.079
326.158
326.237
326.316
326.397
326.478
326.56
326.643
326.726
326.81
326.894
326.979
327.065
327.151
327.237
327.324
327.41
327.498
327.585
327.672
327.76
327.847
327.935
328.022
328.108
328.195
328.28
328.366
328.45
328.534
328.616
328.697
328.777
328.856
328.933
329.008
329.082
329.153
329.222
329.289
329.352
329.413
329.471
329.525
329.576
329.623
329.666
329.704
329.738
329.768
329.792
329.81
329.823
329.83
329.831
329.826
329.813
329.794
329.768
329.735
329.695
329.647
329.592
329.53
329.46
329.383
329.299
329.208
329.11
329.005
328.894
328.777
328.655
328.527
328.394
328.256
328.115
327.969
327.819
327.667
327.511
327.353
327.192
327.029
326.865
326.699
326.532
326.363
326.193
326.023
325.852
325.681
325.509
325.336
325.164
324.991
324.819
324.646
324.474
324.302
324.13
323.958
323.787
323.617
323.447
323.278
323.11
322.943
322.776
322.611
322.447
322.285
322.123
321.964
321.806
321.65
321.496
321.344
321.195
321.048
320.903
320.762
320.623
320.487
320.355
320.225
320.099
319.977
319.858
319.743
319.632
319.524
319.42
319.32
319.223
319.13
319.04
318.953
318.869
318.786
318.705
318.624
318.541
318.456
325.885
325.939
325.994
326.049
326.105
326.161
326.218
326.275
326.333
326.391
326.449
326.508
326.568
326.628
326.688
326.749
326.811
326.872
326.934
326.997
327.059
327.123
327.186
327.25
327.313
327.378
327.442
327.506
327.571
327.636
327.7
327.765
327.83
327.894
327.959
328.023
328.087
328.151
328.215
328.278
328.34
328.403
328.464
328.525
328.585
328.644
328.703
328.76
328.816
328.871
328.925
328.977
329.028
329.078
329.125
329.171
329.215
329.256
329.296
329.333
329.368
329.4
329.429
329.455
329.479
329.499
329.515
329.528
329.538
329.543
329.545
329.542
329.535
329.523
329.507
329.486
329.46
329.429
329.394
329.353
329.307
329.256
329.2
329.139
329.074
329.003
328.928
328.848
328.763
328.675
328.582
328.485
328.384
328.28
328.172
328.061
327.947
327.83
327.71
327.588
327.463
327.335
327.206
327.075
326.941
326.806
326.669
326.53
326.39
326.248
326.104
325.96
325.814
325.666
325.518
325.368
325.218
325.066
324.914
324.761
324.607
324.453
324.298
324.142
323.986
323.83
323.674
323.518
323.362
323.206
323.051
322.896
322.742
322.588
322.436
322.285
322.135
321.986
321.839
321.694
321.551
321.41
321.271
321.135
321.001
320.87
320.742
320.617
320.494
320.375
320.258
320.145
320.034
319.927
319.822
319.719
319.618
319.519
319.419
319.318
319.214
326.499
326.547
326.596
326.644
326.694
326.743
326.793
326.843
326.893
326.943
326.994
327.045
327.096
327.148
327.199
327.251
327.303
327.355
327.407
327.46
327.512
327.565
327.617
327.67
327.723
327.775
327.828
327.88
327.933
327.985
328.037
328.089
328.14
328.191
328.242
328.293
328.343
328.393
328.442
328.491
328.539
328.586
328.633
328.679
328.724
328.768
328.812
328.854
328.895
328.935
328.974
329.012
329.048
329.083
329.116
329.148
329.178
329.206
329.232
329.257
329.279
329.3
329.318
329.334
329.347
329.358
329.367
329.372
329.375
329.375
329.373
329.367
329.358
329.346
329.33
329.311
329.289
329.263
329.233
329.199
329.162
329.122
329.078
329.03
328.978
328.924
328.865
328.803
328.738
328.669
328.596
328.521
328.442
328.36
328.275
328.187
328.096
328.002
327.905
327.806
327.704
327.599
327.492
327.382
327.27
327.156
327.039
326.92
326.799
326.675
326.55
326.422
326.293
326.161
326.028
325.893
325.756
325.617
325.477
325.336
325.193
325.048
324.902
324.756
324.608
324.459
324.309
324.159
324.008
323.856
323.704
323.552
323.4
323.248
323.097
322.945
322.795
322.645
322.496
322.348
322.201
322.055
321.912
321.77
321.629
321.491
321.355
321.221
321.09
320.961
320.834
320.711
320.589
320.47
320.354
320.24
320.127
320.015
319.904
319.791
319.674
304.76
304.447
304.118
303.78
303.437
303.094
302.756
302.428
302.114
301.817
301.541
301.288
301.062
300.862
300.69
300.545
300.424
300.327
300.249
300.188
300.14
300.104
300.076
300.055
300.04
300.028
300.02
300.014
300.01
300.007
300.005
300.003
300.002
300.001
300.001
300
300
300
300
300
300
300
300
300
300
300
300
300
300
300
300
304.761
304.448
304.119
303.781
303.437
303.095
302.757
302.429
302.115
301.818
301.541
301.289
301.062
300.863
300.691
300.545
300.425
300.327
300.249
300.188
300.14
300.104
300.076
300.055
300.04
300.029
300.02
300.014
300.01
300.007
300.005
300.003
300.002
300.001
300.001
300
300
300
300
300
300
300
300
300
300
300
300
300
300
300
300
304.763
304.45
304.121
303.783
303.44
303.097
302.759
302.431
302.116
301.819
301.543
301.29
301.063
300.864
300.691
300.546
300.425
300.327
300.249
300.188
300.14
300.104
300.076
300.055
300.04
300.029
300.02
300.014
300.01
300.007
300.005
300.003
300.002
300.001
300.001
300
300
300
300
300
300
300
300
300
300
300
300
300
300
300
300
304.767
304.454
304.125
303.786
303.443
303.101
302.763
302.434
302.12
301.822
301.545
301.292
301.065
300.865
300.693
300.547
300.426
300.328
300.25
300.188
300.141
300.104
300.076
300.055
300.04
300.029
300.02
300.014
300.01
300.007
300.005
300.003
300.002
300.001
300.001
300
300
300
300
300
300
300
300
300
300
300
300
300
300
300
300
304.772
304.46
304.131
303.793
303.449
303.106
302.768
302.44
302.124
301.826
301.549
301.296
301.068
300.868
300.695
300.548
300.427
300.329
300.25
300.189
300.141
300.104
300.077
300.056
300.04
300.029
300.02
300.014
300.01
300.007
300.005
300.003
300.002
300.001
300.001
300
300
300
300
300
300
300
300
300
300
300
300
300
300
300
300
304.781
304.468
304.14
303.801
303.458
303.115
302.776
302.447
302.131
301.833
301.555
301.301
301.072
300.871
300.697
300.55
300.429
300.33
300.251
300.19
300.142
300.105
300.077
300.056
300.04
300.029
300.02
300.014
300.01
300.007
300.005
300.003
300.002
300.001
300.001
300
300
300
300
300
300
300
300
300
300
300
300
300
300
300
300
304.793
304.481
304.152
303.814
303.47
303.127
302.788
302.458
302.141
301.841
301.563
301.307
301.078
300.876
300.701
300.553
300.431
300.332
300.253
300.19
300.142
300.105
300.077
300.056
300.04
300.029
300.02
300.014
300.01
300.007
300.005
300.003
300.002
300.001
300.001
300
300
300
300
300
300
300
300
300
300
300
300
300
300
300
300
304.809
304.497
304.169
303.83
303.487
303.143
302.803
302.472
302.154
301.853
301.573
301.316
301.085
300.882
300.706
300.557
300.434
300.334
300.254
300.192
300.143
300.106
300.078
300.056
300.041
300.029
300.021
300.014
300.01
300.007
300.005
300.003
300.002
300.001
300.001
300
300
300
300
300
300
300
300
300
300
300
300
300
300
300
300
304.83
304.519
304.191
303.852
303.508
303.163
302.822
302.49
302.171
301.868
301.586
301.327
301.095
300.889
300.712
300.562
300.438
300.337
300.256
300.193
300.144
300.107
300.078
300.057
300.041
300.029
300.021
300.015
300.01
300.007
300.005
300.003
300.002
300.001
300.001
300
300
300
300
300
300
300
300
300
300
300
300
300
300
300
300
304.857
304.547
304.219
303.88
303.536
303.19
302.848
302.514
302.192
301.887
301.603
301.342
301.107
300.899
300.72
300.568
300.442
300.34
300.259
300.195
300.146
300.108
300.079
300.057
300.041
300.03
300.021
300.015
300.01
300.007
300.005
300.003
300.002
300.001
300.001
300
300
300
300
300
300
300
300
300
300
300
300
300
300
300
300
304.892
304.582
304.255
303.916
303.57
303.223
302.879
302.543
302.219
301.911
301.623
301.359
301.121
300.911
300.73
300.576
300.448
300.344
300.262
300.198
300.147
300.109
300.08
300.058
300.042
300.03
300.021
300.015
300.01
300.007
300.005
300.003
300.002
300.001
300.001
300
300
300
300
300
300
300
300
300
300
300
300
300
300
300
300
304.935
304.627
304.3
303.96
303.614
303.265
302.918
302.579
302.252
301.94
301.649
301.381
301.14
300.926
300.741
300.585
300.455
300.35
300.266
300.2
300.15
300.111
300.081
300.059
300.042
300.03
300.021
300.015
300.01
300.007
300.005
300.003
300.002
300.001
300.001
300
300
300
300
300
300
300
300
300
300
300
300
300
300
300
300
304.988
304.681
304.354
304.015
303.667
303.316
302.966
302.624
302.292
301.976
301.68
301.408
301.162
300.944
300.756
300.596
300.463
300.356
300.271
300.204
300.152
300.112
300.082
300.06
300.043
300.031
300.022
300.015
300.011
300.007
300.005
300.003
300.002
300.001
300.001
300
300
300
300
300
300
300
300
300
300
300
300
300
300
300
300
305.054
304.748
304.421
304.081
303.731
303.377
303.025
302.677
302.341
302.02
301.718
301.44
301.189
300.966
300.773
300.609
300.473
300.363
300.276
300.208
300.155
300.114
300.084
300.061
300.044
300.031
300.022
300.015
300.011
300.007
300.005
300.003
300.002
300.001
300.001
300
300
300
300
300
300
300
300
300
300
300
300
300
300
300
300
305.133
304.828
304.502
304.161
303.809
303.452
303.095
302.742
302.4
302.072
301.764
301.479
301.221
300.992
300.794
300.625
300.486
300.373
300.283
300.213
300.159
300.117
300.086
300.062
300.044
300.032
300.022
300.016
300.011
300.007
300.005
300.003
300.002
300.001
300.001
300
300
300
300
300
300
300
300
300
300
300
300
300
300
300
300
305.228
304.925
304.599
304.256
303.902
303.541
303.179
302.82
302.471
302.135
301.818
301.525
301.26
301.024
300.818
300.644
300.5
300.383
300.291
300.219
300.163
300.12
300.088
300.063
300.045
300.032
300.023
300.016
300.011
300.008
300.005
300.003
300.002
300.001
300.001
300
300
300
300
300
300
300
300
300
300
300
300
300
300
300
300
305.341
305.04
304.714
304.37
304.013
303.648
303.279
302.913
302.555
302.21
301.883
301.581
301.305
301.061
300.848
300.667
300.517
300.396
300.301
300.226
300.168
300.124
300.09
300.065
300.047
300.033
300.023
300.016
300.011
300.008
300.005
300.004
300.002
300.001
300.001
300
300
300
300
300
300
300
300
300
300
300
300
300
300
300
300
305.476
305.176
304.851
304.506
304.145
303.774
303.398
303.023
302.654
302.298
301.96
301.646
301.36
301.105
300.883
300.694
300.537
300.411
300.312
300.234
300.174
300.128
300.093
300.067
300.048
300.034
300.024
300.017
300.012
300.008
300.005
300.004
300.002
300.001
300.001
300
300
300
300
300
300
300
300
300
300
300
300
300
300
300
300
305.635
305.337
305.013
304.665
304.3
303.922
303.538
303.152
302.772
302.403
302.052
301.724
301.424
301.157
300.924
300.726
300.561
300.429
300.325
300.243
300.18
300.132
300.096
300.069
300.049
300.035
300.025
300.017
300.012
300.008
300.006
300.004
300.002
300.001
300.001
300
300
300
300
300
300
300
300
300
300
300
300
300
300
300
300
305.821
305.527
305.202
304.852
304.482
304.097
303.703
303.305
302.91
302.526
302.159
301.815
301.5
301.218
300.972
300.763
300.589
300.45
300.34
300.254
300.188
300.138
300.1
300.072
300.051
300.036
300.025
300.018
300.012
300.008
300.006
300.004
300.002
300.002
300.001
300
300
300
300
300
300
300
300
300
300
300
300
300
300
300
300
306.039
305.748
305.424
305.071
304.696
304.302
303.896
303.484
303.073
302.671
302.285
301.923
301.589
301.291
301.029
300.807
300.623
300.475
300.359
300.268
300.198
300.144
300.104
300.075
300.053
300.038
300.026
300.018
300.013
300.009
300.006
300.004
300.003
300.002
300.001
300
300
300
300
300
300
300
300
300
300
300
300
300
300
300
300
306.293
306.005
305.681
305.326
304.944
304.541
304.121
303.693
303.264
302.841
302.434
302.049
301.694
301.376
301.097
300.859
300.662
300.504
300.38
300.283
300.208
300.152
300.11
300.078
300.056
300.039
300.027
300.019
300.013
300.009
300.006
300.004
300.003
300.002
300.001
300.001
300
300
300
300
300
300
300
300
300
300
300
300
300
300
300
306.586
306.302
305.98
305.622
305.233
304.818
304.383
303.937
303.486
303.04
302.607
302.197
301.818
301.476
301.176
300.92
300.708
300.539
300.405
300.301
300.221
300.16
300.115
300.082
300.058
300.041
300.028
300.02
300.014
300.009
300.006
300.004
300.003
300.002
300.001
300.001
300
300
300
300
300
300
300
300
300
300
300
300
300
300
300
306.925
306.646
306.325
305.964
305.567
305.139
304.688
304.22
303.745
303.271
302.81
302.371
301.962
301.593
301.269
300.991
300.762
300.579
300.434
300.322
300.236
300.171
300.122
300.087
300.061
300.043
300.03
300.021
300.014
300.01
300.006
300.004
300.003
300.002
300.001
300.001
300
300
300
300
300
300
300
300
300
300
300
300
300
300
300
307.312
307.039
306.72
306.356
305.951
305.509
305.039
304.548
304.045
303.541
303.047
302.573
302.132
301.731
301.378
301.076
300.826
300.627
300.469
300.346
300.253
300.182
300.13
300.092
300.065
300.045
300.031
300.022
300.015
300.01
300.007
300.004
300.003
300.002
300.001
300.001
300
300
300
300
300
300
300
300
300
300
300
300
300
300
300
307.755
307.488
307.172
306.805
306.391
305.934
305.443
304.926
304.392
303.854
303.322
302.81
302.33
301.893
301.506
301.175
300.902
300.683
300.509
300.375
300.273
300.196
300.139
300.098
300.069
300.048
300.033
300.023
300.015
300.01
300.007
300.005
300.003
300.002
300.001
300.001
300
300
300
300
300
300
300
300
300
300
300
300
300
300
300
308.256
307.998
307.684
307.315
306.892
306.42
305.907
305.361
304.793
304.216
303.642
303.086
302.562
302.082
301.657
301.291
300.991
300.748
300.557
300.409
300.296
300.212
300.15
300.105
300.073
300.051
300.035
300.024
300.016
300.011
300.007
300.005
300.003
300.002
300.001
300.001
300
300
300
300
300
300
300
300
300
300
300
300
300
300
300
308.819
308.571
308.263
307.891
307.46
306.972
306.435
305.859
305.254
304.633
304.012
303.407
302.833
302.304
301.833
301.429
301.095
300.826
300.613
300.448
300.323
300.231
300.163
300.114
300.079
300.054
300.037
300.025
300.017
300.011
300.008
300.005
300.003
300.002
300.001
300.001
300
300
300
300
300
300
300
300
300
300
300
300
300
300
300
309.449
309.212
308.909
308.538
308.098
307.595
307.034
306.425
305.78
305.113
304.44
303.779
303.147
302.563
302.04
301.591
301.219
300.918
300.679
300.495
300.355
300.252
300.177
300.123
300.085
300.058
300.04
300.027
300.018
300.012
300.008
300.005
300.003
300.002
300.001
300.001
300
300
300
300
300
300
300
300
300
300
300
300
300
300
300
310.144
309.921
309.626
309.256
308.81
308.292
307.707
307.066
306.379
305.662
304.932
304.209
303.513
302.866
302.284
301.783
301.365
301.025
300.756
300.549
300.393
300.277
300.194
300.134
300.092
300.063
300.042
300.029
300.019
300.013
300.008
300.006
300.004
300.002
300.001
300.001
300
300
300
300
300
300
300
300
300
300
300
300
300
300
300
310.906
310.697
310.412
310.045
309.596
309.066
308.459
307.785
307.055
306.286
305.495
304.704
303.937
303.218
302.57
302.008
301.536
301.152
300.847
300.613
300.436
300.306
300.213
300.146
300.1
300.068
300.046
300.031
300.02
300.014
300.009
300.006
300.004
300.002
300.001
300.001
300
300
300
300
300
300
300
300
300
300
300
300
300
300
300
311.729
311.535
311.262
310.902
310.453
309.914
309.289
308.585
307.813
306.99
306.135
305.272
304.426
303.628
302.905
302.272
301.737
301.3
300.954
300.687
300.487
300.34
300.235
300.161
300.109
300.073
300.049
300.033
300.022
300.014
300.009
300.006
300.004
300.002
300.001
300.001
300
300
300
300
300
300
300
300
300
300
300
300
300
300
300
312.606
312.427
312.167
311.818
311.373
310.83
310.192
309.463
308.653
307.777
306.857
305.918
304.989
304.105
303.295
302.581
301.973
301.474
301.078
300.774
300.546
300.379
300.26
300.177
300.119
300.08
300.053
300.035
300.023
300.015
300.01
300.006
300.004
300.003
300.002
300.001
300
300
300
300
300
300
300
300
300
300
300
300
300
300
300
313.527
313.36
313.114
312.777
312.342
311.803
311.159
310.412
309.57
308.648
307.665
306.649
305.633
304.654
303.747
302.938
302.246
301.676
301.222
300.873
300.613
300.424
300.289
300.195
300.131
300.087
300.057
300.038
300.025
300.016
300.011
300.007
300.004
300.003
300.002
300.001
300
300
300
300
300
300
300
300
300
300
300
300
300
300
300
314.481
314.322
314.088
313.765
313.343
312.814
312.172
311.417
310.554
309.593
308.553
307.463
306.357
305.277
304.263
303.35
302.561
301.908
301.388
300.988
300.69
300.474
300.321
300.215
300.143
300.095
300.062
300.041
300.027
300.017
300.011
300.007
300.005
300.003
300.002
300.001
300
300
300
300
300
300
300
300
300
300
300
300
300
300
300
315.457
315.296
315.069
314.759
314.353
313.839
313.209
312.456
311.582
310.594
309.507
308.349
307.155
305.971
304.843
303.815
302.92
302.173
301.576
301.117
300.776
300.53
300.357
300.238
300.157
300.103
300.067
300.044
300.028
300.018
300.012
300.008
300.005
300.003
300.002
300.001
300.001
300
300
300
300
300
300
300
300
300
300
300
300
300
300
316.437
316.263
316.033
315.731
315.34
314.846
314.234
313.495
312.623
311.621
310.501
309.285
308.011
306.725
305.481
304.331
303.318
302.467
301.785
301.26
300.87
300.591
300.395
300.261
300.171
300.112
300.073
300.047
300.03
300.02
300.013
300.008
300.005
300.003
300.002
300.001
300.001
300
300
300
300
300
300
300
300
300
300
300
300
300
300
317.392
317.191
316.949
316.647
316.269
315.794
315.205
314.488
313.632
312.631
311.493
310.236
308.894
307.515
306.157
304.883
303.747
302.785
302.009
301.412
300.97
300.654
300.435
300.285
300.186
300.121
300.078
300.05
300.032
300.021
300.013
300.008
300.005
300.003
300.002
300.001
300.001
300
300
300
300
300
300
300
300
300
300
300
300
300
300
318.27
318.033
317.77
317.461
317.089
316.631
316.067
315.378
314.546
313.561
312.422
311.142
309.75
308.293
306.834
305.442
304.184
303.108
302.236
301.564
301.068
300.716
300.473
300.308
300.2
300.129
300.083
300.053
300.034
300.022
300.014
300.009
300.005
300.003
300.002
300.001
300.001
300
300
300
300
300
300
300
300
300
300
300
300
300
300
318.986
318.713
318.426
318.106
317.735
317.29
316.748
316.086
315.283
314.322
313.196
311.912
310.492
308.981
307.442
305.95
304.583
303.403
302.442
301.701
301.155
300.769
300.505
300.328
300.211
300.135
300.086
300.055
300.035
300.022
300.014
300.009
300.006
300.003
300.002
300.001
300.001
300
300
300
300
300
300
300
300
300
300
300
300
300
300
319.418
319.121
318.817
318.489
318.117
317.68
317.153
316.511
315.731
314.792
313.683
312.406
310.979
309.442
307.857
306.302
304.862
303.608
302.583
301.792
301.212
300.804
300.525
300.339
300.218
300.139
300.089
300.056
300.036
300.023
300.014
300.009
300.006
300.004
300.002
300.001
300.001
300
300
300
300
300
300
300
300
300
300
300
300
300
300
)
;

boundaryField
{
    inlet
    {
        type            fixedValue;
        value           uniform 300;
    }
    outlet
    {
        type            zeroGradient;
    }
    top
    {
        type            zeroGradient;
    }
    slip-bottom
    {
        type            zeroGradient;
    }
    bottom
    {
        type            zeroGradient;
    }
    interface
    {
        type            fixedGradient;
        gradient        nonuniform List<scalar> 
161
(
2999.99
2999.99
2999.99
2999.99
2999.99
2999.99
2999.99
2999.99
2999.99
2999.99
2999.99
2999.99
2999.99
2999.99
2999.99
2999.99
2999.99
2999.99
2999.99
2999.99
5.40012e-13
5.40012e-13
5.40012e-13
5.40012e-13
5.40012e-13
5.40012e-13
5.40012e-13
5.40012e-13
5.40012e-13
5.40012e-13
5.40012e-13
5.40012e-13
5.40012e-13
5.40012e-13
5.40012e-13
5.40012e-13
5.40012e-13
5.40012e-13
5.40012e-13
5.40012e-13
1.98952e-13
1.98952e-13
1.98952e-13
1.98952e-13
1.98952e-13
1.98952e-13
1.98952e-13
1.98952e-13
1.98952e-13
1.98952e-13
1.98952e-13
1.98952e-13
1.98952e-13
1.98952e-13
1.98952e-13
1.98952e-13
-2.84217e-14
-2.84217e-14
-2.84217e-14
-2.84217e-14
-2.84217e-14
-2.84217e-14
-2.84217e-14
-2.84217e-14
-2.84217e-14
-2.84217e-14
-2.84217e-14
-2.84217e-14
-2.84217e-14
-2.84217e-14
-2.84217e-14
5.68434e-14
5.68434e-14
5.68434e-14
5.68434e-14
5.68434e-14
5.68434e-14
5.68434e-14
5.68434e-14
5.68434e-14
5.68434e-14
5.68434e-14
5.68434e-14
8.52651e-14
8.52651e-14
8.52651e-14
8.52651e-14
8.52651e-14
8.52651e-14
8.52651e-14
8.52651e-14
8.52651e-14
8.52651e-14
8.52651e-14
-2.84217e-13
-2.84217e-13
-2.84217e-13
-2.84217e-13
-2.84217e-13
-2.84217e-13
-2.84217e-13
-2.84217e-13
-2.84217e-13
-2.84217e-13
1.13687e-12
1.13687e-12
1.13687e-12
1.13687e-12
1.13687e-12
1.13687e-12
1.13687e-12
1.13687e-12
1.13687e-12
4.26326e-13
4.26326e-13
4.26326e-13
4.26326e-13
4.26326e-13
4.26326e-13
4.26326e-13
4.26326e-13
2.84217e-14
2.84217e-14
2.84217e-14
2.84217e-14
2.84217e-14
2.84217e-14
2.84217e-14
2.84217e-14
7.95808e-13
7.95808e-13
7.95808e-13
7.95808e-13
7.95808e-13
7.95808e-13
7.95808e-13
5.68434e-14
5.68434e-14
5.68434e-14
5.68434e-14
5.68434e-14
5.68434e-14
5.68434e-14
2.84217e-13
2.84217e-13
2.84217e-13
2.84217e-13
2.84217e-13
2.84217e-13
8.52651e-14
8.52651e-14
8.52651e-14
8.52651e-14
8.52651e-14
8.52651e-14
2.21689e-12
2.21689e-12
2.21689e-12
2.21689e-12
2.21689e-12
2.21689e-12
)
;
    }
    defaultFaces
    {
        type            empty;
    }
}


// ************************************************************************* //
