/*--------------------------------*- C++ -*----------------------------------*\
  =========                 |
  \\      /  F ield         | OpenFOAM: The Open Source CFD Toolbox
   \\    /   O peration     | Website:  https://openfoam.org
    \\  /    A nd           | Version:  7
     \\/     M anipulation  |
\*---------------------------------------------------------------------------*/
FoamFile
{
    version     2.0;
    format      ascii;
    class       volVectorField;
    location    "4.6";
    object      U;
}
// * * * * * * * * * * * * * * * * * * * * * * * * * * * * * * * * * * * * * //

dimensions      [0 1 -1 0 0 0 0];

internalField   nonuniform List<vector> 
2790
(
(9.94399 0.0205232 0)
(9.87572 0.0295877 0)
(9.77521 0.0359895 0)
(9.64944 0.0425561 0)
(9.50409 0.0493854 0)
(9.34007 0.0564283 0)
(9.15655 0.0638158 0)
(8.95263 0.0717116 0)
(8.72747 0.0802552 0)
(8.48009 0.0895735 0)
(8.20928 0.0997936 0)
(7.91366 0.111046 0)
(7.5917 0.123461 0)
(7.24179 0.137166 0)
(6.86234 0.152274 0)
(6.45181 0.168872 0)
(6.0089 0.186999 0)
(5.5327 0.206622 0)
(5.02299 0.227593 0)
(4.48047 0.249614 0)
(3.90718 0.27218 0)
(3.30686 0.294529 0)
(2.68532 0.315623 0)
(2.05065 0.334292 0)
(1.41183 0.35061 0)
(0.798067 0.372887 0)
(0.110757 0.325079 0)
(-0.469564 -0.114853 0)
(-0.453772 -0.297164 0)
(-0.231164 -0.423863 0)
(9.9985 0.040703 0)
(9.98145 0.0623827 0)
(9.93574 0.07914 0)
(9.86416 0.0966246 0)
(9.77097 0.115124 0)
(9.65715 0.134488 0)
(9.52206 0.154974 0)
(9.36486 0.176943 0)
(9.18472 0.200707 0)
(8.98068 0.226549 0)
(8.75154 0.254744 0)
(8.4959 0.28556 0)
(8.21222 0.31925 0)
(7.89884 0.356024 0)
(7.55406 0.396021 0)
(7.17622 0.439265 0)
(6.76381 0.485595 0)
(6.31569 0.53459 0)
(5.83128 0.585466 0)
(5.31092 0.636958 0)
(4.75619 0.687209 0)
(4.17045 0.733652 0)
(3.55934 0.772959 0)
(2.9316 0.8011 0)
(2.3 0.813757 0)
(1.693 0.807262 0)
(1.1072 0.747268 0)
(0.658923 0.547949 0)
(0.186499 0.224644 0)
(-0.00820016 -0.453718 0)
(9.99559 0.0432069 0)
(9.97556 0.0752715 0)
(9.9318 0.103346 0)
(9.8649 0.132371 0)
(9.77778 0.163059 0)
(9.67155 0.195398 0)
(9.54588 0.229742 0)
(9.40014 0.266602 0)
(9.23366 0.306469 0)
(9.04564 0.349805 0)
(8.8351 0.39707 0)
(8.60082 0.44872 0)
(8.34146 0.505191 0)
(8.05552 0.566862 0)
(7.7414 0.63401 0)
(7.39746 0.70673 0)
(7.02213 0.784836 0)
(6.61398 0.867723 0)
(6.17197 0.954194 0)
(5.69567 1.04225 0)
(5.18567 1.12888 0)
(4.644 1.20979 0)
(4.07484 1.27916 0)
(3.48542 1.32934 0)
(2.88689 1.3501 0)
(2.29951 1.32644 0)
(1.73189 1.2208 0)
(1.21629 0.973033 0)
(0.701169 0.570179 0)
(0.358056 -0.156512 0)
(9.99403 0.0494991 0)
(9.97181 0.0932061 0)
(9.92788 0.133572 0)
(9.86225 0.174209 0)
(9.77693 0.216433 0)
(9.67298 0.26066 0)
(9.55032 0.307429 0)
(9.40849 0.357414 0)
(9.24703 0.411289 0)
(9.06534 0.469703 0)
(8.86269 0.533299 0)
(8.6382 0.60272 0)
(8.39086 0.678588 0)
(8.11953 0.76147 0)
(7.82302 0.851816 0)
(7.50003 0.949869 0)
(7.14927 1.05554 0)
(6.76947 1.16823 0)
(6.35952 1.2866 0)
(5.91863 1.40826 0)
(5.44657 1.52946 0)
(4.94404 1.64468 0)
(4.41321 1.74614 0)
(3.85832 1.82322 0)
(3.28587 1.86138 0)
(2.70645 1.84034 0)
(2.12569 1.72603 0)
(1.55429 1.4779 0)
(0.95797 1.08374 0)
(0.509432 0.502374 0)
(9.99331 0.0572135 0)
(9.96994 0.110959 0)
(9.92593 0.162104 0)
(9.86146 0.213347 0)
(9.77799 0.266356 0)
(9.67635 0.321913 0)
(9.55654 0.3807 0)
(9.41822 0.443486 0)
(9.26098 0.511054 0)
(9.08434 0.584167 0)
(8.88771 0.663583 0)
(8.67039 0.750058 0)
(8.4316 0.844329 0)
(8.17047 0.947077 0)
(7.88609 1.05887 0)
(7.5775 1.18006 0)
(7.24368 1.31067 0)
(6.88363 1.45017 0)
(6.49631 1.59721 0)
(6.08076 1.74931 0)
(5.63619 1.9024 0)
(5.16216 2.05031 0)
(4.65882 2.18417 0)
(4.12726 2.29174 0)
(3.56945 2.35657 0)
(2.98893 2.35734 0)
(2.38687 2.26499 0)
(1.76642 2.04769 0)
(1.09001 1.69146 0)
(0.53666 1.15421 0)
(9.99302 0.0655385 0)
(9.96923 0.128701 0)
(9.92556 0.190113 0)
(9.86253 0.251843 0)
(9.78129 0.315578 0)
(9.68244 0.382318 0)
(9.56601 0.452873 0)
(9.43171 0.528099 0)
(9.2792 0.608877 0)
(9.10806 0.69608 0)
(8.91778 0.790574 0)
(8.70774 0.893218 0)
(8.47729 1.00485 0)
(8.22568 1.12625 0)
(7.95216 1.25808 0)
(7.6559 1.4008 0)
(7.33605 1.55453 0)
(6.99166 1.71885 0)
(6.62171 1.89254 0)
(6.22504 2.07321 0)
(5.80032 2.25683 0)
(5.34608 2.43719 0)
(4.86075 2.60519 0)
(4.34275 2.74822 0)
(3.79044 2.84956 0)
(3.20262 2.88822 0)
(2.57661 2.83827 0)
(1.9135 2.67167 0)
(1.17277 2.37407 0)
(0.549976 1.89448 0)
(9.99297 0.0740747 0)
(9.96926 0.146314 0)
(9.92637 0.217483 0)
(9.86508 0.289291 0)
(9.78642 0.363354 0)
(9.69085 0.440826 0)
(9.57835 0.522659 0)
(9.44871 0.609808 0)
(9.30165 0.703252 0)
(9.13678 0.80396 0)
(8.95365 0.912894 0)
(8.75171 1.031 0)
(8.53034 1.15921 0)
(8.28888 1.29839 0)
(8.0266 1.44928 0)
(7.7427 1.61246 0)
(7.43631 1.78817 0)
(7.10642 1.97614 0)
(6.75183 2.17539 0)
(6.37104 2.3838 0)
(5.96214 2.59772 0)
(5.52268 2.81137 0)
(5.04957 3.01614 0)
(4.53906 3.19996 0)
(3.98671 3.34669 0)
(3.38796 3.43599 0)
(2.73729 3.44335 0)
(2.03627 3.34156 0)
(1.24177 3.11365 0)
(0.563524 2.69324 0)
(9.99306 0.0825879 0)
(9.96981 0.163606 0)
(9.92807 0.24405 0)
(9.86885 0.325479 0)
(9.79313 0.409445 0)
(9.70126 0.497205 0)
(9.59323 0.589837 0)
(9.46888 0.688393 0)
(9.32796 0.793936 0)
(9.17014 0.907524 0)
(8.99502 1.03021 0)
(8.80211 1.16303 0)
(8.59082 1.307 0)
(8.36051 1.46308 0)
(8.11045 1.63213 0)
(7.83982 1.81485 0)
(7.54762 2.01164 0)
(7.23269 2.22249 0)
(6.89353 2.44671 0)
(6.5282 2.68266 0)
(6.13413 2.92733 0)
(5.70789 3.17575 0)
(5.24502 3.42035 0)
(4.73984 3.65019 0)
(4.18554 3.85024 0)
(3.57481 4.00092 0)
(2.89957 4.07795 0)
(2.16215 4.05245 0)
(1.31614 3.90179 0)
(0.583229 3.54025 0)
(9.99326 0.0909282 0)
(9.97072 0.180408 0)
(9.93046 0.269667 0)
(9.87362 0.360241 0)
(9.80118 0.453646 0)
(9.71344 0.551208 0)
(9.61038 0.65411 0)
(9.49188 0.763493 0)
(9.35776 0.880501 0)
(9.20773 1.00627 0)
(9.04145 1.14195 0)
(8.85848 1.28866 0)
(8.65827 1.44751 0)
(8.44022 1.61957 0)
(8.20358 1.80585 0)
(7.94747 2.00718 0)
(7.67079 2.22422 0)
(7.37218 2.45725 0)
(7.04982 2.70602 0)
(6.7013 2.96954 0)
(6.32338 3.24563 0)
(5.91169 3.53051 0)
(5.46042 3.81805 0)
(4.96207 4.09898 0)
(4.40747 4.35987 0)
(3.78646 4.58213 0)
(3.08762 4.74113 0)
(2.31275 4.80454 0)
(1.41067 4.74119 0)
(0.614319 4.44204 0)
(9.99352 0.0989921 0)
(9.97191 0.196579 0)
(9.9334 0.294195 0)
(9.87924 0.393416 0)
(9.8104 0.495755 0)
(9.72717 0.602587 0)
(9.62953 0.71518 0)
(9.51741 0.834758 0)
(9.39068 0.96254 0)
(9.24913 1.09974 0)
(9.09245 1.24758 0)
(8.92028 1.40728 0)
(8.73213 1.58005 0)
(8.52742 1.76709 0)
(8.30543 1.96953 0)
(8.06526 2.18846 0)
(7.80573 2.42476 0)
(7.52531 2.67913 0)
(7.22193 2.95189 0)
(6.89279 3.24278 0)
(6.53406 3.55075 0)
(6.14052 3.87346 0)
(5.70511 4.20668 0)
(5.21854 4.54337 0)
(4.66906 4.87244 0)
(4.04293 5.17699 0)
(3.32375 5.43236 0)
(2.50981 5.60206 0)
(1.5419 5.64362 0)
(0.664069 5.41818 0)
(9.99384 0.106704 0)
(9.9733 0.212 0)
(9.9368 0.317502 0)
(9.88558 0.424855 0)
(9.82063 0.535588 0)
(9.74225 0.651119 0)
(9.65044 0.772785 0)
(9.54518 0.901882 0)
(9.42637 1.03969 0)
(9.2939 1.18751 0)
(9.14752 1.34662 0)
(8.98694 1.51834 0)
(8.81175 1.70397 0)
(8.62143 1.90485 0)
(8.41531 2.12229 0)
(8.19253 2.35757 0)
(7.95188 2.61193 0)
(7.69179 2.8865 0)
(7.41006 3.18224 0)
(7.10366 3.49982 0)
(6.76838 3.83943 0)
(6.39838 4.2005 0)
(5.98561 4.58115 0)
(5.51914 4.97731 0)
(4.98445 5.38131 0)
(4.36333 5.77958 0)
(3.63196 6.1492 0)
(2.78017 6.45077 0)
(1.73348 6.62865 0)
(0.744847 6.50326 0)
(9.9942 0.114006 0)
(9.97487 0.226575 0)
(9.94056 0.339473 0)
(9.89252 0.454423 0)
(9.83173 0.572982 0)
(9.75851 0.696608 0)
(9.67288 0.826692 0)
(9.57488 0.96459 0)
(9.46448 1.11165 0)
(9.34162 1.26921 0)
(9.20615 1.43864 0)
(9.05786 1.62132 0)
(8.89644 1.81867 0)
(8.72146 2.03214 0)
(8.53237 2.26321 0)
(8.32836 2.51341 0)
(8.10835 2.78431 0)
(7.87081 3.07752 0)
(7.61362 3.39468 0)
(7.33374 3.73744 0)
(7.02694 4.1074 0)
(6.68718 4.50598 0)
(6.30593 4.93407 0)
(5.87114 5.39142 0)
(5.36584 5.87534 0)
(4.76696 6.37826 0)
(4.04078 6.88328 0)
(3.16152 7.35361 0)
(2.02478 7.72337 0)
(0.88075 7.7573 0)
(9.99459 0.120853 0)
(9.97657 0.240224 0)
(9.94461 0.360007 0)
(9.89995 0.482 0)
(9.84356 0.607795 0)
(9.77575 0.738881 0)
(9.69662 0.876695 0)
(9.60623 1.02264 0)
(9.50463 1.17811 0)
(9.39184 1.34451 0)
(9.26781 1.52324 0)
(9.13241 1.71577 0)
(8.98547 1.92359 0)
(8.82668 2.14827 0)
(8.65562 2.39146 0)
(8.47166 2.6549 0)
(8.27392 2.94049 0)
(8.06107 3.2503 0)
(7.83126 3.58663 0)
(7.58179 3.95212 0)
(7.30879 4.34978 0)
(7.00666 4.7831 0)
(6.66723 5.25605 0)
(6.2785 5.7729 0)
(5.8225 6.33766 0)
(5.27253 6.95242 0)
(4.58459 7.61369 0)
(3.71002 8.30104 0)
(2.48823 8.95843 0)
(1.1245 9.2935 0)
(9.99501 0.127211 0)
(9.97838 0.252885 0)
(9.94891 0.379021 0)
(9.90779 0.507487 0)
(9.85598 0.639908 0)
(9.79381 0.777801 0)
(9.72142 0.922637 0)
(9.63893 1.07586 0)
(9.54646 1.23889 0)
(9.44412 1.41316 0)
(9.33194 1.60015 0)
(9.20994 1.80134 0)
(9.07804 2.01832 0)
(8.93613 2.25273 0)
(8.78396 2.50636 0)
(8.62115 2.78114 0)
(8.44707 3.07925 0)
(8.26079 3.40314 0)
(8.06093 3.75572 0)
(7.84543 4.14044 0)
(7.61129 4.56162 0)
(7.35407 5.02464 0)
(7.06714 5.53647 0)
(6.74041 6.10609 0)
(6.35793 6.74521 0)
(5.8941 7.46891 0)
(5.30083 8.29636 0)
(4.50893 9.24809 0)
(3.26889 10.3421 0)
(1.60505 11.3596 0)
(9.99545 0.133051 0)
(9.98026 0.264504 0)
(9.95339 0.396443 0)
(9.91596 0.530789 0)
(9.86888 0.669199 0)
(9.81252 0.813212 0)
(9.74707 0.964321 0)
(9.67271 1.12399 0)
(9.58962 1.29368 0)
(9.49801 1.47483 0)
(9.39801 1.66895 0)
(9.28976 1.87756 0)
(9.17335 2.10227 0)
(9.04884 2.34482 0)
(8.91621 2.60706 0)
(8.77536 2.89108 0)
(8.62604 3.19923 0)
(8.4678 3.53426 0)
(8.29992 3.89949 0)
(8.12125 4.299 0)
(7.93011 4.73802 0)
(7.72392 5.22339 0)
(7.49885 5.76434 0)
(7.24902 6.37368 0)
(6.96492 7.06986 0)
(6.63105 7.88072 0)
(6.21459 8.8517 0)
(5.66611 10.0658 0)
(4.69051 11.7312 0)
(2.68766 14.593 0)
(0.118085 -0.118909 0)
(0.277978 -0.10893 0)
(0.442426 -0.0867241 0)
(0.581618 -0.0658374 0)
(0.691234 -0.0488985 0)
(0.776229 -0.035771 0)
(0.842589 -0.0257922 0)
(0.895049 -0.0183237 0)
(0.937093 -0.0128292 0)
(0.971385 -0.00886865 0)
(1.00005 -0.00608687 0)
(1.02477 -0.00419623 0)
(1.04685 -0.00295541 0)
(1.06724 -0.00215079 0)
(1.08652 -0.00158541 0)
(1.10491 -0.00107746 0)
(1.12226 -0.00047132 0)
(1.13812 0.000338141 0)
(1.15185 0.0013785 0)
(1.1628 0.00259401 0)
(1.17051 0.00388164 0)
(1.17479 0.00513851 0)
(1.17573 0.00626262 0)
(1.17346 0.00720484 0)
(1.16752 0.00815251 0)
(1.15761 0.00899797 0)
(1.14392 0.00949151 0)
(1.12757 0.00931582 0)
(1.11089 0.00822438 0)
(1.09525 0.00545942 0)
(0.100177 -0.275579 0)
(0.255321 -0.260274 0)
(0.407404 -0.213284 0)
(0.538436 -0.167951 0)
(0.645445 -0.131047 0)
(0.7329 -0.102451 0)
(0.805775 -0.0807014 0)
(0.86784 -0.0643594 0)
(0.921782 -0.0522327 0)
(0.969612 -0.0433596 0)
(1.0129 -0.0369754 0)
(1.05289 -0.0324702 0)
(1.09053 -0.0293396 0)
(1.12655 -0.0271439 0)
(1.16144 -0.025481 0)
(1.19552 -0.0239783 0)
(1.22887 -0.0223103 0)
(1.26137 -0.0202446 0)
(1.29275 -0.0177033 0)
(1.32265 -0.0147892 0)
(1.3508 -0.0117257 0)
(1.37713 -0.00871641 0)
(1.40157 -0.00581302 0)
(1.42374 -0.0028946 0)
(1.44338 0.000257157 0)
(1.45999 0.00356578 0)
(1.47242 0.00635893 0)
(1.48143 0.0077553 0)
(1.48902 0.00726884 0)
(1.49837 0.00481763 0)
(0.078837 -0.43406 0)
(0.210782 -0.408992 0)
(0.330018 -0.337027 0)
(0.432007 -0.268369 0)
(0.514536 -0.212844 0)
(0.582171 -0.169905 0)
(0.638973 -0.137192 0)
(0.68776 -0.112443 0)
(0.730458 -0.0938571 0)
(0.76851 -0.0800255 0)
(0.803054 -0.0698413 0)
(0.834997 -0.0624281 0)
(0.865045 -0.0570682 0)
(0.893745 -0.0531451 0)
(0.921505 -0.0501045 0)
(0.948602 -0.0474344 0)
(0.975179 -0.0446771 0)
(1.00122 -0.0414866 0)
(1.02656 -0.0377206 0)
(1.0509 -0.0335062 0)
(1.07398 -0.029177 0)
(1.09577 -0.025027 0)
(1.1166 -0.0210144 0)
(1.13691 -0.0167738 0)
(1.15697 -0.0120359 0)
(1.17641 -0.006874 0)
(1.19536 -0.00217299 0)
(1.21193 0.000644647 0)
(1.22416 0.000491855 0)
(1.23363 -0.00129551 0)
(0.0582573 -0.557577 0)
(0.160716 -0.516715 0)
(0.240163 -0.421846 0)
(0.308025 -0.334782 0)
(0.360462 -0.265753 0)
(0.402865 -0.212968 0)
(0.438134 -0.172985 0)
(0.468061 -0.142711 0)
(0.49374 -0.119875 0)
(0.516036 -0.102764 0)
(0.535664 -0.0900563 0)
(0.553197 -0.0807048 0)
(0.569098 -0.0738568 0)
(0.583746 -0.0687888 0)
(0.597458 -0.0648618 0)
(0.610518 -0.0614853 0)
(0.62316 -0.0581125 0)
(0.635534 -0.0542954 0)
(0.647609 -0.0497981 0)
(0.659131 -0.0447175 0)
(0.669647 -0.0394809 0)
(0.678901 -0.0346089 0)
(0.68715 -0.0303562 0)
(0.695112 -0.0264903 0)
(0.703366 -0.0224857 0)
(0.711869 -0.0178842 0)
(0.720045 -0.0127125 0)
(0.726195 -0.0076936 0)
(0.728177 -0.0042186 0)
(0.722169 -0.00220738 0)
(0.0369318 -0.648112 0)
(0.104434 -0.586151 0)
(0.138961 -0.471044 0)
(0.170365 -0.370927 0)
(0.189178 -0.293062 0)
(0.202884 -0.234368 0)
(0.212572 -0.190116 0)
(0.219251 -0.15645 0)
(0.223316 -0.130878 0)
(0.225235 -0.111562 0)
(0.225417 -0.0970799 0)
(0.224173 -0.0863123 0)
(0.221768 -0.07835 0)
(0.218457 -0.0724334 0)
(0.214504 -0.0679031 0)
(0.210215 -0.0641467 0)
(0.205926 -0.0605675 0)
(0.201987 -0.0566143 0)
(0.198547 -0.0518893 0)
(0.19548 -0.0463153 0)
(0.191975 -0.0402233 0)
(0.187213 -0.034169 0)
(0.180034 -0.0285291 0)
(0.170631 -0.0232783 0)
(0.159677 -0.0180842 0)
(0.147736 -0.0127166 0)
(0.138575 -0.00697953 0)
(0.128841 -0.00133723 0)
(0.121284 0.00301155 0)
(0.109689 0.000284138 0)
(0.0140535 -0.70015 0)
(0.0415091 -0.612905 0)
(0.028423 -0.480573 0)
(0.0217977 -0.37225 0)
(0.00441609 -0.288767 0)
(-0.0136318 -0.226993 0)
(-0.0331404 -0.181185 0)
(-0.0534227 -0.146442 0)
(-0.074319 -0.120212 0)
(-0.0954448 -0.10054 0)
(-0.116534 -0.0858966 0)
(-0.13742 -0.0751075 0)
(-0.157943 -0.0672323 0)
(-0.177948 -0.0614921 0)
(-0.197289 -0.057234 0)
(-0.215773 -0.053883 0)
(-0.233136 -0.0508758 0)
(-0.249061 -0.047653 0)
(-0.263289 -0.0437292 0)
(-0.275765 -0.038875 0)
(-0.286751 -0.0332727 0)
(-0.296833 -0.0274482 0)
(-0.306837 -0.021932 0)
(-0.31738 -0.0169505 0)
(-0.328587 -0.0123279 0)
(-0.340205 -0.00765706 0)
(-0.35207 -0.00264111 0)
(-0.361698 0.00174231 0)
(-0.368713 0.00413737 0)
(-0.377058 0.00302198 0)
(-0.012237 -0.706941 0)
(-0.0298456 -0.591055 0)
(-0.0898086 -0.44787 0)
(-0.137248 -0.337316 0)
(-0.19082 -0.255003 0)
(-0.242254 -0.195107 0)
(-0.291496 -0.150821 0)
(-0.337785 -0.117915 0)
(-0.380824 -0.093663 0)
(-0.420452 -0.0760401 0)
(-0.456681 -0.063416 0)
(-0.48971 -0.0545536 0)
(-0.519823 -0.0484918 0)
(-0.54733 -0.0444616 0)
(-0.572507 -0.0418476 0)
(-0.595532 -0.040128 0)
(-0.616456 -0.0387653 0)
(-0.635251 -0.0371914 0)
(-0.651912 -0.0348284 0)
(-0.666622 -0.0312794 0)
(-0.679813 -0.0265364 0)
(-0.692116 -0.0210008 0)
(-0.704194 -0.0152515 0)
(-0.716528 -0.00976482 0)
(-0.729247 -0.00472379 0)
(-0.742251 -0.000201808 0)
(-0.752927 0.00374235 0)
(-0.761512 0.00662466 0)
(-0.769337 0.00719632 0)
(-0.774641 0.00538455 0)
(-0.0448414 -0.661852 0)
(-0.109752 -0.52329 0)
(-0.2149 -0.379124 0)
(-0.302704 -0.270669 0)
(-0.390601 -0.192334 0)
(-0.471836 -0.137928 0)
(-0.54503 -0.100128 0)
(-0.60971 -0.0734743 0)
(-0.666412 -0.0548108 0)
(-0.716128 -0.0421641 0)
(-0.759805 -0.0338972 0)
(-0.798385 -0.0287866 0)
(-0.832697 -0.0259132 0)
(-0.863457 -0.0245704 0)
(-0.89125 -0.0242385 0)
(-0.916464 -0.0245315 0)
(-0.939281 -0.025022 0)
(-0.959753 -0.0252155 0)
(-0.977948 -0.0244887 0)
(-0.994157 -0.0223131 0)
(-1.00894 -0.0185553 0)
(-1.02299 -0.0135869 0)
(-1.0369 -0.0081144 0)
(-1.05096 -0.00292449 0)
(-1.06441 0.00150945 0)
(-1.07569 0.00524007 0)
(-1.08593 0.00848913 0)
(-1.09531 0.0108949 0)
(-1.10338 0.0112486 0)
(-1.1079 0.00979606 0)
(-0.0850661 -0.560091 0)
(-0.200669 -0.406885 0)
(-0.356038 -0.271009 0)
(-0.482638 -0.174595 0)
(-0.598726 -0.107456 0)
(-0.702195 -0.0625852 0)
(-0.79308 -0.0341925 0)
(-0.871341 -0.0172824 0)
(-0.935495 -0.00808392 0)
(-0.988888 -0.00324757 0)
(-1.03398 -0.00112439 0)
(-1.07281 -0.000802897 0)
(-1.10689 -0.00168103 0)
(-1.1374 -0.00329425 0)
(-1.16523 -0.0053296 0)
(-1.19093 -0.00763124 0)
(-1.21479 -0.0100566 0)
(-1.23623 -0.0121202 0)
(-1.25523 -0.013035 0)
(-1.27214 -0.0120817 0)
(-1.2877 -0.00905878 0)
(-1.30272 -0.00450939 0)
(-1.31778 0.000500607 0)
(-1.33157 0.00497975 0)
(-1.34402 0.00848958 0)
(-1.35556 0.0112385 0)
(-1.36599 0.0135224 0)
(-1.37551 0.0150352 0)
(-1.38353 0.0149866 0)
(-1.38765 0.0137783 0)
(-0.140402 -0.396528 0)
(-0.31979 -0.240823 0)
(-0.543346 -0.120719 0)
(-0.724458 -0.0372845 0)
(-0.867628 0.00756718 0)
(-0.979458 0.0296206 0)
(-1.0668 0.0384551 0)
(-1.136 0.0397308 0)
(-1.19388 0.0376388 0)
(-1.24275 0.0341474 0)
(-1.28478 0.0301384 0)
(-1.32145 0.0258706 0)
(-1.35384 0.0214593 0)
(-1.38279 0.0170936 0)
(-1.40903 0.0128977 0)
(-1.43308 0.00878327 0)
(-1.45492 0.00462256 0)
(-1.47482 0.000823027 0)
(-1.49272 -0.00173956 0)
(-1.50887 -0.00214594 0)
(-1.52382 -8.27827e-05 0)
(-1.53806 0.00384002 0)
(-1.55168 0.00836589 0)
(-1.56542 0.0123708 0)
(-1.57859 0.0153068 0)
(-1.59052 0.0172698 0)
(-1.6011 0.0186593 0)
(-1.61069 0.0194453 0)
(-1.61867 0.0191512 0)
(-1.62255 0.0181699 0)
(-0.224723 -0.179961 0)
(-0.475287 0.0178595 0)
(-0.723263 0.0942175 0)
(-0.904561 0.116355 0)
(-1.04895 0.119786 0)
(-1.16358 0.113855 0)
(-1.25517 0.103697 0)
(-1.32904 0.0920475 0)
(-1.38932 0.0803139 0)
(-1.4394 0.0695013 0)
(-1.48212 0.0600061 0)
(-1.51937 0.0515109 0)
(-1.55228 0.0436774 0)
(-1.58166 0.0365522 0)
(-1.60837 0.0302195 0)
(-1.63298 0.0243789 0)
(-1.65542 0.0186117 0)
(-1.6751 0.0130258 0)
(-1.69168 0.00865196 0)
(-1.70572 0.0068229 0)
(-1.71861 0.00810999 0)
(-1.73173 0.0118248 0)
(-1.74574 0.0164058 0)
(-1.76025 0.0202331 0)
(-1.77418 0.022481 0)
(-1.78655 0.0233853 0)
(-1.79723 0.0237033 0)
(-1.80678 0.0237791 0)
(-1.81465 0.0233529 0)
(-1.81835 0.0226318 0)
(-0.292658 0.235937 0)
(-0.569106 0.301398 0)
(-0.848834 0.299848 0)
(-1.05426 0.274182 0)
(-1.21201 0.2409 0)
(-1.33238 0.206719 0)
(-1.42546 0.175471 0)
(-1.49885 0.148212 0)
(-1.55767 0.124892 0)
(-1.60593 0.105793 0)
(-1.64709 0.0906236 0)
(-1.68336 0.0779967 0)
(-1.7156 0.0667074 0)
(-1.74437 0.0566601 0)
(-1.77063 0.0480894 0)
(-1.79522 0.0404692 0)
(-1.81792 0.0327858 0)
(-1.83761 0.0248631 0)
(-1.85349 0.0181305 0)
(-1.86624 0.0147043 0)
(-1.87787 0.0155642 0)
(-1.89044 0.0196924 0)
(-1.90481 0.0247923 0)
(-1.92027 0.0286259 0)
(-1.93517 0.0301035 0)
(-1.94805 0.029686 0)
(-1.95873 0.0287084 0)
(-1.96804 0.0280383 0)
(-1.97567 0.0275384 0)
(-1.97919 0.0270694 0)
(-0.344766 0.634051 0)
(-0.686054 0.637416 0)
(-1.01085 0.542001 0)
(-1.22847 0.446247 0)
(-1.38541 0.365776 0)
(-1.50022 0.297948 0)
(-1.5864 0.243779 0)
(-1.65347 0.201103 0)
(-1.70666 0.166512 0)
(-1.74979 0.139425 0)
(-1.78701 0.119334 0)
(-1.82095 0.103375 0)
(-1.85175 0.0888927 0)
(-1.87915 0.0758674 0)
(-1.90425 0.065241 0)
(-1.92845 0.0563427 0)
(-1.95148 0.0470951 0)
(-1.97125 0.0366215 0)
(-1.98603 0.0269277 0)
(-1.99661 0.0215107 0)
(-2.0061 0.022147 0)
(-2.01763 0.0273133 0)
(-2.03236 0.033552 0)
(-2.04911 0.037685 0)
(-2.06535 0.0382771 0)
(-2.07886 0.0361588 0)
(-2.08935 0.0335603 0)
(-2.09812 0.0320996 0)
(-2.10531 0.0316317 0)
(-2.10862 0.0314347 0)
(-0.457195 1.14112 0)
(-0.888337 1.03843 0)
(-1.24443 0.802393 0)
(-1.44337 0.610108 0)
(-1.57701 0.479477 0)
(-1.67215 0.376099 0)
(-1.7408 0.300855 0)
(-1.7949 0.247035 0)
(-1.83847 0.203129 0)
(-1.8731 0.168063 0)
(-1.90384 0.144053 0)
(-1.93439 0.126476 0)
(-1.96339 0.109627 0)
(-1.98867 0.0937438 0)
(-2.01151 0.0815365 0)
(-2.03478 0.0724335 0)
(-2.05839 0.0623531 0)
(-2.07862 0.0489608 0)
(-2.09194 0.0351512 0)
(-2.09918 0.026924 0)
(-2.10528 0.0275972 0)
(-2.11519 0.0347223 0)
(-2.13047 0.0429459 0)
(-2.14912 0.047743 0)
(-2.16726 0.0472396 0)
(-2.18158 0.0428216 0)
(-2.19156 0.0380725 0)
(-2.19928 0.035748 0)
(-2.20577 0.0355191 0)
(-2.20885 0.0356524 0)
(-0.681053 2.11046 0)
(-1.21429 1.69052 0)
(-1.59067 1.0939 0)
(-1.71575 0.701437 0)
(-1.78793 0.556095 0)
(-1.84733 0.437329 0)
(-1.88469 0.349911 0)
(-1.91977 0.289891 0)
(-1.95301 0.23418 0)
(-1.9767 0.187197 0)
(-1.99731 0.162322 0)
(-2.02332 0.148907 0)
(-2.05097 0.131812 0)
(-2.07363 0.11194 0)
(-2.09282 0.0969449 0)
(-2.11459 0.088038 0)
(-2.13978 0.0774517 0)
(-2.16172 0.0601123 0)
(-2.17345 0.0402108 0)
(-2.17559 0.0280412 0)
(-2.17636 0.0297262 0)
(-2.18385 0.0408468 0)
(-2.20007 0.0526959 0)
(-2.22156 0.0589039 0)
(-2.24247 0.0571436 0)
(-2.25781 0.0496109 0)
(-2.26673 0.0419059 0)
(-2.27264 0.0386359 0)
(-2.27807 0.0390927 0)
(-2.28092 0.0397138 0)
(9.9959 0.138446 0)
(9.98225 0.275239 0)
(9.9581 0.412526 0)
(9.92453 0.552274 0)
(9.88242 0.696161 0)
(9.83215 0.84574 0)
(9.77398 1.00252 0)
(9.70814 1.16797 0)
(9.63491 1.34355 0)
(9.55456 1.53074 0)
(9.46738 1.73102 0)
(9.37361 1.94594 0)
(9.27353 2.17713 0)
(9.1674 2.42633 0)
(9.05545 2.69546 0)
(8.93793 2.98664 0)
(8.815 3.30234 0)
(8.68682 3.64544 0)
(8.55346 4.01946 0)
(8.41491 4.42877 0)
(8.2711 4.87902 0)
(8.12192 5.37767 0)
(7.96733 5.93488 0)
(7.80758 6.56503 0)
(7.6439 7.28917 0)
(7.48126 8.13991 0)
(7.33295 9.17122 0)
(7.28909 10.4767 0)
(7.74788 12.2011 0)
(7.93087 14.9201 0)
(9.99638 0.143406 0)
(9.98434 0.285094 0)
(9.96305 0.427254 0)
(9.93351 0.571884 0)
(9.89656 0.720677 0)
(9.85261 0.875189 0)
(9.80196 1.03693 0)
(9.74491 1.20737 0)
(9.68182 1.38797 0)
(9.61307 1.58019 0)
(9.53904 1.78551 0)
(9.46015 2.00544 0)
(9.37684 2.24162 0)
(9.28959 2.49575 0)
(9.19892 2.76974 0)
(9.1054 3.06568 0)
(9.0097 3.38601 0)
(8.91255 3.73358 0)
(8.81488 4.11184 0)
(8.71786 4.52505 0)
(8.62311 4.97862 0)
(8.53298 5.47959 0)
(8.45121 6.03728 0)
(8.38404 6.66427 0)
(8.34267 7.37778 0)
(8.34918 8.20123 0)
(8.44242 9.16474 0)
(8.67834 10.3016 0)
(9.32577 11.5564 0)
(9.81657 12.6443 0)
(9.99688 0.147843 0)
(9.98651 0.293906 0)
(9.96819 0.440405 0)
(9.94282 0.589355 0)
(9.9112 0.742451 0)
(9.87376 0.901245 0)
(9.83084 1.06723 0)
(9.78281 1.24187 0)
(9.73011 1.4266 0)
(9.6732 1.62283 0)
(9.61259 1.83202 0)
(9.54884 2.05565 0)
(9.48257 2.29528 0)
(9.41447 2.55255 0)
(9.34534 2.82928 0)
(9.2761 3.12746 0)
(9.20786 3.44936 0)
(9.14194 3.79763 0)
(9.08005 4.17536 0)
(9.02439 4.58634 0)
(8.97797 5.03516 0)
(8.9451 5.52748 0)
(8.93204 6.0703 0)
(8.94833 6.672 0)
(9.00847 7.34202 0)
(9.13459 8.08899 0)
(9.35772 8.91477 0)
(9.68733 9.80822 0)
(10.2532 10.7179 0)
(10.941 11.4336 0)
(9.9974 0.151705 0)
(9.98873 0.301568 0)
(9.97346 0.451813 0)
(9.95238 0.604455 0)
(9.92622 0.761183 0)
(9.89543 0.923531 0)
(9.8604 1.09297 0)
(9.82155 1.27093 0)
(9.77939 1.4588 0)
(9.73448 1.65796 0)
(9.68743 1.86979 0)
(9.63893 2.09571 0)
(9.58977 2.33716 0)
(9.54084 2.5957 0)
(9.4932 2.87296 0)
(9.44808 3.17077 0)
(9.40696 3.49111 0)
(9.37167 3.83626 0)
(9.34452 4.20879 0)
(9.32846 4.61167 0)
(9.32744 5.04831 0)
(9.34675 5.52254 0)
(9.39364 6.03849 0)
(9.47803 6.60012 0)
(9.6131 7.21019 0)
(9.8157 7.86837 0)
(10.1086 8.56755 0)
(10.5004 9.29304 0)
(11.058 10.0347 0)
(11.8513 10.6793 0)
(9.99792 0.154945 0)
(9.99101 0.307988 0)
(9.97884 0.461341 0)
(9.96211 0.617008 0)
(9.94149 0.776655 0)
(9.91744 0.941788 0)
(9.89037 1.11384 0)
(9.86079 1.2942 0)
(9.82924 1.4842 0)
(9.79636 1.68514 0)
(9.76287 1.89833 0)
(9.72957 2.12507 0)
(9.69738 2.3667 0)
(9.66739 2.62458 0)
(9.64085 2.90018 0)
(9.61923 3.19502 0)
(9.60433 3.51076 0)
(9.59831 3.84918 0)
(9.60387 4.21219 0)
(9.6244 4.60183 0)
(9.66422 5.02022 0)
(9.72885 5.46936 0)
(9.82537 5.95086 0)
(9.96274 6.46541 0)
(10.152 7.01193 0)
(10.4063 7.58654 0)
(10.7428 8.18111 0)
(11.1732 8.78094 0)
(11.7205 9.37445 0)
(12.4736 9.88673 0)
(9.99845 0.157519 0)
(9.9933 0.313079 0)
(9.98427 0.468863 0)
(9.97193 0.626847 0)
(9.95688 0.788662 0)
(9.93959 0.955775 0)
(9.92052 1.12957 0)
(9.90018 1.31137 0)
(9.8792 1.50245 0)
(9.85827 1.70401 0)
(9.83818 1.91726 0)
(9.81984 2.14337 0)
(9.80428 2.38352 0)
(9.79272 2.63888 0)
(9.78654 2.91067 0)
(9.78741 3.20011 0)
(9.7973 3.50843 0)
(9.81857 3.83689 0)
(9.85408 4.1867 0)
(9.90733 4.55899 0)
(9.98259 4.95466 0)
(10.0851 5.37418 0)
(10.2212 5.81728 0)
(10.3984 6.2825 0)
(10.6255 6.76659 0)
(10.9123 7.26376 0)
(11.2699 7.7648 0)
(11.7063 8.25413 0)
(12.2224 8.71506 0)
(12.8981 9.10606 0)
(9.99898 0.159389 0)
(9.9956 0.316766 0)
(9.9897 0.474267 0)
(9.98175 0.633824 0)
(9.97227 0.797025 0)
(9.96171 0.965283 0)
(9.95056 1.13992 0)
(9.93938 1.32219 0)
(9.92882 1.51327 0)
(9.91962 1.71429 0)
(9.91263 1.9263 0)
(9.90883 2.15034 0)
(9.90933 2.38741 0)
(9.91542 2.63848 0)
(9.92858 2.90447 0)
(9.95057 3.18627 0)
(9.98341 3.4847 0)
(10.0295 3.80049 0)
(10.0917 4.13418 0)
(10.1733 4.48609 0)
(10.2784 4.8561 0)
(10.4114 5.24352 0)
(10.5777 5.64676 0)
(10.7833 6.06302 0)
(11.0345 6.48781 0)
(11.3377 6.91443 0)
(11.6991 7.33353 0)
(12.1228 7.73169 0)
(12.6027 8.09434 0)
(13.208 8.40096 0)
(9.99951 0.16052 0)
(9.99788 0.318981 0)
(9.9951 0.477455 0)
(9.9915 0.637814 0)
(9.98751 0.801592 0)
(9.98359 0.970139 0)
(9.98024 1.14471 0)
(9.97802 1.32646 0)
(9.97762 1.51648 0)
(9.97981 1.71578 0)
(9.98548 1.92529 0)
(9.99563 2.14588 0)
(10.0114 2.37836 0)
(10.0342 2.62347 0)
(10.0654 2.88186 0)
(10.1068 3.15409 0)
(10.1605 3.44056 0)
(10.2286 3.74152 0)
(10.314 4.05695 0)
(10.4196 4.38647 0)
(10.5488 4.72922 0)
(10.7055 5.08367 0)
(10.8937 5.44743 0)
(11.1179 5.81699 0)
(11.3823 6.18744 0)
(11.6907 6.55221 0)
(12.0458 6.90304 0)
(12.4494 7.22959 0)
(12.8936 7.52074 0)
(13.4365 7.76515 0)
(10 0.160886 0)
(10.0001 0.31967 0)
(10.0004 0.478346 0)
(10.0011 0.638717 0)
(10.0025 0.802246 0)
(10.005 0.970213 0)
(10.0093 1.14379 0)
(10.0158 1.32404 0)
(10.0252 1.51196 0)
(10.0383 1.70841 0)
(10.056 1.9142 0)
(10.0794 2.13004 0)
(10.1095 2.35654 0)
(10.1477 2.5942 0)
(10.1955 2.84343 0)
(10.2545 3.10445 0)
(10.3266 3.37733 0)
(10.4139 3.66188 0)
(10.5189 3.95762 0)
(10.644 4.26367 0)
(10.7922 4.57864 0)
(10.9664 4.9005 0)
(11.1695 5.22648 0)
(11.4047 5.55284 0)
(11.6744 5.87485 0)
(11.9805 6.18666 0)
(12.3238 6.48138 0)
(12.7041 6.7512 0)
(13.1138 6.98776 0)
(13.6014 7.18421 0)
(10.0005 0.160463 0)
(10.0023 0.31879 0)
(10.0056 0.476882 0)
(10.0104 0.636458 0)
(10.017 0.798905 0)
(10.0259 0.965421 0)
(10.0374 1.13709 0)
(10.0522 1.31488 0)
(10.071 1.49967 0)
(10.0945 1.6922 0)
(10.1236 1.89314 0)
(10.1593 2.10302 0)
(10.2026 2.32228 0)
(10.255 2.55121 0)
(10.3176 2.78995 0)
(10.3922 3.03849 0)
(10.4804 3.29656 0)
(10.584 3.56365 0)
(10.705 3.83894 0)
(10.8457 4.1212 0)
(11.0081 4.40872 0)
(11.1945 4.69927 0)
(11.4069 4.98995 0)
(11.6471 5.27718 0)
(11.9164 5.55669 0)
(12.2154 5.82348 0)
(12.5438 6.07202 0)
(12.9 6.29642 0)
(13.2772 6.49064 0)
(13.717 6.65051 0)
(10.001 0.159238 0)
(10.0044 0.316313 0)
(10.0106 0.473023 0)
(10.0194 0.630991 0)
(10.0311 0.791521 0)
(10.0459 0.955724 0)
(10.0644 1.12459 0)
(10.0871 1.29898 0)
(10.1147 1.47967 0)
(10.1479 1.66727 0)
(10.1876 1.8623 0)
(10.2346 2.06515 0)
(10.29 2.27608 0)
(10.3551 2.49518 0)
(10.4309 2.72241 0)
(10.519 2.95749 0)
(10.6208 3.19994 0)
(10.7378 3.44901 0)
(10.8717 3.70362 0)
(11.0241 3.96237 0)
(11.1967 4.22341 0)
(11.3909 4.48446 0)
(11.608 4.74274 0)
(11.8489 4.99501 0)
(12.114 5.23753 0)
(12.403 5.46623 0)
(12.7148 5.67676 0)
(13.0475 5.86477 0)
(13.395 6.02602 0)
(13.7937 6.15801 0)
(10.0015 0.157203 0)
(10.0065 0.312224 0)
(10.0154 0.466749 0)
(10.028 0.6223 0)
(10.0444 0.780087 0)
(10.065 0.941131 0)
(10.0901 1.10632 0)
(10.1202 1.27643 0)
(10.156 1.4521 0)
(10.1982 1.63383 0)
(10.2475 1.82201 0)
(10.3048 2.01689 0)
(10.371 2.21856 0)
(10.4473 2.42697 0)
(10.5346 2.64188 0)
(10.6341 2.86286 0)
(10.7472 3.08924 0)
(10.875 3.32011 0)
(11.0187 3.55428 0)
(11.1797 3.79024 0)
(11.359 4.02616 0)
(11.5574 4.25984 0)
(11.7757 4.48875 0)
(12.0141 4.71004 0)
(12.2724 4.9206 0)
(12.5497 5.11714 0)
(12.8446 5.29635 0)
(13.1551 5.45508 0)
(13.4759 5.59039 0)
(13.8393 5.70079 0)
(10.0019 0.154355 0)
(10.0084 0.306523 0)
(10.0199 0.458066 0)
(10.0361 0.610397 0)
(10.0571 0.764631 0)
(10.083 0.921697 0)
(10.1142 1.08239 0)
(10.1512 1.24736 0)
(10.1946 1.41716 0)
(10.2449 1.59218 0)
(10.303 1.77268 0)
(10.3695 1.95878 0)
(10.4452 2.15045 0)
(10.5311 2.3475 0)
(10.6281 2.54955 0)
(10.7372 2.75604 0)
(10.8593 2.96621 0)
(10.9954 3.17905 0)
(11.1465 3.39333 0)
(11.3132 3.60754 0)
(11.4963 3.81993 0)
(11.6962 4.0285 0)
(11.913 4.23101 0)
(12.1466 4.42503 0)
(12.3965 4.60802 0)
(12.6614 4.77742 0)
(12.9398 4.93073 0)
(13.2297 5.06568 0)
(13.5266 5.18029 0)
(13.8596 5.27371 0)
(10.0024 0.150703 0)
(10.0102 0.299222 0)
(10.0241 0.446995 0)
(10.0438 0.595322 0)
(10.0689 0.745219 0)
(10.0997 0.897519 0)
(10.1366 1.05292 0)
(10.1799 1.21199 0)
(10.2302 1.37515 0)
(10.2879 1.54271 0)
(10.3537 1.71481 0)
(10.4282 1.89147 0)
(10.5122 2.07255 0)
(10.6063 2.25775 0)
(10.7114 2.44662 0)
(10.8282 2.6385 0)
(10.9573 2.83256 0)
(11.0996 3.0278 0)
(11.2556 3.22296 0)
(11.4257 3.41665 0)
(11.6103 3.60723 0)
(11.8094 3.79293 0)
(12.0229 3.97183 0)
(12.2503 4.14192 0)
(12.4908 4.30117 0)
(12.7431 4.44758 0)
(13.0056 4.57933 0)
(13.2766 4.6948 0)
(13.5523 4.79266 0)
(13.8589 4.87249 0)
(10.0027 0.146257 0)
(10.0119 0.290348 0)
(10.0281 0.433582 0)
(10.0508 0.577142 0)
(10.0798 0.721947 0)
(10.1152 0.868736 0)
(10.1572 1.01811 0)
(10.2062 1.17055 0)
(10.2626 1.32639 0)
(10.3269 1.48583 0)
(10.3995 1.64894 0)
(10.481 1.81563 0)
(10.5719 1.98569 0)
(10.6729 2.15875 0)
(10.7845 2.33429 0)
(10.9072 2.51162 0)
(11.0416 2.6899 0)
(11.1881 2.86812 0)
(11.3471 3.04512 0)
(11.5187 3.21959 0)
(11.7029 3.3901 0)
(11.8997 3.55509 0)
(12.1085 3.71296 0)
(12.3287 3.86207 0)
(12.5593 4.00081 0)
(12.7993 4.12769 0)
(13.0469 4.24136 0)
(13.3007 4.34069 0)
(13.5574 4.42482 0)
(13.841 4.49359 0)
(10.0031 0.141037 0)
(10.0134 0.279939 0)
(10.0317 0.417886 0)
(10.0573 0.555947 0)
(10.0898 0.694941 0)
(10.1293 0.83552 0)
(10.1759 0.978197 0)
(10.23 1.12336 0)
(10.2918 1.27126 0)
(10.3618 1.42203 0)
(10.4403 1.57565 0)
(10.5276 1.73198 0)
(10.6243 1.89073 0)
(10.7308 2.0515 0)
(10.8475 2.21373 0)
(10.9747 2.37673 0)
(11.1128 2.53968 0)
(11.262 2.70162 0)
(11.4223 2.86148 0)
(11.5938 3.0181 0)
(11.7763 3.17021 0)
(11.9694 3.3165 0)
(12.1726 3.45565 0)
(12.3851 3.58635 0)
(12.6059 3.70735 0)
(12.8339 3.81753 0)
(13.0677 3.91591 0)
(13.3058 4.00173 0)
(13.5455 4.07445 0)
(13.8091 4.13406 0)
(10.0034 0.135065 0)
(10.0148 0.268043 0)
(10.035 0.399985 0)
(10.0632 0.531846 0)
(10.0988 0.664353 0)
(10.142 0.798068 0)
(10.1927 0.933425 0)
(10.2513 1.07073 0)
(10.3178 1.21017 0)
(10.3927 1.3518 0)
(10.4761 1.49555 0)
(10.5683 1.64123 0)
(10.6697 1.78851 0)
(10.7806 1.93697 0)
(10.9011 2.08604 0)
(11.0314 2.23505 0)
(11.1718 2.38323 0)
(11.3222 2.52969 0)
(11.4826 2.67348 0)
(11.6528 2.81356 0)
(11.8325 2.94886 0)
(12.0212 3.0783 0)
(12.2182 3.20079 0)
(12.4228 3.31529 0)
(12.6339 3.42087 0)
(12.8506 3.51667 0)
(13.0715 3.60203 0)
(13.2954 3.67642 0)
(13.52 3.73951 0)
(13.7658 3.79141 0)
(10.0037 0.12837 0)
(10.0161 0.254717 0)
(10.0379 0.379967 0)
(10.0684 0.504967 0)
(10.1069 0.630352 0)
(10.1533 0.756603 0)
(10.2076 0.884079 0)
(10.27 1.01302 0)
(10.3406 1.14355 0)
(10.4196 1.27566 0)
(10.5071 1.40925 0)
(10.6033 1.54409 0)
(10.7084 1.67984 0)
(10.8224 1.81607 0)
(10.9456 1.95222 0)
(11.078 2.08767 0)
(11.2196 2.2217 0)
(11.3702 2.35352 0)
(11.5296 2.48228 0)
(11.6976 2.6071 0)
(11.8737 2.72708 0)
(12.0574 2.84131 0)
(12.248 2.94894 0)
(12.4446 3.04916 0)
(12.6465 3.14125 0)
(12.8525 3.22461 0)
(13.0615 3.29875 0)
(13.2725 3.36336 0)
(13.4836 3.41824 0)
(13.7138 3.46355 0)
(10.004 0.120984 0)
(10.0172 0.240023 0)
(10.0405 0.357931 0)
(10.0731 0.475447 0)
(10.114 0.59312 0)
(10.1632 0.711359 0)
(10.2207 0.830452 0)
(10.2864 0.95058 0)
(10.3604 1.07181 0)
(10.4428 1.19411 0)
(10.5336 1.31734 0)
(10.6328 1.44124 0)
(10.7407 1.56548 0)
(10.8571 1.68963 0)
(10.982 1.81319 0)
(11.1155 1.93556 0)
(11.2572 2.05609 0)
(11.4071 2.17411 0)
(11.5648 2.28886 0)
(11.73 2.3996 0)
(11.902 2.50558 0)
(12.0804 2.60609 0)
(12.2645 2.70043 0)
(12.4534 2.78799 0)
(12.6464 2.86823 0)
(12.8424 2.94072 0)
(13.0406 3.00513 0)
(13.24 3.06126 0)
(13.4389 3.10904 0)
(13.6553 3.14864 0)
(10.0042 0.112937 0)
(10.0182 0.224029 0)
(10.0428 0.333979 0)
(10.0771 0.443429 0)
(10.1202 0.552848 0)
(10.1718 0.662574 0)
(10.2319 0.772838 0)
(10.3004 0.883769 0)
(10.3772 0.995394 0)
(10.4623 1.10765 0)
(10.5557 1.22036 0)
(10.6574 1.3333 0)
(10.7672 1.44611 0)
(10.8851 1.55841 0)
(11.011 1.66972 0)
(11.1447 1.77952 0)
(11.286 1.88722 0)
(11.4345 1.99223 0)
(11.5899 2.09393 0)
(11.7518 2.19168 0)
(11.9195 2.28489 0)
(12.0925 2.37296 0)
(12.2702 2.45537 0)
(12.4517 2.53165 0)
(12.6363 2.60141 0)
(12.8232 2.66433 0)
(13.0114 2.72021 0)
(13.2003 2.76894 0)
(13.3884 2.81049 0)
(13.5924 2.84508 0)
(10.0044 0.104265 0)
(10.019 0.206802 0)
(10.0448 0.308216 0)
(10.0807 0.409058 0)
(10.1256 0.509724 0)
(10.1793 0.610489 0)
(10.2415 0.711529 0)
(10.3123 0.81293 0)
(10.3914 0.914689 0)
(10.4787 1.01672 0)
(10.574 1.11885 0)
(10.6774 1.22083 0)
(10.7885 1.32236 0)
(10.9073 1.42306 0)
(11.0335 1.5225 0)
(11.1669 1.62022 0)
(11.3071 1.71573 0)
(11.4538 1.8085 0)
(11.6065 1.89802 0)
(11.7648 1.98377 0)
(11.9281 2.06527 0)
(12.0958 2.14204 0)
(12.2673 2.21369 0)
(12.4418 2.27986 0)
(12.6187 2.34027 0)
(12.7971 2.3947 0)
(12.9764 2.44303 0)
(13.1558 2.4852 0)
(13.3342 2.52125 0)
(13.5274 2.55136 0)
(10.0046 0.094999 0)
(10.0198 0.188407 0)
(10.0466 0.280744 0)
(10.0837 0.372478 0)
(10.1302 0.463935 0)
(10.1856 0.555332 0)
(10.2496 0.646799 0)
(10.3222 0.738388 0)
(10.4031 0.830071 0)
(10.492 0.921748 0)
(10.5889 1.01325 0)
(10.6933 1.10434 0)
(10.8053 1.19474 0)
(10.9244 1.28411 0)
(11.0504 1.37206 0)
(11.1829 1.45821 0)
(11.3217 1.54212 0)
(11.4663 1.62337 0)
(11.6161 1.70151 0)
(11.7708 1.77614 0)
(11.9297 1.84686 0)
(12.0923 1.91332 0)
(12.2579 1.9752 0)
(12.426 2.03224 0)
(12.5957 2.08425 0)
(12.7665 2.13107 0)
(12.9377 2.17265 0)
(13.1087 2.20897 0)
(13.2785 2.24007 0)
(13.462 2.26615 0)
(10.0047 0.0851664 0)
(10.0204 0.168902 0)
(10.0481 0.251655 0)
(10.0863 0.333818 0)
(10.1341 0.415652 0)
(10.1909 0.497317 0)
(10.2564 0.578904 0)
(10.3304 0.660434 0)
(10.4127 0.741865 0)
(10.5028 0.823091 0)
(10.6007 0.903948 0)
(10.7058 0.984223 0)
(10.8181 1.06366 0)
(10.9371 1.14195 0)
(11.0626 1.21879 0)
(11.194 1.29382 0)
(11.3311 1.36668 0)
(11.4734 1.43703 0)
(11.6203 1.5045 0)
(11.7714 1.56877 0)
(11.9261 1.62953 0)
(12.0839 1.6865 0)
(12.2441 1.73945 0)
(12.4061 1.78819 0)
(12.5694 1.83258 0)
(12.7333 1.87253 0)
(12.8973 1.908 0)
(13.0608 1.93902 0)
(13.2231 1.96564 0)
(13.3981 1.98803 0)
(10.0049 0.0747879 0)
(10.021 0.148333 0)
(10.0494 0.221028 0)
(10.0886 0.293197 0)
(10.1374 0.365033 0)
(10.1953 0.436644 0)
(10.262 0.508084 0)
(10.3372 0.579353 0)
(10.4204 0.650398 0)
(10.5115 0.721112 0)
(10.6099 0.791343 0)
(10.7154 0.860898 0)
(10.8277 0.929549 0)
(10.9464 0.997041 0)
(11.071 1.0631 0)
(11.2012 1.12743 0)
(11.3365 1.18975 0)
(11.4764 1.24976 0)
(11.6204 1.30719 0)
(11.7681 1.36176 0)
(11.9189 1.41325 0)
(12.0722 1.46144 0)
(12.2274 1.50616 0)
(12.3841 1.54727 0)
(12.5416 1.58469 0)
(12.6995 1.61835 0)
(12.8571 1.64826 0)
(13.0141 1.67443 0)
(13.1697 1.69693 0)
(13.3374 1.71593 0)
(10.005 0.0638705 0)
(10.0215 0.126723 0)
(10.0506 0.188921 0)
(10.0906 0.250711 0)
(10.1403 0.312199 0)
(10.1992 0.373442 0)
(10.2668 0.434465 0)
(10.3428 0.495255 0)
(10.4268 0.555755 0)
(10.5184 0.615865 0)
(10.6172 0.675447 0)
(10.7228 0.734333 0)
(10.8348 0.792331 0)
(10.9529 0.849225 0)
(11.0766 0.904788 0)
(11.2054 0.958783 0)
(11.3389 1.01097 0)
(11.4765 1.06112 0)
(11.6179 1.10902 0)
(11.7624 1.15445 0)
(11.9096 1.19724 0)
(12.0588 1.23723 0)
(12.2097 1.27429 0)
(12.3616 1.30833 0)
(12.5141 1.3393 0)
(12.6667 1.36715 0)
(12.8188 1.39189 0)
(12.9702 1.41357 0)
(13.1201 1.43224 0)
(13.2815 1.44804 0)
(10.0051 0.0523935 0)
(10.0221 0.10406 0)
(10.0518 0.155377 0)
(10.0925 0.206486 0)
(10.143 0.257383 0)
(10.2026 0.308063 0)
(10.2708 0.358526 0)
(10.3474 0.408744 0)
(10.4319 0.458653 0)
(10.5238 0.508159 0)
(10.6228 0.557142 0)
(10.7283 0.605463 0)
(10.84 0.652961 0)
(10.9574 0.699463 0)
(11.0801 0.744787 0)
(11.2076 0.788746 0)
(11.3394 0.831155 0)
(11.4749 0.871836 0)
(11.6138 0.910619 0)
(11.7555 0.947352 0)
(11.8995 0.981899 0)
(12.0453 1.01415 0)
(12.1923 1.04401 0)
(12.3402 1.07142 0)
(12.4884 1.09634 0)
(12.6364 1.11876 0)
(12.7839 1.13869 0)
(12.9305 1.15617 0)
(13.0756 1.17125 0)
(13.2316 1.18406 0)
(10.0053 0.040274 0)
(10.0228 0.0802367 0)
(10.0533 0.120239 0)
(10.0947 0.160218 0)
(10.1458 0.200066 0)
(10.206 0.239763 0)
(10.2748 0.279306 0)
(10.3518 0.318658 0)
(10.4366 0.357755 0)
(10.5287 0.396511 0)
(10.6276 0.434825 0)
(10.7329 0.472581 0)
(10.8442 0.509649 0)
(10.9609 0.545893 0)
(11.0826 0.58117 0)
(11.2089 0.615336 0)
(11.3391 0.64825 0)
(11.4728 0.679777 0)
(11.6096 0.709793 0)
(11.7489 0.738184 0)
(11.8902 0.764854 0)
(12.033 0.789723 0)
(12.1769 0.812729 0)
(12.3214 0.833831 0)
(12.466 0.853006 0)
(12.6103 0.870249 0)
(12.754 0.885577 0)
(12.8967 0.89902 0)
(13.0379 0.910623 0)
(13.1897 0.920476 0)
(10.0056 0.0273297 0)
(10.0239 0.055597 0)
(10.0551 0.0845943 0)
(10.0971 0.113656 0)
(10.1487 0.142554 0)
(10.2092 0.171307 0)
(10.2784 0.199928 0)
(10.3558 0.228385 0)
(10.4408 0.256619 0)
(10.533 0.28457 0)
(10.6318 0.312166 0)
(10.7369 0.339326 0)
(10.8478 0.365961 0)
(10.9639 0.391974 0)
(11.0848 0.417268 0)
(11.2099 0.441741 0)
(11.3389 0.465298 0)
(11.4711 0.487844 0)
(11.6061 0.509296 0)
(11.7434 0.529577 0)
(11.8826 0.548621 0)
(12.023 0.566375 0)
(12.1644 0.5828 0)
(12.3062 0.59787 0)
(12.448 0.61157 0)
(12.5895 0.623902 0)
(12.7302 0.634879 0)
(12.8698 0.644525 0)
(13.0079 0.652873 0)
(13.1562 0.659996 0)
(10.0068 0.0112479 0)
(10.0271 0.0265842 0)
(10.0594 0.0438121 0)
(10.1017 0.0613252 0)
(10.1535 0.0788044 0)
(10.2142 0.0962921 0)
(10.2835 0.113782 0)
(10.3609 0.131217 0)
(10.4459 0.148534 0)
(10.538 0.165679 0)
(10.6366 0.182599 0)
(10.7414 0.199239 0)
(10.8518 0.215537 0)
(10.9673 0.231433 0)
(11.0874 0.246863 0)
(11.2117 0.261768 0)
(11.3396 0.276088 0)
(11.4707 0.289769 0)
(11.6044 0.30276 0)
(11.7403 0.315018 0)
(11.8779 0.326506 0)
(12.0166 0.337196 0)
(12.1562 0.347067 0)
(12.2961 0.356106 0)
(12.4359 0.36431 0)
(12.5753 0.371683 0)
(12.7139 0.378236 0)
(12.8514 0.38399 0)
(12.9875 0.388971 0)
(13.1336 0.39324 0)
(9.99589 0.000923279 0)
(10.007 0.00495551 0)
(10.0277 0.010264 0)
(10.0577 0.0158063 0)
(10.0974 0.0214205 0)
(10.1467 0.0271334 0)
(10.2051 0.0329356 0)
(10.272 0.0387925 0)
(10.347 0.0446718 0)
(10.4295 0.0505471 0)
(10.5191 0.0563942 0)
(10.6153 0.0621882 0)
(10.7176 0.0679031 0)
(10.8254 0.0735126 0)
(10.9383 0.0789903 0)
(11.0557 0.0843104 0)
(11.177 0.089448 0)
(11.3018 0.0943798 0)
(11.4295 0.0990846 0)
(11.5597 0.103543 0)
(11.6918 0.10774 0)
(11.8254 0.111661 0)
(11.9599 0.115297 0)
(12.095 0.118642 0)
(12.2302 0.12169 0)
(12.3651 0.124443 0)
(12.4994 0.126902 0)
(12.6328 0.129073 0)
(12.7649 0.130959 0)
(12.9067 0.132592 0)
(9.44011 13.0888 0)
(6.22238 10.7694 0)
(-1.04591 5.3612 0)
(10.3655 11.2184 0)
(9.80752 9.91522 0)
(8.21709 8.09595 0)
(11.4627 11.1285 0)
(11.6783 10.5741 0)
(11.4207 9.66024 0)
(12.3528 10.7339 0)
(12.6983 10.5666 0)
(12.8046 10.1488 0)
(12.9188 9.99799 0)
(13.2887 9.99065 0)
(13.5317 9.85176 0)
(13.2934 9.2232 0)
(13.6551 9.28037 0)
(13.9381 9.26992 0)
(13.5597 8.50709 0)
(13.8924 8.5796 0)
(14.1666 8.61501 0)
(13.7485 7.85354 0)
(14.0463 7.92029 0)
(14.2956 7.96504 0)
(13.8787 7.25633 0)
(14.144 7.31282 0)
(14.3667 7.35465 0)
(13.9649 6.70985 0)
(14.2019 6.75707 0)
(14.4009 6.79343 0)
(14.0169 6.20747 0)
(14.23 6.24721 0)
(14.4088 6.2784 0)
(14.0417 5.74254 0)
(14.2345 5.77636 0)
(14.3963 5.8033 0)
(14.0441 5.30937 0)
(14.2199 5.33848 0)
(14.3672 5.36199 0)
(14.0283 4.90324 0)
(14.1894 4.92857 0)
(14.3246 4.94927 0)
(13.9973 4.52033 0)
(14.1459 4.54252 0)
(14.2705 4.56088 0)
(13.954 4.15744 0)
(14.0917 4.177 0)
(14.2072 4.19335 0)
(13.9008 3.81194 0)
(14.0289 3.82924 0)
(14.1366 3.84384 0)
(13.8399 3.48161 0)
(13.9598 3.49694 0)
(14.0604 3.50999 0)
(13.7737 3.16454 0)
(13.8861 3.17811 0)
(13.9806 3.18977 0)
(13.704 2.85904 0)
(13.81 2.87104 0)
(13.899 2.88142 0)
(13.6329 2.56359 0)
(13.7331 2.57415 0)
(13.8173 2.58335 0)
(13.5622 2.2768 0)
(13.6573 2.28604 0)
(13.7373 2.29413 0)
(13.4936 1.99722 0)
(13.5843 2.00523 0)
(13.6606 2.01227 0)
(13.4288 1.72376 0)
(13.5156 1.7306 0)
(13.5888 1.73665 0)
(13.3694 1.45457 0)
(13.4529 1.46029 0)
(13.5233 1.46537 0)
(13.3166 1.18937 0)
(13.3974 1.19404 0)
(13.4655 1.1982 0)
(13.2724 0.92456 0)
(13.3509 0.928152 0)
(13.417 0.93136 0)
(13.237 0.66296 0)
(13.3138 0.665566 0)
(13.3786 0.667891 0)
(13.213 0.394949 0)
(13.2885 0.396387 0)
(13.3522 0.397649 0)
(12.9839 0.133199 0)
(13.0574 0.133677 0)
(13.1194 0.134101 0)
(-2.62876 1.49284 0)
(-1.98423 1.20816 0)
(-2.29026 0.690694 0)
(-2.11002 0.659512 0)
(-1.97565 0.726869 0)
(-2.00803 0.535365 0)
(-2.01497 0.344659 0)
(-2.03241 0.277642 0)
(-2.05831 0.230747 0)
(-2.06325 0.189777 0)
(-2.06322 0.180206 0)
(-2.08421 0.176841 0)
(-2.11533 0.154355 0)
(-2.13692 0.122046 0)
(-2.15009 0.101722 0)
(-2.16861 0.0982686 0)
(-2.19662 0.0927972 0)
(-2.22219 0.0737541 0)
(-2.23196 0.046639 0)
(-2.22582 0.0286753 0)
(-2.21793 0.0321553 0)
(-2.22204 0.0493938 0)
(-2.24022 0.0662626 0)
(-2.26624 0.0739313 0)
(-2.29132 0.0697814 0)
(-2.30806 0.057216 0)
(-2.31503 0.0448488 0)
(-2.3178 0.0403735 0)
(-2.32164 0.0424137 0)
(-2.32436 0.0439164 0)
(6.07288 5.45478 0)
(3.58279 3.51427 0)
(1.46751 2.04237 0)
(-1.43446 0.47145 0)
(-1.98446 0.34524 0)
(-2.27385 0.133429 0)
(-2.206 0.204816 0)
(-2.1043 0.412022 0)
(-2.1087 0.391118 0)
(-2.09712 0.253772 0)
(-2.08189 0.167895 0)
(-2.11384 0.171027 0)
(-2.16015 0.156565 0)
(-2.17808 0.125706 0)
(-2.17322 0.115785 0)
(-2.18173 0.128976 0)
(-2.21595 0.130161 0)
(-2.25118 0.100857 0)
(-2.26134 0.0511022 0)
(-2.24338 0.0141361 0)
(-2.22186 0.0187534 0)
(-2.22137 0.04891 0)
(-2.24336 0.0753207 0)
(-2.27647 0.0864794 0)
(-2.30765 0.0804534 0)
(-2.32608 0.0622096 0)
(-2.3292 0.0442847 0)
(-2.32624 0.0391761 0)
(-2.32757 0.0450588 0)
(-2.33048 0.0487039 0)
(10.3488 7.61886 0)
(8.59483 5.82578 0)
(6.6732 4.37917 0)
(4.73463 3.14739 0)
(2.95356 2.15943 0)
(1.54063 1.32891 0)
(-0.869387 0.335652 0)
(-1.79331 0.196291 0)
(-2.17461 0.0227066 0)
(-2.24394 -0.10209 0)
(-2.13261 0.0726547 0)
(-2.08719 0.310826 0)
(-2.14065 0.30815 0)
(-2.15419 0.20412 0)
(-2.12965 0.112622 0)
(-2.13695 0.102669 0)
(-2.19347 0.116759 0)
(-2.25194 0.0841714 0)
(-2.26428 0.0210996 0)
(-2.2202 -0.00949922 0)
(-2.17079 0.0153359 0)
(-2.16241 0.0709995 0)
(-2.19245 0.110177 0)
(-2.23665 0.123702 0)
(-2.27645 0.111948 0)
(-2.29694 0.0810294 0)
(-2.29366 0.0486087 0)
(-2.28115 0.0371783 0)
(-2.27871 0.0486614 0)
(-2.28275 0.0567924 0)
(12.4887 8.78242 0)
(11.6075 7.33405 0)
(10.3753 6.02441 0)
(8.97641 4.84233 0)
(7.48516 3.82514 0)
(6.04451 3.00261 0)
(4.56401 2.30062 0)
(3.18368 1.70278 0)
(1.94806 1.16127 0)
(0.835089 0.561516 0)
(-1.23642 0.108294 0)
(-1.68634 0.182941 0)
(-2.05802 0.0732496 0)
(-2.15432 -0.0635636 0)
(-2.08167 -0.0405599 0)
(-2.02495 0.154317 0)
(-2.07289 0.275096 0)
(-2.1598 0.245841 0)
(-2.16363 0.115355 0)
(-2.08221 -0.0377266 0)
(-2.02542 -0.0364192 0)
(-2.02678 0.0520751 0)
(-2.07743 0.107439 0)
(-2.14031 0.120762 0)
(-2.19383 0.100224 0)
(-2.21847 0.0553547 0)
(-2.20451 0.0120097 0)
(-2.17255 0.0120663 0)
(-2.16083 0.0466428 0)
(-2.16716 0.0682171 0)
(13.6586 9.10087 0)
(13.3712 8.09337 0)
(12.7475 7.04325 0)
(11.8863 6.02564 0)
(10.8611 5.097 0)
(9.75509 4.28952 0)
(8.6019 3.565 0)
(7.42001 2.91294 0)
(6.24408 2.35067 0)
(5.1206 1.90165 0)
(3.94753 1.53464 0)
(2.90631 1.18794 0)
(1.94768 0.854523 0)
(1.16072 0.515436 0)
(-0.163145 0.122549 0)
(-1.14099 0.162368 0)
(-1.52121 0.178261 0)
(-1.78746 0.0550905 0)
(-1.87325 -0.148067 0)
(-1.73164 -0.240094 0)
(-1.78168 -0.0838186 0)
(-1.78102 0.145617 0)
(-1.86126 0.219837 0)
(-1.94759 0.232188 0)
(-2.01276 0.205806 0)
(-2.03361 0.143765 0)
(-1.98953 0.0591971 0)
(-1.92452 0.00974037 0)
(-1.91924 0.0567321 0)
(-1.93956 0.103599 0)
(14.2832 8.92097 0)
(14.3628 8.30161 0)
(14.1901 7.55249 0)
(13.7844 6.75831 0)
(13.1879 5.97354 0)
(12.4539 5.23268 0)
(11.6252 4.5404 0)
(10.7308 3.90734 0)
(9.79701 3.34771 0)
(8.85482 2.87246 0)
(7.90761 2.44863 0)
(6.9752 2.05391 0)
(6.06313 1.69659 0)
(5.17882 1.40678 0)
(4.2983 1.18487 0)
(3.42383 0.99253 0)
(2.65837 0.801241 0)
(1.96224 0.599927 0)
(1.38902 0.364001 0)
(0.522798 0.0712703 0)
(-0.878875 0.0225597 0)
(-1.14176 0.133274 0)
(-1.40915 0.163761 0)
(-1.54694 0.147374 0)
(-1.63963 0.0878098 0)
(-1.68125 -0.0144167 0)
(-1.6316 -0.122138 0)
(-1.55944 -0.102775 0)
(-1.60196 0.0454706 0)
(-1.63654 0.151937 0)
(14.5884 8.48804 0)
(14.8698 8.148 0)
(14.9944 7.6613 0)
(14.9284 7.08745 0)
(14.6814 6.4719 0)
(14.2856 5.84969 0)
(13.774 5.24231 0)
(13.1729 4.66568 0)
(12.5044 4.13184 0)
(11.7911 3.6479 0)
(11.0506 3.20639 0)
(10.2968 2.80119 0)
(9.53504 2.43464 0)
(8.77159 2.12106 0)
(8.01831 1.85377 0)
(7.27823 1.61454 0)
(6.57279 1.38233 0)
(5.88999 1.1541 0)
(5.21476 0.958675 0)
(4.53785 0.837813 0)
(3.81811 0.742603 0)
(3.19317 0.625979 0)
(2.60965 0.521628 0)
(2.0663 0.432768 0)
(1.55686 0.349455 0)
(1.0796 0.253516 0)
(0.696028 0.108701 0)
(-0.250793 0.0118151 0)
(-0.779774 0.121009 0)
(-1.04615 0.294208 0)
(14.7202 7.94512 0)
(15.0893 7.78056 0)
(15.3826 7.48907 0)
(15.542 7.1017 0)
(15.5535 6.65001 0)
(15.4308 6.16257 0)
(15.1931 5.66179 0)
(14.8579 5.1648 0)
(14.4421 4.68489 0)
(13.9633 4.23148 0)
(13.4381 3.80725 0)
(12.8792 3.41169 0)
(12.2942 3.04675 0)
(11.6908 2.71816 0)
(11.0806 2.42465 0)
(10.4732 2.15906 0)
(9.87405 1.90833 0)
(9.27704 1.67143 0)
(8.67587 1.46656 0)
(8.07753 1.30688 0)
(7.48891 1.17379 0)
(6.92884 1.04739 0)
(6.38952 0.93001 0)
(5.86247 0.820594 0)
(5.34571 0.714796 0)
(4.835 0.61564 0)
(4.32629 0.55041 0)
(3.78669 0.517446 0)
(3.26788 0.474379 0)
(2.54636 0.509701 0)
(14.7632 7.37833 0)
(15.1515 7.31099 0)
(15.5207 7.14802 0)
(15.8088 6.90052 0)
(15.9901 6.58612 0)
(16.0648 6.22382 0)
(16.0401 5.83121 0)
(15.9247 5.4237 0)
(15.7287 5.01437 0)
(15.4638 4.61342 0)
(15.1424 4.2269 0)
(14.775 3.85795 0)
(14.3697 3.50993 0)
(13.9349 3.18699 0)
(13.48 2.89027 0)
(13.0134 2.61635 0)
(12.5391 2.35936 0)
(12.0557 2.11962 0)
(11.5627 1.90572 0)
(11.0661 1.72378 0)
(10.5762 1.56802 0)
(10.0998 1.42689 0)
(9.63287 1.29536 0)
(9.16929 1.17213 0)
(8.70568 1.05659 0)
(8.23832 0.953467 0)
(7.76416 0.875903 0)
(7.28423 0.823887 0)
(6.81385 0.795103 0)
(6.20323 0.803177 0)
(14.7609 6.83076 0)
(15.1344 6.81129 0)
(15.5215 6.72444 0)
(15.8675 6.5712 0)
(16.1442 6.35941 0)
(16.345 6.09964 0)
(16.4694 5.80345 0)
(16.5188 5.48244 0)
(16.4969 5.14745 0)
(16.4099 4.80773 0)
(16.2651 4.47023 0)
(16.0703 4.14 0)
(15.8322 3.82142 0)
(15.558 3.51849 0)
(15.255 3.23331 0)
(14.9299 2.96528 0)
(14.5866 2.71275 0)
(14.2268 2.47678 0)
(13.8522 2.26201 0)
(13.4683 2.07209 0)
(13.0824 1.90447 0)
(12.6988 1.75224 0)
(12.3162 1.61117 0)
(11.9312 1.48051 0)
(11.5411 1.36111 0)
(11.1435 1.25666 0)
(10.7376 1.1738 0)
(10.3266 1.11516 0)
(9.92215 1.08108 0)
(9.41313 1.06568 0)
(14.7335 6.31743 0)
(15.0795 6.31927 0)
(15.4544 6.27402 0)
(15.8137 6.1792 0)
(16.132 6.03752 0)
(16.4011 5.85406 0)
(16.6172 5.63536 0)
(16.7773 5.38893 0)
(16.8804 5.12261 0)
(16.9282 4.8438 0)
(16.924 4.55889 0)
(16.8722 4.2732 0)
(16.7773 3.99134 0)
(16.6444 3.71727 0)
(16.4788 3.45373 0)
(16.2855 3.20196 0)
(16.0682 2.96254 0)
(15.8296 2.73702 0)
(15.5724 2.52841 0)
(15.3009 2.33906 0)
(15.0204 2.16804 0)
(14.7341 2.01183 0)
(14.4424 1.86786 0)
(14.1438 1.7357 0)
(13.8366 1.6164 0)
(13.5198 1.51272 0)
(13.194 1.42861 0)
(12.8623 1.36601 0)
(12.5334 1.32313 0)
(12.1178 1.29093 0)
(14.6901 5.84011 0)
(15.0063 5.85071 0)
(15.357 5.82731 0)
(15.7059 5.76699 0)
(16.0324 5.67043 0)
(16.3293 5.53984 0)
(16.5924 5.37858 0)
(16.8172 5.19106 0)
(17.0004 4.9824 0)
(17.1406 4.75793 0)
(17.2383 4.52279 0)
(17.295 4.28162 0)
(17.313 4.03865 0)
(17.2952 3.7976 0)
(17.245 3.56147 0)
(17.1657 3.33239 0)
(17.0605 3.112 0)
(16.9319 2.9022 0)
(16.7824 2.7053 0)
(16.6156 2.52318 0)
(16.4352 2.35596 0)
(16.2439 2.20223 0)
(16.0428 2.06075 0)
(15.8314 1.9314 0)
(15.6093 1.81526 0)
(15.3764 1.71434 0)
(15.1336 1.63109 0)
(14.8836 1.56642 0)
(14.6326 1.51801 0)
(14.3097 1.47768 0)
(14.6346 5.39573 0)
(14.9234 5.40969 0)
(15.2471 5.39795 0)
(15.5759 5.35798 0)
(15.8929 5.28984 0)
(16.1931 5.19454 0)
(16.4731 5.07377 0)
(16.7287 4.93001 0)
(16.9559 4.76648 0)
(17.1523 4.58679 0)
(17.3164 4.39471 0)
(17.4479 4.19391 0)
(17.5474 3.98792 0)
(17.616 3.78 0)
(17.6554 3.57303 0)
(17.6678 3.3694 0)
(17.6549 3.17116 0)
(17.619 2.98032 0)
(17.562 2.79895 0)
(17.4865 2.62877 0)
(17.3953 2.47053 0)
(17.2906 2.32406 0)
(17.1735 2.18906 0)
(17.0444 2.06582 0)
(16.9034 1.95535 0)
(16.7509 1.85921 0)
(16.5881 1.77897 0)
(16.4169 1.71498 0)
(16.2418 1.66525 0)
(16.0094 1.62326 0)
(14.5694 4.98 0)
(14.8342 4.99514 0)
(15.1323 4.99005 0)
(15.4384 4.96265 0)
(15.7387 4.91284 0)
(16.0296 4.84116 0)
(16.309 4.74851 0)
(16.5736 4.63637 0)
(16.8199 4.50676 0)
(17.045 4.3621 0)
(17.247 4.20509 0)
(17.4247 4.0385 0)
(17.5775 3.86511 0)
(17.7054 3.68763 0)
(17.809 3.5086 0)
(17.8892 3.3303 0)
(17.9469 3.15482 0)
(17.9836 2.98414 0)
(18.0007 2.82019 0)
(18 2.66459 0)
(17.9834 2.51845 0)
(17.9524 2.3823 0)
(17.9084 2.25648 0)
(17.8518 2.14162 0)
(17.7832 2.03871 0)
(17.7032 1.94902 0)
(17.6128 1.87366 0)
(17.5136 1.81287 0)
(17.4083 1.76526 0)
(17.2611 1.72608 0)
(14.4961 4.58887 0)
(14.74 4.60428 0)
(15.0152 4.60331 0)
(15.2997 4.58425 0)
(15.5814 4.54694 0)
(15.8579 4.49167 0)
(16.1282 4.41899 0)
(16.3897 4.32981 0)
(16.6397 4.22549 0)
(16.8756 4.10771 0)
(17.0955 3.97841 0)
(17.2979 3.83967 0)
(17.4817 3.69367 0)
(17.6465 3.54258 0)
(17.7919 3.38857 0)
(17.9183 3.23365 0)
(18.0259 3.07978 0)
(18.1155 2.92879 0)
(18.1879 2.78244 0)
(18.2444 2.64232 0)
(18.286 2.50965 0)
(18.314 2.38536 0)
(18.3295 2.2702 0)
(18.3329 2.16498 0)
(18.325 2.07073 0)
(18.3065 1.98857 0)
(18.2782 1.91943 0)
(18.2412 1.86364 0)
(18.1971 1.82051 0)
(18.1266 1.78693 0)
(14.4162 4.21888 0)
(14.642 4.23409 0)
(14.8971 4.23587 0)
(15.1619 4.22272 0)
(15.4256 4.19445 0)
(15.6867 4.1512 0)
(15.9445 4.09329 0)
(16.1973 4.02133 0)
(16.4429 3.93624 0)
(16.6792 3.83926 0)
(16.9045 3.73182 0)
(17.1174 3.61551 0)
(17.3168 3.49204 0)
(17.5018 3.3632 0)
(17.672 3.23076 0)
(17.8272 3.09649 0)
(17.9673 2.96212 0)
(18.0926 2.8293 0)
(18.2035 2.69965 0)
(18.3008 2.57464 0)
(18.3851 2.45555 0)
(18.4574 2.34347 0)
(18.5183 2.23937 0)
(18.5685 2.14419 0)
(18.6086 2.05898 0)
(18.6393 1.9848 0)
(18.6613 1.92257 0)
(18.6754 1.87279 0)
(18.6823 1.83543 0)
(18.6774 1.80879 0)
(14.331 3.86711 0)
(14.5411 3.88188 0)
(14.7786 3.88552 0)
(15.0258 3.87673 0)
(15.2731 3.8553 0)
(15.5192 3.82125 0)
(15.7638 3.77476 0)
(16.0059 3.7162 0)
(16.2436 3.64624 0)
(16.4751 3.56577 0)
(16.699 3.47588 0)
(16.9141 3.37783 0)
(17.1193 3.27299 0)
(17.3139 3.16279 0)
(17.4971 3.04875 0)
(17.6687 2.93238 0)
(17.8283 2.81519 0)
(17.9761 2.69867 0)
(18.1122 2.58427 0)
(18.2369 2.47335 0)
(18.3507 2.36718 0)
(18.4542 2.2669 0)
(18.548 2.17356 0)
(18.6326 2.0882 0)
(18.7086 2.01186 0)
(18.7766 1.9456 0)
(18.8373 1.89037 0)
(18.8912 1.8469 0)
(18.9387 1.81568 0)
(18.9876 1.79617 0)
(14.2422 3.53116 0)
(14.4384 3.54531 0)
(14.6605 3.55019 0)
(14.8921 3.54468 0)
(15.1246 3.52854 0)
(15.3568 3.50174 0)
(15.5889 3.46433 0)
(15.8199 3.41654 0)
(16.0484 3.35882 0)
(16.2729 3.29183 0)
(16.4921 3.21642 0)
(16.7051 3.13355 0)
(16.9108 3.04434 0)
(17.1085 2.94998 0)
(17.2976 2.85173 0)
(17.4776 2.7509 0)
(17.6481 2.6488 0)
(17.8092 2.54676 0)
(17.9608 2.44609 0)
(18.1031 2.34804 0)
(18.2364 2.25383 0)
(18.3611 2.16458 0)
(18.4776 2.08137 0)
(18.5865 2.00527 0)
(18.6882 1.93733 0)
(18.7834 1.87859 0)
(18.8726 1.83007 0)
(18.9564 1.79269 0)
(19.035 1.76733 0)
(19.1261 1.75429 0)
(14.1512 3.20898 0)
(14.3354 3.22237 0)
(14.5437 3.22802 0)
(14.7616 3.22497 0)
(14.9807 3.21296 0)
(15.2003 3.19194 0)
(15.4207 3.16188 0)
(15.6411 3.1229 0)
(15.8603 3.0753 0)
(16.0771 3.01955 0)
(16.2903 2.9563 0)
(16.4991 2.88631 0)
(16.7026 2.81047 0)
(16.9001 2.72977 0)
(17.0909 2.64526 0)
(17.2746 2.55807 0)
(17.4509 2.46934 0)
(17.6195 2.38024 0)
(17.7804 2.29195 0)
(17.9337 2.20563 0)
(18.0796 2.1224 0)
(18.2184 2.04336 0)
(18.3504 1.96957 0)
(18.476 1.90207 0)
(18.5958 1.84193 0)
(18.7103 1.79019 0)
(18.8202 1.7479 0)
(18.9259 1.71611 0)
(19.0276 1.69594 0)
(19.151 1.68827 0)
(14.0598 2.89877 0)
(14.2332 2.91129 0)
(14.4295 2.91736 0)
(14.6351 2.91612 0)
(14.8424 2.90735 0)
(15.0506 2.89096 0)
(15.2602 2.8669 0)
(15.4707 2.83519 0)
(15.681 2.79603 0)
(15.89 2.74976 0)
(16.0968 2.69686 0)
(16.3006 2.63793 0)
(16.5006 2.57367 0)
(16.6961 2.5049 0)
(16.8865 2.4325 0)
(17.0713 2.35741 0)
(17.2503 2.28064 0)
(17.423 2.20322 0)
(17.5896 2.12619 0)
(17.7498 2.0506 0)
(17.904 1.9775 0)
(18.0522 1.90791 0)
(18.1948 1.84287 0)
(18.3322 1.78338 0)
(18.4648 1.73048 0)
(18.5932 1.6852 0)
(18.718 1.6486 0)
(18.8399 1.62181 0)
(18.9589 1.60605 0)
(19.1068 1.60253 0)
(13.9694 2.59892 0)
(14.1334 2.61049 0)
(14.319 2.61667 0)
(14.5137 2.61673 0)
(14.7104 2.61048 0)
(14.9085 2.59782 0)
(15.1083 2.57864 0)
(15.3097 2.55296 0)
(15.5116 2.52088 0)
(15.7132 2.48265 0)
(15.9137 2.43861 0)
(16.1122 2.38924 0)
(16.3081 2.33508 0)
(16.5007 2.27681 0)
(16.6896 2.21514 0)
(16.8741 2.15089 0)
(17.054 2.0849 0)
(17.229 2.01808 0)
(17.3989 1.95135 0)
(17.5637 1.88565 0)
(17.7234 1.82193 0)
(17.8783 1.76115 0)
(18.0284 1.70427 0)
(18.1743 1.65226 0)
(18.3164 1.60609 0)
(18.4551 1.56679 0)
(18.5912 1.53539 0)
(18.7253 1.51301 0)
(18.8577 1.50091 0)
(19.0244 1.50042 0)
(13.8817 2.30798 0)
(14.0374 2.31853 0)
(14.2137 2.32459 0)
(14.3988 2.32556 0)
(14.5861 2.32124 0)
(14.775 2.31155 0)
(14.9661 2.29638 0)
(15.1591 2.2757 0)
(15.3534 2.24957 0)
(15.548 2.21817 0)
(15.7423 2.18174 0)
(15.9356 2.14065 0)
(16.1272 2.09533 0)
(16.3166 2.04632 0)
(16.5033 1.99422 0)
(16.6868 1.93969 0)
(16.8667 1.88346 0)
(17.0427 1.8263 0)
(17.2146 1.76902 0)
(17.3825 1.71245 0)
(17.5461 1.65746 0)
(17.7058 1.6049 0)
(17.8617 1.55566 0)
(18.014 1.51065 0)
(18.1634 1.47079 0)
(18.3102 1.43703 0)
(18.4551 1.41038 0)
(18.5989 1.39191 0)
(18.7419 1.38281 0)
(18.9235 1.38443 0)
(13.7983 2.02444 0)
(13.9467 2.03391 0)
(14.1148 2.03967 0)
(14.2914 2.04121 0)
(14.4704 2.03835 0)
(14.6513 2.03102 0)
(14.8345 2.01912 0)
(15.0201 2.0026 0)
(15.2074 1.98149 0)
(15.3956 1.9559 0)
(15.5841 1.92602 0)
(15.7724 1.89212 0)
(15.9598 1.85455 0)
(16.1459 1.81373 0)
(16.3301 1.77014 0)
(16.5121 1.72434 0)
(16.6913 1.67694 0)
(16.8676 1.6286 0)
(17.0407 1.58 0)
(17.2106 1.53187 0)
(17.3771 1.48498 0)
(17.5404 1.4401 0)
(17.7007 1.39802 0)
(17.8582 1.35957 0)
(18.0134 1.32559 0)
(18.1667 1.29698 0)
(18.3188 1.27465 0)
(18.4706 1.25962 0)
(18.6224 1.25297 0)
(18.8162 1.25599 0)
(13.7207 1.74719 0)
(13.8627 1.75553 0)
(14.0236 1.76083 0)
(14.193 1.76267 0)
(14.3647 1.7609 0)
(14.5385 1.75544 0)
(14.7149 1.74621 0)
(14.8939 1.73316 0)
(15.0749 1.71629 0)
(15.2573 1.69567 0)
(15.4405 1.67145 0)
(15.6241 1.64382 0)
(15.8076 1.61305 0)
(15.9904 1.57949 0)
(16.1721 1.54351 0)
(16.3522 1.50558 0)
(16.5305 1.46619 0)
(16.7066 1.4259 0)
(16.8803 1.38528 0)
(17.0514 1.34497 0)
(17.22 1.30561 0)
(17.3861 1.26789 0)
(17.5498 1.23252 0)
(17.7114 1.20021 0)
(17.8714 1.17174 0)
(18.0301 1.14789 0)
(18.1882 1.12952 0)
(18.3467 1.11751 0)
(18.5058 1.11285 0)
(18.7097 1.1167 0)
(13.6502 1.47429 0)
(13.7869 1.48145 0)
(13.9417 1.48617 0)
(14.1047 1.48808 0)
(14.2703 1.48707 0)
(14.4379 1.48308 0)
(14.6084 1.47603 0)
(14.7816 1.46587 0)
(14.9571 1.45259 0)
(15.1344 1.43624 0)
(15.3129 1.41691 0)
(15.4923 1.39476 0)
(15.6721 1.37 0)
(15.8518 1.34288 0)
(16.0309 1.31372 0)
(16.2092 1.28288 0)
(16.3863 1.25076 0)
(16.5619 1.21782 0)
(16.7358 1.18453 0)
(16.9077 1.15143 0)
(17.0778 1.11907 0)
(17.246 1.08801 0)
(17.4124 1.05888 0)
(17.5773 1.0323 0)
(17.7411 1.00894 0)
(17.9042 0.989487 0)
(18.0673 0.974684 0)
(18.2313 0.965319 0)
(18.3967 0.962236 0)
(18.6089 0.966486 0)
(13.5883 1.20553 0)
(13.7204 1.21149 0)
(13.8701 1.21552 0)
(14.0279 1.21734 0)
(14.1882 1.21687 0)
(14.3507 1.21404 0)
(14.5161 1.20879 0)
(14.6844 1.20108 0)
(14.8552 1.19088 0)
(15.0281 1.17824 0)
(15.2026 1.16322 0)
(15.3783 1.14593 0)
(15.5548 1.12653 0)
(15.7316 1.10521 0)
(15.9085 1.08222 0)
(16.085 1.05784 0)
(16.2609 1.03239 0)
(16.4358 1.00623 0)
(16.6095 0.979745 0)
(16.782 0.953366 0)
(16.953 0.92754 0)
(17.1227 0.902745 0)
(17.2912 0.879485 0)
(17.4587 0.858286 0)
(17.6255 0.839706 0)
(17.7922 0.824331 0)
(17.9595 0.812785 0)
(18.128 0.805734 0)
(18.2985 0.803883 0)
(18.5176 0.808135 0)
(13.5364 0.937062 0)
(13.6648 0.941749 0)
(13.8104 0.94498 0)
(13.9639 0.946536 0)
(14.12 0.946355 0)
(14.2783 0.944395 0)
(14.4395 0.940601 0)
(14.6038 0.934931 0)
(14.7708 0.927374 0)
(14.94 0.917947 0)
(15.1111 0.9067 0)
(15.2836 0.893711 0)
(15.4573 0.879093 0)
(15.6317 0.862992 0)
(15.8066 0.845586 0)
(15.9815 0.827089 0)
(16.1562 0.807743 0)
(16.3303 0.787822 0)
(16.5038 0.767628 0)
(16.6764 0.747488 0)
(16.8481 0.727753 0)
(17.0189 0.708798 0)
(17.1888 0.69102 0)
(17.3583 0.674839 0)
(17.5275 0.6607 0)
(17.697 0.649074 0)
(17.8674 0.640466 0)
(18.0396 0.635417 0)
(18.2142 0.6345 0)
(18.4386 0.638499 0)
(13.4955 0.672023 0)
(13.6211 0.675477 0)
(13.7635 0.677917 0)
(13.9136 0.679172 0)
(14.0665 0.679205 0)
(14.2215 0.677991 0)
(14.3796 0.675489 0)
(14.5408 0.671668 0)
(14.7047 0.666515 0)
(14.871 0.660042 0)
(15.0394 0.65228 0)
(15.2095 0.643282 0)
(15.381 0.633123 0)
(15.5535 0.621902 0)
(15.7266 0.609745 0)
(15.9002 0.596799 0)
(16.0738 0.583234 0)
(16.2473 0.569242 0)
(16.4204 0.555039 0)
(16.593 0.540857 0)
(16.7651 0.526949 0)
(16.9366 0.513585 0)
(17.1076 0.501053 0)
(17.2785 0.489659 0)
(17.4494 0.479731 0)
(17.621 0.471618 0)
(17.7938 0.465701 0)
(17.9688 0.462394 0)
(18.1465 0.462144 0)
(18.3752 0.465579 0)
(13.4671 0.399977 0)
(13.5908 0.402062 0)
(13.7308 0.403546 0)
(13.8786 0.404286 0)
(14.0291 0.404278 0)
(14.1818 0.403522 0)
(14.3376 0.401995 0)
(14.4965 0.399677 0)
(14.6582 0.396561 0)
(14.8225 0.392654 0)
(14.9889 0.387975 0)
(15.1571 0.382557 0)
(15.3269 0.376443 0)
(15.4979 0.369694 0)
(15.6697 0.362384 0)
(15.8422 0.354601 0)
(16.0149 0.346448 0)
(16.1878 0.338042 0)
(16.3605 0.329511 0)
(16.5329 0.320996 0)
(16.705 0.312652 0)
(16.8768 0.304642 0)
(17.0483 0.297144 0)
(17.2199 0.290345 0)
(17.3919 0.28445 0)
(17.5647 0.279681 0)
(17.7391 0.276286 0)
(17.9158 0.274561 0)
(18.0956 0.274891 0)
(18.3263 0.278037 0)
(13.2311 0.135004 0)
(13.3511 0.135932 0)
(13.4872 0.136648 0)
(13.6309 0.137087 0)
(13.7773 0.137256 0)
(13.926 0.137162 0)
(14.0775 0.136794 0)
(14.2322 0.136144 0)
(14.3896 0.135207 0)
(14.5495 0.133985 0)
(14.7115 0.132484 0)
(14.8753 0.130713 0)
(15.0405 0.128687 0)
(15.2068 0.126426 0)
(15.374 0.123956 0)
(15.5416 0.121306 0)
(15.7095 0.118513 0)
(15.8774 0.115618 0)
(16.045 0.112665 0)
(16.2123 0.109705 0)
(16.3791 0.106793 0)
(16.5455 0.103987 0)
(16.7116 0.101351 0)
(16.8776 0.0989533 0)
(17.044 0.0968676 0)
(17.2111 0.0951767 0)
(17.3797 0.0939779 0)
(17.5508 0.0933998 0)
(17.7256 0.0936425 0)
(17.9517 0.0953059 0)
)
;

boundaryField
{
    inlet
    {
        type            fixedValue;
        value           uniform (10 0 0);
    }
    outlet
    {
        type            zeroGradient;
    }
    flap
    {
        type            movingWallVelocity;
        value           nonuniform List<vector> 
33
(
(0 6.93889e-16 0)
(0 0 0)
(0 0 0)
(0 0 0)
(0 0 0)
(0 0 0)
(0 0 0)
(0 0 0)
(0 0 0)
(0 0 0)
(0 0 0)
(0 -1.11022e-14 0)
(0 -1.11022e-14 0)
(0 -1.11022e-14 0)
(0 -2.22045e-14 0)
(6.93889e-16 0 -2.77556e-15)
(0 0 -2.77556e-15)
(0 0 0)
(0 6.93889e-16 0)
(0 0 0)
(0 0 0)
(0 0 0)
(0 0 0)
(0 0 0)
(0 -5.55112e-15 0)
(0 0 0)
(0 -1.11022e-14 0)
(0 0 0)
(0 0 0)
(0 0 0)
(0 0 0)
(0 -1.11022e-14 0)
(0 -1.11022e-14 0)
)
;
    }
    upperWall
    {
        type            noSlip;
    }
    lowerWall
    {
        type            noSlip;
    }
    frontAndBack
    {
        type            empty;
    }
}


// ************************************************************************* //
