/*--------------------------------*- C++ -*----------------------------------*\
  =========                 |
  \\      /  F ield         | OpenFOAM: The Open Source CFD Toolbox
   \\    /   O peration     | Website:  https://openfoam.org
    \\  /    A nd           | Version:  7
     \\/     M anipulation  |
\*---------------------------------------------------------------------------*/
FoamFile
{
    version     2.0;
    format      ascii;
    class       volScalarField;
    location    "1.81";
    object      T;
}
// * * * * * * * * * * * * * * * * * * * * * * * * * * * * * * * * * * * * * //

dimensions      [0 0 0 1 0 0 0];

internalField   nonuniform List<scalar> 
12013
(
300.024
300.073
300.124
300.178
300.234
300.294
300.356
300.422
300.492
300.565
300.643
300.725
300.812
300.903
301
301.102
301.211
301.325
301.445
301.572
301.706
301.847
301.996
302.152
302.317
302.49
302.672
302.864
303.066
303.278
303.501
303.736
303.983
304.243
304.517
304.805
305.108
305.428
305.765
306.121
306.497
306.893
307.312
307.756
308.225
308.721
309.247
309.805
310.397
311.025
311.692
312.402
313.157
313.96
314.816
315.728
316.701
317.739
318.848
320.032
321.299
322.654
324.105
325.659
327.326
329.115
331.037
333.104
335.329
337.729
340.321
343.128
346.173
349.488
353.112
357.093
361.498
366.42
372.001
378.48
386.312
300.024
300.073
300.124
300.178
300.234
300.294
300.356
300.422
300.492
300.565
300.643
300.725
300.812
300.903
301
301.102
301.211
301.325
301.445
301.572
301.706
301.847
301.996
302.152
302.317
302.49
302.672
302.864
303.066
303.278
303.501
303.736
303.983
304.243
304.517
304.805
305.109
305.428
305.766
306.121
306.497
306.894
307.313
307.756
308.225
308.721
309.247
309.805
310.396
311.025
311.692
312.401
313.156
313.959
314.814
315.726
316.698
317.735
318.843
320.026
321.291
322.644
324.093
325.645
327.309
329.094
331.011
333.072
335.29
337.681
340.262
343.053
346.079
349.368
352.956
356.886
361.216
366.017
371.385
377.441
384.289
300.024
300.073
300.124
300.178
300.234
300.294
300.356
300.422
300.492
300.565
300.643
300.725
300.811
300.903
301
301.102
301.211
301.325
301.445
301.572
301.706
301.847
301.996
302.152
302.317
302.49
302.673
302.865
303.066
303.279
303.502
303.737
303.984
304.244
304.517
304.806
305.109
305.429
305.766
306.122
306.498
306.894
307.313
307.756
308.225
308.721
309.247
309.805
310.396
311.024
311.69
312.399
313.153
313.955
314.809
315.72
316.69
317.726
318.831
320.012
321.274
322.623
324.067
325.613
327.27
329.046
330.953
333.001
335.204
337.574
340.13
342.889
345.874
349.108
352.621
356.447
360.627
365.204
370.22
375.7
381.599
300.024
300.073
300.124
300.178
300.234
300.294
300.356
300.422
300.491
300.565
300.643
300.725
300.811
300.903
301
301.103
301.211
301.325
301.445
301.572
301.706
301.847
301.996
302.153
302.317
302.491
302.673
302.865
303.067
303.279
303.502
303.737
303.984
304.245
304.518
304.806
305.11
305.43
305.767
306.123
306.499
306.895
307.314
307.757
308.226
308.722
309.247
309.804
310.395
311.022
311.688
312.396
313.148
313.949
314.802
315.71
316.678
317.71
318.812
319.988
321.244
322.587
324.023
325.56
327.206
328.968
330.858
332.885
335.062
337.401
339.917
342.625
345.544
348.693
352.093
355.769
359.74
364.026
368.631
373.533
378.655
300.024
300.073
300.124
300.178
300.234
300.294
300.356
300.422
300.491
300.565
300.643
300.725
300.811
300.903
301
301.103
301.211
301.325
301.445
301.572
301.706
301.848
301.996
302.153
302.318
302.491
302.674
302.866
303.068
303.28
303.503
303.738
303.986
304.246
304.52
304.808
305.111
305.431
305.769
306.124
306.5
306.896
307.315
307.758
308.226
308.722
309.247
309.803
310.393
311.019
311.684
312.39
313.141
313.94
314.79
315.695
316.659
317.687
318.783
319.953
321.201
322.535
323.96
325.483
327.111
328.854
330.72
332.717
334.857
337.151
339.611
342.249
345.079
348.116
351.371
354.858
358.584
362.548
366.736
371.11
375.601
300.024
300.073
300.124
300.178
300.234
300.293
300.356
300.422
300.491
300.565
300.643
300.725
300.811
300.903
301
301.103
301.211
301.325
301.446
301.573
301.707
301.848
301.997
302.153
302.318
302.492
302.675
302.867
303.069
303.281
303.505
303.74
303.987
304.247
304.521
304.81
305.113
305.433
305.771
306.126
306.502
306.898
307.317
307.759
308.227
308.722
309.246
309.802
310.391
311.015
311.679
312.383
313.131
313.927
314.773
315.674
316.633
317.654
318.743
319.904
321.142
322.462
323.872
325.376
326.983
328.699
330.532
332.49
334.583
336.818
339.206
341.756
344.477
347.377
350.463
353.737
357.197
360.834
364.624
368.53
372.498
300.024
300.073
300.124
300.178
300.234
300.293
300.356
300.422
300.491
300.565
300.642
300.725
300.811
300.903
301
301.103
301.211
301.325
301.446
301.573
301.707
301.848
301.997
302.154
302.319
302.493
302.676
302.868
303.07
303.283
303.506
303.742
303.989
304.249
304.523
304.812
305.116
305.436
305.773
306.129
306.504
306.9
307.318
307.76
308.228
308.722
309.245
309.8
310.387
311.01
311.671
312.372
313.117
313.909
314.75
315.645
316.598
317.611
318.69
319.839
321.063
322.367
323.756
325.237
326.815
328.497
330.29
332.199
334.232
336.397
338.698
341.144
343.738
346.483
349.382
352.431
355.622
358.94
362.362
365.855
369.379
300.024
300.073
300.124
300.178
300.234
300.293
300.356
300.422
300.491
300.565
300.642
300.724
300.811
300.903
301
301.103
301.211
301.325
301.446
301.573
301.707
301.849
301.998
302.155
302.32
302.494
302.677
302.869
303.072
303.284
303.508
303.744
303.991
304.252
304.526
304.815
305.119
305.439
305.776
306.132
306.507
306.902
307.32
307.762
308.228
308.722
309.244
309.796
310.382
311.002
311.66
312.358
313.099
313.885
314.721
315.608
316.552
317.555
318.621
319.755
320.962
322.245
323.61
325.061
326.605
328.245
329.988
331.839
333.803
335.884
338.087
340.414
342.868
345.448
348.151
350.971
353.898
356.915
360.001
363.129
366.27
300.024
300.073
300.124
300.178
300.234
300.293
300.356
300.421
300.491
300.564
300.642
300.724
300.811
300.903
301
301.103
301.211
301.325
301.446
301.574
301.708
301.85
301.999
302.156
302.321
302.495
302.678
302.871
303.074
303.287
303.511
303.746
303.994
304.255
304.529
304.818
305.122
305.442
305.779
306.135
306.51
306.905
307.322
307.763
308.228
308.721
309.241
309.792
310.375
310.992
311.646
312.34
313.075
313.855
314.683
315.561
316.494
317.484
318.535
319.651
320.836
322.094
323.429
324.845
326.347
327.939
329.625
331.408
333.292
335.28
337.374
339.574
341.879
344.287
346.792
349.387
352.06
354.797
357.578
360.384
363.19
300.024
300.073
300.124
300.177
300.234
300.293
300.355
300.421
300.491
300.564
300.642
300.724
300.811
300.903
301
301.103
301.211
301.326
301.447
301.574
301.709
301.85
302
302.157
302.323
302.497
302.68
302.873
303.076
303.289
303.514
303.75
303.998
304.259
304.533
304.822
305.126
305.446
305.783
306.138
306.513
306.908
307.324
307.764
308.228
308.719
309.237
309.785
310.365
310.979
311.628
312.316
313.045
313.817
314.635
315.502
316.421
317.396
318.428
319.523
320.682
321.911
323.211
324.586
326.041
327.577
329.198
330.906
332.703
334.59
336.566
338.632
340.785
343.019
345.33
347.707
350.142
352.62
355.126
357.644
360.155
300.024
300.073
300.124
300.177
300.234
300.293
300.355
300.421
300.49
300.564
300.642
300.724
300.811
300.903
301
301.103
301.211
301.326
301.447
301.575
301.709
301.851
302.001
302.158
302.324
302.499
302.682
302.876
303.079
303.292
303.517
303.753
304.001
304.263
304.537
304.826
305.13
305.45
305.787
306.142
306.516
306.91
307.326
307.764
308.227
308.715
309.231
309.776
310.352
310.961
311.605
312.286
313.006
313.769
314.576
315.429
316.333
317.289
318.3
319.369
320.499
321.693
322.954
324.283
325.684
327.158
328.708
330.334
332.037
333.818
335.673
337.602
339.601
341.665
343.786
345.958
348.17
350.412
352.67
354.931
357.181
300.024
300.073
300.124
300.177
300.233
300.292
300.355
300.421
300.49
300.564
300.641
300.723
300.81
300.902
301
301.102
301.211
301.326
301.447
301.575
301.71
301.852
302.002
302.16
302.326
302.501
302.685
302.878
303.082
303.296
303.521
303.757
304.006
304.267
304.542
304.831
305.135
305.455
305.792
306.146
306.52
306.913
307.327
307.764
308.224
308.71
309.223
309.764
310.335
310.938
311.575
312.248
312.959
313.71
314.504
315.342
316.227
317.162
318.148
319.188
320.285
321.44
322.656
323.934
325.277
326.684
328.158
329.697
331.303
332.973
334.705
336.497
338.345
340.243
342.185
344.164
346.171
348.196
350.23
352.262
354.281
300.024
300.073
300.123
300.177
300.233
300.292
300.354
300.42
300.49
300.563
300.641
300.723
300.81
300.902
300.999
301.102
301.211
301.326
301.447
301.576
301.711
301.853
302.003
302.161
302.328
302.503
302.687
302.881
303.085
303.299
303.525
303.762
304.01
304.272
304.547
304.836
305.14
305.46
305.796
306.15
306.523
306.915
307.327
307.762
308.22
308.703
309.212
309.748
310.313
310.91
311.539
312.202
312.902
313.64
314.418
315.238
316.102
317.012
317.971
318.979
320.038
321.151
322.318
323.541
324.821
326.157
327.551
329.001
330.506
332.065
333.675
335.333
337.034
338.774
340.547
342.346
344.165
345.994
347.827
349.654
351.467
300.024
300.072
300.123
300.177
300.233
300.292
300.354
300.42
300.489
300.562
300.64
300.722
300.809
300.902
300.999
301.102
301.211
301.326
301.448
301.576
301.711
301.854
302.005
302.163
302.33
302.505
302.69
302.884
303.089
303.303
303.529
303.766
304.015
304.277
304.552
304.842
305.146
305.465
305.801
306.154
306.525
306.916
307.326
307.759
308.214
308.692
309.197
309.727
310.286
310.875
311.494
312.147
312.833
313.556
314.317
315.116
315.957
316.84
317.767
318.74
319.759
320.826
321.941
323.105
324.319
325.582
326.893
328.252
329.657
331.106
332.596
334.124
335.686
337.277
338.892
340.526
342.171
343.823
345.475
347.119
348.748
300.024
300.072
300.123
300.176
300.232
300.291
300.353
300.419
300.488
300.562
300.639
300.722
300.809
300.901
300.998
301.102
301.211
301.326
301.448
301.576
301.712
301.855
302.006
302.165
302.332
302.508
302.693
302.888
303.093
303.308
303.534
303.771
304.021
304.283
304.558
304.847
305.151
305.47
305.805
306.157
306.526
306.915
307.324
307.753
308.204
308.679
309.177
309.702
310.253
310.832
311.441
312.081
312.753
313.458
314.199
314.976
315.791
316.644
317.538
318.472
319.448
320.466
321.527
322.63
323.776
324.964
326.192
327.461
328.766
330.108
331.482
332.886
334.316
335.768
337.237
338.718
340.208
341.699
343.188
344.668
346.135
300.024
300.072
300.123
300.176
300.232
300.29
300.352
300.418
300.487
300.561
300.638
300.721
300.808
300.9
300.998
301.101
301.21
301.326
301.448
301.577
301.713
301.856
302.007
302.166
302.334
302.51
302.696
302.891
303.096
303.312
303.538
303.776
304.026
304.288
304.563
304.852
305.155
305.474
305.808
306.158
306.526
306.913
307.318
307.744
308.191
308.66
309.153
309.669
310.212
310.781
311.377
312.003
312.658
313.345
314.064
314.817
315.603
316.425
317.283
318.176
319.107
320.074
321.079
322.12
323.197
324.31
325.456
326.635
327.845
329.083
330.347
331.633
332.94
334.263
335.597
336.94
338.288
339.635
340.977
342.311
343.632
300.024
300.072
300.122
300.175
300.231
300.29
300.352
300.417
300.486
300.56
300.637
300.719
300.807
300.899
300.997
301.1
301.209
301.325
301.447
301.577
301.713
301.857
302.008
302.168
302.336
302.513
302.699
302.894
303.1
303.316
303.543
303.781
304.031
304.293
304.568
304.856
305.159
305.477
305.809
306.158
306.524
306.908
307.31
307.732
308.174
308.637
309.122
309.63
310.163
310.72
311.303
311.913
312.551
313.217
313.913
314.639
315.395
316.183
317.003
317.855
318.738
319.654
320.601
321.58
322.589
323.627
324.693
325.786
326.903
328.042
329.202
330.38
331.571
332.775
333.987
335.204
336.423
337.64
338.852
340.055
341.247
300.023
300.072
300.122
300.175
300.23
300.289
300.35
300.416
300.485
300.558
300.636
300.718
300.805
300.897
300.995
301.099
301.208
301.324
301.447
301.576
301.713
301.857
302.009
302.169
302.337
302.515
302.701
302.897
303.103
303.319
303.546
303.785
304.035
304.297
304.572
304.86
305.162
305.478
305.809
306.156
306.52
306.9
307.298
307.715
308.151
308.607
309.084
309.583
310.104
310.649
311.217
311.81
312.428
313.073
313.744
314.441
315.167
315.92
316.7
317.509
318.345
319.209
320.099
321.016
321.958
322.923
323.912
324.922
325.951
326.998
328.061
329.136
330.223
331.318
332.418
333.521
334.624
335.724
336.819
337.905
338.981
300.023
300.071
300.121
300.174
300.229
300.287
300.349
300.414
300.483
300.556
300.634
300.716
300.803
300.895
300.993
301.097
301.207
301.323
301.445
301.575
301.712
301.856
302.009
302.169
302.338
302.516
302.703
302.899
303.106
303.322
303.549
303.788
304.038
304.3
304.574
304.861
305.162
305.477
305.806
306.151
306.511
306.888
307.282
307.693
308.122
308.571
309.039
309.527
310.036
310.567
311.119
311.694
312.292
312.913
313.558
314.226
314.919
315.636
316.378
317.143
317.931
318.743
319.578
320.434
321.31
322.207
323.121
324.053
325
325.96
326.933
327.915
328.905
329.9
330.899
331.899
332.898
333.893
334.883
335.865
336.838
300.023
300.071
300.121
300.173
300.228
300.286
300.347
300.412
300.481
300.554
300.631
300.713
300.8
300.893
300.991
301.094
301.204
301.32
301.443
301.573
301.711
301.855
302.008
302.169
302.338
302.516
302.703
302.9
303.107
303.324
303.551
303.789
304.039
304.3
304.574
304.86
305.16
305.473
305.8
306.142
306.498
306.871
307.259
307.664
308.087
308.527
308.985
309.462
309.958
310.473
311.008
311.564
312.14
312.737
313.355
313.994
314.654
315.335
316.037
316.759
317.501
318.262
319.042
319.839
320.654
321.484
322.329
323.187
324.057
324.938
325.827
326.723
327.625
328.53
329.437
330.344
331.249
332.151
333.047
333.936
334.817
300.023
300.07
300.12
300.172
300.227
300.284
300.345
300.41
300.479
300.551
300.628
300.71
300.797
300.89
300.987
301.091
301.201
301.317
301.44
301.571
301.708
301.853
302.006
302.167
302.337
302.515
302.703
302.9
303.106
303.323
303.55
303.788
304.038
304.298
304.571
304.856
305.154
305.465
305.789
306.127
306.48
306.847
307.23
307.628
308.043
308.473
308.921
309.385
309.867
310.367
310.885
311.42
311.975
312.547
313.138
313.746
314.374
315.018
315.681
316.361
317.057
317.769
318.496
319.238
319.994
320.762
321.542
322.331
323.13
323.937
324.75
325.568
326.39
327.213
328.038
328.861
329.683
330.5
331.313
332.119
332.917
300.023
300.07
300.119
300.171
300.225
300.282
300.343
300.407
300.476
300.548
300.625
300.707
300.793
300.885
300.983
301.087
301.197
301.313
301.436
301.567
301.704
301.849
302.002
302.164
302.333
302.512
302.7
302.897
303.103
303.32
303.547
303.785
304.033
304.293
304.564
304.848
305.143
305.451
305.773
306.107
306.455
306.817
307.193
307.584
307.989
308.41
308.846
309.298
309.765
310.248
310.748
311.263
311.794
312.342
312.905
313.484
314.079
314.688
315.312
315.951
316.603
317.269
317.946
318.636
319.336
320.046
320.765
321.491
322.225
322.964
323.708
324.455
325.204
325.954
326.704
327.453
328.199
328.941
329.678
330.41
331.134
300.023
300.069
300.118
300.169
300.223
300.28
300.34
300.404
300.472
300.544
300.621
300.702
300.788
300.88
300.978
301.081
301.191
301.307
301.431
301.561
301.698
301.844
301.997
302.158
302.328
302.506
302.694
302.891
303.097
303.314
303.54
303.777
304.024
304.283
304.552
304.834
305.127
305.432
305.749
306.079
306.422
306.778
307.147
307.529
307.926
308.336
308.76
309.198
309.65
310.116
310.597
311.092
311.6
312.123
312.659
313.208
313.771
314.346
314.933
315.533
316.143
316.764
317.395
318.035
318.684
319.34
320.003
320.671
321.345
322.022
322.703
323.386
324.07
324.753
325.436
326.118
326.796
327.471
328.141
328.806
329.464
300.022
300.068
300.117
300.167
300.221
300.277
300.337
300.4
300.467
300.539
300.615
300.696
300.782
300.874
300.971
301.074
301.184
301.3
301.423
301.553
301.69
301.835
301.988
302.15
302.319
302.497
302.685
302.881
303.087
303.303
303.528
303.764
304.01
304.266
304.534
304.813
305.102
305.404
305.717
306.042
306.379
306.728
307.089
307.463
307.849
308.248
308.66
309.084
309.521
309.97
310.431
310.905
311.391
311.889
312.399
312.919
313.451
313.993
314.545
315.107
315.678
316.257
316.844
317.439
318.039
318.646
319.257
319.873
320.492
321.113
321.737
322.361
322.986
323.61
324.233
324.854
325.472
326.086
326.696
327.301
327.901
300.022
300.067
300.115
300.165
300.218
300.274
300.333
300.395
300.462
300.533
300.609
300.689
300.775
300.866
300.962
301.065
301.174
301.29
301.413
301.542
301.679
301.824
301.977
302.137
302.307
302.484
302.671
302.866
303.071
303.286
303.51
303.744
303.988
304.243
304.507
304.783
305.069
305.366
305.674
305.994
306.324
306.666
307.019
307.383
307.759
308.146
308.545
308.955
309.376
309.807
310.25
310.703
311.167
311.641
312.124
312.617
313.119
313.63
314.149
314.675
315.209
315.749
316.295
316.847
317.404
317.964
318.529
319.096
319.665
320.236
320.808
321.38
321.952
322.523
323.091
323.658
324.221
324.781
325.337
325.889
326.435
300.022
300.066
300.113
300.162
300.214
300.269
300.328
300.39
300.456
300.526
300.601
300.681
300.765
300.856
300.952
301.054
301.163
301.278
301.4
301.529
301.665
301.809
301.961
302.121
302.289
302.466
302.651
302.846
303.049
303.262
303.484
303.716
303.958
304.209
304.471
304.743
305.025
305.317
305.619
305.932
306.256
306.589
306.934
307.288
307.653
308.028
308.413
308.808
309.213
309.628
310.051
310.484
310.926
311.376
311.835
312.301
312.775
313.255
313.742
314.236
314.734
315.238
315.747
316.259
316.775
317.294
317.816
318.339
318.863
319.388
319.913
320.438
320.962
321.484
322.004
322.522
323.036
323.548
324.055
324.558
325.056
300.021
300.065
300.111
300.159
300.211
300.265
300.322
300.383
300.448
300.518
300.591
300.67
300.754
300.844
300.939
301.04
301.148
301.262
301.383
301.511
301.646
301.789
301.94
302.099
302.266
302.441
302.625
302.818
303.019
303.23
303.45
303.679
303.917
304.165
304.423
304.69
304.967
305.253
305.549
305.855
306.171
306.496
306.831
307.175
307.528
307.89
308.262
308.642
309.031
309.428
309.833
310.246
310.666
311.093
311.528
311.968
312.415
312.867
313.324
313.786
314.253
314.723
315.196
315.672
316.151
316.632
317.114
317.597
318.08
318.563
319.046
319.528
320.008
320.487
320.963
321.437
321.908
322.375
322.838
323.297
323.752
300.021
300.064
300.109
300.156
300.206
300.259
300.315
300.375
300.439
300.508
300.58
300.658
300.741
300.829
300.923
301.023
301.129
301.242
301.362
301.489
301.623
301.764
301.913
302.07
302.235
302.409
302.59
302.781
302.979
303.187
303.404
303.629
303.864
304.107
304.36
304.622
304.893
305.173
305.462
305.76
306.067
306.383
306.707
307.04
307.381
307.73
308.088
308.453
308.825
309.205
309.591
309.984
310.383
310.788
311.199
311.615
312.036
312.461
312.89
313.323
313.759
314.197
314.638
315.081
315.525
315.971
316.417
316.863
317.309
317.754
318.198
318.641
319.082
319.521
319.958
320.392
320.823
321.25
321.674
322.093
322.509
300.02
300.062
300.106
300.152
300.201
300.253
300.308
300.366
300.429
300.496
300.567
300.643
300.725
300.812
300.904
301.002
301.107
301.218
301.336
301.461
301.593
301.732
301.879
302.034
302.197
302.367
302.546
302.733
302.929
303.132
303.345
303.566
303.796
304.034
304.281
304.537
304.801
305.073
305.354
305.643
305.941
306.246
306.56
306.88
307.209
307.544
307.887
308.236
308.592
308.954
309.322
309.695
310.074
310.457
310.845
311.237
311.633
312.032
312.435
312.839
313.247
313.656
314.066
314.478
314.89
315.303
315.715
316.128
316.539
316.95
317.359
317.766
318.171
318.575
318.975
319.372
319.767
320.158
320.545
320.929
321.308
300.02
300.06
300.103
300.147
300.195
300.245
300.299
300.356
300.417
300.482
300.552
300.626
300.706
300.791
300.881
300.978
301.08
301.189
301.305
301.427
301.557
301.694
301.838
301.989
302.148
302.316
302.491
302.674
302.865
303.064
303.271
303.487
303.711
303.943
304.183
304.431
304.687
304.951
305.223
305.502
305.789
306.083
306.385
306.693
307.008
307.329
307.656
307.989
308.328
308.672
309.021
309.374
309.732
310.094
310.459
310.828
311.2
311.574
311.95
312.329
312.708
313.089
313.471
313.853
314.235
314.617
314.999
315.38
315.759
316.138
316.514
316.889
317.261
317.631
317.998
318.362
318.723
319.081
319.435
319.785
320.132
300.019
300.058
300.099
300.142
300.188
300.237
300.289
300.344
300.403
300.466
300.534
300.607
300.684
300.767
300.855
300.949
301.049
301.155
301.268
301.387
301.513
301.647
301.787
301.935
302.09
302.253
302.423
302.601
302.786
302.98
303.181
303.39
303.607
303.831
304.063
304.303
304.55
304.804
305.065
305.334
305.609
305.891
306.179
306.473
306.773
307.079
307.39
307.706
308.027
308.352
308.682
309.015
309.352
309.692
310.035
310.381
310.728
311.078
311.429
311.781
312.135
312.488
312.843
313.197
313.55
313.903
314.255
314.606
314.956
315.304
315.649
315.993
316.334
316.673
317.009
317.342
317.672
317.999
318.322
318.641
318.957
300.018
300.056
300.095
300.136
300.18
300.227
300.277
300.33
300.388
300.449
300.514
300.584
300.659
300.739
300.824
300.915
301.012
301.115
301.224
301.34
301.462
301.591
301.727
301.87
302.02
302.177
302.342
302.513
302.693
302.879
303.073
303.274
303.482
303.698
303.92
304.15
304.386
304.629
304.879
305.135
305.397
305.665
305.938
306.217
306.502
306.791
307.084
307.382
307.685
307.991
308.3
308.613
308.928
309.246
309.566
309.888
310.212
310.537
310.863
311.189
311.516
311.843
312.17
312.497
312.822
313.147
313.471
313.793
314.113
314.432
314.749
315.063
315.375
315.684
315.99
316.294
316.594
316.891
317.185
317.476
317.762
300.017
300.053
300.09
300.13
300.172
300.217
300.264
300.315
300.37
300.429
300.491
300.559
300.63
300.707
300.789
300.877
300.97
301.069
301.174
301.285
301.402
301.526
301.657
301.794
301.938
302.089
302.246
302.411
302.582
302.761
302.946
303.137
303.336
303.541
303.753
303.971
304.195
304.426
304.662
304.904
305.151
305.404
305.661
305.923
306.19
306.461
306.737
307.015
307.297
307.583
307.871
308.162
308.454
308.749
309.046
309.344
309.643
309.943
310.243
310.543
310.844
311.144
311.444
311.743
312.041
312.338
312.634
312.927
313.219
313.509
313.797
314.083
314.366
314.647
314.924
315.199
315.471
315.74
316.005
316.268
316.527
300.016
300.05
300.086
300.123
300.163
300.205
300.251
300.299
300.351
300.407
300.467
300.531
300.599
300.672
300.751
300.834
300.923
301.017
301.117
301.223
301.335
301.453
301.577
301.708
301.845
301.988
302.137
302.293
302.456
302.625
302.8
302.981
303.168
303.362
303.561
303.766
303.976
304.192
304.414
304.64
304.871
305.107
305.347
305.591
305.839
306.09
306.345
306.603
306.864
307.127
307.393
307.66
307.93
308.2
308.472
308.745
309.018
309.292
309.566
309.84
310.113
310.386
310.658
310.93
311.2
311.468
311.735
312.001
312.264
312.526
312.785
313.042
313.297
313.549
313.798
314.045
314.289
314.53
314.768
315.003
315.234
300.015
300.047
300.08
300.116
300.153
300.193
300.236
300.282
300.331
300.383
300.44
300.5
300.565
300.634
300.708
300.787
300.871
300.96
301.055
301.155
301.261
301.372
301.489
301.612
301.741
301.876
302.016
302.163
302.315
302.473
302.636
302.806
302.981
303.161
303.346
303.537
303.732
303.932
304.137
304.346
304.56
304.777
304.998
305.222
305.449
305.68
305.913
306.149
306.387
306.627
306.868
307.111
307.355
307.601
307.847
308.093
308.34
308.587
308.833
309.079
309.325
309.57
309.813
310.056
310.297
310.537
310.775
311.012
311.247
311.479
311.71
311.938
312.164
312.387
312.608
312.827
313.043
313.256
313.466
313.674
313.878
300.014
300.044
300.075
300.108
300.143
300.181
300.221
300.263
300.309
300.359
300.412
300.469
300.529
300.595
300.664
300.738
300.817
300.9
300.989
301.082
301.181
301.285
301.395
301.509
301.629
301.755
301.885
302.021
302.162
302.309
302.46
302.617
302.778
302.944
303.114
303.289
303.468
303.651
303.838
304.029
304.223
304.421
304.621
304.825
305.03
305.239
305.449
305.661
305.875
306.09
306.306
306.524
306.742
306.96
307.179
307.398
307.617
307.835
308.054
308.271
308.488
308.704
308.918
309.132
309.344
309.554
309.763
309.97
310.176
310.379
310.58
310.78
310.977
311.171
311.364
311.554
311.742
311.927
312.109
312.289
312.467
300.013
300.041
300.07
300.1
300.133
300.168
300.205
300.245
300.288
300.334
300.384
300.437
300.493
300.554
300.619
300.688
300.761
300.839
300.921
301.008
301.1
301.196
301.298
301.404
301.514
301.63
301.75
301.875
302.005
302.139
302.277
302.42
302.567
302.718
302.873
303.032
303.194
303.36
303.528
303.7
303.875
304.052
304.231
304.413
304.596
304.781
304.968
305.155
305.344
305.534
305.725
305.915
306.107
306.298
306.489
306.681
306.871
307.061
307.251
307.44
307.627
307.814
307.999
308.184
308.366
308.547
308.727
308.905
309.081
309.255
309.427
309.597
309.766
309.932
310.096
310.258
310.417
310.575
310.73
310.883
311.033
300.012
300.038
300.065
300.093
300.124
300.156
300.191
300.228
300.268
300.311
300.357
300.406
300.459
300.515
300.575
300.639
300.707
300.779
300.856
300.936
301.021
301.11
301.203
301.3
301.402
301.508
301.618
301.732
301.85
301.972
302.098
302.228
302.361
302.497
302.637
302.779
302.925
303.073
303.224
303.377
303.532
303.688
303.847
304.007
304.168
304.331
304.494
304.658
304.823
304.988
305.153
305.318
305.484
305.649
305.813
305.978
306.141
306.304
306.466
306.627
306.786
306.945
307.102
307.258
307.412
307.565
307.716
307.866
308.014
308.16
308.304
308.447
308.587
308.726
308.863
308.998
309.13
309.261
309.39
309.517
309.641
300.012
300.035
300.06
300.087
300.115
300.145
300.178
300.213
300.25
300.29
300.333
300.379
300.428
300.481
300.537
300.596
300.659
300.726
300.797
300.871
300.95
301.032
301.118
301.207
301.301
301.398
301.499
301.603
301.711
301.822
301.937
302.054
302.174
302.297
302.423
302.551
302.681
302.813
302.948
303.083
303.22
303.359
303.499
303.639
303.78
303.922
304.065
304.207
304.35
304.493
304.636
304.778
304.92
305.061
305.202
305.342
305.481
305.619
305.756
305.892
306.027
306.16
306.292
306.423
306.552
306.68
306.806
306.93
307.053
307.174
307.293
307.411
307.527
307.641
307.753
307.863
307.972
308.079
308.184
308.287
308.389
300.011
300.033
300.057
300.082
300.109
300.137
300.168
300.201
300.236
300.274
300.314
300.358
300.404
300.454
300.506
300.562
300.622
300.685
300.751
300.821
300.894
300.971
301.051
301.135
301.222
301.312
301.405
301.502
301.602
301.704
301.809
301.917
302.027
302.14
302.254
302.371
302.489
302.608
302.729
302.852
302.975
303.099
303.223
303.349
303.474
303.6
303.726
303.852
303.978
304.103
304.228
304.352
304.476
304.599
304.721
304.842
304.962
305.08
305.198
305.314
305.429
305.543
305.655
305.766
305.875
305.983
306.089
306.194
306.297
306.398
306.498
306.596
306.693
306.787
306.881
306.972
307.062
307.15
307.236
307.321
307.405
300.011
300.032
300.055
300.079
300.105
300.133
300.162
300.194
300.228
300.265
300.304
300.346
300.39
300.438
300.489
300.543
300.6
300.661
300.725
300.792
300.862
300.936
301.013
301.093
301.176
301.262
301.352
301.444
301.539
301.636
301.736
301.839
301.943
302.049
302.157
302.267
302.378
302.49
302.604
302.718
302.833
302.949
303.065
303.182
303.298
303.415
303.531
303.647
303.763
303.878
303.993
304.107
304.22
304.332
304.444
304.554
304.663
304.771
304.877
304.982
305.086
305.188
305.289
305.389
305.487
305.583
305.678
305.771
305.863
305.953
306.041
306.128
306.213
306.297
306.379
306.459
306.538
306.615
306.691
306.765
306.838
396.667
404.756
411.546
417.446
422.659
427.294
431.411
435.044
438.206
440.898
443.106
444.809
445.97
446.541
446.457
445.627
443.925
441.158
437
430.799
420.919
414.056
408.665
404.143
400.2
396.674
393.462
390.495
387.725
385.116
382.64
380.277
378.009
375.824
373.709
371.657
369.659
367.71
365.803
363.935
362.1
360.297
358.521
356.772
355.048
353.347
351.669
350.015
348.385
346.779
345.198
343.644
342.118
340.621
339.155
337.721
336.321
334.956
333.627
332.336
331.083
329.869
328.695
327.56
326.466
325.412
324.398
323.423
322.487
321.589
320.727
319.902
319.112
318.356
317.633
316.94
316.277
315.643
315.037
314.456
313.899
313.366
312.854
312.363
311.892
311.44
311.004
310.585
310.182
309.793
309.418
309.055
308.705
308.367
308.04
307.724
307.417
307.12
306.832
306.553
306.283
306.021
305.766
305.52
305.281
305.049
304.824
304.606
304.394
304.19
303.991
303.799
303.614
303.434
303.26
303.093
302.931
302.775
302.624
302.479
302.34
302.206
302.077
301.953
301.835
301.721
301.613
301.509
301.411
301.316
301.227
301.142
301.061
300.984
300.912
300.843
300.778
300.717
300.66
300.606
300.556
300.509
300.464
300.423
300.385
300.349
300.316
300.286
300.258
300.232
300.208
300.186
300.166
300.148
300.131
300.116
300.103
300.09
300.079
300.069
300.061
391.907
398.961
405.288
410.95
416.026
420.576
424.641
428.241
431.385
434.068
436.278
437.991
439.171
439.772
439.732
438.969
437.373
434.792
431.013
425.775
419.042
413.146
408.131
403.79
399.948
396.485
393.315
390.378
387.63
385.038
382.575
380.222
377.962
375.783
373.674
371.626
369.632
367.686
365.782
363.915
362.083
360.281
358.506
356.758
355.034
353.334
351.657
350.003
348.373
346.767
345.187
343.632
342.106
340.609
339.143
337.709
336.309
334.944
333.616
332.325
331.072
329.858
328.684
327.55
326.457
325.403
324.389
323.414
322.479
321.581
320.72
319.896
319.106
318.35
317.627
316.935
316.273
315.639
315.033
314.452
313.896
313.363
312.851
312.361
311.89
311.438
311.002
310.584
310.18
309.791
309.416
309.054
308.705
308.367
308.039
307.723
307.417
307.12
306.832
306.553
306.283
306.021
305.766
305.52
305.28
305.049
304.824
304.606
304.394
304.19
303.991
303.799
303.614
303.434
303.26
303.093
302.931
302.775
302.624
302.479
302.34
302.206
302.077
301.953
301.835
301.722
301.613
301.509
301.411
301.316
301.227
301.142
301.061
300.984
300.912
300.843
300.778
300.718
300.66
300.606
300.556
300.509
300.464
300.423
300.385
300.349
300.316
300.286
300.258
300.232
300.208
300.186
300.166
300.148
300.131
300.116
300.103
300.09
300.079
300.069
300.061
387.788
393.85
399.552
404.818
409.637
414.015
417.963
421.486
424.581
427.24
429.444
431.17
432.384
433.041
433.089
432.457
431.063
428.807
425.589
421.372
416.38
411.515
407.067
403.05
399.409
396.076
392.997
390.125
387.425
384.868
382.433
380.102
377.86
375.695
373.598
371.559
369.573
367.634
365.735
363.874
362.045
360.246
358.475
356.728
355.006
353.307
351.631
349.978
348.348
346.743
345.162
343.609
342.082
340.586
339.12
337.686
336.286
334.922
333.593
332.303
331.05
329.837
328.664
327.531
326.438
325.385
324.372
323.398
322.464
321.567
320.707
319.883
319.095
318.34
317.617
316.926
316.265
315.632
315.026
314.446
313.89
313.358
312.847
312.357
311.887
311.435
311
310.581
310.178
309.79
309.415
309.053
308.704
308.366
308.039
307.723
307.416
307.119
306.832
306.553
306.283
306.021
305.766
305.52
305.281
305.049
304.824
304.606
304.395
304.19
303.992
303.8
303.614
303.434
303.261
303.093
302.931
302.775
302.625
302.48
302.34
302.206
302.077
301.954
301.835
301.722
301.613
301.51
301.411
301.317
301.227
301.142
301.061
300.985
300.912
300.843
300.779
300.718
300.66
300.607
300.556
300.509
300.465
300.423
300.385
300.35
300.317
300.286
300.258
300.232
300.208
300.186
300.166
300.148
300.131
300.116
300.103
300.09
300.079
300.069
300.061
383.916
389.168
394.248
399.057
403.543
407.682
411.457
414.858
417.872
420.483
422.67
424.408
425.664
426.399
426.567
426.117
424.989
423.132
420.514
417.179
413.326
409.361
405.529
401.924
398.561
395.422
392.482
389.712
387.09
384.592
382.203
379.908
377.695
375.553
373.475
371.452
369.479
367.55
365.661
363.807
361.984
360.191
358.423
356.681
354.961
353.264
351.59
349.938
348.309
346.705
345.125
343.571
342.046
340.549
339.084
337.651
336.251
334.888
333.56
332.271
331.019
329.808
328.636
327.504
326.412
325.361
324.349
323.377
322.443
321.548
320.69
319.867
319.08
318.326
317.605
316.915
316.255
315.623
315.018
314.439
313.884
313.353
312.843
312.353
311.884
311.432
310.998
310.58
310.177
309.789
309.415
309.053
308.704
308.366
308.039
307.723
307.417
307.12
306.833
306.554
306.284
306.022
305.768
305.521
305.282
305.05
304.825
304.607
304.396
304.191
303.993
303.801
303.615
303.435
303.262
303.094
302.932
302.776
302.626
302.481
302.341
302.207
302.078
301.954
301.836
301.723
301.614
301.51
301.412
301.317
301.228
301.142
301.062
300.985
300.912
300.844
300.779
300.718
300.661
300.607
300.556
300.509
300.465
300.424
300.385
300.35
300.317
300.286
300.258
300.232
300.208
300.186
300.166
300.148
300.131
300.116
300.103
300.091
300.079
300.07
300.061
380.172
384.767
389.281
393.63
397.753
401.611
405.172
408.415
411.318
413.859
416.014
417.757
419.058
419.883
420.194
419.953
419.125
417.685
415.636
413.036
410.026
406.818
403.585
400.429
397.397
394.505
391.748
389.119
386.605
384.193
381.871
379.629
377.458
375.35
373.299
371.299
369.345
367.431
365.555
363.711
361.898
360.111
358.35
356.613
354.897
353.204
351.532
349.882
348.255
346.652
345.073
343.521
341.996
340.501
339.036
337.604
336.206
334.844
333.518
332.23
330.981
329.77
328.6
327.47
326.381
325.331
324.322
323.352
322.42
321.527
320.67
319.85
319.065
318.313
317.593
316.904
316.246
315.615
315.012
314.434
313.88
313.349
312.84
312.352
311.882
311.432
310.998
310.58
310.178
309.79
309.416
309.055
308.706
308.368
308.042
307.726
307.419
307.123
306.835
306.557
306.286
306.024
305.77
305.524
305.284
305.052
304.827
304.609
304.398
304.193
303.995
303.803
303.617
303.437
303.264
303.096
302.934
302.778
302.627
302.482
302.342
302.208
302.079
301.956
301.837
301.724
301.615
301.511
301.412
301.318
301.229
301.143
301.062
300.986
300.913
300.844
300.78
300.719
300.661
300.607
300.557
300.51
300.465
300.424
300.386
300.35
300.317
300.286
300.258
300.232
300.208
300.186
300.166
300.148
300.132
300.117
300.103
300.091
300.08
300.07
300.061
376.515
380.566
384.582
388.496
392.254
395.813
399.136
402.195
404.963
407.414
409.523
411.263
412.606
413.523
413.984
413.963
413.437
412.398
410.861
408.877
406.539
403.972
401.294
398.591
395.92
393.311
390.778
388.325
385.95
383.649
381.417
379.247
377.135
375.075
373.062
371.093
369.163
367.271
365.412
363.583
361.782
360.005
358.253
356.522
354.813
353.124
351.456
349.81
348.186
346.585
345.008
343.458
341.935
340.442
338.979
337.549
336.153
334.793
333.469
332.184
330.937
329.729
328.562
327.434
326.347
325.301
324.294
323.326
322.397
321.506
320.652
319.834
319.051
318.301
317.583
316.896
316.239
315.61
315.008
314.431
313.879
313.349
312.841
312.353
311.885
311.435
311.001
310.584
310.183
309.795
309.421
309.06
308.711
308.374
308.047
307.731
307.425
307.128
306.841
306.562
306.291
306.029
305.775
305.528
305.289
305.057
304.832
304.613
304.402
304.197
303.998
303.806
303.62
303.44
303.266
303.099
302.936
302.78
302.629
302.484
302.344
302.21
302.081
301.957
301.839
301.725
301.617
301.513
301.414
301.319
301.23
301.144
301.063
300.987
300.914
300.845
300.781
300.719
300.662
300.608
300.557
300.51
300.466
300.425
300.386
300.351
300.317
300.287
300.259
300.233
300.209
300.187
300.167
300.148
300.132
300.117
300.103
300.091
300.08
300.07
300.061
372.935
376.526
380.104
383.62
387.028
390.287
393.363
396.223
398.839
401.185
403.234
404.96
406.338
407.342
407.949
408.139
407.899
407.228
406.14
404.675
402.894
400.877
398.702
396.439
394.139
391.837
389.557
387.31
385.104
382.942
380.823
378.747
376.711
374.713
372.752
370.825
368.929
367.064
365.228
363.418
361.633
359.87
358.129
356.408
354.707
353.025
351.363
349.721
348.101
346.504
344.931
343.384
341.864
340.374
338.914
337.487
336.095
334.738
333.417
332.135
330.891
329.687
328.523
327.399
326.315
325.272
324.268
323.304
322.378
321.49
320.638
319.823
319.042
318.294
317.579
316.894
316.238
315.611
315.01
314.435
313.883
313.355
312.847
312.36
311.893
311.443
311.01
310.594
310.192
309.805
309.431
309.07
308.721
308.383
308.057
307.74
307.434
307.137
306.849
306.57
306.3
306.037
305.782
305.535
305.296
305.063
304.838
304.619
304.407
304.202
304.003
303.811
303.625
303.445
303.271
303.102
302.94
302.783
302.633
302.487
302.347
302.213
302.084
301.96
301.841
301.727
301.618
301.515
301.415
301.321
301.231
301.146
301.065
300.988
300.915
300.846
300.782
300.72
300.663
300.609
300.558
300.511
300.467
300.425
300.387
300.351
300.318
300.287
300.259
300.233
300.209
300.187
300.167
300.149
300.132
300.117
300.103
300.091
300.08
300.07
300.061
369.432
372.626
375.821
378.977
382.058
385.029
387.857
390.514
392.97
395.199
397.176
398.877
400.278
401.358
402.096
402.479
402.497
402.15
401.45
400.425
399.116
397.573
395.851
394.002
392.069
390.085
388.077
386.061
384.05
382.051
380.069
378.107
376.167
374.25
372.355
370.482
368.632
366.804
364.997
363.212
361.447
359.702
357.976
356.268
354.578
352.905
351.251
349.617
348.004
346.412
344.844
343.302
341.787
340.301
338.846
337.423
336.035
334.682
333.366
332.088
330.848
329.648
328.488
327.368
326.289
325.249
324.249
323.288
322.365
321.48
320.632
319.819
319.04
318.295
317.582
316.899
316.245
315.619
315.02
314.446
313.895
313.368
312.861
312.375
311.908
311.458
311.026
310.609
310.208
309.82
309.446
309.085
308.736
308.398
308.071
307.754
307.448
307.15
306.862
306.583
306.311
306.048
305.793
305.546
305.306
305.073
304.847
304.628
304.415
304.21
304.011
303.818
303.631
303.451
303.276
303.108
302.945
302.788
302.637
302.491
302.351
302.216
302.087
301.963
301.844
301.73
301.621
301.517
301.418
301.323
301.233
301.148
301.066
300.989
300.917
300.848
300.783
300.722
300.664
300.61
300.559
300.512
300.467
300.426
300.388
300.352
300.319
300.288
300.26
300.233
300.209
300.187
300.167
300.149
300.132
300.117
300.104
300.091
300.08
300.07
300.061
366.009
368.859
371.715
374.548
377.329
380.029
382.62
385.075
387.368
389.474
391.371
393.035
394.446
395.585
396.435
396.984
397.225
397.157
396.788
396.136
395.227
394.095
392.778
391.312
389.731
388.065
386.338
384.569
382.772
380.958
379.135
377.31
375.486
373.666
371.854
370.051
368.259
366.479
364.712
362.959
361.221
359.499
357.792
356.101
354.425
352.766
351.123
349.499
347.894
346.31
344.75
343.215
341.706
340.226
338.777
337.36
335.977
334.63
333.319
332.046
330.812
329.617
328.462
327.346
326.271
325.235
324.239
323.282
322.363
321.481
320.636
319.826
319.05
318.307
317.595
316.914
316.262
315.638
315.04
314.467
313.917
313.39
312.884
312.398
311.931
311.482
311.05
310.633
310.231
309.844
309.469
309.108
308.758
308.419
308.092
307.774
307.467
307.169
306.88
306.6
306.328
306.064
305.808
305.56
305.319
305.085
304.859
304.639
304.426
304.22
304.02
303.827
303.64
303.459
303.284
303.115
302.952
302.794
302.643
302.497
302.356
302.221
302.091
301.967
301.848
301.733
301.624
301.52
301.42
301.326
301.235
301.15
301.068
300.991
300.918
300.849
300.784
300.723
300.665
300.611
300.56
300.513
300.468
300.427
300.388
300.352
300.319
300.289
300.26
300.234
300.21
300.188
300.168
300.149
300.133
300.118
300.104
300.091
300.08
300.07
300.061
362.675
365.223
367.78
370.324
372.833
375.282
377.649
379.909
382.041
384.022
385.831
387.448
388.856
390.036
390.975
391.661
392.088
392.254
392.162
391.824
391.256
390.479
389.519
388.401
387.151
385.793
384.348
382.833
381.264
379.652
378.006
376.336
374.647
372.944
371.233
369.515
367.796
366.077
364.362
362.652
360.95
359.256
357.574
355.905
354.248
352.606
350.978
349.367
347.774
346.202
344.651
343.125
341.625
340.153
338.712
337.302
335.927
334.586
333.282
332.015
330.786
329.597
328.447
327.337
326.266
325.235
324.243
323.29
322.374
321.496
320.654
319.846
319.073
318.332
317.622
316.943
316.292
315.669
315.072
314.5
313.951
313.424
312.918
312.433
311.966
311.516
311.083
310.666
310.264
309.876
309.501
309.138
308.788
308.448
308.12
307.801
307.493
307.194
306.904
306.623
306.35
306.085
305.828
305.579
305.337
305.102
304.875
304.654
304.44
304.233
304.033
303.838
303.65
303.469
303.293
303.123
302.96
302.802
302.65
302.503
302.362
302.227
302.097
301.972
301.852
301.738
301.628
301.523
301.424
301.329
301.238
301.152
301.071
300.994
300.921
300.851
300.786
300.725
300.667
300.613
300.562
300.514
300.47
300.428
300.389
300.353
300.32
300.289
300.261
300.235
300.21
300.188
300.168
300.15
300.133
300.118
300.104
300.092
300.08
300.07
300.061
359.438
361.718
364.01
366.297
368.56
370.78
372.938
375.015
376.99
378.846
380.564
382.126
383.516
384.719
385.723
386.517
387.094
387.451
387.589
387.512
387.231
386.758
386.11
385.305
384.36
383.294
382.123
380.862
379.526
378.126
376.672
375.173
373.635
372.067
370.473
368.858
367.227
365.585
363.934
362.279
360.623
358.969
357.319
355.678
354.046
352.425
350.817
349.223
347.646
346.088
344.551
343.036
341.548
340.086
338.654
337.254
335.887
334.554
333.257
331.998
330.776
329.593
328.449
327.344
326.278
325.252
324.264
323.315
322.403
321.528
320.688
319.883
319.112
318.373
317.665
316.987
316.337
315.715
315.119
314.547
313.998
313.472
312.966
312.48
312.012
311.562
311.129
310.711
310.308
309.918
309.542
309.179
308.827
308.486
308.156
307.837
307.527
307.226
306.935
306.652
306.378
306.112
305.853
305.603
305.359
305.124
304.895
304.673
304.458
304.25
304.048
303.853
303.664
303.481
303.305
303.134
302.97
302.811
302.658
302.511
302.37
302.234
302.103
301.978
301.858
301.743
301.633
301.528
301.428
301.332
301.242
301.156
301.074
300.996
300.923
300.854
300.788
300.727
300.669
300.614
300.563
300.515
300.471
300.429
300.39
300.354
300.321
300.29
300.262
300.235
300.211
300.189
300.169
300.15
300.133
300.118
300.104
300.092
300.081
300.071
300.062
356.304
358.349
360.406
362.463
364.505
366.517
368.484
370.388
372.215
373.948
375.572
377.072
378.433
379.642
380.688
381.562
382.255
382.764
383.087
383.225
383.184
382.969
382.591
382.061
381.391
380.594
379.684
378.671
377.567
376.384
375.129
373.812
372.44
371.021
369.56
368.063
366.537
364.986
363.415
361.828
360.231
358.628
357.021
355.415
353.814
352.222
350.639
349.067
347.511
345.971
344.45
342.951
341.476
340.028
338.608
337.218
335.861
334.538
333.25
331.998
330.784
329.607
328.47
327.371
326.31
325.289
324.305
323.36
322.451
321.579
320.742
319.939
319.17
318.433
317.726
317.049
316.4
315.778
315.182
314.61
314.062
313.535
313.028
312.542
312.073
311.622
311.188
310.768
310.364
309.973
309.595
309.23
308.876
308.534
308.202
307.881
307.569
307.267
306.973
306.689
306.413
306.145
305.885
305.632
305.387
305.15
304.92
304.696
304.48
304.27
304.067
303.871
303.681
303.497
303.319
303.148
302.982
302.823
302.669
302.521
302.379
302.242
302.111
301.985
301.864
301.748
301.638
301.533
301.432
301.337
301.246
301.159
301.077
300.999
300.926
300.856
300.791
300.729
300.671
300.616
300.565
300.517
300.472
300.43
300.392
300.355
300.322
300.291
300.262
300.236
300.212
300.19
300.169
300.151
300.134
300.119
300.105
300.092
300.081
300.071
300.062
353.282
355.118
356.968
358.82
360.664
362.487
364.279
366.024
367.711
369.326
370.855
372.287
373.609
374.809
375.877
376.804
377.584
378.21
378.679
378.99
379.145
379.145
378.997
378.706
378.281
377.729
377.06
376.282
375.404
374.434
373.382
372.253
371.056
369.797
368.483
367.119
365.712
364.267
362.79
361.286
359.762
358.222
356.67
355.112
353.551
351.993
350.441
348.898
347.367
345.85
344.35
342.87
341.412
339.979
338.574
337.197
335.852
334.54
333.262
332.019
330.813
329.644
328.513
327.42
326.365
325.348
324.369
323.427
322.522
321.653
320.818
320.017
319.25
318.513
317.808
317.131
316.483
315.861
315.265
314.693
314.143
313.616
313.108
312.62
312.151
311.698
311.262
310.841
310.434
310.041
309.661
309.294
308.938
308.593
308.259
307.936
307.621
307.317
307.021
306.734
306.456
306.185
305.923
305.669
305.422
305.182
304.95
304.725
304.506
304.295
304.09
303.892
303.701
303.515
303.336
303.164
302.997
302.836
302.682
302.533
302.389
302.252
302.12
301.993
301.871
301.755
301.644
301.538
301.437
301.341
301.25
301.163
301.081
301.003
300.929
300.859
300.793
300.731
300.673
300.618
300.567
300.519
300.474
300.432
300.393
300.357
300.323
300.292
300.263
300.237
300.212
300.19
300.17
300.151
300.134
300.119
300.105
300.093
300.081
300.071
300.062
350.38
352.03
353.695
355.364
357.031
358.685
360.317
361.916
363.472
364.973
366.409
367.769
369.043
370.221
371.294
372.253
373.092
373.804
374.385
374.832
375.144
375.322
375.366
375.279
375.067
374.733
374.282
373.722
373.057
372.295
371.442
370.503
369.485
368.394
367.235
366.016
364.74
363.416
362.047
360.641
359.203
357.739
356.255
354.756
353.248
351.733
350.221
348.713
347.213
345.724
344.25
342.793
341.356
339.942
338.554
337.193
335.862
334.562
333.295
332.063
330.866
329.705
328.581
327.495
326.446
325.434
324.459
323.52
322.618
321.751
320.919
320.12
319.353
318.618
317.913
317.237
316.588
315.966
315.369
314.796
314.245
313.716
313.208
312.718
312.246
311.791
311.353
310.929
310.52
310.125
309.742
309.372
309.013
308.666
308.329
308.002
307.685
307.377
307.079
306.789
306.508
306.235
305.97
305.712
305.463
305.221
304.986
304.759
304.538
304.325
304.118
303.918
303.724
303.537
303.357
303.182
303.014
302.852
302.696
302.546
302.402
302.263
302.13
302.002
301.88
301.763
301.651
301.545
301.444
301.347
301.255
301.168
301.085
301.007
300.932
300.862
300.796
300.734
300.675
300.62
300.569
300.52
300.475
300.433
300.394
300.358
300.324
300.293
300.264
300.238
300.213
300.191
300.17
300.152
300.135
300.119
300.105
300.093
300.082
300.071
300.062
347.603
349.088
350.588
352.095
353.603
355.104
356.591
358.056
359.489
360.883
362.227
363.514
364.735
365.88
366.943
367.915
368.789
369.56
370.224
370.775
371.211
371.53
371.732
371.817
371.786
371.642
371.386
371.023
370.556
369.99
369.327
368.574
367.735
366.815
365.818
364.75
363.617
362.424
361.176
359.881
358.543
357.169
355.765
354.339
352.894
351.437
349.971
348.506
347.045
345.591
344.148
342.719
341.307
339.916
338.548
337.205
335.89
334.605
333.351
332.13
330.944
329.792
328.676
327.597
326.553
325.547
324.576
323.641
322.742
321.878
321.047
320.249
319.484
318.749
318.044
317.367
316.718
316.095
315.497
314.923
314.371
313.84
313.329
312.836
312.362
311.905
311.463
311.037
310.625
310.226
309.84
309.466
309.104
308.753
308.412
308.082
307.761
307.45
307.148
306.854
306.57
306.293
306.025
305.764
305.512
305.267
305.029
304.799
304.576
304.359
304.15
303.948
303.752
303.563
303.381
303.204
303.034
302.871
302.713
302.562
302.416
302.276
302.142
302.013
301.89
301.772
301.66
301.552
301.45
301.353
301.261
301.173
301.09
301.011
300.936
300.866
300.799
300.737
300.678
300.623
300.571
300.522
300.477
300.435
300.395
300.359
300.325
300.294
300.265
300.238
300.214
300.191
300.171
300.152
300.135
300.12
300.106
300.093
300.082
300.072
300.063
344.955
346.294
347.646
349.008
350.374
351.738
353.094
354.435
355.756
357.047
358.303
359.516
360.678
361.783
362.824
363.793
364.684
365.492
366.212
366.839
367.369
367.799
368.128
368.354
368.475
368.493
368.407
368.219
367.931
367.544
367.062
366.487
365.822
365.071
364.237
363.326
362.341
361.287
360.171
358.997
357.771
356.499
355.189
353.847
352.478
351.089
349.685
348.272
346.857
345.444
344.039
342.643
341.262
339.898
338.554
337.232
335.937
334.669
333.43
332.223
331.048
329.906
328.799
327.727
326.69
325.689
324.723
323.792
322.896
322.034
321.205
320.408
319.643
318.909
318.203
317.526
316.876
316.252
315.652
315.075
314.521
313.988
313.474
312.979
312.501
312.04
311.595
311.165
310.749
310.346
309.956
309.578
309.211
308.856
308.511
308.176
307.851
307.536
307.229
306.932
306.643
306.362
306.09
305.826
305.569
305.32
305.079
304.846
304.619
304.4
304.188
303.983
303.785
303.593
303.408
303.23
303.058
302.892
302.733
302.579
302.432
302.291
302.155
302.025
301.901
301.782
301.669
301.561
301.458
301.36
301.267
301.179
301.095
301.015
300.94
300.869
300.803
300.74
300.681
300.625
300.573
300.524
300.479
300.436
300.397
300.36
300.326
300.295
300.266
300.239
300.215
300.192
300.171
300.153
300.136
300.12
300.106
300.093
300.082
300.072
300.063
342.439
343.648
344.87
346.102
347.341
348.581
349.818
351.047
352.262
353.457
354.628
355.767
356.869
357.927
358.936
359.89
360.782
361.609
362.363
363.042
363.641
364.155
364.583
364.921
365.167
365.32
365.379
365.344
365.214
364.99
364.673
364.263
363.764
363.177
362.504
361.749
360.915
360.007
359.028
357.984
356.88
355.722
354.517
353.27
351.989
350.68
349.348
348
346.641
345.278
343.917
342.561
341.216
339.884
338.568
337.273
336
334.752
333.531
332.339
331.177
330.047
328.95
327.887
326.857
325.862
324.901
323.974
323.081
322.222
321.394
320.599
319.834
319.1
318.394
317.716
317.064
316.438
315.836
315.257
314.7
314.163
313.646
313.147
312.665
312.2
311.751
311.316
310.895
310.488
310.092
309.709
309.338
308.977
308.627
308.287
307.956
307.636
307.324
307.022
306.728
306.443
306.166
305.897
305.636
305.383
305.138
304.9
304.67
304.447
304.232
304.023
303.822
303.627
303.44
303.259
303.084
302.917
302.755
302.6
302.451
302.308
302.17
302.039
301.913
301.794
301.679
301.57
301.466
301.368
301.274
301.185
301.1
301.02
300.945
300.873
300.806
300.743
300.683
300.627
300.575
300.526
300.48
300.438
300.398
300.361
300.327
300.296
300.267
300.24
300.215
300.193
300.172
300.153
300.136
300.121
300.106
300.094
300.082
300.072
300.063
340.058
341.15
342.256
343.373
344.497
345.625
346.754
347.88
348.998
350.103
351.192
352.259
353.298
354.306
355.277
356.206
357.087
357.916
358.688
359.399
360.044
360.619
361.121
361.546
361.892
362.156
362.336
362.43
362.437
362.357
362.188
361.93
361.585
361.153
360.634
360.032
359.348
358.586
357.749
356.84
355.866
354.83
353.739
352.599
351.417
350.198
348.949
347.676
346.386
345.083
343.774
342.466
341.163
339.868
338.587
337.322
336.075
334.851
333.651
332.477
331.331
330.215
329.13
328.076
327.055
326.067
325.112
324.19
323.3
322.443
321.618
320.823
320.059
319.324
318.618
317.938
317.285
316.656
316.052
315.469
314.909
314.368
313.847
313.343
312.857
312.387
311.932
311.492
311.066
310.652
310.251
309.862
309.484
309.117
308.761
308.415
308.079
307.752
307.434
307.126
306.826
306.535
306.253
305.979
305.713
305.455
305.205
304.963
304.728
304.501
304.282
304.07
303.865
303.667
303.476
303.292
303.115
302.944
302.78
302.623
302.471
302.326
302.187
302.055
301.928
301.806
301.691
301.58
301.476
301.376
301.281
301.191
301.106
301.026
300.949
300.878
300.81
300.746
300.686
300.63
300.577
300.528
300.482
300.439
300.4
300.363
300.328
300.297
300.267
300.24
300.216
300.193
300.172
300.154
300.136
300.121
300.107
300.094
300.083
300.072
300.063
337.812
338.8
339.802
340.815
341.836
342.864
343.895
344.926
345.954
346.975
347.986
348.982
349.96
350.914
351.842
352.738
353.598
354.418
355.193
355.919
356.592
357.208
357.763
358.253
358.676
359.028
359.306
359.508
359.632
359.675
359.636
359.515
359.31
359.02
358.647
358.191
357.653
357.035
356.339
355.569
354.728
353.82
352.851
351.826
350.751
349.633
348.477
347.29
346.078
344.846
343.602
342.349
341.095
339.845
338.603
337.373
336.159
334.962
333.786
332.634
331.507
330.407
329.336
328.294
327.283
326.304
325.355
324.439
323.554
322.7
321.877
321.083
320.32
319.585
318.877
318.196
317.54
316.909
316.301
315.715
315.15
314.605
314.079
313.57
313.079
312.603
312.142
311.695
311.262
310.842
310.434
310.038
309.653
309.279
308.915
308.562
308.219
307.885
307.56
307.245
306.939
306.641
306.353
306.072
305.8
305.537
305.281
305.034
304.794
304.562
304.338
304.122
303.913
303.711
303.517
303.329
303.149
302.975
302.809
302.648
302.495
302.347
302.207
302.072
301.943
301.82
301.703
301.592
301.486
301.385
301.289
301.198
301.113
301.031
300.954
300.882
300.814
300.75
300.689
300.633
300.58
300.53
300.484
300.441
300.401
300.364
300.329
300.297
300.268
300.241
300.216
300.194
300.173
300.154
300.137
300.121
300.107
300.094
300.083
300.072
300.063
335.699
336.594
337.503
338.423
339.352
340.288
341.23
342.175
343.12
344.063
344.999
345.927
346.843
347.744
348.625
349.483
350.314
351.115
351.882
352.61
353.295
353.935
354.525
355.062
355.541
355.96
356.316
356.605
356.825
356.973
357.046
357.044
356.963
356.804
356.564
356.245
355.845
355.366
354.808
354.175
353.468
352.692
351.849
350.945
349.986
348.976
347.922
346.829
345.705
344.554
343.384
342.198
341.004
339.805
338.61
337.421
336.243
335.08
333.933
332.806
331.702
330.621
329.567
328.54
327.541
326.571
325.631
324.721
323.842
322.992
322.171
321.38
320.617
319.882
319.173
318.491
317.833
317.198
316.587
315.997
315.427
314.877
314.345
313.83
313.332
312.849
312.381
311.927
311.486
311.058
310.642
310.238
309.845
309.462
309.091
308.729
308.378
308.036
307.703
307.38
307.066
306.761
306.465
306.178
305.899
305.629
305.367
305.114
304.869
304.631
304.402
304.181
303.967
303.761
303.562
303.371
303.187
303.01
302.84
302.677
302.52
302.371
302.228
302.091
301.96
301.836
301.717
301.604
301.497
301.395
301.298
301.206
301.119
301.037
300.96
300.887
300.818
300.753
300.692
300.635
300.582
300.532
300.486
300.442
300.402
300.365
300.33
300.298
300.269
300.242
300.217
300.194
300.173
300.154
300.137
300.121
300.107
300.094
300.083
300.072
300.063
333.717
334.529
335.354
336.19
337.036
337.89
338.751
339.617
340.485
341.354
342.221
343.084
343.939
344.785
345.618
346.434
347.232
348.006
348.755
349.474
350.161
350.81
351.42
351.986
352.505
352.973
353.388
353.745
354.042
354.276
354.443
354.543
354.571
354.526
354.407
354.212
353.94
353.592
353.167
352.667
352.093
351.447
350.733
349.954
349.114
348.22
347.275
346.285
345.257
344.196
343.108
341.998
340.873
339.738
338.598
337.457
336.323
335.197
334.085
332.989
331.911
330.853
329.819
328.809
327.825
326.868
325.939
325.037
324.164
323.319
322.503
321.714
320.952
320.217
319.508
318.823
318.163
317.525
316.91
316.315
315.74
315.184
314.645
314.124
313.618
313.128
312.651
312.189
311.739
311.302
310.877
310.463
310.061
309.669
309.288
308.917
308.556
308.205
307.864
307.532
307.209
306.896
306.592
306.296
306.01
305.732
305.463
305.203
304.951
304.708
304.473
304.246
304.027
303.815
303.612
303.417
303.228
303.048
302.874
302.708
302.549
302.396
302.251
302.112
301.979
301.852
301.732
301.617
301.508
301.405
301.307
301.214
301.126
301.043
300.965
300.891
300.822
300.756
300.695
300.638
300.584
300.534
300.487
300.443
300.403
300.366
300.331
300.299
300.269
300.242
300.217
300.194
300.173
300.154
300.137
300.121
300.107
300.094
300.083
300.072
300.063
331.86
332.598
333.348
334.109
334.88
335.66
336.447
337.24
338.038
338.838
339.639
340.44
341.237
342.028
342.811
343.584
344.343
345.087
345.811
346.513
347.19
347.838
348.455
349.036
349.58
350.081
350.538
350.947
351.303
351.606
351.85
352.034
352.155
352.21
352.196
352.113
351.958
351.73
351.43
351.056
350.609
350.092
349.505
348.851
348.134
347.359
346.528
345.648
344.723
343.759
342.762
341.738
340.691
339.627
338.552
337.471
336.387
335.307
334.235
333.174
332.128
331.098
330.088
329.099
328.133
327.191
326.275
325.384
324.519
323.681
322.87
322.084
321.325
320.591
319.881
319.195
318.532
317.891
317.271
316.671
316.09
315.528
314.982
314.453
313.939
313.439
312.954
312.482
312.022
311.575
311.139
310.715
310.302
309.9
309.508
309.126
308.755
308.393
308.042
307.7
307.367
307.045
306.731
306.427
306.132
305.846
305.569
305.301
305.042
304.792
304.55
304.317
304.092
303.875
303.667
303.466
303.274
303.089
302.912
302.742
302.579
302.424
302.275
302.134
301.999
301.87
301.748
301.631
301.521
301.416
301.316
301.222
301.133
301.049
300.97
300.896
300.826
300.76
300.698
300.64
300.586
300.535
300.488
300.445
300.404
300.366
300.331
300.299
300.269
300.242
300.217
300.194
300.173
300.154
300.137
300.121
300.107
300.094
300.083
300.072
300.063
330.125
330.796
331.478
332.171
332.874
333.586
334.306
335.033
335.765
336.502
337.242
337.982
338.723
339.461
340.195
340.923
341.642
342.35
343.044
343.722
344.382
345.02
345.633
346.219
346.774
347.296
347.78
348.225
348.626
348.981
349.286
349.538
349.735
349.874
349.952
349.966
349.915
349.796
349.609
349.353
349.027
348.632
348.169
347.639
347.045
346.389
345.676
344.909
344.094
343.234
342.336
341.404
340.443
339.46
338.459
337.445
336.423
335.398
334.373
333.354
332.345
331.349
330.367
329.404
328.46
327.537
326.636
325.758
324.905
324.075
323.27
322.49
321.734
321.001
320.292
319.605
318.939
318.295
317.67
317.065
316.478
315.908
315.354
314.816
314.293
313.784
313.288
312.805
312.334
311.876
311.428
310.992
310.567
310.153
309.749
309.356
308.973
308.6
308.237
307.884
307.541
307.207
306.883
306.569
306.265
305.97
305.684
305.408
305.141
304.883
304.634
304.394
304.163
303.94
303.726
303.52
303.323
303.133
302.952
302.778
302.612
302.453
302.302
302.157
302.02
301.889
301.764
301.646
301.533
301.427
301.326
301.231
301.141
301.056
300.975
300.9
300.829
300.763
300.7
300.642
300.588
300.537
300.489
300.445
300.404
300.367
300.332
300.299
300.269
300.242
300.217
300.194
300.173
300.154
300.137
300.121
300.107
300.094
300.083
300.072
300.063
328.502
329.113
329.735
330.366
331.008
331.658
332.316
332.982
333.654
334.332
335.014
335.698
336.385
337.071
337.757
338.439
339.116
339.786
340.447
341.097
341.733
342.354
342.955
343.536
344.092
344.622
345.122
345.59
346.021
346.414
346.765
347.071
347.33
347.537
347.691
347.789
347.827
347.805
347.72
347.571
347.357
347.077
346.731
346.32
345.846
345.31
344.715
344.064
343.361
342.61
341.816
340.983
340.117
339.221
338.302
337.364
336.413
335.451
334.485
333.518
332.554
331.596
330.649
329.716
328.798
327.898
327.017
326.156
325.316
324.498
323.702
322.928
322.176
321.446
320.738
320.05
319.383
318.735
318.106
317.495
316.901
316.323
315.761
315.213
314.68
314.159
313.652
313.157
312.674
312.203
311.743
311.293
310.855
310.428
310.011
309.605
309.209
308.823
308.447
308.082
307.727
307.382
307.047
306.722
306.408
306.103
305.807
305.522
305.246
304.98
304.723
304.476
304.238
304.009
303.789
303.577
303.375
303.18
302.994
302.817
302.647
302.484
302.329
302.182
302.041
301.908
301.781
301.66
301.546
301.438
301.336
301.239
301.148
301.061
300.98
300.904
300.833
300.765
300.702
300.644
300.589
300.538
300.49
300.446
300.405
300.367
300.331
300.299
300.269
300.242
300.217
300.194
300.173
300.154
300.136
300.121
300.107
300.094
300.082
300.072
300.063
326.982
327.54
328.106
328.683
329.268
329.863
330.465
331.075
331.691
332.314
332.941
333.573
334.208
334.845
335.483
336.119
336.754
337.385
338.01
338.628
339.237
339.834
340.417
340.985
341.534
342.063
342.568
343.047
343.497
343.915
344.299
344.645
344.95
345.212
345.428
345.595
345.71
345.771
345.775
345.721
345.608
345.433
345.196
344.898
344.538
344.118
343.64
343.105
342.516
341.877
341.191
340.463
339.696
338.896
338.066
337.213
336.339
335.45
334.551
333.645
332.735
331.827
330.923
330.026
329.14
328.268
327.41
326.57
325.747
324.943
324.158
323.392
322.647
321.921
321.215
320.528
319.859
319.208
318.574
317.957
317.356
316.77
316.198
315.64
315.095
314.563
314.043
313.534
313.038
312.553
312.078
311.615
311.163
310.721
310.29
309.869
309.459
309.06
308.671
308.292
307.924
307.567
307.22
306.884
306.558
306.242
305.937
305.642
305.357
305.082
304.817
304.562
304.316
304.08
303.854
303.637
303.428
303.229
303.038
302.856
302.682
302.516
302.357
302.207
302.063
301.927
301.798
301.675
301.559
301.449
301.345
301.247
301.154
301.067
300.985
300.908
300.835
300.768
300.704
300.645
300.589
300.538
300.49
300.446
300.404
300.366
300.331
300.299
300.269
300.241
300.216
300.193
300.172
300.153
300.136
300.12
300.106
300.093
300.082
300.072
300.062
325.555
326.064
326.581
327.107
327.642
328.185
328.736
329.295
329.86
330.431
331.008
331.59
332.176
332.766
333.357
333.949
334.542
335.132
335.72
336.304
336.882
337.452
338.012
338.561
339.096
339.616
340.117
340.598
341.056
341.488
341.893
342.266
342.606
342.909
343.173
343.396
343.573
343.704
343.785
343.814
343.789
343.708
343.571
343.377
343.125
342.815
342.448
342.026
341.55
341.023
340.447
339.827
339.165
338.465
337.732
336.969
336.182
335.374
334.549
333.712
332.866
332.016
331.164
330.315
329.47
328.633
327.805
326.989
326.187
325.401
324.63
323.876
323.139
322.419
321.716
321.029
320.36
319.706
319.068
318.444
317.835
317.24
316.658
316.089
315.532
314.986
314.453
313.93
313.419
312.919
312.43
311.951
311.483
311.026
310.58
310.144
309.719
309.305
308.902
308.51
308.129
307.758
307.399
307.05
306.712
306.386
306.07
305.765
305.47
305.186
304.913
304.65
304.397
304.154
303.92
303.697
303.483
303.278
303.082
302.895
302.717
302.547
302.385
302.231
302.084
301.945
301.814
301.689
301.57
301.459
301.353
301.253
301.16
301.071
300.988
300.91
300.837
300.769
300.705
300.645
300.59
300.538
300.49
300.445
300.404
300.365
300.33
300.297
300.268
300.24
300.215
300.192
300.171
300.152
300.135
300.119
300.105
300.093
300.081
300.071
300.062
324.208
324.673
325.145
325.626
326.114
326.611
327.115
327.625
328.143
328.667
329.197
329.732
330.272
330.816
331.363
331.912
332.462
333.013
333.563
334.111
334.656
335.195
335.729
336.254
336.77
337.274
337.765
338.24
338.697
339.134
339.549
339.939
340.301
340.634
340.934
341.199
341.426
341.612
341.756
341.855
341.907
341.909
341.86
341.759
341.605
341.397
341.136
340.821
340.455
340.037
339.571
339.059
338.504
337.908
337.276
336.61
335.915
335.195
334.453
333.693
332.919
332.135
331.344
330.55
329.754
328.961
328.173
327.391
326.618
325.854
325.103
324.363
323.637
322.925
322.227
321.543
320.873
320.217
319.574
318.944
318.327
317.723
317.13
316.549
315.979
315.42
314.872
314.335
313.808
313.292
312.787
312.293
311.809
311.336
310.873
310.422
309.982
309.553
309.135
308.729
308.334
307.95
307.578
307.217
306.867
306.529
306.203
305.887
305.583
305.29
305.008
304.736
304.476
304.225
303.986
303.756
303.536
303.325
303.125
302.933
302.75
302.576
302.411
302.253
302.104
301.962
301.828
301.701
301.581
301.467
301.36
301.259
301.164
301.074
300.991
300.912
300.838
300.769
300.705
300.645
300.589
300.537
300.488
300.443
300.402
300.364
300.328
300.296
300.266
300.239
300.214
300.191
300.17
300.151
300.134
300.118
300.104
300.092
300.08
300.07
300.061
322.925
323.349
323.781
324.22
324.666
325.12
325.581
326.048
326.522
327.002
327.488
327.979
328.475
328.976
329.48
329.987
330.497
331.008
331.52
332.031
332.542
333.049
333.553
334.052
334.544
335.028
335.502
335.964
336.413
336.847
337.263
337.66
338.035
338.386
338.71
339.006
339.27
339.501
339.695
339.851
339.966
340.038
340.065
340.046
339.979
339.864
339.699
339.484
339.22
338.908
338.548
338.142
337.692
337.202
336.672
336.107
335.509
334.881
334.228
333.553
332.858
332.148
331.426
330.695
329.957
329.216
328.474
327.733
326.996
326.264
325.539
324.821
324.112
323.413
322.724
322.045
321.377
320.72
320.074
319.438
318.813
318.199
317.596
317.002
316.419
315.847
315.284
314.732
314.19
313.658
313.137
312.626
312.126
311.637
311.16
310.693
310.237
309.794
309.361
308.941
308.532
308.135
307.75
307.377
307.016
306.667
306.33
306.004
305.69
305.388
305.098
304.818
304.55
304.293
304.046
303.81
303.584
303.369
303.163
302.967
302.78
302.602
302.433
302.273
302.12
301.976
301.84
301.71
301.588
301.473
301.364
301.262
301.166
301.076
300.991
300.912
300.837
300.768
300.703
300.643
300.587
300.534
300.486
300.441
300.4
300.361
300.326
300.294
300.264
300.237
300.212
300.189
300.168
300.149
300.132
300.117
300.103
300.091
300.079
300.069
300.06
321.689
322.076
322.47
322.871
323.279
323.693
324.114
324.541
324.974
325.414
325.858
326.308
326.763
327.223
327.686
328.153
328.623
329.096
329.57
330.045
330.52
330.994
331.467
331.936
332.401
332.861
333.314
333.759
334.194
334.618
335.028
335.424
335.802
336.162
336.501
336.816
337.106
337.368
337.6
337.8
337.966
338.095
338.185
338.236
338.244
338.209
338.13
338.005
337.835
337.62
337.36
337.055
336.708
336.319
335.891
335.426
334.927
334.395
333.835
333.248
332.639
332.009
331.362
330.701
330.029
329.347
328.66
327.968
327.274
326.581
325.888
325.199
324.514
323.833
323.159
322.491
321.83
321.176
320.53
319.891
319.261
318.639
318.026
317.422
316.828
316.242
315.666
315.099
314.543
313.996
313.46
312.934
312.419
311.915
311.422
310.941
310.471
310.013
309.567
309.134
308.712
308.303
307.906
307.522
307.15
306.79
306.443
306.108
305.786
305.475
305.176
304.89
304.614
304.351
304.098
303.856
303.626
303.405
303.195
302.995
302.804
302.623
302.451
302.287
302.132
301.986
301.847
301.716
301.592
301.476
301.366
301.263
301.166
301.075
300.989
300.909
300.835
300.765
300.7
300.639
300.583
300.531
300.482
300.438
300.396
300.358
300.323
300.291
300.261
300.234
300.209
300.187
300.166
300.147
300.131
300.115
300.102
300.089
300.078
300.068
300.059
320.479
320.832
321.192
321.557
321.929
322.308
322.691
323.081
323.477
323.877
324.284
324.695
325.111
325.531
325.956
326.385
326.816
327.251
327.688
328.127
328.567
329.007
329.447
329.886
330.322
330.755
331.184
331.607
332.023
332.431
332.83
333.217
333.592
333.951
334.295
334.62
334.925
335.208
335.467
335.699
335.903
336.076
336.217
336.323
336.394
336.427
336.421
336.375
336.287
336.159
335.989
335.778
335.525
335.233
334.903
334.535
334.132
333.696
333.228
332.732
332.21
331.664
331.097
330.511
329.909
329.294
328.667
328.031
327.388
326.74
326.088
325.433
324.779
324.124
323.471
322.82
322.172
321.527
320.887
320.252
319.621
318.996
318.378
317.768
317.164
316.569
315.982
315.404
314.836
314.277
313.728
313.189
312.661
312.145
311.639
311.145
310.663
310.194
309.736
309.291
308.859
308.439
308.032
307.638
307.257
306.889
306.533
306.19
305.86
305.543
305.237
304.944
304.663
304.394
304.136
303.89
303.655
303.43
303.216
303.013
302.819
302.635
302.46
302.295
302.138
301.99
301.849
301.717
301.592
301.474
301.364
301.26
301.162
301.07
300.985
300.904
300.83
300.76
300.695
300.634
300.578
300.526
300.477
300.433
300.392
300.354
300.319
300.287
300.257
300.23
300.206
300.184
300.163
300.145
300.128
300.113
300.1
300.088
300.077
300.067
300.058
319.274
319.595
319.922
320.255
320.594
320.938
321.287
321.642
322.002
322.367
322.737
323.112
323.491
323.874
324.262
324.653
325.048
325.447
325.847
326.25
326.655
327.061
327.468
327.875
328.281
328.685
329.087
329.485
329.879
330.267
330.648
331.022
331.386
331.739
332.079
332.406
332.717
333.01
333.284
333.537
333.767
333.972
334.151
334.3
334.42
334.507
334.561
334.579
334.562
334.508
334.417
334.287
334.12
333.916
333.675
333.397
333.085
332.739
332.361
331.954
331.518
331.056
330.569
330.061
329.533
328.987
328.426
327.85
327.263
326.666
326.061
325.449
324.831
324.209
323.585
322.958
322.331
321.704
321.077
320.452
319.829
319.209
318.593
317.982
317.377
316.778
316.186
315.602
315.027
314.461
313.904
313.357
312.821
312.296
311.782
311.279
310.789
310.311
309.846
309.393
308.953
308.526
308.112
307.711
307.324
306.949
306.588
306.24
305.904
305.582
305.272
304.975
304.689
304.416
304.155
303.906
303.668
303.44
303.224
303.018
302.822
302.636
302.46
302.293
302.135
301.985
301.844
301.711
301.585
301.467
301.356
301.252
301.154
301.062
300.976
300.896
300.821
300.752
300.687
300.626
300.57
300.519
300.471
300.426
300.385
300.348
300.313
300.282
300.253
300.226
300.202
300.18
300.16
300.142
300.125
300.111
300.097
300.086
300.075
300.065
300.057
318.05
318.342
318.638
318.94
319.247
319.559
319.875
320.197
320.523
320.854
321.19
321.53
321.874
322.222
322.574
322.93
323.289
323.652
324.017
324.385
324.755
325.127
325.5
325.874
326.249
326.623
326.996
327.366
327.735
328.1
328.46
328.814
329.162
329.502
329.833
330.153
330.462
330.757
331.037
331.3
331.545
331.77
331.973
332.153
332.307
332.435
332.534
332.604
332.643
332.649
332.623
332.563
332.468
332.339
332.176
331.979
331.748
331.485
331.19
330.865
330.51
330.128
329.721
329.288
328.834
328.358
327.864
327.352
326.824
326.283
325.729
325.165
324.591
324.009
323.42
322.826
322.227
321.625
321.021
320.416
319.81
319.205
318.601
318
317.402
316.809
316.221
315.64
315.066
314.501
313.944
313.396
312.859
312.332
311.816
311.312
310.819
310.339
309.871
309.416
308.973
308.544
308.127
307.724
307.334
306.958
306.594
306.244
305.907
305.582
305.271
304.972
304.685
304.411
304.148
303.898
303.658
303.43
303.213
303.006
302.81
302.624
302.447
302.279
302.121
301.971
301.83
301.697
301.571
301.453
301.342
301.238
301.141
301.049
300.964
300.884
300.81
300.74
300.676
300.616
300.561
300.509
300.462
300.418
300.378
300.341
300.307
300.275
300.247
300.221
300.197
300.176
300.156
300.138
300.122
300.108
300.095
300.083
300.073
300.063
300.055
316.786
317.049
317.317
317.589
317.865
318.146
318.431
318.721
319.015
319.313
319.615
319.921
320.231
320.545
320.863
321.184
321.509
321.836
322.167
322.5
322.836
323.174
323.513
323.854
324.196
324.539
324.881
325.222
325.563
325.901
326.236
326.568
326.895
327.217
327.532
327.839
328.138
328.426
328.703
328.967
329.216
329.45
329.666
329.863
330.04
330.194
330.325
330.432
330.511
330.564
330.587
330.581
330.545
330.477
330.379
330.249
330.088
329.897
329.674
329.422
329.142
328.833
328.498
328.138
327.753
327.346
326.917
326.469
326.002
325.519
325.02
324.508
323.982
323.446
322.9
322.346
321.784
321.217
320.645
320.069
319.491
318.911
318.331
317.752
317.174
316.599
316.028
315.461
314.9
314.347
313.8
313.263
312.734
312.215
311.707
311.209
310.722
310.248
309.785
309.334
308.896
308.471
308.059
307.659
307.272
306.899
306.538
306.191
305.856
305.534
305.224
304.927
304.642
304.37
304.109
303.86
303.622
303.395
303.179
302.974
302.779
302.593
302.418
302.251
302.094
301.945
301.805
301.673
301.548
301.431
301.321
301.218
301.122
301.031
300.947
300.868
300.794
300.726
300.662
300.603
300.549
300.498
300.451
300.408
300.369
300.332
300.299
300.268
300.24
300.215
300.191
300.17
300.151
300.134
300.118
300.104
300.092
300.08
300.07
300.061
300.053
315.466
315.701
315.941
316.183
316.43
316.681
316.935
317.193
317.455
317.721
317.991
318.264
318.541
318.821
319.105
319.391
319.681
319.975
320.27
320.569
320.87
321.174
321.479
321.786
322.094
322.404
322.714
323.024
323.334
323.643
323.95
324.255
324.558
324.856
325.15
325.438
325.72
325.994
326.259
326.515
326.759
326.991
327.209
327.412
327.598
327.767
327.916
328.044
328.15
328.233
328.292
328.325
328.331
328.311
328.262
328.186
328.081
327.948
327.786
327.596
327.379
327.135
326.865
326.569
326.249
325.905
325.54
325.153
324.747
324.322
323.88
323.423
322.951
322.466
321.969
321.462
320.946
320.421
319.891
319.355
318.815
318.272
317.728
317.183
316.639
316.095
315.554
315.016
314.482
313.953
313.431
312.916
312.408
311.909
311.42
310.94
310.47
310.011
309.563
309.126
308.702
308.289
307.888
307.499
307.123
306.759
306.407
306.068
305.741
305.426
305.124
304.833
304.554
304.287
304.031
303.787
303.554
303.331
303.119
302.917
302.725
302.543
302.371
302.207
302.052
301.906
301.768
301.638
301.516
301.4
301.292
301.191
301.096
301.007
300.924
300.847
300.774
300.707
300.645
300.587
300.534
300.484
300.438
300.396
300.358
300.322
300.289
300.26
300.232
300.208
300.185
300.165
300.146
300.129
300.114
300.1
300.088
300.077
300.068
300.059
300.051
314.083
314.29
314.501
314.715
314.933
315.153
315.377
315.604
315.835
316.068
316.305
316.545
316.789
317.035
317.285
317.537
317.792
318.05
318.311
318.574
318.84
319.108
319.378
319.65
319.923
320.198
320.474
320.75
321.027
321.304
321.58
321.855
322.128
322.398
322.666
322.929
323.188
323.441
323.687
323.926
324.157
324.377
324.587
324.785
324.969
325.139
325.293
325.43
325.549
325.649
325.728
325.785
325.82
325.831
325.818
325.78
325.718
325.63
325.516
325.376
325.212
325.022
324.807
324.568
324.306
324.021
323.714
323.387
323.039
322.673
322.289
321.889
321.474
321.045
320.603
320.15
319.687
319.215
318.736
318.25
317.759
317.265
316.768
316.269
315.769
315.271
314.773
314.278
313.785
313.295
312.811
312.332
311.859
311.393
310.934
310.484
310.043
309.611
309.189
308.777
308.375
307.983
307.603
307.234
306.875
306.528
306.193
305.868
305.555
305.254
304.963
304.684
304.416
304.159
303.912
303.676
303.451
303.235
303.03
302.835
302.649
302.472
302.304
302.145
301.995
301.853
301.718
301.592
301.473
301.36
301.255
301.156
301.064
300.977
300.896
300.821
300.75
300.685
300.624
300.568
300.516
300.468
300.424
300.383
300.345
300.311
300.279
300.25
300.224
300.2
300.178
300.158
300.14
300.124
300.109
300.096
300.084
300.074
300.065
300.056
300.049
312.644
312.824
313.007
313.192
313.38
313.571
313.764
313.961
314.159
314.361
314.565
314.772
314.982
315.195
315.41
315.627
315.847
316.07
316.295
316.522
316.751
316.983
317.216
317.451
317.687
317.925
318.164
318.404
318.645
318.885
319.126
319.366
319.605
319.843
320.078
320.311
320.54
320.766
320.987
321.202
321.41
321.611
321.803
321.986
322.158
322.319
322.467
322.601
322.72
322.823
322.909
322.978
323.027
323.057
323.066
323.055
323.021
322.966
322.888
322.788
322.665
322.52
322.353
322.163
321.952
321.721
321.469
321.197
320.907
320.6
320.275
319.935
319.579
319.211
318.83
318.437
318.034
317.623
317.203
316.777
316.345
315.909
315.47
315.028
314.585
314.141
313.698
313.257
312.817
312.38
311.946
311.515
311.089
310.668
310.253
309.845
309.443
309.049
308.663
308.285
307.916
307.556
307.204
306.862
306.53
306.208
305.895
305.592
305.299
305.016
304.743
304.481
304.228
303.985
303.751
303.528
303.314
303.109
302.913
302.727
302.549
302.38
302.219
302.067
301.923
301.786
301.657
301.535
301.42
301.312
301.21
301.115
301.025
300.942
300.864
300.791
300.723
300.66
300.601
300.547
300.496
300.45
300.407
300.367
300.331
300.298
300.267
300.24
300.214
300.191
300.17
300.151
300.134
300.118
300.104
300.092
300.08
300.07
300.061
300.053
300.046
311.184
311.336
311.49
311.647
311.806
311.967
312.13
312.296
312.463
312.633
312.805
312.98
313.156
313.335
313.515
313.698
313.883
314.07
314.259
314.449
314.641
314.835
315.031
315.228
315.426
315.625
315.825
316.027
316.228
316.43
316.632
316.834
317.035
317.235
317.434
317.63
317.825
318.016
318.204
318.388
318.567
318.74
318.907
319.066
319.218
319.36
319.492
319.613
319.722
319.819
319.902
319.971
320.024
320.061
320.082
320.085
320.07
320.037
319.986
319.916
319.826
319.718
319.59
319.444
319.279
319.096
318.896
318.678
318.444
318.194
317.929
317.65
317.357
317.052
316.736
316.409
316.072
315.727
315.374
315.015
314.65
314.281
313.907
313.531
313.153
312.773
312.393
312.013
311.635
311.258
310.883
310.51
310.14
309.773
309.411
309.053
308.7
308.352
308.01
307.675
307.346
307.024
306.709
306.402
306.102
305.81
305.526
305.25
304.983
304.724
304.473
304.231
303.997
303.772
303.556
303.347
303.148
302.956
302.773
302.598
302.43
302.271
302.119
301.975
301.838
301.708
301.585
301.469
301.36
301.256
301.159
301.068
300.982
300.902
300.827
300.757
300.692
300.632
300.575
300.523
300.475
300.43
300.389
300.351
300.316
300.284
300.255
300.229
300.204
300.182
300.162
300.144
300.127
300.112
300.099
300.087
300.076
300.067
300.058
300.051
300.044
309.766
309.891
310.019
310.148
310.279
310.412
310.546
310.682
310.82
310.959
311.1
311.243
311.387
311.533
311.681
311.83
311.98
312.132
312.286
312.44
312.596
312.753
312.911
313.07
313.23
313.39
313.552
313.713
313.875
314.038
314.2
314.361
314.523
314.683
314.842
315
315.156
315.31
315.461
315.608
315.753
315.893
316.028
316.157
316.281
316.398
316.507
316.608
316.699
316.781
316.853
316.913
316.962
316.999
317.022
317.032
317.028
317.009
316.976
316.928
316.865
316.787
316.694
316.585
316.461
316.323
316.17
316.003
315.822
315.629
315.422
315.204
314.974
314.734
314.483
314.224
313.956
313.68
313.397
313.108
312.813
312.513
312.21
311.903
311.594
311.282
310.969
310.655
310.341
310.028
309.715
309.403
309.093
308.785
308.479
308.176
307.875
307.578
307.285
306.996
306.712
306.432
306.157
305.888
305.625
305.367
305.115
304.87
304.631
304.399
304.173
303.954
303.742
303.537
303.34
303.149
302.965
302.789
302.619
302.456
302.301
302.152
302.01
301.875
301.747
301.625
301.509
301.399
301.296
301.198
301.106
301.019
300.938
300.861
300.79
300.723
300.661
300.603
300.549
300.5
300.453
300.411
300.371
300.335
300.302
300.271
300.243
300.218
300.194
300.173
300.154
300.137
300.121
300.107
300.094
300.083
300.072
300.063
300.055
300.048
300.041
308.49
308.592
308.696
308.8
308.906
309.013
309.122
309.231
309.342
309.454
309.567
309.681
309.796
309.913
310.03
310.148
310.267
310.388
310.508
310.63
310.753
310.876
310.999
311.123
311.248
311.372
311.497
311.622
311.747
311.872
311.996
312.12
312.243
312.366
312.487
312.607
312.725
312.841
312.956
313.067
313.176
313.282
313.384
313.482
313.575
313.663
313.746
313.823
313.893
313.956
314.012
314.059
314.098
314.128
314.149
314.159
314.16
314.15
314.129
314.097
314.054
314
313.934
313.857
313.769
313.669
313.559
313.437
313.305
313.162
313.01
312.848
312.677
312.497
312.308
312.112
311.909
311.699
311.483
311.26
311.033
310.801
310.564
310.324
310.081
309.834
309.586
309.335
309.084
308.831
308.578
308.324
308.071
307.818
307.566
307.315
307.066
306.817
306.571
306.328
306.086
305.848
305.613
305.381
305.153
304.929
304.709
304.494
304.283
304.077
303.876
303.68
303.49
303.306
303.126
302.953
302.786
302.624
302.468
302.318
302.175
302.037
301.905
301.779
301.659
301.544
301.435
301.332
301.234
301.142
301.055
300.972
300.895
300.823
300.755
300.691
300.632
300.577
300.525
300.478
300.433
300.392
300.355
300.32
300.288
300.259
300.232
300.208
300.185
300.165
300.147
300.13
300.115
300.102
300.089
300.079
300.069
300.06
300.052
300.045
300.039
307.487
307.571
307.655
307.741
307.827
307.914
308.001
308.09
308.179
308.269
308.36
308.451
308.543
308.635
308.728
308.822
308.916
309.011
309.105
309.201
309.296
309.392
309.487
309.583
309.679
309.775
309.87
309.965
310.06
310.154
310.248
310.341
310.433
310.524
310.614
310.703
310.79
310.875
310.958
311.039
311.118
311.195
311.268
311.338
311.405
311.468
311.527
311.582
311.632
311.677
311.716
311.75
311.778
311.8
311.815
311.823
311.824
311.818
311.805
311.783
311.754
311.717
311.672
311.619
311.557
311.488
311.41
311.324
311.231
311.129
311.02
310.904
310.78
310.649
310.512
310.368
310.218
310.062
309.9
309.733
309.561
309.385
309.203
309.018
308.83
308.637
308.442
308.244
308.044
307.841
307.637
307.432
307.225
307.017
306.81
306.601
306.393
306.185
305.977
305.771
305.565
305.361
305.158
304.957
304.759
304.562
304.369
304.179
303.991
303.808
303.627
303.451
303.279
303.112
302.948
302.79
302.636
302.487
302.342
302.203
302.069
301.941
301.817
301.699
301.586
301.478
301.375
301.277
301.184
301.096
301.013
300.935
300.861
300.791
300.726
300.665
300.608
300.555
300.506
300.46
300.417
300.378
300.342
300.308
300.277
300.249
300.223
300.2
300.178
300.159
300.141
300.125
300.111
300.098
300.086
300.075
300.066
300.058
300.05
300.043
300.038
306.91
306.983
307.056
307.13
307.204
307.279
307.354
307.43
307.507
307.584
307.661
307.739
307.817
307.895
307.974
308.052
308.131
308.211
308.29
308.369
308.449
308.528
308.607
308.686
308.764
308.843
308.92
308.998
309.074
309.15
309.226
309.3
309.373
309.445
309.516
309.586
309.654
309.72
309.785
309.847
309.908
309.966
310.022
310.075
310.125
310.173
310.217
310.257
310.294
310.327
310.356
310.381
310.401
310.416
310.427
310.433
310.433
310.429
310.418
310.402
310.38
310.353
310.319
310.279
310.234
310.181
310.123
310.059
309.988
309.911
309.828
309.739
309.644
309.543
309.436
309.324
309.206
309.083
308.954
308.82
308.682
308.539
308.391
308.24
308.084
307.924
307.761
307.595
307.425
307.253
307.079
306.902
306.723
306.543
306.361
306.178
305.994
305.81
305.625
305.44
305.255
305.071
304.887
304.705
304.524
304.344
304.166
303.991
303.818
303.647
303.479
303.315
303.154
302.996
302.842
302.692
302.546
302.405
302.268
302.135
302.007
301.884
301.765
301.651
301.542
301.438
301.339
301.244
301.154
301.069
300.988
300.912
300.84
300.773
300.709
300.65
300.594
300.543
300.494
300.449
300.408
300.369
300.334
300.301
300.271
300.244
300.218
300.195
300.174
300.155
300.138
300.122
300.108
300.095
300.084
300.074
300.064
300.056
300.049
300.042
300.037
300.044
300.028
300.018
300.011
300.007
300.004
300.002
300.001
300.001
300
300
300
300
300
300
300
300
300
300
300
300
300
300
300
300
300
300
300
300
300
300
300
300
300
300
300
300
300
300
300
300
300
300
300
300
300
300
300
300
300
300
300.044
300.028
300.018
300.011
300.007
300.004
300.002
300.001
300.001
300
300
300
300
300
300
300
300
300
300
300
300
300
300
300
300
300
300
300
300
300
300
300
300
300
300
300
300
300
300
300
300
300
300
300
300
300
300
300
300
300
300
300.044
300.028
300.018
300.011
300.007
300.004
300.002
300.001
300.001
300
300
300
300
300
300
300
300
300
300
300
300
300
300
300
300
300
300
300
300
300
300
300
300
300
300
300
300
300
300
300
300
300
300
300
300
300
300
300
300
300
300
300.044
300.028
300.018
300.011
300.007
300.004
300.002
300.001
300.001
300
300
300
300
300
300
300
300
300
300
300
300
300
300
300
300
300
300
300
300
300
300
300
300
300
300
300
300
300
300
300
300
300
300
300
300
300
300
300
300
300
300
300.045
300.029
300.018
300.011
300.007
300.004
300.002
300.001
300.001
300
300
300
300
300
300
300
300
300
300
300
300
300
300
300
300
300
300
300
300
300
300
300
300
300
300
300
300
300
300
300
300
300
300
300
300
300
300
300
300
300
300
300.045
300.029
300.018
300.011
300.007
300.004
300.002
300.001
300.001
300
300
300
300
300
300
300
300
300
300
300
300
300
300
300
300
300
300
300
300
300
300
300
300
300
300
300
300
300
300
300
300
300
300
300
300
300
300
300
300
300
300
300.045
300.029
300.018
300.011
300.007
300.004
300.002
300.001
300.001
300
300
300
300
300
300
300
300
300
300
300
300
300
300
300
300
300
300
300
300
300
300
300
300
300
300
300
300
300
300
300
300
300
300
300
300
300
300
300
300
300
300
300.045
300.029
300.018
300.011
300.007
300.004
300.002
300.001
300.001
300
300
300
300
300
300
300
300
300
300
300
300
300
300
300
300
300
300
300
300
300
300
300
300
300
300
300
300
300
300
300
300
300
300
300
300
300
300
300
300
300
300
300.045
300.029
300.018
300.011
300.007
300.004
300.002
300.001
300.001
300
300
300
300
300
300
300
300
300
300
300
300
300
300
300
300
300
300
300
300
300
300
300
300
300
300
300
300
300
300
300
300
300
300
300
300
300
300
300
300
300
300
300.045
300.029
300.018
300.011
300.007
300.004
300.002
300.001
300.001
300
300
300
300
300
300
300
300
300
300
300
300
300
300
300
300
300
300
300
300
300
300
300
300
300
300
300
300
300
300
300
300
300
300
300
300
300
300
300
300
300
300
300.045
300.029
300.018
300.011
300.007
300.004
300.002
300.001
300.001
300
300
300
300
300
300
300
300
300
300
300
300
300
300
300
300
300
300
300
300
300
300
300
300
300
300
300
300
300
300
300
300
300
300
300
300
300
300
300
300
300
300
300.045
300.029
300.018
300.011
300.007
300.004
300.002
300.001
300.001
300
300
300
300
300
300
300
300
300
300
300
300
300
300
300
300
300
300
300
300
300
300
300
300
300
300
300
300
300
300
300
300
300
300
300
300
300
300
300
300
300
300
300.045
300.029
300.019
300.011
300.007
300.004
300.002
300.001
300.001
300
300
300
300
300
300
300
300
300
300
300
300
300
300
300
300
300
300
300
300
300
300
300
300
300
300
300
300
300
300
300
300
300
300
300
300
300
300
300
300
300
300
300.046
300.029
300.019
300.012
300.007
300.004
300.002
300.001
300.001
300
300
300
300
300
300
300
300
300
300
300
300
300
300
300
300
300
300
300
300
300
300
300
300
300
300
300
300
300
300
300
300
300
300
300
300
300
300
300
300
300
300
300.046
300.029
300.019
300.012
300.007
300.004
300.002
300.001
300.001
300
300
300
300
300
300
300
300
300
300
300
300
300
300
300
300
300
300
300
300
300
300
300
300
300
300
300
300
300
300
300
300
300
300
300
300
300
300
300
300
300
300
300.046
300.03
300.019
300.012
300.007
300.004
300.002
300.001
300.001
300
300
300
300
300
300
300
300
300
300
300
300
300
300
300
300
300
300
300
300
300
300
300
300
300
300
300
300
300
300
300
300
300
300
300
300
300
300
300
300
300
300
300.046
300.03
300.019
300.012
300.007
300.004
300.002
300.001
300.001
300
300
300
300
300
300
300
300
300
300
300
300
300
300
300
300
300
300
300
300
300
300
300
300
300
300
300
300
300
300
300
300
300
300
300
300
300
300
300
300
300
300
300.046
300.03
300.019
300.012
300.007
300.004
300.002
300.001
300.001
300
300
300
300
300
300
300
300
300
300
300
300
300
300
300
300
300
300
300
300
300
300
300
300
300
300
300
300
300
300
300
300
300
300
300
300
300
300
300
300
300
300
300.046
300.03
300.019
300.012
300.007
300.004
300.002
300.001
300.001
300
300
300
300
300
300
300
300
300
300
300
300
300
300
300
300
300
300
300
300
300
300
300
300
300
300
300
300
300
300
300
300
300
300
300
300
300
300
300
300
300
300
300.046
300.03
300.019
300.012
300.007
300.004
300.002
300.001
300.001
300
300
300
300
300
300
300
300
300
300
300
300
300
300
300
300
300
300
300
300
300
300
300
300
300
300
300
300
300
300
300
300
300
300
300
300
300
300
300
300
300
300
300.046
300.03
300.019
300.012
300.007
300.004
300.002
300.001
300.001
300
300
300
300
300
300
300
300
300
300
300
300
300
300
300
300
300
300
300
300
300
300
300
300
300
300
300
300
300
300
300
300
300
300
300
300
300
300
300
300
300
300
300.046
300.03
300.019
300.012
300.007
300.004
300.002
300.001
300.001
300
300
300
300
300
300
300
300
300
300
300
300
300
300
300
300
300
300
300
300
300
300
300
300
300
300
300
300
300
300
300
300
300
300
300
300
300
300
300
300
300
300
300.046
300.03
300.019
300.012
300.007
300.004
300.002
300.001
300.001
300
300
300
300
300
300
300
300
300
300
300
300
300
300
300
300
300
300
300
300
300
300
300
300
300
300
300
300
300
300
300
300
300
300
300
300
300
300
300
300
300
300
300.046
300.03
300.019
300.012
300.007
300.004
300.002
300.001
300.001
300
300
300
300
300
300
300
300
300
300
300
300
300
300
300
300
300
300
300
300
300
300
300
300
300
300
300
300
300
300
300
300
300
300
300
300
300
300
300
300
300
300
300.046
300.029
300.019
300.012
300.007
300.004
300.002
300.001
300.001
300
300
300
300
300
300
300
300
300
300
300
300
300
300
300
300
300
300
300
300
300
300
300
300
300
300
300
300
300
300
300
300
300
300
300
300
300
300
300
300
300
300
300.045
300.029
300.018
300.011
300.007
300.004
300.002
300.001
300.001
300
300
300
300
300
300
300
300
300
300
300
300
300
300
300
300
300
300
300
300
300
300
300
300
300
300
300
300
300
300
300
300
300
300
300
300
300
300
300
300
300
300
300.045
300.029
300.018
300.011
300.007
300.004
300.002
300.001
300.001
300
300
300
300
300
300
300
300
300
300
300
300
300
300
300
300
300
300
300
300
300
300
300
300
300
300
300
300
300
300
300
300
300
300
300
300
300
300
300
300
300
300
300.044
300.028
300.018
300.011
300.007
300.004
300.002
300.001
300
300
300
300
300
300
300
300
300
300
300
300
300
300
300
300
300
300
300
300
300
300
300
300
300
300
300
300
300
300
300
300
300
300
300
300
300
300
300
300
300
300
300
300.043
300.028
300.018
300.011
300.007
300.004
300.002
300.001
300
300
300
300
300
300
300
300
300
300
300
300
300
300
300
300
300
300
300
300
300
300
300
300
300
300
300
300
300
300
300
300
300
300
300
300
300
300
300
300
300
300
300
300.042
300.027
300.017
300.011
300.006
300.004
300.002
300.001
300
300
300
300
300
300
300
300
300
300
300
300
300
300
300
300
300
300
300
300
300
300
300
300
300
300
300
300
300
300
300
300
300
300
300
300
300
300
300
300
300
300
300
300.041
300.026
300.017
300.01
300.006
300.004
300.002
300.001
300
300
300
300
300
300
300
300
300
300
300
300
300
300
300
300
300
300
300
300
300
300
300
300
300
300
300
300
300
300
300
300
300
300
300
300
300
300
300
300
300
300
300
300.04
300.026
300.016
300.01
300.006
300.003
300.002
300.001
300
300
300
300
300
300
300
300
300
300
300
300
300
300
300
300
300
300
300
300
300
300
300
300
300
300
300
300
300
300
300
300
300
300
300
300
300
300
300
300
300
300
300
300.039
300.025
300.015
300.01
300.006
300.003
300.002
300.001
300
300
300
300
300
300
300
300
300
300
300
300
300
300
300
300
300
300
300
300
300
300
300
300
300
300
300
300
300
300
300
300
300
300
299.999
299.999
299.999
299.999
299.999
299.999
299.999
299.999
299.999
300.037
300.024
300.015
300.009
300.005
300.003
300.002
300.001
300
300
300
300
300
300
300
300
299.999
299.999
299.999
299.999
299.999
299.999
299.999
299.999
299.999
299.999
299.999
299.999
299.999
299.999
299.999
299.999
299.999
299.999
299.999
299.999
299.999
299.999
299.999
299.999
299.999
299.999
299.999
299.999
299.999
299.999
299.999
299.999
299.999
299.999
299.999
300.035
300.022
300.014
300.009
300.005
300.003
300.002
300.001
300
300
300
300
300
300
299.999
299.999
299.999
299.999
299.999
299.999
299.999
299.999
299.999
299.999
299.999
299.999
299.999
299.999
299.999
299.999
299.999
299.999
299.999
299.999
299.999
299.999
299.999
299.999
299.999
299.999
299.999
299.999
299.999
299.999
299.999
299.999
299.999
299.999
299.999
299.999
299.999
300.033
300.021
300.013
300.008
300.005
300.003
300.001
300.001
300
300
300
300
300
300
299.999
299.999
299.999
299.999
299.999
299.999
299.999
299.999
299.999
299.999
299.999
299.999
299.999
299.999
299.999
299.999
299.999
299.999
299.999
299.999
299.999
299.999
299.999
299.999
299.999
299.999
299.999
299.999
299.999
299.999
299.999
299.999
299.999
299.999
299.999
299.999
299.999
300.032
300.02
300.012
300.008
300.004
300.003
300.001
300.001
300
300
300
300
300
299.999
299.999
299.999
299.999
299.999
299.999
299.999
299.999
299.999
299.999
299.999
299.999
299.999
299.999
299.999
299.999
299.999
299.999
299.999
299.999
299.999
299.999
299.999
299.999
299.999
299.999
299.999
299.999
299.999
299.999
299.999
299.999
299.999
299.999
299.999
299.999
299.999
299.999
300.03
300.019
300.012
300.007
300.004
300.002
300.001
300
300
300
300
300
300
299.999
299.999
299.999
299.999
299.999
299.999
299.999
299.999
299.999
299.999
299.999
299.999
299.999
299.999
299.999
299.999
299.999
299.999
299.999
299.999
299.999
299.999
299.999
299.999
299.999
299.999
299.999
299.999
299.999
299.999
299.999
299.999
299.999
299.999
299.999
299.999
299.999
299.999
300.028
300.018
300.011
300.007
300.004
300.002
300.001
300
300
300
300
300
299.999
299.999
299.999
299.999
299.999
299.999
299.999
299.999
299.999
299.999
299.999
299.999
299.999
299.999
299.999
299.999
299.999
299.999
299.999
299.999
299.999
299.999
299.999
299.999
299.999
299.999
299.999
299.999
299.999
299.999
299.999
299.999
299.999
299.999
299.999
299.999
299.999
299.999
299.999
300.027
300.017
300.011
300.006
300.004
300.002
300.001
300
300
300
300
300
299.999
299.999
299.999
299.999
299.999
299.999
299.999
299.999
299.999
299.999
299.999
299.999
299.999
299.999
299.999
299.999
299.999
299.999
299.999
299.999
299.999
299.999
299.999
299.999
299.999
299.999
299.999
299.999
299.999
299.999
299.999
299.999
299.999
299.999
299.999
299.999
299.999
299.999
299.999
300.026
300.017
300.01
300.006
300.004
300.002
300.001
300
300
300
300
300
299.999
299.999
299.999
299.999
299.999
299.999
299.999
299.999
299.999
299.999
299.999
299.999
299.999
299.999
299.999
299.999
299.999
299.999
299.999
299.999
299.999
299.999
299.999
299.999
299.999
299.999
299.999
299.999
299.999
299.999
299.999
299.999
299.999
299.999
299.999
299.999
299.999
299.999
299.999
)
;

boundaryField
{
    inlet
    {
        type            fixedValue;
        value           uniform 300;
    }
    outlet
    {
        type            zeroGradient;
    }
    top
    {
        type            zeroGradient;
    }
    slip-bottom
    {
        type            zeroGradient;
    }
    bottom
    {
        type            zeroGradient;
    }
    interface
    {
        type            fixedGradient;
        gradient        nonuniform List<scalar> 
161
(
2999.99
2999.99
2999.99
2999.99
2999.99
2999.99
2999.99
2999.99
2999.99
2999.99
2999.99
2999.99
2999.99
2999.99
2999.99
2999.99
2999.99
2999.99
2999.99
2999.99
-3.69482e-13
-3.69482e-13
-3.69482e-13
-3.69482e-13
-3.69482e-13
-3.69482e-13
-3.69482e-13
-3.69482e-13
-3.69482e-13
-3.69482e-13
-3.69482e-13
-3.69482e-13
-3.69482e-13
-3.69482e-13
-3.69482e-13
-3.69482e-13
-3.69482e-13
-3.69482e-13
-3.69482e-13
-3.69482e-13
-8.2423e-13
-8.2423e-13
-8.2423e-13
-8.2423e-13
-8.2423e-13
-8.2423e-13
-8.2423e-13
-8.2423e-13
-8.2423e-13
-8.2423e-13
-8.2423e-13
-8.2423e-13
-8.2423e-13
-8.2423e-13
-8.2423e-13
-8.2423e-13
-2.55795e-13
-2.55795e-13
-2.55795e-13
-2.55795e-13
-2.55795e-13
-2.55795e-13
-2.55795e-13
-2.55795e-13
-2.55795e-13
-2.55795e-13
-2.55795e-13
-2.55795e-13
-2.55795e-13
-2.55795e-13
-2.55795e-13
5.68434e-14
5.68434e-14
5.68434e-14
5.68434e-14
5.68434e-14
5.68434e-14
5.68434e-14
5.68434e-14
5.68434e-14
5.68434e-14
5.68434e-14
5.68434e-14
8.52651e-14
8.52651e-14
8.52651e-14
8.52651e-14
8.52651e-14
8.52651e-14
8.52651e-14
8.52651e-14
8.52651e-14
8.52651e-14
8.52651e-14
-2.84217e-13
-2.84217e-13
-2.84217e-13
-2.84217e-13
-2.84217e-13
-2.84217e-13
-2.84217e-13
-2.84217e-13
-2.84217e-13
-2.84217e-13
6.25278e-13
6.25278e-13
6.25278e-13
6.25278e-13
6.25278e-13
6.25278e-13
6.25278e-13
6.25278e-13
6.25278e-13
1.98952e-13
1.98952e-13
1.98952e-13
1.98952e-13
1.98952e-13
1.98952e-13
1.98952e-13
1.98952e-13
2.13163e-13
2.13163e-13
2.13163e-13
2.13163e-13
2.13163e-13
2.13163e-13
2.13163e-13
2.13163e-13
9.09495e-13
9.09495e-13
9.09495e-13
9.09495e-13
9.09495e-13
9.09495e-13
9.09495e-13
5.68434e-14
5.68434e-14
5.68434e-14
5.68434e-14
5.68434e-14
5.68434e-14
5.68434e-14
9.66338e-13
9.66338e-13
9.66338e-13
9.66338e-13
9.66338e-13
9.66338e-13
4.83169e-13
4.83169e-13
4.83169e-13
4.83169e-13
4.83169e-13
4.83169e-13
5.54223e-13
5.54223e-13
5.54223e-13
5.54223e-13
5.54223e-13
5.54223e-13
)
;
    }
    defaultFaces
    {
        type            empty;
    }
}


// ************************************************************************* //
