/*--------------------------------*- C++ -*----------------------------------*\
  =========                 |
  \\      /  F ield         | OpenFOAM: The Open Source CFD Toolbox
   \\    /   O peration     | Website:  https://openfoam.org
    \\  /    A nd           | Version:  7
     \\/     M anipulation  |
\*---------------------------------------------------------------------------*/
FoamFile
{
    version     2.0;
    format      ascii;
    class       volScalarField;
    location    "5.7";
    object      T;
}
// * * * * * * * * * * * * * * * * * * * * * * * * * * * * * * * * * * * * * //

dimensions      [0 0 0 1 0 0 0];

internalField   nonuniform List<scalar> 
12013
(
300.09
300.272
300.459
300.649
300.841
301.033
301.225
301.415
301.602
301.787
301.968
302.144
302.316
302.484
302.647
302.804
302.957
303.105
303.247
303.386
303.519
303.649
303.775
303.897
304.015
304.131
304.244
304.355
304.464
304.572
304.68
304.787
304.895
305.004
305.115
305.229
305.347
305.47
305.599
305.735
305.879
306.033
306.199
306.378
306.573
306.784
307.015
307.268
307.545
307.85
308.185
308.555
308.962
309.41
309.904
310.448
311.048
311.708
312.435
313.234
314.113
315.079
316.139
317.303
318.58
319.981
321.517
323.203
325.051
327.08
329.309
331.76
334.459
337.44
340.741
344.414
348.526
353.174
358.502
364.751
372.383
300.09
300.272
300.46
300.65
300.842
301.034
301.225
301.416
301.603
301.788
301.969
302.145
302.318
302.485
302.648
302.806
302.958
303.106
303.249
303.387
303.521
303.651
303.776
303.898
304.017
304.133
304.246
304.357
304.466
304.574
304.681
304.789
304.897
305.006
305.117
305.231
305.349
305.472
305.601
305.736
305.881
306.035
306.201
306.379
306.574
306.785
307.016
307.268
307.545
307.85
308.185
308.554
308.96
309.408
309.902
310.445
311.044
311.704
312.429
313.227
314.104
315.068
316.126
317.287
318.561
319.958
321.49
323.17
325.011
327.032
329.249
331.685
334.365
337.32
340.586
344.209
348.247
352.775
357.892
363.72
370.369
300.09
300.273
300.46
300.65
300.843
301.035
301.227
301.417
301.605
301.79
301.971
302.148
302.32
302.488
302.651
302.809
302.962
303.11
303.253
303.391
303.525
303.655
303.78
303.903
304.021
304.137
304.25
304.361
304.47
304.578
304.686
304.793
304.901
305.01
305.121
305.235
305.353
305.476
305.604
305.74
305.884
306.038
306.203
306.382
306.576
306.787
307.017
307.269
307.546
307.85
308.184
308.552
308.958
309.404
309.897
310.439
311.036
311.693
312.416
313.211
314.085
315.045
316.098
317.253
318.52
319.909
321.431
323.098
324.924
326.924
329.117
331.522
334.161
337.062
340.254
343.775
347.665
351.971
356.739
361.994
367.696
300.09
300.273
300.461
300.652
300.844
301.037
301.229
301.42
301.608
301.793
301.975
302.152
302.325
302.493
302.656
302.814
302.967
303.116
303.259
303.398
303.532
303.661
303.787
303.909
304.028
304.144
304.257
304.368
304.477
304.585
304.693
304.8
304.908
305.017
305.128
305.242
305.359
305.482
305.61
305.745
305.889
306.043
306.208
306.386
306.579
306.79
307.019
307.271
307.546
307.849
308.182
308.549
308.953
309.398
309.888
310.428
311.022
311.676
312.395
313.185
314.053
315.006
316.052
317.198
318.453
319.828
321.333
322.979
324.78
326.749
328.903
331.258
333.833
336.65
339.733
343.104
346.789
350.808
355.167
359.847
364.775
300.09
300.274
300.462
300.654
300.846
301.04
301.233
301.424
301.613
301.799
301.981
302.158
302.332
302.5
302.664
302.822
302.976
303.124
303.268
303.407
303.541
303.671
303.797
303.92
304.038
304.154
304.268
304.379
304.488
304.596
304.703
304.81
304.918
305.027
305.138
305.251
305.369
305.491
305.619
305.754
305.897
306.05
306.215
306.392
306.585
306.794
307.023
307.273
307.547
307.849
308.18
308.545
308.946
309.389
309.875
310.411
311.001
311.65
312.363
313.147
314.007
314.95
315.984
317.116
318.355
319.71
321.191
322.808
324.573
326.499
328.597
330.884
333.372
336.079
339.019
342.205
345.648
349.348
353.293
357.448
361.747
300.091
300.275
300.464
300.656
300.85
301.044
301.238
301.43
301.619
301.806
301.988
302.167
302.341
302.51
302.674
302.833
302.988
303.136
303.281
303.42
303.554
303.685
303.811
303.934
304.053
304.169
304.282
304.393
304.502
304.61
304.718
304.825
304.932
305.041
305.151
305.265
305.382
305.503
305.631
305.765
305.908
306.06
306.224
306.401
306.592
306.8
307.028
307.276
307.549
307.848
308.177
308.539
308.937
309.376
309.858
310.389
310.973
311.615
312.32
313.094
313.943
314.873
315.892
317.005
318.222
319.551
321
322.579
324.297
326.165
328.194
330.394
332.775
335.349
338.121
341.099
344.279
347.655
351.206
354.896
358.672
300.091
300.276
300.466
300.659
300.854
301.049
301.244
301.437
301.628
301.815
301.999
302.178
302.353
302.523
302.688
302.848
303.003
303.153
303.297
303.437
303.572
303.703
303.83
303.952
304.072
304.188
304.301
304.412
304.522
304.63
304.737
304.844
304.951
305.059
305.17
305.283
305.399
305.52
305.647
305.781
305.923
306.074
306.237
306.412
306.602
306.809
307.034
307.281
307.551
307.847
308.173
308.532
308.926
309.359
309.836
310.361
310.937
311.57
312.265
313.026
313.861
314.774
315.772
316.862
318.051
319.346
320.755
322.286
323.946
325.745
327.689
329.787
332.045
334.467
337.056
339.812
342.727
345.788
348.973
352.252
355.585
300.092
300.278
300.469
300.664
300.86
301.056
301.252
301.447
301.639
301.827
302.012
302.193
302.369
302.54
302.706
302.867
303.023
303.173
303.319
303.459
303.595
303.726
303.853
303.976
304.096
304.213
304.326
304.437
304.547
304.655
304.762
304.868
304.975
305.083
305.193
305.306
305.422
305.542
305.668
305.801
305.942
306.092
306.253
306.427
306.615
306.82
307.043
307.287
307.554
307.847
308.169
308.522
308.911
309.338
309.808
310.324
310.891
311.513
312.194
312.941
313.757
314.649
315.623
316.683
317.838
319.092
320.453
321.926
323.519
325.236
327.084
329.067
331.188
333.447
335.845
338.375
341.029
343.792
346.645
349.561
352.511
300.093
300.28
300.473
300.669
300.867
301.065
301.263
301.459
301.653
301.843
302.03
302.212
302.389
302.562
302.729
302.891
303.048
303.2
303.346
303.487
303.624
303.756
303.883
304.007
304.127
304.244
304.358
304.469
304.578
304.686
304.793
304.899
305.006
305.114
305.223
305.335
305.45
305.57
305.695
305.827
305.966
306.115
306.274
306.446
306.632
306.834
307.054
307.295
307.558
307.847
308.164
308.511
308.894
309.313
309.774
310.28
310.835
311.443
312.108
312.836
313.631
314.497
315.441
316.467
317.581
318.787
320.092
321.5
323.015
324.641
326.383
328.241
330.216
332.308
334.511
336.82
339.224
341.71
344.26
346.855
349.47
300.093
300.283
300.478
300.676
300.876
301.076
301.276
301.474
301.67
301.862
302.051
302.235
302.415
302.589
302.758
302.922
303.08
303.233
303.38
303.522
303.66
303.793
303.921
304.045
304.166
304.283
304.397
304.508
304.618
304.726
304.832
304.938
305.045
305.152
305.261
305.372
305.486
305.605
305.728
305.859
305.997
306.143
306.301
306.47
306.654
306.853
307.069
307.306
307.564
307.848
308.158
308.499
308.873
309.284
309.734
310.227
310.768
311.359
312.006
312.711
313.48
314.317
315.226
316.212
317.279
318.431
319.673
321.007
322.437
323.965
325.593
327.321
329.147
331.068
333.08
335.176
337.345
339.575
341.852
344.159
346.48
300.095
300.287
300.484
300.684
300.887
301.09
301.292
301.493
301.691
301.886
302.077
302.264
302.446
302.622
302.793
302.959
303.119
303.273
303.422
303.566
303.704
303.838
303.967
304.092
304.214
304.331
304.446
304.557
304.667
304.774
304.881
304.987
305.093
305.199
305.307
305.417
305.53
305.648
305.77
305.899
306.035
306.179
306.334
306.501
306.681
306.876
307.088
307.32
307.573
307.85
308.153
308.486
308.85
309.25
309.688
310.166
310.69
311.262
311.887
312.567
313.306
314.109
314.979
315.919
316.934
318.026
319.198
320.453
321.792
323.217
324.726
326.321
327.997
329.751
331.578
333.471
335.42
337.416
339.446
341.498
343.558
300.096
300.291
300.491
300.694
300.9
301.106
301.312
301.516
301.717
301.915
302.109
302.299
302.483
302.662
302.836
303.004
303.166
303.322
303.473
303.618
303.759
303.894
304.024
304.15
304.272
304.39
304.505
304.617
304.726
304.834
304.94
305.046
305.151
305.257
305.364
305.473
305.585
305.701
305.821
305.948
306.082
306.224
306.375
306.539
306.715
306.906
307.113
307.339
307.586
307.855
308.15
308.473
308.826
309.213
309.636
310.098
310.603
311.153
311.752
312.403
313.109
313.874
314.7
315.59
316.548
317.575
318.673
319.844
321.088
322.406
323.796
325.257
326.786
328.379
330.03
331.732
333.479
335.261
337.069
338.892
340.72
300.098
300.296
300.5
300.707
300.916
301.126
301.335
301.543
301.749
301.95
302.148
302.341
302.529
302.711
302.888
303.058
303.223
303.382
303.535
303.682
303.824
303.961
304.093
304.22
304.342
304.461
304.577
304.689
304.799
304.906
305.012
305.117
305.222
305.327
305.433
305.541
305.651
305.765
305.884
306.008
306.139
306.278
306.427
306.586
306.758
306.943
307.145
307.364
307.603
307.864
308.149
308.461
308.802
309.174
309.58
310.023
310.506
311.032
311.603
312.221
312.891
313.614
314.393
315.23
316.126
317.085
318.106
319.19
320.338
321.548
322.819
324.15
325.536
326.974
328.459
329.985
331.545
333.133
334.74
336.359
337.98
300.1
300.302
300.51
300.722
300.935
301.15
301.364
301.576
301.786
301.993
302.195
302.392
302.584
302.77
302.95
303.124
303.292
303.454
303.609
303.759
303.903
304.042
304.175
304.303
304.427
304.547
304.663
304.776
304.886
304.994
305.099
305.204
305.308
305.412
305.517
305.623
305.732
305.844
305.96
306.082
306.21
306.345
306.49
306.644
306.811
306.991
307.186
307.397
307.628
307.879
308.153
308.452
308.779
309.135
309.522
309.945
310.404
310.902
311.442
312.026
312.656
313.334
314.063
314.843
315.676
316.564
317.506
318.502
319.553
320.657
321.812
323.016
324.267
325.559
326.889
328.252
329.642
331.054
332.481
333.916
335.353
300.102
300.31
300.523
300.739
300.958
301.178
301.398
301.616
301.831
302.043
302.25
302.453
302.649
302.84
303.024
303.203
303.374
303.539
303.698
303.851
303.997
304.138
304.274
304.404
304.529
304.65
304.767
304.88
304.991
305.098
305.204
305.308
305.411
305.514
305.618
305.722
305.829
305.939
306.052
306.171
306.295
306.427
306.567
306.716
306.877
307.05
307.238
307.441
307.662
307.903
308.165
308.45
308.76
309.098
309.466
309.865
310.298
310.767
311.274
311.821
312.409
313.041
313.717
314.439
315.207
316.023
316.885
317.795
318.75
319.751
320.794
321.878
323
324.156
325.343
326.557
327.792
329.044
330.309
331.58
332.853
300.105
300.318
300.537
300.76
300.986
301.213
301.439
301.663
301.885
302.103
302.317
302.525
302.727
302.923
303.113
303.296
303.472
303.641
303.804
303.96
304.11
304.253
304.391
304.523
304.651
304.773
304.891
305.005
305.115
305.223
305.329
305.432
305.534
305.636
305.738
305.841
305.946
306.053
306.164
306.279
306.399
306.526
306.661
306.805
306.96
307.126
307.305
307.499
307.709
307.938
308.186
308.456
308.75
309.069
309.414
309.789
310.195
310.633
311.105
311.613
312.158
312.741
313.364
314.026
314.729
315.473
316.258
317.082
317.945
318.846
319.783
320.754
321.756
322.787
323.842
324.919
326.014
327.123
328.241
329.366
330.492
300.108
300.329
300.555
300.785
301.019
301.253
301.487
301.719
301.949
302.174
302.395
302.61
302.819
303.022
303.218
303.406
303.588
303.762
303.929
304.09
304.243
304.39
304.531
304.665
304.794
304.918
305.038
305.153
305.264
305.372
305.477
305.58
305.681
305.782
305.882
305.983
306.085
306.19
306.297
306.408
306.525
306.647
306.776
306.914
307.061
307.22
307.39
307.574
307.773
307.989
308.223
308.477
308.752
309.05
309.373
309.722
310.099
310.505
310.941
311.409
311.91
312.445
313.014
313.617
314.256
314.93
315.638
316.381
317.156
317.963
318.8
319.665
320.556
321.47
322.406
323.359
324.327
325.306
326.294
327.288
328.283
300.112
300.341
300.576
300.815
301.057
301.301
301.544
301.785
302.024
302.258
302.487
302.711
302.928
303.138
303.341
303.537
303.725
303.905
304.077
304.242
304.4
304.551
304.695
304.833
304.964
305.09
305.211
305.327
305.439
305.547
305.652
305.755
305.855
305.954
306.053
306.152
306.252
306.353
306.457
306.564
306.676
306.793
306.916
307.047
307.187
307.337
307.497
307.671
307.858
308.06
308.279
308.516
308.772
309.049
309.348
309.671
310.018
310.391
310.791
311.22
311.676
312.162
312.678
313.224
313.801
314.407
315.042
315.707
316.399
317.118
317.862
318.629
319.418
320.227
321.053
321.894
322.748
323.611
324.482
325.358
326.236
300.117
300.355
300.6
300.85
301.103
301.357
301.611
301.863
302.112
302.357
302.596
302.83
303.056
303.276
303.487
303.69
303.886
304.073
304.252
304.422
304.585
304.741
304.889
305.03
305.164
305.293
305.415
305.533
305.645
305.754
305.859
305.961
306.061
306.158
306.255
306.352
306.449
306.547
306.647
306.75
306.857
306.968
307.085
307.209
307.341
307.482
307.632
307.794
307.969
308.157
308.36
308.58
308.816
309.072
309.347
309.642
309.96
310.301
310.665
311.053
311.467
311.906
312.37
312.861
313.377
313.919
314.486
315.077
315.691
316.328
316.987
317.665
318.361
319.074
319.801
320.541
321.292
322.052
322.818
323.589
324.362
300.123
300.372
300.629
300.891
301.156
301.423
301.689
301.954
302.216
302.473
302.724
302.969
303.207
303.436
303.658
303.87
304.074
304.269
304.456
304.633
304.802
304.963
305.115
305.261
305.398
305.53
305.654
305.774
305.887
305.996
306.102
306.203
306.302
306.398
306.493
306.587
306.681
306.776
306.872
306.97
307.072
307.178
307.288
307.405
307.528
307.66
307.8
307.951
308.112
308.286
308.473
308.675
308.892
309.125
309.376
309.645
309.934
310.242
310.571
310.921
311.293
311.686
312.102
312.54
312.999
313.481
313.983
314.507
315.05
315.612
316.192
316.789
317.401
318.027
318.666
319.315
319.974
320.641
321.313
321.99
322.67
300.129
300.392
300.663
300.939
301.218
301.5
301.781
302.061
302.337
302.608
302.874
303.132
303.382
303.624
303.857
304.081
304.295
304.499
304.694
304.879
305.055
305.222
305.38
305.53
305.672
305.806
305.934
306.055
306.17
306.28
306.385
306.486
306.584
306.679
306.772
306.863
306.954
307.046
307.138
307.231
307.327
307.427
307.531
307.64
307.755
307.877
308.006
308.145
308.294
308.453
308.625
308.808
309.006
309.218
309.445
309.688
309.948
310.225
310.52
310.834
311.166
311.516
311.886
312.274
312.682
313.107
313.551
314.012
314.49
314.984
315.493
316.016
316.552
317.1
317.66
318.228
318.805
319.389
319.978
320.572
321.168
300.137
300.416
300.702
300.995
301.292
301.59
301.889
302.186
302.479
302.767
303.048
303.322
303.588
303.844
304.09
304.327
304.552
304.767
304.972
305.166
305.35
305.524
305.688
305.843
305.989
306.127
306.258
306.381
306.498
306.609
306.714
306.815
306.912
307.006
307.097
307.186
307.274
307.361
307.449
307.538
307.628
307.722
307.819
307.92
308.026
308.139
308.258
308.385
308.521
308.666
308.821
308.988
309.167
309.358
309.562
309.78
310.013
310.261
310.524
310.803
311.097
311.408
311.735
312.078
312.436
312.811
313.201
313.605
314.024
314.456
314.902
315.359
315.828
316.307
316.795
317.291
317.795
318.305
318.821
319.34
319.863
300.146
300.443
300.749
301.061
301.377
301.696
302.015
302.332
302.645
302.952
303.252
303.544
303.827
304.1
304.361
304.612
304.851
305.078
305.294
305.498
305.691
305.873
306.044
306.205
306.356
306.499
306.632
306.758
306.877
306.989
307.095
307.195
307.291
307.384
307.473
307.559
307.644
307.728
307.811
307.895
307.98
308.068
308.158
308.251
308.349
308.452
308.561
308.677
308.8
308.931
309.072
309.222
309.382
309.553
309.736
309.931
310.138
310.358
310.591
310.838
311.098
311.372
311.66
311.961
312.276
312.604
312.945
313.299
313.665
314.042
314.431
314.829
315.238
315.655
316.081
316.513
316.953
317.397
317.847
318.301
318.758
300.157
300.475
300.803
301.138
301.477
301.819
302.162
302.502
302.838
303.167
303.489
303.802
304.105
304.396
304.675
304.942
305.196
305.438
305.666
305.881
306.084
306.275
306.454
306.622
306.779
306.926
307.063
307.192
307.312
307.426
307.532
307.633
307.728
307.819
307.906
307.99
308.072
308.152
308.231
308.31
308.39
308.471
308.554
308.64
308.729
308.823
308.922
309.027
309.138
309.256
309.382
309.516
309.659
309.812
309.975
310.147
310.331
310.525
310.731
310.949
311.178
311.418
311.67
311.934
312.21
312.497
312.794
313.103
313.422
313.75
314.089
314.436
314.791
315.154
315.524
315.901
316.283
316.671
317.062
317.458
317.857
300.169
300.512
300.866
301.227
301.594
301.963
302.333
302.7
303.062
303.418
303.765
304.101
304.427
304.739
305.039
305.324
305.595
305.852
306.094
306.322
306.536
306.736
306.924
307.099
307.262
307.414
307.555
307.687
307.81
307.925
308.032
308.133
308.227
308.317
308.402
308.483
308.562
308.638
308.713
308.787
308.862
308.937
309.013
309.092
309.174
309.259
309.348
309.442
309.542
309.647
309.76
309.88
310.007
310.142
310.286
310.439
310.601
310.772
310.953
311.144
311.345
311.556
311.776
312.007
312.248
312.498
312.757
313.026
313.303
313.589
313.883
314.185
314.493
314.809
315.13
315.458
315.79
316.127
316.469
316.813
317.161
300.183
300.556
300.939
301.332
301.73
302.131
302.532
302.93
303.323
303.708
304.083
304.447
304.798
305.135
305.457
305.763
306.053
306.326
306.584
306.826
307.052
307.263
307.46
307.642
307.812
307.969
308.115
308.25
308.375
308.492
308.599
308.7
308.794
308.882
308.965
309.044
309.12
309.192
309.263
309.333
309.402
309.471
309.541
309.613
309.687
309.764
309.844
309.929
310.018
310.112
310.212
310.318
310.431
310.551
310.678
310.812
310.955
311.106
311.265
311.432
311.608
311.792
311.985
312.186
312.396
312.614
312.84
313.074
313.315
313.564
313.819
314.081
314.35
314.624
314.903
315.188
315.477
315.77
316.067
316.367
316.67
300.2
300.606
301.025
301.453
301.888
302.325
302.763
303.197
303.625
304.044
304.452
304.846
305.226
305.59
305.937
306.266
306.576
306.869
307.143
307.399
307.639
307.861
308.067
308.258
308.434
308.597
308.747
308.886
309.013
309.131
309.24
309.34
309.433
309.52
309.601
309.677
309.75
309.819
309.886
309.951
310.015
310.079
310.143
310.208
310.275
310.345
310.417
310.492
310.571
310.655
310.744
310.838
310.938
311.044
311.156
311.275
311.4
311.533
311.672
311.819
311.973
312.134
312.303
312.479
312.662
312.852
313.049
313.252
313.462
313.679
313.901
314.129
314.362
314.601
314.844
315.091
315.343
315.598
315.856
316.117
316.381
300.219
300.665
301.125
301.595
302.071
302.551
303.031
303.506
303.974
304.432
304.876
305.306
305.718
306.112
306.486
306.839
307.172
307.485
307.777
308.049
308.302
308.536
308.752
308.951
309.134
309.303
309.457
309.599
309.728
309.847
309.956
310.056
310.149
310.234
310.313
310.387
310.456
310.522
310.585
310.646
310.706
310.765
310.823
310.883
310.943
311.005
311.07
311.138
311.208
311.283
311.362
311.445
311.534
311.627
311.727
311.831
311.942
312.058
312.181
312.31
312.445
312.587
312.735
312.889
313.049
313.215
313.387
313.565
313.748
313.937
314.131
314.33
314.533
314.741
314.953
315.168
315.387
315.61
315.835
316.063
316.293
300.242
300.734
301.241
301.759
302.285
302.814
303.342
303.864
304.378
304.879
305.365
305.833
306.28
306.707
307.111
307.491
307.848
308.182
308.492
308.781
309.047
309.293
309.519
309.726
309.916
310.089
310.247
310.392
310.523
310.643
310.753
310.852
310.944
311.027
311.104
311.176
311.243
311.305
311.365
311.422
311.477
311.531
311.585
311.639
311.694
311.751
311.809
311.869
311.933
312
312.07
312.145
312.223
312.306
312.394
312.487
312.585
312.689
312.797
312.911
313.03
313.155
313.285
313.421
313.562
313.708
313.859
314.015
314.176
314.341
314.511
314.685
314.863
315.044
315.23
315.418
315.61
315.804
316.001
316.2
316.401
300.268
300.814
301.376
301.951
302.533
303.118
303.701
304.278
304.843
305.393
305.925
306.435
306.922
307.383
307.819
308.228
308.61
308.965
309.295
309.599
309.879
310.136
310.371
310.586
310.781
310.959
311.121
311.268
311.401
311.521
311.63
311.729
311.819
311.902
311.977
312.046
312.11
312.17
312.226
312.28
312.332
312.382
312.432
312.482
312.532
312.583
312.636
312.691
312.749
312.809
312.873
312.94
313.01
313.085
313.164
313.247
313.335
313.427
313.524
313.625
313.732
313.842
313.958
314.078
314.203
314.332
314.466
314.604
314.746
314.891
315.041
315.194
315.351
315.511
315.673
315.839
316.007
316.178
316.35
316.525
316.701
300.299
300.907
301.534
302.173
302.821
303.47
304.117
304.754
305.377
305.982
306.564
307.121
307.649
308.149
308.617
309.055
309.463
309.84
310.187
310.507
310.8
311.067
311.31
311.532
311.732
311.914
312.078
312.226
312.36
312.48
312.589
312.687
312.776
312.856
312.93
312.997
313.059
313.116
313.17
313.221
313.27
313.318
313.365
313.411
313.458
313.506
313.555
313.606
313.659
313.714
313.773
313.834
313.899
313.967
314.039
314.114
314.194
314.277
314.365
314.457
314.552
314.652
314.756
314.864
314.976
315.091
315.21
315.333
315.46
315.589
315.722
315.858
315.997
316.138
316.282
316.428
316.577
316.727
316.88
317.033
317.189
300.335
301.016
301.716
302.431
303.154
303.878
304.596
305.302
305.989
306.654
307.291
307.897
308.47
309.009
309.511
309.978
310.41
310.808
311.173
311.506
311.81
312.086
312.336
312.562
312.766
312.95
313.116
313.264
313.398
313.518
313.626
313.723
313.811
313.89
313.962
314.027
314.088
314.144
314.196
314.246
314.293
314.339
314.384
314.429
314.474
314.519
314.566
314.615
314.665
314.718
314.773
314.83
314.891
314.955
315.022
315.092
315.166
315.243
315.323
315.408
315.495
315.586
315.681
315.779
315.881
315.985
316.093
316.204
316.318
316.434
316.553
316.675
316.799
316.925
317.053
317.183
317.315
317.449
317.584
317.72
317.857
300.376
301.142
301.928
302.73
303.539
304.347
305.146
305.929
306.688
307.418
308.113
308.772
309.39
309.968
310.504
310.998
311.453
311.869
312.248
312.593
312.905
313.188
313.442
313.671
313.877
314.062
314.228
314.376
314.509
314.628
314.735
314.832
314.918
314.997
315.068
315.133
315.193
315.249
315.301
315.35
315.398
315.444
315.489
315.533
315.578
315.624
315.671
315.718
315.768
315.82
315.873
315.929
315.988
316.049
316.114
316.181
316.251
316.324
316.4
316.478
316.56
316.645
316.733
316.824
316.917
317.013
317.112
317.213
317.317
317.423
317.53
317.64
317.752
317.866
317.981
318.098
318.215
318.335
318.455
318.576
318.698
300.425
301.288
302.174
303.075
303.983
304.887
305.777
306.644
307.48
308.28
309.037
309.748
310.412
311.027
311.593
312.112
312.586
313.017
313.407
313.759
314.077
314.362
314.619
314.849
315.054
315.239
315.404
315.551
315.683
315.802
315.908
316.004
316.091
316.17
316.242
316.308
316.369
316.426
316.48
316.531
316.58
316.628
316.675
316.722
316.769
316.817
316.865
316.915
316.966
317.018
317.073
317.13
317.188
317.249
317.313
317.379
317.447
317.518
317.591
317.666
317.745
317.825
317.908
317.993
318.081
318.17
318.262
318.356
318.451
318.548
318.647
318.747
318.849
318.952
319.056
319.161
319.267
319.374
319.481
319.59
319.698
300.48
301.456
302.457
303.474
304.493
305.504
306.495
307.454
308.373
309.244
310.063
310.826
311.531
312.179
312.772
313.31
313.798
314.238
314.634
314.989
315.308
315.594
315.849
316.078
316.282
316.465
316.628
316.775
316.906
317.025
317.131
317.228
317.316
317.397
317.471
317.54
317.605
317.665
317.723
317.778
317.832
317.884
317.936
317.987
318.039
318.091
318.143
318.196
318.251
318.307
318.365
318.424
318.484
318.547
318.611
318.677
318.746
318.816
318.888
318.962
319.038
319.116
319.195
319.276
319.359
319.444
319.53
319.617
319.706
319.796
319.887
319.979
320.072
320.166
320.26
320.355
320.451
320.547
320.644
320.74
320.837
300.545
301.651
302.784
303.93
305.076
306.206
307.306
308.363
309.367
310.311
311.188
311.997
312.738
313.412
314.022
314.573
315.068
315.51
315.905
316.259
316.575
316.857
317.108
317.334
317.535
317.716
317.878
318.024
318.156
318.276
318.385
318.485
318.577
318.662
318.741
318.815
318.885
318.952
319.016
319.078
319.139
319.198
319.257
319.315
319.373
319.431
319.49
319.549
319.609
319.67
319.731
319.794
319.858
319.924
319.99
320.058
320.128
320.199
320.271
320.344
320.419
320.495
320.572
320.65
320.729
320.81
320.891
320.973
321.056
321.14
321.224
321.309
321.394
321.48
321.565
321.652
321.738
321.825
321.911
321.998
322.084
300.619
301.874
303.157
304.451
305.738
306.998
308.215
309.373
310.46
311.47
312.4
313.245
314.008
314.694
315.31
315.86
316.352
316.79
317.181
317.529
317.839
318.116
318.364
318.586
318.785
318.965
319.127
319.275
319.409
319.532
319.646
319.751
319.848
319.94
320.026
320.108
320.187
320.262
320.335
320.406
320.475
320.543
320.61
320.677
320.743
320.809
320.875
320.941
321.007
321.074
321.141
321.209
321.277
321.346
321.415
321.486
321.557
321.628
321.701
321.774
321.848
321.923
321.998
322.073
322.15
322.226
322.303
322.38
322.458
322.536
322.614
322.692
322.77
322.848
322.926
323.004
323.081
323.159
323.236
323.313
323.389
300.702
302.127
303.581
305.04
306.482
307.881
309.218
310.475
311.632
312.689
313.645
314.506
315.278
315.966
316.579
317.124
317.607
318.037
318.419
318.759
319.062
319.333
319.577
319.796
319.994
320.173
320.337
320.488
320.626
320.755
320.874
320.986
321.092
321.192
321.288
321.379
321.467
321.552
321.635
321.716
321.795
321.872
321.949
322.024
322.099
322.173
322.246
322.319
322.392
322.465
322.537
322.61
322.682
322.754
322.827
322.899
322.972
323.045
323.117
323.19
323.263
323.336
323.409
323.482
323.555
323.628
323.701
323.773
323.845
323.917
323.989
324.061
324.132
324.202
324.273
324.342
324.412
324.481
324.549
324.617
324.684
300.796
302.412
304.055
305.697
307.306
308.845
310.28
311.6
312.802
313.886
314.857
315.723
316.491
317.171
317.773
318.305
318.775
319.192
319.562
319.892
320.187
320.451
320.69
320.906
321.103
321.283
321.45
321.604
321.747
321.882
322.008
322.128
322.243
322.352
322.457
322.558
322.655
322.75
322.843
322.933
323.021
323.108
323.193
323.277
323.359
323.441
323.521
323.6
323.679
323.756
323.833
323.91
323.985
324.06
324.135
324.209
324.282
324.355
324.428
324.5
324.572
324.643
324.713
324.783
324.853
324.921
324.99
325.057
325.124
325.191
325.256
325.322
325.386
325.45
325.513
325.575
325.636
325.697
325.757
325.816
325.874
300.896
302.716
304.566
306.403
308.153
309.788
311.292
312.656
313.883
314.976
315.944
316.799
317.552
318.214
318.797
319.309
319.762
320.162
320.518
320.836
321.121
321.378
321.612
321.825
322.02
322.201
322.369
322.526
322.674
322.814
322.947
323.073
323.195
323.311
323.424
323.533
323.639
323.741
323.842
323.939
324.035
324.129
324.22
324.31
324.399
324.486
324.571
324.655
324.737
324.819
324.899
324.978
325.055
325.132
325.208
325.282
325.356
325.429
325.501
325.571
325.641
325.71
325.778
325.845
325.911
325.976
326.041
326.104
326.166
326.228
326.288
326.347
326.406
326.464
326.52
326.576
326.631
326.685
326.738
326.79
326.841
300.984
302.991
305.035
307
308.844
310.541
312.079
313.459
314.684
315.767
316.718
317.552
318.282
318.921
319.482
319.974
320.409
320.793
321.135
321.442
321.717
321.967
322.195
322.404
322.598
322.778
322.946
323.104
323.254
323.396
323.532
323.662
323.787
323.908
324.025
324.138
324.248
324.355
324.459
324.561
324.661
324.758
324.853
324.947
325.038
325.128
325.216
325.302
325.387
325.47
325.552
325.632
325.711
325.788
325.865
325.939
326.013
326.085
326.157
326.226
326.295
326.362
326.429
326.494
326.558
326.62
326.682
326.742
326.801
326.86
326.917
326.973
327.027
327.081
327.134
327.185
327.236
327.286
327.334
327.382
327.428
382.567
390.529
397.223
403.058
408.234
412.86
416.999
420.685
423.934
426.748
429.114
431.013
432.41
433.257
433.489
433.017
431.71
429.374
425.678
419.964
410.586
404.231
399.357
395.363
391.962
388.991
386.349
383.967
381.796
379.8
377.951
376.228
374.611
373.088
371.645
370.273
368.963
367.709
366.503
365.34
364.215
363.125
362.064
361.031
360.022
359.035
358.067
357.116
356.18
355.259
354.349
353.45
352.561
351.68
350.807
349.941
349.081
348.227
347.379
346.535
345.695
344.86
344.029
343.202
342.379
341.56
340.745
339.935
339.129
338.327
337.53
336.738
335.951
335.169
334.394
333.625
332.862
332.107
331.359
330.619
329.888
329.166
328.453
327.75
327.057
326.376
325.706
325.048
324.402
323.769
323.149
322.543
321.951
321.373
320.809
320.261
319.727
319.208
318.704
318.216
317.743
317.285
316.842
316.414
316.001
315.603
315.22
314.851
314.496
314.155
313.827
313.513
313.212
312.923
312.646
312.381
312.127
311.885
311.653
311.431
311.219
311.016
310.822
310.637
310.46
310.29
310.128
309.973
309.824
309.682
309.545
309.414
309.287
309.166
309.049
308.936
308.827
308.722
308.62
308.521
308.424
308.33
308.239
308.149
308.061
307.975
307.89
307.807
307.724
307.643
307.562
307.481
307.401
307.322
307.242
307.162
307.083
307.003
306.923
306.844
306.765
377.819
384.74
390.967
396.558
401.593
406.132
410.216
413.867
417.096
419.9
422.266
424.174
425.589
426.466
426.742
426.337
425.138
422.989
419.674
414.925
408.697
403.31
398.813
395
391.7
388.793
386.194
383.842
381.694
379.716
377.88
376.167
374.56
373.043
371.606
370.239
368.934
367.683
366.48
365.32
364.197
363.109
362.05
361.019
360.011
359.025
358.058
357.108
356.173
355.252
354.343
353.444
352.555
351.675
350.803
349.937
349.078
348.224
347.375
346.532
345.692
344.857
344.026
343.199
342.377
341.558
340.743
339.932
339.126
338.324
337.527
336.735
335.948
335.167
334.392
333.623
332.86
332.105
331.357
330.617
329.886
329.163
328.45
327.747
327.055
326.373
325.703
325.045
324.4
323.767
323.147
322.541
321.949
321.371
320.807
320.259
319.725
319.206
318.702
318.214
317.741
317.283
316.84
316.412
316
315.602
315.219
314.85
314.495
314.154
313.826
313.512
313.211
312.922
312.645
312.38
312.127
311.884
311.652
311.43
311.218
311.016
310.822
310.637
310.46
310.29
310.128
309.973
309.824
309.682
309.545
309.414
309.288
309.166
309.049
308.937
308.828
308.722
308.62
308.521
308.425
308.331
308.239
308.149
308.062
307.976
307.891
307.807
307.725
307.643
307.562
307.482
307.402
307.322
307.242
307.163
307.083
307.004
306.924
306.844
306.765
373.718
379.643
385.239
390.428
395.199
399.56
403.522
407.091
410.266
413.04
415.398
417.315
418.761
419.691
420.053
419.778
418.779
416.956
414.203
410.476
405.99
401.639
397.712
394.227
391.13
388.355
385.848
383.563
381.466
379.526
377.721
376.032
374.444
372.944
371.521
370.165
368.869
367.626
366.43
365.276
364.159
363.075
362.02
360.992
359.987
359.004
358.039
357.091
356.157
355.238
354.33
353.433
352.545
351.666
350.794
349.929
349.07
348.217
347.369
346.525
345.687
344.852
344.021
343.194
342.372
341.553
340.738
339.928
339.122
338.32
337.523
336.731
335.944
335.163
334.387
333.618
332.856
332.1
331.353
330.613
329.881
329.159
328.446
327.743
327.05
326.369
325.699
325.041
324.395
323.762
323.142
322.536
321.944
321.366
320.803
320.254
319.721
319.202
318.698
318.21
317.737
317.279
316.837
316.409
315.997
315.599
315.216
314.847
314.492
314.152
313.824
313.51
313.209
312.92
312.644
312.379
312.126
311.883
311.651
311.43
311.218
311.015
310.822
310.636
310.459
310.29
310.128
309.973
309.824
309.682
309.545
309.414
309.288
309.167
309.05
308.937
308.828
308.723
308.621
308.522
308.425
308.331
308.24
308.15
308.062
307.976
307.892
307.808
307.725
307.644
307.563
307.483
307.403
307.323
307.243
307.164
307.084
307.005
306.925
306.845
306.766
369.869
374.98
379.948
384.673
389.105
393.219
397.001
400.44
403.527
406.247
408.58
410.502
411.983
412.985
413.462
413.362
412.626
411.198
409.042
406.195
402.849
399.402
396.097
393.029
390.215
387.639
385.275
383.098
381.081
379.205
377.451
375.803
374.249
372.776
371.376
370.04
368.761
367.532
366.348
365.204
364.095
363.019
361.971
360.949
359.949
358.97
358.008
357.064
356.133
355.216
354.311
353.415
352.529
351.651
350.781
349.917
349.059
348.207
347.36
346.517
345.679
344.844
344.014
343.188
342.365
341.547
340.732
339.922
339.116
338.314
337.517
336.725
335.938
335.157
334.382
333.612
332.85
332.094
331.346
330.606
329.875
329.152
328.439
327.736
327.044
326.362
325.692
325.034
324.388
323.755
323.136
322.53
321.938
321.36
320.797
320.248
319.714
319.196
318.693
318.205
317.732
317.274
316.832
316.405
315.992
315.595
315.212
314.843
314.489
314.148
313.821
313.507
313.206
312.918
312.642
312.377
312.124
311.882
311.65
311.429
311.217
311.014
310.821
310.636
310.459
310.29
310.128
309.973
309.824
309.682
309.546
309.415
309.289
309.167
309.051
308.938
308.829
308.724
308.622
308.523
308.426
308.333
308.241
308.152
308.064
307.978
307.893
307.809
307.727
307.645
307.564
307.484
307.404
307.324
307.245
307.165
307.086
307.006
306.926
306.847
306.767
366.149
370.601
374.998
379.257
383.318
387.142
390.702
393.975
396.941
399.58
401.872
403.79
405.306
406.387
406.997
407.097
406.65
405.63
404.035
401.918
399.412
396.724
394.022
391.41
388.935
386.612
384.44
382.41
380.509
378.725
377.045
375.457
373.953
372.522
371.157
369.851
368.597
367.39
366.224
365.097
364.002
362.937
361.9
360.886
359.894
358.921
357.966
357.026
356.1
355.186
354.284
353.392
352.508
351.633
350.764
349.902
349.046
348.195
347.348
346.506
345.669
344.835
344.006
343.18
342.358
341.54
340.725
339.915
339.109
338.308
337.511
336.719
335.932
335.15
334.375
333.606
332.843
332.087
331.339
330.599
329.867
329.144
328.431
327.728
327.035
326.353
325.683
325.025
324.379
323.746
323.127
322.521
321.929
321.351
320.788
320.24
319.706
319.188
318.685
318.197
317.724
317.267
316.825
316.398
315.986
315.589
315.206
314.838
314.484
314.144
313.817
313.504
313.203
312.915
312.639
312.375
312.122
311.88
311.649
311.427
311.216
311.014
310.82
310.636
310.459
310.29
310.128
309.973
309.825
309.683
309.546
309.416
309.29
309.169
309.052
308.939
308.831
308.725
308.624
308.525
308.428
308.335
308.243
308.154
308.066
307.98
307.895
307.812
307.729
307.648
307.567
307.487
307.407
307.327
307.248
307.168
307.089
307.009
306.929
306.849
306.769
362.521
366.426
370.319
374.137
377.826
381.343
384.655
387.733
390.554
393.092
395.324
397.226
398.771
399.93
400.676
400.98
400.821
400.188
399.092
397.58
395.739
393.689
391.544
389.39
387.283
385.252
383.312
381.467
379.715
378.052
376.472
374.968
373.532
372.16
370.844
369.58
368.363
367.186
366.048
364.943
363.869
362.822
361.799
360.799
359.818
358.855
357.908
356.975
356.056
355.148
354.25
353.362
352.482
351.609
350.743
349.883
349.029
348.18
347.335
346.495
345.658
344.826
343.997
343.171
342.35
341.532
340.718
339.909
339.103
338.301
337.504
336.712
335.925
335.144
334.368
333.598
332.835
332.079
331.331
330.59
329.858
329.135
328.422
327.718
327.025
326.343
325.673
325.014
324.369
323.736
323.116
322.51
321.918
321.34
320.777
320.229
319.696
319.178
318.675
318.188
317.715
317.258
316.817
316.39
315.979
315.582
315.2
314.832
314.478
314.138
313.812
313.499
313.199
312.911
312.636
312.372
312.119
311.878
311.647
311.426
311.215
311.013
310.82
310.635
310.459
310.29
310.129
309.974
309.826
309.684
309.548
309.417
309.292
309.171
309.054
308.942
308.833
308.728
308.626
308.527
308.431
308.338
308.246
308.157
308.069
307.983
307.899
307.815
307.733
307.651
307.571
307.49
307.41
307.331
307.251
307.172
307.093
307.013
306.933
306.853
306.773
358.972
362.414
365.866
369.279
372.61
375.819
378.873
381.742
384.399
386.819
388.977
390.85
392.413
393.642
394.515
395.011
395.119
394.834
394.17
393.161
391.865
390.356
388.713
386.999
385.266
383.549
381.87
380.241
378.669
377.156
375.702
374.304
372.959
371.663
370.414
369.207
368.038
366.905
365.803
364.731
363.685
362.662
361.662
360.68
359.715
358.766
357.832
356.909
355.998
355.098
354.207
353.324
352.449
351.581
350.718
349.862
349.01
348.163
347.321
346.482
345.647
344.816
343.988
343.164
342.343
341.526
340.712
339.903
339.097
338.296
337.499
336.706
335.919
335.137
334.361
333.591
332.828
332.071
331.322
330.581
329.849
329.125
328.411
327.707
327.014
326.332
325.661
325.002
324.356
323.723
323.103
322.497
321.905
321.328
320.765
320.217
319.684
319.166
318.664
318.176
317.705
317.248
316.807
316.381
315.97
315.573
315.192
314.825
314.471
314.132
313.806
313.494
313.194
312.907
312.632
312.369
312.117
311.876
311.645
311.425
311.214
311.013
310.82
310.636
310.46
310.291
310.13
309.976
309.828
309.686
309.55
309.42
309.294
309.174
309.057
308.945
308.837
308.732
308.63
308.531
308.435
308.342
308.251
308.161
308.074
307.988
307.903
307.82
307.738
307.656
307.576
307.496
307.416
307.336
307.257
307.178
307.098
307.019
306.939
306.859
306.778
355.503
358.546
361.61
364.657
367.654
370.566
373.363
376.017
378.501
380.79
382.861
384.692
386.259
387.544
388.527
389.194
389.536
389.553
389.254
388.665
387.823
386.776
385.576
384.272
382.905
381.509
380.107
378.716
377.349
376.011
374.706
373.437
372.204
371.005
369.839
368.705
367.601
366.523
365.471
364.442
363.434
362.445
361.474
360.518
359.576
358.647
357.73
356.822
355.924
355.034
354.152
353.277
352.409
351.546
350.689
349.837
348.989
348.145
347.305
346.469
345.636
344.806
343.98
343.157
342.337
341.521
340.708
339.898
339.093
338.292
337.495
336.702
335.915
335.132
334.356
333.585
332.821
332.064
331.315
330.573
329.84
329.115
328.401
327.696
327.002
326.32
325.648
324.989
324.343
323.71
323.09
322.483
321.891
321.314
320.751
320.203
319.671
319.153
318.651
318.164
317.693
317.237
316.796
316.37
315.96
315.564
315.183
314.817
314.464
314.125
313.8
313.489
313.189
312.903
312.629
312.366
312.114
311.874
311.644
311.424
311.214
311.013
310.821
310.637
310.461
310.293
310.133
309.979
309.831
309.69
309.554
309.424
309.299
309.178
309.062
308.95
308.842
308.737
308.636
308.537
308.441
308.348
308.257
308.167
308.08
307.994
307.91
307.827
307.745
307.663
307.583
307.503
307.423
307.344
307.265
307.185
307.106
307.027
306.947
306.867
306.786
352.119
354.815
357.536
360.255
362.945
365.577
368.126
370.567
372.874
375.026
377
378.775
380.333
381.655
382.727
383.536
384.076
384.345
384.352
384.111
383.648
382.993
382.182
381.25
380.229
379.147
378.027
376.887
375.74
374.597
373.463
372.343
371.241
370.158
369.095
368.051
367.026
366.019
365.03
364.056
363.098
362.153
361.22
360.299
359.388
358.486
357.592
356.706
355.826
354.952
354.083
353.219
352.36
351.505
350.655
349.808
348.965
348.126
347.289
346.456
345.626
344.798
343.974
343.152
342.334
341.518
340.706
339.897
339.092
338.291
337.494
336.701
335.913
335.13
334.353
333.582
332.817
332.059
331.308
330.566
329.832
329.107
328.391
327.686
326.991
326.308
325.636
324.976
324.329
323.696
323.075
322.469
321.877
321.299
320.737
320.189
319.656
319.139
318.637
318.151
317.68
317.224
316.784
316.359
315.95
315.555
315.174
314.808
314.457
314.119
313.794
313.483
313.185
312.899
312.626
312.364
312.113
311.873
311.644
311.424
311.215
311.014
310.823
310.64
310.465
310.297
310.137
309.983
309.836
309.695
309.56
309.43
309.305
309.185
309.069
308.957
308.849
308.745
308.643
308.545
308.449
308.356
308.265
308.176
308.089
308.003
307.919
307.836
307.754
307.673
307.592
307.513
307.433
307.354
307.275
307.196
307.117
307.037
306.958
306.878
306.797
348.828
351.219
353.638
356.063
358.473
360.846
363.161
365.395
367.528
369.538
371.408
373.118
374.651
375.993
377.129
378.049
378.748
379.224
379.479
379.525
379.376
379.053
378.579
377.978
377.275
376.492
375.648
374.761
373.843
372.906
371.957
371.004
370.05
369.1
368.156
367.219
366.29
365.369
364.456
363.552
362.655
361.766
360.883
360.007
359.135
358.269
357.407
356.548
355.693
354.84
353.991
353.143
352.298
351.454
350.613
349.774
348.938
348.104
347.273
346.444
345.617
344.792
343.97
343.15
342.333
341.519
340.708
339.9
339.095
338.294
337.496
336.703
335.915
335.132
334.354
333.581
332.816
332.057
331.305
330.561
329.826
329.1
328.383
327.677
326.981
326.297
325.624
324.964
324.316
323.682
323.061
322.455
321.862
321.285
320.722
320.174
319.642
319.125
318.624
318.138
317.667
317.212
316.773
316.349
315.94
315.545
315.166
314.801
314.45
314.113
313.789
313.479
313.182
312.897
312.624
312.363
312.113
311.874
311.645
311.427
311.218
311.018
310.827
310.645
310.47
310.303
310.143
309.99
309.843
309.703
309.568
309.438
309.314
309.194
309.078
308.967
308.859
308.755
308.654
308.556
308.46
308.367
308.276
308.188
308.101
308.015
307.931
307.848
307.766
307.686
307.605
307.526
307.446
307.367
307.289
307.21
307.131
307.052
306.972
306.892
306.811
345.641
347.763
349.913
352.074
354.232
356.368
358.464
360.502
362.465
364.336
366.097
367.732
369.227
370.569
371.745
372.747
373.568
374.205
374.661
374.938
375.048
375.002
374.815
374.504
374.086
373.579
372.998
372.356
371.667
370.941
370.186
369.41
368.618
367.815
367.004
366.189
365.37
364.549
363.727
362.906
362.084
361.263
360.442
359.621
358.8
357.979
357.158
356.336
355.513
354.69
353.865
353.04
352.214
351.387
350.56
349.733
348.906
348.08
347.255
346.431
345.609
344.788
343.969
343.152
342.337
341.525
340.715
339.907
339.103
338.302
337.505
336.711
335.922
335.138
334.359
333.586
332.819
332.059
331.306
330.561
329.824
329.097
328.379
327.671
326.974
326.289
325.615
324.954
324.305
323.67
323.049
322.442
321.849
321.271
320.709
320.161
319.629
319.112
318.611
318.126
317.656
317.201
316.763
316.339
315.931
315.538
315.159
314.795
314.445
314.109
313.786
313.477
313.18
312.896
312.625
312.364
312.115
311.877
311.649
311.432
311.223
311.024
310.834
310.652
310.478
310.312
310.153
310
309.854
309.714
309.579
309.45
309.326
309.207
309.091
308.98
308.873
308.769
308.668
308.57
308.475
308.382
308.292
308.203
308.116
308.031
307.947
307.864
307.783
307.702
307.622
307.543
307.464
307.385
307.306
307.228
307.149
307.07
306.991
306.911
306.83
342.567
344.451
346.362
348.289
350.219
352.138
354.033
355.888
357.689
359.421
361.072
362.625
364.07
365.395
366.588
367.643
368.552
369.312
369.922
370.384
370.702
370.884
370.938
370.876
370.709
370.45
370.11
369.701
369.233
368.716
368.156
367.562
366.94
366.293
365.627
364.945
364.249
363.541
362.824
362.098
361.364
360.623
359.875
359.122
358.363
357.598
356.827
356.052
355.271
354.485
353.694
352.898
352.099
351.295
350.488
349.677
348.864
348.049
347.233
346.417
345.601
344.786
343.971
343.158
342.346
341.535
340.727
339.921
339.117
338.317
337.519
336.726
335.936
335.151
334.371
333.597
332.828
332.067
331.312
330.565
329.827
329.098
328.379
327.669
326.971
326.284
325.609
324.947
324.298
323.662
323.04
322.432
321.839
321.261
320.698
320.15
319.618
319.102
318.601
318.116
317.647
317.193
316.755
316.333
315.925
315.533
315.155
314.792
314.443
314.108
313.786
313.478
313.183
312.9
312.629
312.369
312.121
311.884
311.657
311.44
311.233
311.035
310.845
310.664
310.491
310.325
310.167
310.015
309.869
309.729
309.595
309.467
309.343
309.224
309.109
308.998
308.891
308.787
308.687
308.589
308.494
308.402
308.311
308.223
308.136
308.051
307.968
307.885
307.804
307.724
307.644
307.565
307.486
307.407
307.329
307.251
307.173
307.094
307.015
306.935
306.855
339.619
341.291
342.99
344.706
346.432
348.155
349.864
351.549
353.197
354.796
356.335
357.802
359.187
360.479
361.67
362.752
363.719
364.567
365.292
365.895
366.377
366.742
366.995
367.142
367.191
367.15
367.027
366.832
366.571
366.253
365.885
365.472
365.021
364.536
364.021
363.48
362.917
362.332
361.73
361.11
360.475
359.826
359.164
358.489
357.803
357.105
356.396
355.677
354.948
354.209
353.461
352.703
351.938
351.165
350.385
349.598
348.805
348.007
347.205
346.4
345.593
344.784
343.976
343.167
342.359
341.551
340.745
339.941
339.139
338.339
337.542
336.748
335.958
335.172
334.391
333.615
332.846
332.082
331.326
330.578
329.838
329.107
328.385
327.675
326.975
326.286
325.61
324.946
324.296
323.659
323.036
322.427
321.834
321.255
320.692
320.144
319.612
319.096
318.596
318.111
317.643
317.19
316.752
316.331
315.924
315.532
315.156
314.794
314.446
314.112
313.791
313.484
313.19
312.908
312.638
312.38
312.133
311.896
311.671
311.455
311.248
311.051
310.862
310.682
310.509
310.344
310.186
310.035
309.89
309.75
309.617
309.489
309.365
309.247
309.132
309.022
308.915
308.811
308.711
308.614
308.519
308.427
308.337
308.249
308.162
308.078
307.994
307.912
307.831
307.751
307.671
307.593
307.514
307.436
307.358
307.28
307.202
307.124
307.045
306.966
306.886
336.806
338.29
339.799
341.329
342.87
344.415
345.956
347.483
348.986
350.457
351.886
353.264
354.581
355.829
357.001
358.088
359.087
359.991
360.797
361.504
362.111
362.62
363.031
363.35
363.579
363.725
363.793
363.788
363.717
363.585
363.397
363.159
362.876
362.552
362.191
361.795
361.37
360.915
360.435
359.932
359.405
358.858
358.291
357.706
357.103
356.482
355.846
355.193
354.526
353.844
353.148
352.439
351.717
350.982
350.237
349.481
348.716
347.942
347.161
346.373
345.579
344.781
343.981
343.179
342.376
341.573
340.77
339.968
339.168
338.369
337.573
336.779
335.989
335.203
334.421
333.644
332.873
332.108
331.35
330.6
329.858
329.125
328.402
327.689
326.987
326.297
325.619
324.954
324.302
323.664
323.04
322.431
321.836
321.257
320.694
320.146
319.614
319.098
318.598
318.114
317.645
317.193
316.757
316.336
315.93
315.539
315.164
314.803
314.456
314.123
313.804
313.497
313.204
312.923
312.654
312.397
312.151
311.916
311.691
311.476
311.27
311.074
310.886
310.706
310.534
310.37
310.212
310.062
309.917
309.779
309.646
309.518
309.395
309.276
309.162
309.052
308.945
308.842
308.742
308.645
308.551
308.459
308.369
308.281
308.195
308.111
308.028
307.946
307.865
307.785
307.706
307.628
307.55
307.472
307.394
307.317
307.239
307.162
307.083
307.005
306.925
334.14
335.456
336.797
338.158
339.534
340.919
342.305
343.687
345.055
346.404
347.726
349.012
350.256
351.45
352.588
353.663
354.67
355.604
356.462
357.241
357.939
358.555
359.09
359.546
359.923
360.224
360.454
360.615
360.711
360.747
360.725
360.652
360.529
360.36
360.149
359.899
359.613
359.292
358.939
358.557
358.146
357.708
357.245
356.758
356.247
355.714
355.159
354.583
353.987
353.372
352.738
352.086
351.417
350.731
350.03
349.314
348.584
347.842
347.088
346.324
345.551
344.771
343.984
343.191
342.396
341.599
340.802
340.004
339.206
338.409
337.614
336.822
336.032
335.245
334.463
333.685
332.912
332.146
331.386
330.634
329.89
329.155
328.43
327.715
327.011
326.319
325.639
324.972
324.319
323.68
323.055
322.445
321.849
321.27
320.706
320.158
319.626
319.11
318.61
318.126
317.658
317.207
316.771
316.35
315.946
315.556
315.181
314.821
314.475
314.143
313.825
313.52
313.228
312.948
312.68
312.424
312.179
311.945
311.721
311.506
311.302
311.106
310.919
310.74
310.569
310.405
310.248
310.098
309.954
309.816
309.683
309.555
309.433
309.315
309.201
309.091
308.985
308.882
308.782
308.685
308.591
308.499
308.41
308.322
308.236
308.152
308.069
307.988
307.908
307.828
307.749
307.671
307.594
307.516
307.439
307.362
307.285
307.208
307.13
307.052
306.974
331.632
332.797
333.988
335.199
336.426
337.665
338.911
340.159
341.402
342.635
343.852
345.047
346.213
347.346
348.438
349.486
350.483
351.426
352.31
353.133
353.893
354.586
355.213
355.772
356.266
356.693
357.056
357.357
357.598
357.78
357.908
357.983
358.008
357.986
357.918
357.809
357.659
357.471
357.247
356.988
356.696
356.372
356.019
355.636
355.224
354.786
354.321
353.831
353.316
352.776
352.214
351.629
351.022
350.394
349.746
349.079
348.394
347.692
346.974
346.242
345.497
344.74
343.974
343.198
342.416
341.628
340.838
340.045
339.252
338.459
337.667
336.876
336.087
335.3
334.518
333.739
332.966
332.198
331.437
330.683
329.937
329.2
328.473
327.756
327.05
326.356
325.675
325.006
324.351
323.711
323.084
322.473
321.877
321.297
320.732
320.184
319.651
319.135
318.636
318.152
317.685
317.233
316.798
316.378
315.974
315.585
315.212
314.852
314.508
314.177
313.859
313.555
313.264
312.985
312.718
312.463
312.219
311.985
311.762
311.549
311.345
311.15
310.963
310.785
310.614
310.451
310.295
310.145
310.001
309.863
309.731
309.604
309.482
309.364
309.25
309.14
309.034
308.932
308.832
308.736
308.642
308.55
308.461
308.373
308.288
308.204
308.121
308.04
307.96
307.881
307.802
307.725
307.648
307.571
307.494
307.418
307.342
307.265
307.188
307.111
307.033
329.29
330.322
331.378
332.454
333.547
334.655
335.773
336.897
338.024
339.147
340.264
341.368
342.455
343.521
344.56
345.568
346.54
347.474
348.364
349.208
350.002
350.746
351.436
352.071
352.652
353.177
353.647
354.061
354.422
354.73
354.986
355.192
355.35
355.461
355.527
355.549
355.529
355.469
355.371
355.234
355.062
354.854
354.612
354.338
354.031
353.693
353.324
352.926
352.499
352.043
351.56
351.051
350.515
349.954
349.368
348.759
348.128
347.475
346.802
346.111
345.402
344.678
343.939
343.188
342.426
341.655
340.876
340.092
339.306
338.518
337.73
336.942
336.155
335.37
334.588
333.81
333.036
332.268
331.505
330.75
330.003
329.264
328.535
327.816
327.109
326.413
325.729
325.059
324.403
323.76
323.133
322.52
321.923
321.342
320.777
320.228
319.695
319.179
318.679
318.195
317.728
317.277
316.842
316.423
316.02
315.632
315.258
314.9
314.556
314.226
313.909
313.606
313.316
313.038
312.772
312.517
312.274
312.041
311.818
311.605
311.402
311.208
311.022
310.844
310.673
310.51
310.354
310.205
310.062
309.924
309.792
309.665
309.543
309.425
309.312
309.202
309.096
308.994
308.894
308.798
308.704
308.612
308.523
308.436
308.351
308.267
308.185
308.104
308.024
307.945
307.867
307.79
307.713
307.637
307.561
307.486
307.41
307.334
307.258
307.181
307.104
327.126
328.038
328.973
329.928
330.901
331.889
332.891
333.902
334.919
335.94
336.96
337.975
338.983
339.978
340.957
341.917
342.853
343.762
344.641
345.486
346.295
347.065
347.794
348.48
349.122
349.719
350.269
350.773
351.23
351.64
352.004
352.322
352.595
352.823
353.008
353.151
353.252
353.312
353.332
353.313
353.257
353.163
353.033
352.868
352.667
352.432
352.164
351.863
351.529
351.164
350.767
350.339
349.882
349.396
348.881
348.339
347.77
347.176
346.557
345.915
345.252
344.568
343.866
343.147
342.412
341.665
340.907
340.139
339.364
338.584
337.803
337.02
336.237
335.455
334.675
333.898
333.125
332.357
331.594
330.838
330.09
329.35
328.619
327.899
327.19
326.492
325.807
325.135
324.477
323.833
323.204
322.59
321.992
321.41
320.844
320.294
319.761
319.244
318.744
318.261
317.794
317.343
316.908
316.489
316.086
315.698
315.325
314.968
314.624
314.295
313.979
313.676
313.386
313.109
312.843
312.589
312.346
312.114
311.892
311.68
311.477
311.282
311.097
310.919
310.749
310.586
310.431
310.281
310.138
310
309.868
309.741
309.619
309.502
309.388
309.279
309.173
309.07
308.971
308.874
308.78
308.689
308.6
308.513
308.427
308.344
308.262
308.181
308.102
308.023
307.946
307.869
307.793
307.717
307.642
307.567
307.492
307.417
307.342
307.266
307.19
325.146
325.952
326.779
327.625
328.489
329.37
330.265
331.172
332.088
333.012
333.94
334.869
335.797
336.721
337.636
338.541
339.432
340.305
341.159
341.99
342.795
343.573
344.32
345.034
345.715
346.359
346.967
347.536
348.066
348.556
349.006
349.416
349.785
350.114
350.402
350.651
350.859
351.028
351.158
351.249
351.302
351.318
351.296
351.237
351.142
351.011
350.844
350.641
350.404
350.132
349.826
349.487
349.114
348.709
348.272
347.804
347.306
346.778
346.222
345.638
345.029
344.395
343.738
343.06
342.362
341.647
340.917
340.173
339.418
338.654
337.883
337.108
336.331
335.555
334.779
334.005
333.234
332.467
331.706
330.95
330.201
329.461
328.729
328.008
327.297
326.598
325.912
325.238
324.579
323.934
323.303
322.688
322.089
321.506
320.939
320.388
319.854
319.337
318.837
318.353
317.885
317.434
316.999
316.58
316.177
315.79
315.417
315.06
314.716
314.387
314.071
313.769
313.48
313.202
312.937
312.683
312.441
312.209
311.987
311.775
311.572
311.378
311.192
311.014
310.844
310.682
310.526
310.376
310.233
310.095
309.963
309.836
309.714
309.596
309.482
309.372
309.266
309.163
309.064
308.967
308.873
308.782
308.693
308.606
308.52
308.437
308.355
308.275
308.196
308.117
308.04
307.964
307.889
307.813
307.739
307.665
307.59
307.516
307.442
307.368
307.293
323.361
324.071
324.801
325.549
326.315
327.098
327.896
328.707
329.531
330.364
331.205
332.051
332.901
333.752
334.601
335.447
336.285
337.115
337.933
338.737
339.525
340.293
341.041
341.765
342.464
343.135
343.779
344.392
344.973
345.522
346.038
346.519
346.965
347.376
347.75
348.088
348.39
348.654
348.882
349.072
349.226
349.343
349.422
349.465
349.471
349.44
349.373
349.269
349.128
348.952
348.739
348.49
348.206
347.887
347.533
347.145
346.724
346.27
345.783
345.266
344.719
344.143
343.541
342.912
342.26
341.586
340.892
340.18
339.453
338.712
337.961
337.202
336.436
335.668
334.899
334.13
333.364
332.6
331.841
331.087
330.339
329.599
328.868
328.146
327.435
326.735
326.048
325.374
324.713
324.066
323.435
322.819
322.218
321.634
321.066
320.515
319.98
319.462
318.961
318.476
318.008
317.556
317.121
316.702
316.299
315.911
315.538
315.18
314.837
314.508
314.192
313.89
313.6
313.323
313.058
312.804
312.561
312.329
312.107
311.894
311.691
311.497
311.311
311.133
310.963
310.8
310.643
310.493
310.35
310.212
310.079
309.952
309.829
309.711
309.596
309.486
309.38
309.277
309.177
309.08
308.986
308.894
308.805
308.718
308.632
308.549
308.467
308.387
308.308
308.23
308.153
308.078
308.003
307.928
307.854
307.781
307.707
307.634
307.561
307.488
307.415
321.775
322.399
323.042
323.703
324.381
325.075
325.785
326.509
327.246
327.994
328.753
329.52
330.294
331.073
331.856
332.639
333.422
334.202
334.976
335.744
336.502
337.249
337.982
338.7
339.4
340.082
340.742
341.38
341.993
342.581
343.143
343.676
344.18
344.653
345.096
345.507
345.885
346.23
346.541
346.819
347.061
347.268
347.44
347.577
347.677
347.741
347.768
347.759
347.713
347.63
347.51
347.353
347.159
346.928
346.661
346.357
346.017
345.641
345.231
344.787
344.309
343.799
343.259
342.689
342.091
341.466
340.818
340.147
339.456
338.748
338.025
337.289
336.543
335.789
335.031
334.271
333.512
332.754
332
331.25
330.505
329.767
329.038
328.317
327.606
326.907
326.219
325.544
324.883
324.236
323.603
322.986
322.385
321.799
321.23
320.678
320.142
319.623
319.121
318.636
318.167
317.715
317.279
316.859
316.455
316.067
315.694
315.335
314.991
314.661
314.345
314.042
313.752
313.475
313.209
312.955
312.711
312.478
312.256
312.043
311.839
311.644
311.458
311.279
311.108
310.944
310.787
310.637
310.492
310.354
310.22
310.092
309.969
309.85
309.735
309.624
309.517
309.413
309.313
309.215
309.121
309.029
308.939
308.852
308.766
308.683
308.601
308.521
308.442
308.364
308.288
308.212
308.138
308.064
307.991
307.918
307.846
307.774
307.702
307.63
307.558
320.395
320.943
321.508
322.091
322.689
323.303
323.932
324.576
325.233
325.903
326.585
327.277
327.978
328.688
329.403
330.124
330.848
331.574
332.299
333.023
333.743
334.458
335.166
335.865
336.553
337.229
337.89
338.536
339.164
339.773
340.361
340.928
341.472
341.99
342.484
342.95
343.388
343.798
344.178
344.527
344.845
345.131
345.383
345.603
345.788
345.938
346.053
346.133
346.176
346.183
346.152
346.085
345.98
345.837
345.656
345.438
345.183
344.889
344.559
344.192
343.79
343.352
342.88
342.376
341.84
341.273
340.679
340.058
339.413
338.745
338.059
337.355
336.637
335.908
335.169
334.424
333.676
332.928
332.181
331.438
330.699
329.965
329.239
328.521
327.813
327.115
326.428
325.754
325.092
324.445
323.813
323.195
322.593
322.007
321.437
320.884
320.347
319.827
319.324
318.837
318.368
317.914
317.477
317.057
316.652
316.262
315.888
315.529
315.184
314.853
314.536
314.233
313.942
313.663
313.396
313.141
312.897
312.663
312.439
312.225
312.021
311.825
311.637
311.457
311.285
311.12
310.962
310.811
310.665
310.525
310.391
310.262
310.137
310.017
309.901
309.789
309.681
309.577
309.476
309.377
309.282
309.189
309.099
309.011
308.925
308.842
308.76
308.679
308.6
308.523
308.447
308.372
308.298
308.225
308.152
308.081
308.009
307.938
307.868
307.797
307.727
319.223
319.704
320.2
320.712
321.239
321.78
322.337
322.908
323.492
324.09
324.699
325.321
325.953
326.595
327.245
327.903
328.568
329.237
329.91
330.586
331.262
331.938
332.611
333.281
333.946
334.603
335.253
335.892
336.519
337.134
337.733
338.317
338.883
339.43
339.956
340.461
340.943
341.401
341.834
342.24
342.619
342.969
343.289
343.579
343.838
344.064
344.258
344.417
344.542
344.632
344.685
344.702
344.682
344.625
344.53
344.397
344.225
344.015
343.767
343.48
343.156
342.795
342.398
341.964
341.496
340.995
340.462
339.899
339.308
338.69
338.049
337.386
336.705
336.008
335.298
334.577
333.85
333.117
332.382
331.649
330.918
330.192
329.472
328.759
328.055
327.36
326.676
326.004
325.344
324.698
324.066
323.449
322.846
322.26
321.69
321.136
320.598
320.077
319.573
319.086
318.615
318.16
317.722
317.3
316.894
316.503
316.128
315.767
315.421
315.089
314.771
314.466
314.173
313.893
313.625
313.368
313.123
312.887
312.662
312.447
312.241
312.043
311.854
311.673
311.499
311.333
311.173
311.02
310.873
310.732
310.596
310.465
310.339
310.217
310.1
309.987
309.878
309.772
309.67
309.57
309.474
309.38
309.289
309.201
309.114
309.03
308.948
308.867
308.788
308.711
308.635
308.56
308.486
308.414
308.342
308.271
308.201
308.131
308.062
307.993
307.924
318.264
318.684
319.119
319.567
320.03
320.507
320.998
321.503
322.021
322.552
323.095
323.651
324.217
324.795
325.383
325.98
326.585
327.197
327.816
328.441
329.069
329.7
330.333
330.966
331.598
332.228
332.855
333.475
334.09
334.696
335.293
335.879
336.452
337.012
337.556
338.084
338.593
339.084
339.553
340.001
340.425
340.825
341.199
341.546
341.865
342.156
342.416
342.644
342.841
343.005
343.134
343.229
343.288
343.31
343.296
343.244
343.154
343.026
342.859
342.654
342.41
342.127
341.806
341.448
341.053
340.622
340.157
339.658
339.128
338.568
337.981
337.368
336.733
336.077
335.404
334.716
334.017
333.309
332.595
331.877
331.16
330.445
329.735
329.03
328.333
327.644
326.965
326.296
325.64
324.996
324.366
323.75
323.149
322.563
321.993
321.439
320.901
320.379
319.874
319.386
318.914
318.458
318.019
317.596
317.188
316.796
316.419
316.057
315.709
315.375
315.055
314.748
314.454
314.172
313.902
313.643
313.395
313.158
312.931
312.714
312.505
312.306
312.115
311.932
311.756
311.588
311.426
311.271
311.121
310.978
310.84
310.707
310.58
310.456
310.337
310.223
310.112
310.004
309.9
309.799
309.702
309.607
309.515
309.425
309.338
309.252
309.169
309.088
309.009
308.931
308.855
308.781
308.707
308.635
308.564
308.494
308.425
308.356
308.288
308.221
308.154
317.516
317.883
318.263
318.656
319.062
319.481
319.913
320.358
320.815
321.285
321.768
322.262
322.768
323.286
323.814
324.352
324.899
325.456
326.02
326.592
327.17
327.754
328.342
328.933
329.527
330.122
330.717
331.31
331.901
332.489
333.071
333.646
334.214
334.772
335.32
335.856
336.378
336.886
337.378
337.852
338.307
338.741
339.154
339.545
339.911
340.251
340.565
340.851
341.108
341.335
341.53
341.693
341.822
341.917
341.977
342.001
341.988
341.937
341.848
341.721
341.556
341.351
341.108
340.827
340.507
340.15
339.757
339.328
338.865
338.369
337.842
337.287
336.705
336.099
335.471
334.825
334.163
333.488
332.804
332.112
331.416
330.719
330.022
329.33
328.643
327.963
327.292
326.63
325.979
325.34
324.714
324.101
323.502
322.918
322.349
321.796
321.258
320.737
320.232
319.743
319.27
318.814
318.373
317.948
317.539
317.145
316.767
316.402
316.053
315.717
315.395
315.086
314.789
314.505
314.233
313.972
313.722
313.482
313.253
313.033
312.822
312.62
312.426
312.24
312.062
311.891
311.727
311.569
311.417
311.272
311.131
310.996
310.866
310.74
310.619
310.502
310.389
310.279
310.173
310.07
309.971
309.874
309.78
309.689
309.601
309.514
309.43
309.348
309.268
309.19
309.114
309.039
308.966
308.894
308.823
308.754
308.686
308.618
308.552
308.486
308.42
316.979
317.299
317.631
317.975
318.331
318.698
319.077
319.469
319.872
320.287
320.714
321.152
321.602
322.063
322.535
323.018
323.51
324.012
324.523
325.043
325.57
326.105
326.646
327.192
327.743
328.298
328.856
329.415
329.975
330.534
331.092
331.647
332.198
332.744
333.283
333.814
334.336
334.848
335.347
335.833
336.304
336.76
337.198
337.617
338.015
338.393
338.747
339.077
339.381
339.659
339.908
340.128
340.317
340.475
340.6
340.691
340.747
340.768
340.752
340.699
340.608
340.479
340.312
340.106
339.862
339.58
339.26
338.903
338.511
338.084
337.623
337.132
336.61
336.061
335.487
334.891
334.275
333.642
332.995
332.337
331.671
331
330.326
329.652
328.98
328.314
327.654
327.003
326.361
325.729
325.109
324.501
323.907
323.327
322.761
322.21
321.674
321.154
320.649
320.161
319.688
319.231
318.789
318.364
317.953
317.558
317.178
316.812
316.46
316.122
315.798
315.486
315.187
314.901
314.626
314.362
314.109
313.867
313.634
313.411
313.198
312.993
312.796
312.607
312.426
312.251
312.084
311.923
311.768
311.619
311.476
311.338
311.204
311.076
310.952
310.832
310.716
310.604
310.495
310.39
310.288
310.189
310.094
310
309.91
309.822
309.737
309.653
309.572
309.493
309.416
309.341
309.267
309.196
309.125
309.056
308.989
308.922
308.857
308.792
308.728
316.651
316.93
317.22
317.521
317.832
318.153
318.486
318.83
319.184
319.55
319.927
320.314
320.713
321.122
321.542
321.973
322.413
322.863
323.323
323.792
324.269
324.755
325.248
325.748
326.254
326.765
327.282
327.802
328.325
328.851
329.377
329.904
330.429
330.953
331.473
331.988
332.499
333.002
333.497
333.982
334.457
334.919
335.368
335.802
336.22
336.62
337.001
337.361
337.7
338.015
338.306
338.571
338.809
339.018
339.197
339.345
339.461
339.544
339.593
339.607
339.585
339.526
339.43
339.297
339.126
338.917
338.671
338.387
338.067
337.71
337.32
336.895
336.44
335.954
335.44
334.9
334.338
333.755
333.154
332.538
331.911
331.274
330.631
329.984
329.337
328.69
328.047
327.41
326.78
326.16
325.55
324.951
324.364
323.79
323.229
322.682
322.15
321.633
321.13
320.643
320.171
319.715
319.273
318.847
318.436
318.04
317.658
317.291
316.937
316.598
316.271
315.957
315.656
315.366
315.088
314.822
314.566
314.32
314.084
313.858
313.641
313.432
313.232
313.04
312.855
312.677
312.506
312.341
312.183
312.03
311.883
311.741
311.604
311.472
311.344
311.221
311.102
310.986
310.875
310.766
310.662
310.56
310.461
310.366
310.273
310.183
310.095
310.01
309.927
309.847
309.769
309.693
309.618
309.546
309.476
309.407
309.339
309.274
309.209
309.146
309.083
316.528
316.772
317.026
317.288
317.56
317.842
318.133
318.435
318.746
319.068
319.4
319.741
320.094
320.456
320.828
321.21
321.602
322.004
322.415
322.835
323.265
323.702
324.148
324.601
325.062
325.529
326.002
326.48
326.963
327.45
327.939
328.432
328.925
329.419
329.912
330.404
330.892
331.377
331.857
332.331
332.797
333.255
333.703
334.139
334.563
334.972
335.367
335.744
336.104
336.444
336.763
337.059
337.333
337.581
337.802
337.997
338.162
338.297
338.401
338.472
338.51
338.514
338.483
338.416
338.313
338.174
337.998
337.785
337.536
337.251
336.93
336.576
336.188
335.769
335.32
334.843
334.34
333.814
333.267
332.701
332.12
331.526
330.922
330.311
329.695
329.077
328.459
327.844
327.233
326.628
326.032
325.445
324.869
324.305
323.752
323.213
322.686
322.174
321.676
321.192
320.723
320.269
319.829
319.404
318.993
318.597
318.215
317.846
317.492
317.15
316.822
316.506
316.202
315.91
315.629
315.359
315.1
314.851
314.612
314.382
314.161
313.949
313.745
313.548
313.359
313.177
313.002
312.833
312.67
312.513
312.362
312.216
312.074
311.938
311.806
311.679
311.555
311.436
311.32
311.208
311.1
310.995
310.893
310.794
310.698
310.605
310.514
310.427
310.342
310.259
310.179
310.101
310.026
309.953
309.881
309.812
309.745
309.679
309.615
309.552
309.491
316.607
316.82
317.041
317.271
317.509
317.756
318.012
318.276
318.549
318.832
319.124
319.425
319.735
320.054
320.384
320.722
321.069
321.426
321.792
322.167
322.55
322.942
323.342
323.749
324.165
324.587
325.016
325.451
325.892
326.337
326.787
327.241
327.698
328.157
328.617
329.078
329.538
329.996
330.453
330.905
331.353
331.796
332.231
332.659
333.077
333.484
333.879
334.262
334.629
334.981
335.315
335.631
335.927
336.201
336.453
336.68
336.883
337.058
337.206
337.324
337.413
337.47
337.495
337.486
337.444
337.368
337.256
337.11
336.928
336.712
336.46
336.175
335.856
335.505
335.123
334.712
334.273
333.809
333.321
332.812
332.285
331.741
331.184
330.616
330.04
329.459
328.874
328.289
327.705
327.124
326.549
325.98
325.419
324.868
324.328
323.799
323.282
322.778
322.287
321.81
321.346
320.896
320.459
320.037
319.628
319.233
318.852
318.484
318.129
317.787
317.457
317.139
316.834
316.539
316.256
315.984
315.722
315.469
315.227
314.993
314.768
314.552
314.343
314.142
313.949
313.762
313.582
313.409
313.241
313.079
312.923
312.772
312.626
312.485
312.348
312.215
312.087
311.963
311.843
311.726
311.613
311.504
311.397
311.294
311.194
311.098
311.004
310.913
310.824
310.739
310.656
310.576
310.498
310.423
310.35
310.28
310.211
310.145
310.081
310.018
309.958
316.882
317.069
317.263
317.464
317.673
317.889
318.113
318.345
318.585
318.833
319.09
319.354
319.627
319.909
320.199
320.497
320.804
321.12
321.444
321.776
322.117
322.465
322.822
323.186
323.557
323.936
324.321
324.713
325.111
325.514
325.923
326.336
326.753
327.173
327.596
328.021
328.447
328.874
329.299
329.724
330.146
330.564
330.979
331.387
331.789
332.184
332.569
332.945
333.309
333.66
333.998
334.32
334.626
334.914
335.183
335.432
335.659
335.862
336.042
336.196
336.323
336.422
336.493
336.533
336.543
336.521
336.467
336.38
336.26
336.107
335.92
335.701
335.449
335.165
334.851
334.506
334.133
333.734
333.309
332.862
332.393
331.906
331.403
330.886
330.358
329.821
329.277
328.73
328.18
327.631
327.084
326.541
326.004
325.473
324.95
324.437
323.934
323.442
322.962
322.494
322.038
321.595
321.165
320.748
320.344
319.952
319.573
319.207
318.854
318.512
318.183
317.865
317.558
317.263
316.978
316.703
316.438
316.183
315.937
315.7
315.471
315.251
315.038
314.833
314.635
314.443
314.258
314.08
313.907
313.74
313.578
313.421
313.27
313.123
312.981
312.843
312.709
312.579
312.453
312.331
312.213
312.098
311.986
311.878
311.773
311.672
311.573
311.478
311.385
311.296
311.209
311.126
311.045
310.967
310.891
310.818
310.748
310.68
310.615
310.551
310.49
317.347
317.512
317.682
317.859
318.043
318.233
318.43
318.633
318.844
319.062
319.287
319.52
319.76
320.007
320.262
320.525
320.795
321.073
321.359
321.652
321.953
322.261
322.577
322.9
323.229
323.566
323.909
324.259
324.614
324.976
325.342
325.714
326.09
326.469
326.853
327.239
327.627
328.016
328.407
328.797
329.187
329.575
329.961
330.343
330.721
331.094
331.46
331.819
332.169
332.51
332.839
333.157
333.461
333.751
334.026
334.283
334.522
334.742
334.941
335.118
335.272
335.402
335.507
335.585
335.636
335.659
335.653
335.617
335.55
335.453
335.325
335.167
334.977
334.757
334.507
334.228
333.921
333.586
333.227
332.843
332.437
332.011
331.567
331.107
330.633
330.147
329.652
329.15
328.643
328.133
327.622
327.112
326.605
326.102
325.605
325.115
324.632
324.158
323.694
323.241
322.797
322.365
321.945
321.536
321.139
320.754
320.381
320.019
319.669
319.331
319.003
318.686
318.38
318.085
317.799
317.524
317.257
317
316.752
316.512
316.28
316.056
315.839
315.629
315.427
315.231
315.041
314.857
314.678
314.506
314.338
314.176
314.018
313.865
313.716
313.572
313.432
313.296
313.164
313.035
312.91
312.789
312.672
312.557
312.446
312.339
312.235
312.133
312.036
311.941
311.849
311.761
311.675
311.593
311.513
311.437
311.363
311.293
311.225
311.159
311.096
317.997
318.142
318.293
318.449
318.61
318.778
318.951
319.13
319.315
319.507
319.704
319.909
320.119
320.336
320.56
320.791
321.028
321.272
321.523
321.78
322.045
322.315
322.593
322.877
323.168
323.464
323.767
324.076
324.39
324.71
325.035
325.365
325.7
326.038
326.38
326.726
327.074
327.424
327.776
328.129
328.482
328.835
329.186
329.536
329.884
330.227
330.567
330.901
331.229
331.549
331.861
332.165
332.457
332.738
333.007
333.262
333.502
333.726
333.933
334.122
334.291
334.44
334.567
334.672
334.753
334.809
334.84
334.844
334.822
334.773
334.695
334.589
334.455
334.293
334.103
333.885
333.64
333.369
333.074
332.754
332.412
332.049
331.666
331.267
330.851
330.423
329.982
329.532
329.075
328.612
328.145
327.676
327.207
326.74
326.275
325.815
325.359
324.911
324.47
324.036
323.612
323.197
322.791
322.396
322.011
321.636
321.272
320.918
320.575
320.242
319.919
319.606
319.303
319.009
318.725
318.45
318.184
317.926
317.676
317.434
317.2
316.973
316.753
316.54
316.333
316.133
315.938
315.749
315.566
315.387
315.214
315.045
314.881
314.722
314.566
314.415
314.268
314.125
313.986
313.85
313.718
313.59
313.465
313.344
313.226
313.111
313
312.892
312.787
312.685
312.587
312.493
312.401
312.313
312.228
312.146
312.067
311.992
311.919
311.85
311.784
318.822
318.951
319.084
319.222
319.364
319.512
319.664
319.822
319.985
320.153
320.326
320.505
320.69
320.88
321.076
321.277
321.485
321.698
321.917
322.142
322.372
322.609
322.851
323.099
323.353
323.612
323.876
324.146
324.421
324.701
324.986
325.275
325.568
325.866
326.167
326.471
326.778
327.087
327.399
327.712
328.025
328.34
328.654
328.967
329.279
329.589
329.895
330.198
330.497
330.79
331.078
331.358
331.63
331.893
332.147
332.389
332.62
332.838
333.042
333.232
333.405
333.561
333.7
333.819
333.919
333.997
334.054
334.089
334.1
334.088
334.051
333.989
333.902
333.79
333.653
333.49
333.303
333.091
332.855
332.597
332.317
332.016
331.697
331.359
331.005
330.636
330.255
329.862
329.459
329.049
328.633
328.212
327.789
327.365
326.94
326.517
326.097
325.681
325.27
324.864
324.465
324.073
323.689
323.313
322.945
322.586
322.236
321.894
321.562
321.239
320.924
320.619
320.322
320.033
319.753
319.481
319.217
318.961
318.712
318.47
318.235
318.007
317.785
317.57
317.36
317.156
316.957
316.764
316.575
316.392
316.213
316.038
315.868
315.702
315.54
315.382
315.228
315.077
314.93
314.787
314.647
314.51
314.377
314.248
314.122
313.999
313.879
313.763
313.65
313.541
313.435
313.332
313.232
313.136
313.044
312.955
312.869
312.787
312.708
312.632
312.56
319.809
319.923
320.041
320.163
320.289
320.419
320.553
320.692
320.834
320.982
321.134
321.29
321.451
321.617
321.787
321.963
322.143
322.328
322.518
322.713
322.912
323.117
323.327
323.541
323.76
323.984
324.212
324.445
324.683
324.925
325.17
325.42
325.674
325.931
326.191
326.454
326.72
326.988
327.259
327.531
327.804
328.078
328.352
328.626
328.899
329.171
329.441
329.709
329.974
330.234
330.491
330.742
330.987
331.225
331.456
331.678
331.891
332.094
332.286
332.466
332.633
332.787
332.926
333.05
333.157
333.248
333.32
333.374
333.408
333.422
333.416
333.388
333.339
333.268
333.174
333.059
332.921
332.762
332.581
332.38
332.158
331.917
331.657
331.38
331.087
330.78
330.458
330.125
329.781
329.428
329.067
328.7
328.329
327.954
327.577
327.199
326.821
326.445
326.071
325.701
325.334
324.973
324.617
324.266
323.922
323.585
323.254
322.931
322.615
322.307
322.005
321.712
321.425
321.146
320.874
320.609
320.35
320.098
319.853
319.614
319.381
319.153
318.932
318.715
318.504
318.298
318.097
317.9
317.708
317.52
317.337
317.157
316.981
316.809
316.641
316.476
316.314
316.156
316.002
315.85
315.702
315.557
315.416
315.277
315.142
315.01
314.881
314.756
314.633
314.514
314.399
314.287
314.178
314.072
313.97
313.872
313.777
313.685
313.597
313.512
313.431
320.936
321.037
321.142
321.249
321.36
321.475
321.593
321.714
321.839
321.967
322.099
322.235
322.375
322.518
322.666
322.817
322.972
323.131
323.295
323.462
323.633
323.808
323.987
324.17
324.357
324.548
324.743
324.941
325.143
325.348
325.557
325.769
325.984
326.202
326.423
326.646
326.872
327.099
327.329
327.56
327.792
328.025
328.259
328.492
328.726
328.958
329.19
329.419
329.647
329.871
330.093
330.311
330.524
330.732
330.934
331.13
331.319
331.5
331.672
331.835
331.989
332.131
332.262
332.381
332.487
332.579
332.657
332.72
332.766
332.797
332.811
332.807
332.785
332.745
332.687
332.609
332.513
332.398
332.265
332.113
331.943
331.756
331.552
331.333
331.098
330.849
330.587
330.313
330.028
329.734
329.431
329.121
328.805
328.484
328.159
327.832
327.503
327.173
326.843
326.515
326.188
325.864
325.543
325.226
324.913
324.604
324.3
324.002
323.708
323.42
323.138
322.862
322.591
322.325
322.066
321.812
321.563
321.32
321.082
320.849
320.621
320.398
320.179
319.965
319.755
319.549
319.348
319.15
318.956
318.765
318.578
318.395
318.214
318.037
317.863
317.693
317.525
317.36
317.198
317.039
316.883
316.729
316.579
316.431
316.287
316.145
316.006
315.871
315.738
315.609
315.483
315.36
315.24
315.123
315.01
314.9
314.794
314.69
314.59
314.494
314.4
322.171
322.261
322.353
322.448
322.545
322.646
322.748
322.854
322.962
323.073
323.188
323.305
323.425
323.548
323.674
323.803
323.935
324.07
324.208
324.35
324.494
324.642
324.792
324.946
325.103
325.262
325.425
325.59
325.759
325.93
326.103
326.279
326.458
326.639
326.822
327.007
327.193
327.382
327.572
327.763
327.955
328.148
328.341
328.534
328.728
328.921
329.113
329.304
329.493
329.68
329.865
330.047
330.225
330.4
330.57
330.736
330.896
331.05
331.198
331.339
331.472
331.597
331.713
331.82
331.916
332.002
332.077
332.14
332.191
332.229
332.253
332.264
332.26
332.241
332.208
332.16
332.096
332.016
331.921
331.811
331.686
331.546
331.391
331.223
331.041
330.846
330.64
330.423
330.195
329.958
329.712
329.459
329.199
328.934
328.664
328.39
328.113
327.834
327.553
327.272
326.991
326.71
326.43
326.152
325.876
325.603
325.332
325.065
324.801
324.54
324.283
324.03
323.78
323.535
323.293
323.056
322.822
322.592
322.366
322.144
321.925
321.71
321.498
321.289
321.084
320.882
320.683
320.487
320.294
320.103
319.915
319.73
319.547
319.367
319.189
319.014
318.841
318.671
318.502
318.337
318.173
318.012
317.853
317.697
317.543
317.392
317.244
317.098
316.955
316.814
316.677
316.542
316.41
316.282
316.156
316.033
315.914
315.797
315.683
315.572
315.463
323.466
323.545
323.626
323.709
323.793
323.88
323.969
324.06
324.153
324.248
324.345
324.445
324.547
324.651
324.757
324.865
324.976
325.089
325.204
325.322
325.441
325.563
325.688
325.814
325.943
326.074
326.207
326.342
326.479
326.618
326.758
326.901
327.045
327.191
327.339
327.488
327.638
327.789
327.942
328.095
328.248
328.403
328.557
328.712
328.866
329.02
329.173
329.326
329.477
329.627
329.775
329.92
330.063
330.204
330.341
330.475
330.605
330.73
330.851
330.966
331.075
331.178
331.275
331.365
331.447
331.521
331.586
331.643
331.69
331.728
331.755
331.772
331.778
331.772
331.755
331.727
331.686
331.633
331.568
331.49
331.401
331.299
331.186
331.061
330.925
330.779
330.622
330.456
330.28
330.096
329.904
329.705
329.5
329.289
329.072
328.852
328.628
328.4
328.17
327.939
327.705
327.471
327.237
327.002
326.768
326.534
326.302
326.071
325.841
325.613
325.386
325.162
324.94
324.719
324.501
324.286
324.072
323.861
323.652
323.445
323.24
323.038
322.838
322.639
322.443
322.248
322.056
321.865
321.676
321.489
321.303
321.119
320.937
320.756
320.578
320.4
320.224
320.05
319.878
319.707
319.538
319.371
319.205
319.041
318.88
318.72
318.562
318.407
318.253
318.102
317.954
317.807
317.664
317.522
317.384
317.248
317.114
316.982
316.853
316.726
316.599
324.751
324.82
324.89
324.961
325.034
325.108
325.184
325.261
325.34
325.42
325.502
325.585
325.67
325.757
325.845
325.934
326.025
326.118
326.212
326.308
326.405
326.504
326.604
326.706
326.809
326.914
327.02
327.127
327.236
327.345
327.456
327.569
327.682
327.796
327.912
328.028
328.144
328.262
328.38
328.498
328.617
328.736
328.855
328.973
329.092
329.21
329.327
329.444
329.559
329.674
329.786
329.898
330.007
330.114
330.219
330.321
330.42
330.516
330.608
330.697
330.781
330.861
330.936
331.006
331.071
331.13
331.183
331.229
331.268
331.3
331.325
331.341
331.35
331.351
331.343
331.326
331.3
331.266
331.222
331.169
331.106
331.035
330.954
330.865
330.766
330.659
330.545
330.422
330.291
330.154
330.01
329.859
329.703
329.542
329.375
329.205
329.03
328.852
328.671
328.487
328.302
328.114
327.925
327.734
327.543
327.351
327.158
326.965
326.772
326.58
326.387
326.195
326.004
325.812
325.622
325.432
325.243
325.054
324.867
324.679
324.493
324.307
324.123
323.938
323.755
323.572
323.39
323.208
323.027
322.847
322.668
322.489
322.31
322.133
321.956
321.779
321.604
321.429
321.255
321.082
320.91
320.739
320.569
320.4
320.232
320.066
319.9
319.737
319.575
319.415
319.256
319.099
318.945
318.792
318.641
318.492
318.344
318.198
318.054
317.909
317.765
325.933
325.992
326.052
326.113
326.175
326.238
326.302
326.367
326.433
326.5
326.568
326.637
326.706
326.777
326.849
326.922
326.996
327.07
327.146
327.222
327.3
327.378
327.458
327.538
327.619
327.7
327.783
327.866
327.95
328.035
328.12
328.206
328.293
328.38
328.467
328.555
328.643
328.731
328.819
328.908
328.996
329.084
329.172
329.26
329.347
329.434
329.52
329.605
329.689
329.773
329.855
329.935
330.015
330.092
330.168
330.241
330.313
330.382
330.448
330.512
330.572
330.63
330.684
330.734
330.781
330.823
330.861
330.895
330.924
330.948
330.966
330.979
330.987
330.988
330.984
330.973
330.956
330.933
330.903
330.866
330.823
330.773
330.717
330.654
330.585
330.509
330.427
330.339
330.245
330.145
330.041
329.931
329.816
329.697
329.573
329.446
329.315
329.18
329.043
328.902
328.759
328.613
328.465
328.316
328.164
328.011
327.856
327.7
327.543
327.385
327.226
327.065
326.904
326.743
326.58
326.417
326.253
326.089
325.924
325.758
325.592
325.425
325.258
325.09
324.922
324.753
324.584
324.415
324.245
324.074
323.903
323.732
323.561
323.389
323.217
323.045
322.872
322.7
322.527
322.355
322.183
322.011
321.839
321.667
321.496
321.326
321.156
320.987
320.819
320.652
320.486
320.322
320.158
319.995
319.834
319.674
319.515
319.356
319.198
319.038
318.876
326.892
326.943
326.995
327.047
327.1
327.154
327.208
327.263
327.319
327.375
327.431
327.488
327.546
327.604
327.663
327.722
327.782
327.843
327.904
327.965
328.027
328.089
328.152
328.215
328.278
328.342
328.406
328.471
328.535
328.6
328.666
328.731
328.797
328.862
328.928
328.993
329.059
329.124
329.19
329.255
329.319
329.384
329.448
329.511
329.574
329.637
329.698
329.759
329.819
329.878
329.936
329.992
330.048
330.102
330.154
330.205
330.254
330.302
330.347
330.391
330.432
330.47
330.507
330.541
330.571
330.6
330.625
330.647
330.665
330.68
330.692
330.7
330.704
330.703
330.699
330.691
330.678
330.661
330.639
330.612
330.581
330.546
330.506
330.461
330.411
330.357
330.299
330.236
330.169
330.097
330.022
329.942
329.858
329.771
329.68
329.586
329.489
329.388
329.284
329.177
329.068
328.956
328.841
328.724
328.605
328.483
328.36
328.234
328.106
327.976
327.845
327.712
327.576
327.44
327.301
327.161
327.019
326.876
326.731
326.584
326.436
326.287
326.136
325.984
325.83
325.675
325.518
325.361
325.201
325.041
324.88
324.717
324.553
324.388
324.223
324.056
323.888
323.72
323.551
323.381
323.211
323.04
322.869
322.697
322.526
322.354
322.182
322.011
321.84
321.669
321.498
321.328
321.159
320.99
320.822
320.654
320.487
320.319
320.15
319.978
319.802
327.475
327.521
327.568
327.615
327.663
327.711
327.759
327.808
327.857
327.906
327.956
328.006
328.056
328.107
328.158
328.209
328.261
328.312
328.364
328.416
328.469
328.521
328.574
328.627
328.68
328.733
328.786
328.84
328.893
328.946
328.999
329.053
329.106
329.159
329.211
329.264
329.316
329.368
329.42
329.471
329.522
329.572
329.622
329.671
329.719
329.767
329.814
329.861
329.906
329.95
329.994
330.036
330.077
330.117
330.156
330.193
330.229
330.263
330.295
330.326
330.355
330.382
330.408
330.431
330.452
330.471
330.487
330.501
330.513
330.522
330.528
330.532
330.533
330.53
330.525
330.517
330.505
330.491
330.472
330.451
330.426
330.397
330.366
330.33
330.292
330.25
330.204
330.155
330.103
330.048
329.989
329.927
329.861
329.793
329.721
329.646
329.568
329.487
329.404
329.317
329.228
329.136
329.041
328.943
328.843
328.741
328.636
328.528
328.418
328.306
328.191
328.074
327.954
327.833
327.709
327.583
327.455
327.324
327.192
327.057
326.921
326.782
326.642
326.499
326.355
326.208
326.06
325.91
325.758
325.605
325.45
325.293
325.134
324.975
324.813
324.651
324.487
324.322
324.156
323.989
323.82
323.651
323.481
323.311
323.14
322.968
322.796
322.624
322.452
322.279
322.107
321.935
321.763
321.591
321.419
321.247
321.075
320.903
320.728
320.55
320.366
306.613
306.377
306.132
305.88
305.619
305.351
305.077
304.796
304.51
304.219
303.924
303.627
303.329
303.033
302.74
302.453
302.174
301.906
301.651
301.413
301.192
300.992
300.813
300.657
300.523
300.41
300.318
300.243
300.184
300.138
300.102
300.075
300.054
300.039
300.028
300.019
300.013
300.009
300.006
300.004
300.003
300.002
300.001
300.001
300
300
300
300
300
300
300
306.613
306.377
306.133
305.88
305.62
305.352
305.078
304.797
304.511
304.22
303.925
303.628
303.33
303.034
302.741
302.454
302.175
301.907
301.652
301.413
301.193
300.992
300.814
300.657
300.523
300.411
300.318
300.244
300.184
300.138
300.102
300.075
300.054
300.039
300.028
300.019
300.013
300.009
300.006
300.004
300.003
300.002
300.001
300.001
300
300
300
300
300
300
300
306.614
306.379
306.134
305.881
305.621
305.353
305.079
304.799
304.512
304.221
303.927
303.63
303.332
303.036
302.743
302.456
302.177
301.908
301.653
301.415
301.194
300.993
300.814
300.658
300.524
300.411
300.318
300.244
300.184
300.138
300.102
300.075
300.054
300.039
300.028
300.019
300.013
300.009
300.006
300.004
300.003
300.002
300.001
300.001
300
300
300
300
300
300
300
306.616
306.381
306.136
305.884
305.623
305.356
305.082
304.802
304.515
304.224
303.93
303.633
303.335
303.039
302.746
302.459
302.179
301.911
301.656
301.417
301.196
300.995
300.816
300.659
300.525
300.412
300.319
300.244
300.185
300.138
300.102
300.075
300.054
300.039
300.028
300.019
300.014
300.009
300.006
300.004
300.003
300.002
300.001
300.001
300
300
300
300
300
300
300
306.619
306.384
306.14
305.887
305.627
305.36
305.086
304.806
304.52
304.229
303.935
303.638
303.34
303.044
302.751
302.463
302.184
301.915
301.66
301.42
301.199
300.998
300.818
300.661
300.526
300.413
300.32
300.245
300.185
300.139
300.103
300.075
300.054
300.039
300.028
300.019
300.014
300.009
300.006
300.004
300.003
300.002
300.001
300.001
300
300
300
300
300
300
300
306.624
306.389
306.145
305.893
305.633
305.366
305.093
304.813
304.527
304.236
303.942
303.645
303.347
303.051
302.758
302.47
302.19
301.921
301.665
301.425
301.203
301.001
300.821
300.663
300.528
300.415
300.321
300.246
300.186
300.139
300.103
300.075
300.055
300.039
300.028
300.02
300.014
300.009
300.006
300.004
300.003
300.002
300.001
300.001
300
300
300
300
300
300
300
306.63
306.396
306.153
305.901
305.642
305.375
305.102
304.822
304.537
304.247
303.952
303.655
303.358
303.061
302.768
302.479
302.199
301.929
301.673
301.432
301.209
301.006
300.825
300.667
300.531
300.417
300.323
300.247
300.187
300.14
300.104
300.076
300.055
300.039
300.028
300.02
300.014
300.009
300.006
300.004
300.003
300.002
300.001
300.001
300
300
300
300
300
300
300
306.639
306.406
306.163
305.912
305.653
305.387
305.115
304.835
304.551
304.26
303.966
303.669
303.372
303.075
302.781
302.492
302.211
301.94
301.682
301.44
301.217
301.013
300.831
300.671
300.534
300.419
300.325
300.249
300.188
300.141
300.104
300.076
300.055
300.04
300.028
300.02
300.014
300.009
300.006
300.004
300.003
300.002
300.001
300.001
300
300
300
300
300
300
300
306.651
306.419
306.177
305.926
305.668
305.403
305.131
304.853
304.568
304.279
303.985
303.688
303.39
303.093
302.798
302.508
302.226
301.954
301.695
301.452
301.226
301.021
300.838
300.677
300.539
300.423
300.328
300.251
300.19
300.142
300.105
300.077
300.056
300.04
300.028
300.02
300.014
300.01
300.006
300.004
300.003
300.002
300.001
300.001
300
300
300
300
300
300
300
306.667
306.436
306.194
305.945
305.688
305.424
305.153
304.875
304.591
304.302
304.008
303.712
303.413
303.115
302.82
302.529
302.246
301.972
301.712
301.466
301.239
301.032
300.847
300.684
300.545
300.428
300.331
300.253
300.192
300.143
300.106
300.078
300.056
300.04
300.029
300.02
300.014
300.01
300.007
300.004
300.003
300.002
300.001
300.001
300
300
300
300
300
300
300
306.688
306.457
306.217
305.969
305.713
305.45
305.181
304.904
304.621
304.332
304.039
303.742
303.443
303.144
302.848
302.556
302.27
301.995
301.732
301.484
301.255
301.045
300.858
300.693
300.552
300.433
300.335
300.256
300.194
300.145
300.107
300.079
300.057
300.041
300.029
300.02
300.014
300.01
300.007
300.004
300.003
300.002
300.001
300.001
300
300
300
300
300
300
300
306.714
306.485
306.246
306
305.745
305.484
305.215
304.94
304.658
304.369
304.076
303.779
303.48
303.18
302.882
302.588
302.301
302.023
301.757
301.507
301.274
301.062
300.871
300.704
300.561
300.44
300.34
300.26
300.197
300.147
300.109
300.08
300.058
300.041
300.029
300.021
300.014
300.01
300.007
300.004
300.003
300.002
300.001
300.001
300
300
300
300
300
300
300
306.746
306.519
306.283
306.038
305.785
305.525
305.258
304.984
304.703
304.416
304.122
303.825
303.525
303.224
302.924
302.628
302.338
302.057
301.788
301.534
301.298
301.082
300.888
300.718
300.571
300.448
300.347
300.265
300.2
300.15
300.111
300.081
300.059
300.042
300.03
300.021
300.015
300.01
300.007
300.005
300.003
300.002
300.001
300.001
300
300
300
300
300
300
300
306.787
306.562
306.327
306.085
305.834
305.577
305.311
305.039
304.759
304.472
304.179
303.881
303.58
303.278
302.976
302.677
302.384
302.099
301.826
301.567
301.326
301.106
300.908
300.734
300.584
300.458
300.354
300.271
300.205
300.153
300.113
300.083
300.06
300.043
300.03
300.021
300.015
300.01
300.007
300.005
300.003
300.002
300.001
300.001
300
300
300
300
300
300
300
306.837
306.614
306.382
306.142
305.894
305.639
305.376
305.105
304.826
304.54
304.247
303.949
303.647
303.342
303.038
302.735
302.438
302.149
301.871
301.607
301.361
301.135
300.932
300.753
300.599
300.469
300.363
300.277
300.209
300.157
300.116
300.084
300.061
300.044
300.031
300.022
300.015
300.01
300.007
300.005
300.003
300.002
300.001
300.001
300
300
300
300
300
300
300
306.898
306.678
306.448
306.211
305.966
305.714
305.453
305.184
304.907
304.622
304.329
304.03
303.727
303.42
303.112
302.806
302.503
302.209
301.924
301.654
301.402
301.169
300.96
300.776
300.617
300.483
300.373
300.285
300.215
300.161
300.119
300.087
300.063
300.045
300.032
300.022
300.015
300.011
300.007
300.005
300.003
300.002
300.001
300.001
300
300
300
300
300
300
300
306.971
306.754
306.528
306.294
306.053
305.803
305.546
305.279
305.004
304.72
304.427
304.127
303.822
303.512
303.2
302.889
302.581
302.28
301.988
301.711
301.45
301.211
300.994
300.803
300.639
300.5
300.386
300.295
300.222
300.166
300.122
300.089
300.064
300.046
300.033
300.023
300.016
300.011
300.007
300.005
300.003
300.002
300.001
300.001
300
300
300
300
300
300
300
307.059
306.846
306.623
306.393
306.156
305.91
305.656
305.392
305.119
304.836
304.543
304.242
303.935
303.621
303.305
302.988
302.673
302.364
302.064
301.778
301.508
301.259
301.035
300.836
300.664
300.519
300.401
300.306
300.231
300.172
300.127
300.092
300.066
300.047
300.033
300.023
300.016
300.011
300.008
300.005
300.003
300.002
300.001
300.001
300
300
300
300
300
300
300
307.164
306.954
306.736
306.511
306.278
306.036
305.786
305.526
305.255
304.973
304.68
304.378
304.068
303.75
303.429
303.105
302.782
302.464
302.154
301.857
301.577
301.317
301.082
300.874
300.694
300.542
300.418
300.319
300.24
300.179
300.132
300.096
300.069
300.049
300.035
300.024
300.017
300.011
300.008
300.005
300.003
300.002
300.001
300.001
300
300
300
300
300
300
300
307.288
307.083
306.869
306.649
306.421
306.185
305.939
305.682
305.414
305.133
304.841
304.537
304.224
303.902
303.574
303.242
302.91
302.581
302.26
301.95
301.657
301.385
301.138
300.919
300.73
300.569
300.439
300.334
300.251
300.187
300.137
300.1
300.072
300.051
300.036
300.025
300.017
300.012
300.008
300.005
300.003
300.002
300.001
300.001
300
300
300
300
300
300
300
307.434
307.233
307.026
306.811
306.589
306.358
306.118
305.865
305.6
305.321
305.029
304.723
304.406
304.079
303.744
303.403
303.06
302.719
302.384
302.06
301.752
301.465
301.204
300.972
300.771
300.601
300.463
300.352
300.265
300.196
300.144
300.104
300.075
300.053
300.037
300.026
300.018
300.012
300.008
300.005
300.004
300.002
300.001
300.001
300
300
300
300
300
300
300
307.605
307.41
307.209
307.001
306.785
306.561
306.326
306.079
305.817
305.54
305.247
304.94
304.619
304.286
303.942
303.591
303.235
302.88
302.529
302.188
301.863
301.559
301.282
301.035
300.82
300.639
300.491
300.373
300.28
300.207
300.152
300.11
300.079
300.056
300.039
300.027
300.019
300.013
300.009
300.006
300.004
300.002
300.001
300.001
300
300
300
300
300
300
300
307.805
307.616
307.421
307.221
307.013
306.796
306.568
306.326
306.068
305.793
305.501
305.191
304.866
304.525
304.172
303.809
303.439
303.067
302.698
302.338
301.993
301.669
301.373
301.108
300.878
300.683
300.525
300.398
300.298
300.22
300.161
300.116
300.083
300.059
300.041
300.028
300.02
300.013
300.009
300.006
300.004
300.002
300.002
300.001
300
300
300
300
300
300
300
308.037
307.854
307.667
307.475
307.276
307.067
306.846
306.61
306.357
306.085
305.793
305.481
305.151
304.802
304.439
304.062
303.676
303.285
302.896
302.513
302.145
301.798
301.479
301.194
300.945
300.735
300.564
300.427
300.319
300.235
300.171
300.123
300.088
300.062
300.043
300.03
300.02
300.014
300.009
300.006
300.004
300.003
300.002
300.001
300
300
300
300
300
300
300
308.306
308.13
307.951
307.768
307.578
307.378
307.166
306.937
306.689
306.419
306.128
305.814
305.478
305.121
304.746
304.354
303.95
303.538
303.125
302.717
302.323
301.949
301.604
301.294
301.024
300.796
300.611
300.462
300.344
300.253
300.184
300.132
300.094
300.066
300.046
300.032
300.022
300.015
300.01
300.006
300.004
300.003
300.002
300.001
300
300
300
300
300
300
300
308.617
308.447
308.277
308.103
307.924
307.734
307.531
307.31
307.067
306.801
306.511
306.194
305.853
305.487
305.099
304.69
304.266
303.831
303.391
302.954
302.529
302.125
301.75
301.412
301.117
300.868
300.665
300.502
300.373
300.274
300.198
300.142
300.1
300.07
300.049
300.033
300.023
300.015
300.01
300.007
300.004
300.003
300.002
300.001
300.001
300
300
300
300
300
300
308.973
308.81
308.649
308.485
308.317
308.138
307.945
307.732
307.497
307.235
306.945
306.627
306.279
305.904
305.502
305.076
304.629
304.168
303.699
303.229
302.77
302.33
301.921
301.551
301.226
300.952
300.729
300.549
300.407
300.297
300.215
300.153
300.108
300.075
300.052
300.036
300.024
300.016
300.011
300.007
300.005
300.003
300.002
300.001
300.001
300
300
300
300
300
300
309.382
309.224
309.071
308.919
308.761
308.594
308.411
308.208
307.98
307.723
307.435
307.115
306.762
306.377
305.96
305.515
305.045
304.555
304.053
303.547
303.049
302.569
302.12
301.712
301.354
301.052
300.804
300.604
300.447
300.325
300.234
300.166
300.116
300.081
300.056
300.038
300.026
300.017
300.011
300.008
300.005
300.003
300.002
300.001
300.001
300
300
300
300
300
300
309.848
309.695
309.55
309.407
309.261
309.105
308.934
308.741
308.521
308.269
307.984
307.663
307.305
306.91
306.479
306.013
305.518
304.997
304.459
303.914
303.372
302.847
302.353
301.901
301.504
301.169
300.892
300.669
300.493
300.358
300.256
300.181
300.127
300.088
300.06
300.041
300.027
300.018
300.012
300.008
300.005
300.003
300.002
300.001
300.001
300
300
300
300
300
300
310.378
310.227
310.088
309.954
309.819
309.674
309.515
309.332
309.12
308.875
308.593
308.272
307.91
307.506
307.06
306.575
306.053
305.5
304.923
304.334
303.744
303.169
302.623
302.122
301.681
301.306
300.996
300.745
300.548
300.396
300.282
300.199
300.138
300.095
300.065
300.044
300.029
300.02
300.013
300.008
300.005
300.003
300.002
300.001
300.001
300
300
300
300
300
300
310.979
310.826
310.691
310.564
310.437
310.303
310.154
309.981
309.778
309.54
309.262
308.942
308.577
308.166
307.707
307.202
306.654
306.067
305.451
304.814
304.172
303.54
302.937
302.381
301.889
301.468
301.117
300.834
300.611
300.44
300.313
300.219
300.152
300.104
300.07
300.047
300.032
300.021
300.014
300.009
300.006
300.004
300.002
300.001
300.001
300
300
300
300
300
300
311.657
311.499
311.362
311.239
311.118
310.992
310.851
310.687
310.492
310.261
309.989
309.672
309.306
308.889
308.419
307.897
307.323
306.704
306.045
305.359
304.661
303.967
303.3
302.683
302.132
301.656
301.259
300.938
300.685
300.492
300.348
300.242
300.167
300.114
300.077
300.051
300.034
300.023
300.015
300.01
300.006
300.004
300.002
300.001
300.001
300
300
300
300
300
300
312.42
312.25
312.107
311.981
311.862
311.739
311.603
311.446
311.258
311.034
310.768
310.454
310.09
309.67
309.193
308.656
308.06
307.409
306.71
305.973
305.216
304.457
303.721
303.034
302.415
301.876
301.425
301.059
300.771
300.551
300.388
300.269
300.184
300.125
300.084
300.056
300.037
300.024
300.016
300.01
300.007
300.004
300.003
300.002
300.001
300
300
300
300
300
300
313.271
313.084
312.927
312.792
312.666
312.541
312.405
312.25
312.066
311.848
311.588
311.28
310.919
310.501
310.019
309.473
308.859
308.181
307.444
306.659
305.842
305.015
304.204
303.438
302.742
302.132
301.617
301.199
300.87
300.62
300.434
300.299
300.204
300.137
300.092
300.061
300.04
300.026
300.017
300.011
300.007
300.004
300.003
300.002
300.001
300
300
300
300
300
300
314.214
314.001
313.823
313.669
313.529
313.393
313.25
313.091
312.908
312.692
312.437
312.135
311.78
311.366
310.885
310.334
309.709
309.011
308.241
307.412
306.537
305.64
304.75
303.899
303.116
302.425
301.838
301.36
300.984
300.697
300.486
300.333
300.226
300.151
300.1
300.066
300.043
300.028
300.018
300.012
300.007
300.005
300.003
300.002
300.001
300
300
300
300
300
300
315.244
314.997
314.787
314.605
314.441
314.285
314.127
313.957
313.768
313.551
313.297
313.001
312.653
312.245
311.771
311.221
310.592
309.88
309.087
308.219
307.292
306.327
305.357
304.415
303.538
302.757
302.089
301.542
301.112
300.784
300.543
300.37
300.249
300.166
300.11
300.072
300.047
300.03
300.02
300.013
300.008
300.005
300.003
300.002
300.001
300
300
300
300
300
300
316.341
316.053
315.802
315.582
315.384
315.199
315.016
314.828
314.626
314.401
314.147
313.853
313.512
313.113
312.648
312.107
311.481
310.765
309.957
309.061
308.089
307.062
306.013
304.98
304.005
303.125
302.367
301.744
301.252
300.88
300.606
300.411
300.275
300.182
300.119
300.078
300.05
300.032
300.021
300.013
300.008
300.005
300.003
300.002
300.001
300.001
300
300
300
300
300
317.463
317.128
316.831
316.565
316.326
316.103
315.888
315.674
315.452
315.214
314.953
314.659
314.323
313.934
313.481
312.952
312.337
311.626
310.814
309.901
308.896
307.818
306.697
305.576
304.502
303.52
302.666
301.96
301.403
300.98
300.671
300.452
300.3
300.198
300.129
300.083
300.054
300.035
300.022
300.014
300.009
300.006
300.003
300.002
300.001
300.001
300
300
300
300
300
318.532
318.15
317.805
317.492
317.207
316.943
316.692
316.446
316.2
315.945
315.673
315.376
315.042
314.662
314.221
313.708
313.108
312.41
311.605
310.688
309.664
308.548
307.369
306.17
305.003
303.921
302.971
302.18
301.554
301.08
300.735
300.492
300.325
300.212
300.138
300.089
300.057
300.036
300.023
300.015
300.009
300.006
300.004
300.002
300.001
300.001
300
300
300
300
300
319.423
319.001
318.615
318.261
317.935
317.632
317.347
317.072
316.801
316.528
316.245
315.942
315.609
315.236
314.807
314.309
313.727
313.046
312.254
311.344
310.314
309.178
307.959
306.7
305.456
304.287
303.249
302.379
301.689
301.168
300.791
300.526
300.346
300.225
300.145
300.093
300.059
300.038
300.024
300.015
300.01
300.006
300.004
300.002
300.001
300.001
300
300
300
300
300
319.965
319.52
319.108
318.728
318.376
318.048
317.74
317.446
317.16
316.875
316.583
316.276
315.944
315.575
315.154
314.667
314.099
313.433
312.655
311.755
310.73
309.588
308.351
307.059
305.767
304.541
303.442
302.516
301.78
301.226
300.826
300.547
300.358
300.232
300.149
300.096
300.061
300.039
300.025
300.015
300.01
300.006
300.004
300.002
300.001
300.001
300
300
300
300
300
)
;

boundaryField
{
    inlet
    {
        type            fixedValue;
        value           uniform 300;
    }
    outlet
    {
        type            zeroGradient;
    }
    top
    {
        type            zeroGradient;
    }
    slip-bottom
    {
        type            zeroGradient;
    }
    bottom
    {
        type            zeroGradient;
    }
    interface
    {
        type            fixedGradient;
        gradient        nonuniform List<scalar> 
161
(
2999.99
2999.99
2999.99
2999.99
2999.99
2999.99
2999.99
2999.99
2999.99
2999.99
2999.99
2999.99
2999.99
2999.99
2999.99
2999.99
2999.99
2999.99
2999.99
2999.99
-3.69482e-13
-3.69482e-13
-3.69482e-13
-3.69482e-13
-3.69482e-13
-3.69482e-13
-3.69482e-13
-3.69482e-13
-3.69482e-13
-3.69482e-13
-3.69482e-13
-3.69482e-13
-3.69482e-13
-3.69482e-13
-3.69482e-13
-3.69482e-13
-3.69482e-13
-3.69482e-13
-3.69482e-13
-3.69482e-13
-8.2423e-13
-8.2423e-13
-8.2423e-13
-8.2423e-13
-8.2423e-13
-8.2423e-13
-8.2423e-13
-8.2423e-13
-8.2423e-13
-8.2423e-13
-8.2423e-13
-8.2423e-13
-8.2423e-13
-8.2423e-13
-8.2423e-13
-8.2423e-13
-2.55795e-13
-2.55795e-13
-2.55795e-13
-2.55795e-13
-2.55795e-13
-2.55795e-13
-2.55795e-13
-2.55795e-13
-2.55795e-13
-2.55795e-13
-2.55795e-13
-2.55795e-13
-2.55795e-13
-2.55795e-13
-2.55795e-13
5.68434e-14
5.68434e-14
5.68434e-14
5.68434e-14
5.68434e-14
5.68434e-14
5.68434e-14
5.68434e-14
5.68434e-14
5.68434e-14
5.68434e-14
5.68434e-14
8.52651e-14
8.52651e-14
8.52651e-14
8.52651e-14
8.52651e-14
8.52651e-14
8.52651e-14
8.52651e-14
8.52651e-14
8.52651e-14
8.52651e-14
-2.84217e-13
-2.84217e-13
-2.84217e-13
-2.84217e-13
-2.84217e-13
-2.84217e-13
-2.84217e-13
-2.84217e-13
-2.84217e-13
-2.84217e-13
1.13687e-12
1.13687e-12
1.13687e-12
1.13687e-12
1.13687e-12
1.13687e-12
1.13687e-12
1.13687e-12
1.13687e-12
1.84741e-12
1.84741e-12
1.84741e-12
1.84741e-12
1.84741e-12
1.84741e-12
1.84741e-12
1.84741e-12
1.23634e-12
1.23634e-12
1.23634e-12
1.23634e-12
1.23634e-12
1.23634e-12
1.23634e-12
1.23634e-12
1.19371e-12
1.19371e-12
1.19371e-12
1.19371e-12
1.19371e-12
1.19371e-12
1.19371e-12
5.68434e-14
5.68434e-14
5.68434e-14
5.68434e-14
5.68434e-14
5.68434e-14
5.68434e-14
5.68434e-13
5.68434e-13
5.68434e-13
5.68434e-13
5.68434e-13
5.68434e-13
2.55795e-13
2.55795e-13
2.55795e-13
2.55795e-13
2.55795e-13
2.55795e-13
2.81375e-12
2.81375e-12
2.81375e-12
2.81375e-12
2.81375e-12
2.81375e-12
)
;
    }
    defaultFaces
    {
        type            empty;
    }
}


// ************************************************************************* //
