/*--------------------------------*- C++ -*----------------------------------*\
  =========                 |
  \\      /  F ield         | OpenFOAM: The Open Source CFD Toolbox
   \\    /   O peration     | Website:  https://openfoam.org
    \\  /    A nd           | Version:  7
     \\/     M anipulation  |
\*---------------------------------------------------------------------------*/
FoamFile
{
    version     2.0;
    format      ascii;
    class       volScalarField;
    location    "2.02";
    object      T;
}
// * * * * * * * * * * * * * * * * * * * * * * * * * * * * * * * * * * * * * //

dimensions      [0 0 0 1 0 0 0];

internalField   nonuniform List<scalar> 
12013
(
300.025
300.077
300.131
300.187
300.246
300.307
300.371
300.439
300.509
300.583
300.661
300.743
300.828
300.918
301.012
301.111
301.215
301.324
301.438
301.559
301.685
301.817
301.956
302.101
302.254
302.414
302.583
302.759
302.945
303.14
303.345
303.56
303.787
304.025
304.276
304.54
304.819
305.113
305.423
305.751
306.097
306.463
306.851
307.262
307.697
308.159
308.65
309.171
309.726
310.316
310.944
311.614
312.327
313.089
313.902
314.771
315.7
316.693
317.757
318.895
320.115
321.423
322.827
324.333
325.952
327.693
329.567
331.586
333.763
336.115
338.661
341.421
344.421
347.691
351.272
355.212
359.577
364.462
370.009
376.457
384.263
300.025
300.077
300.131
300.187
300.246
300.307
300.371
300.439
300.509
300.583
300.661
300.743
300.828
300.918
301.012
301.111
301.215
301.324
301.438
301.559
301.685
301.817
301.956
302.101
302.254
302.414
302.583
302.76
302.945
303.14
303.345
303.561
303.787
304.025
304.276
304.541
304.819
305.113
305.423
305.751
306.097
306.464
306.851
307.262
307.697
308.159
308.65
309.171
309.726
310.315
310.943
311.613
312.326
313.088
313.9
314.769
315.697
316.689
317.751
318.889
320.107
321.414
322.815
324.319
325.935
327.672
329.541
331.554
333.724
336.067
338.601
341.346
344.326
347.571
351.116
355.005
359.295
364.059
369.394
375.419
382.241
300.025
300.077
300.131
300.187
300.246
300.307
300.371
300.439
300.509
300.583
300.661
300.743
300.828
300.918
301.012
301.111
301.215
301.324
301.439
301.559
301.685
301.817
301.956
302.102
302.254
302.415
302.583
302.76
302.946
303.141
303.346
303.561
303.788
304.026
304.277
304.541
304.82
305.114
305.424
305.752
306.098
306.464
306.852
307.262
307.698
308.16
308.65
309.171
309.725
310.314
310.942
311.611
312.323
313.084
313.895
314.762
315.689
316.68
317.74
318.874
320.09
321.392
322.788
324.287
325.896
327.624
329.483
331.483
333.638
335.961
338.47
341.183
344.122
347.311
350.782
354.567
358.708
363.248
368.231
373.68
379.553
300.025
300.077
300.131
300.187
300.246
300.307
300.371
300.439
300.509
300.583
300.661
300.743
300.828
300.918
301.012
301.111
301.215
301.324
301.439
301.559
301.685
301.817
301.956
302.102
302.255
302.415
302.584
302.761
302.946
303.141
303.346
303.562
303.789
304.027
304.278
304.542
304.821
305.115
305.425
305.753
306.099
306.465
306.853
307.263
307.698
308.16
308.65
309.17
309.724
310.313
310.939
311.607
312.319
313.077
313.887
314.752
315.676
316.664
317.72
318.85
320.06
321.356
322.745
324.234
325.831
327.546
329.388
331.367
333.496
335.788
338.256
340.919
343.792
346.897
350.256
353.89
357.823
362.073
366.645
371.517
376.613
300.025
300.077
300.131
300.187
300.246
300.307
300.371
300.439
300.509
300.583
300.661
300.743
300.828
300.918
301.012
301.111
301.215
301.325
301.439
301.559
301.685
301.818
301.957
302.103
302.256
302.416
302.585
302.762
302.947
303.143
303.348
303.563
303.79
304.028
304.28
304.544
304.823
305.117
305.427
305.754
306.1
306.467
306.854
307.264
307.699
308.16
308.65
309.17
309.722
310.31
310.935
311.601
312.311
313.068
313.875
314.737
315.657
316.64
317.691
318.814
320.017
321.303
322.681
324.156
325.737
327.432
329.249
331.199
333.292
335.538
337.951
340.544
343.329
346.322
349.535
352.982
356.669
360.598
364.753
369.097
373.563
300.025
300.077
300.131
300.187
300.246
300.307
300.371
300.439
300.509
300.583
300.661
300.743
300.828
300.918
301.013
301.112
301.216
301.325
301.439
301.56
301.686
301.818
301.957
302.103
302.256
302.417
302.586
302.763
302.949
303.144
303.349
303.565
303.792
304.03
304.282
304.546
304.825
305.119
305.429
305.756
306.103
306.468
306.856
307.265
307.7
308.16
308.649
309.168
309.72
310.306
310.93
311.594
312.301
313.055
313.858
314.715
315.63
316.607
317.65
318.765
319.956
321.23
322.592
324.049
325.608
327.276
329.061
330.972
333.017
335.206
337.548
340.052
342.728
345.585
348.629
351.863
355.286
358.887
362.645
366.522
370.464
300.025
300.077
300.131
300.187
300.246
300.307
300.371
300.439
300.509
300.583
300.661
300.743
300.828
300.918
301.013
301.112
301.216
301.325
301.44
301.56
301.687
301.819
301.958
302.104
302.258
302.418
302.587
302.765
302.951
303.146
303.351
303.567
303.794
304.033
304.284
304.549
304.828
305.122
305.432
305.759
306.105
306.471
306.857
307.267
307.701
308.161
308.648
309.166
309.716
310.3
310.922
311.583
312.287
313.036
313.835
314.687
315.595
316.563
317.597
318.7
319.877
321.134
322.476
323.91
325.44
327.075
328.819
330.681
332.667
334.785
337.041
339.441
341.991
344.694
347.552
350.561
353.715
356.998
360.388
363.853
367.351
300.025
300.077
300.131
300.187
300.246
300.307
300.371
300.439
300.509
300.583
300.661
300.743
300.829
300.919
301.013
301.112
301.216
301.326
301.441
301.561
301.688
301.82
301.96
302.106
302.259
302.42
302.589
302.767
302.953
303.149
303.354
303.57
303.797
304.036
304.288
304.552
304.831
305.125
305.435
305.763
306.108
306.473
306.86
307.269
307.702
308.16
308.647
309.163
309.711
310.293
310.911
311.569
312.268
313.013
313.805
314.649
315.548
316.507
317.528
318.616
319.776
321.012
322.33
323.734
325.23
326.823
328.518
330.322
332.239
334.274
336.431
338.714
341.124
343.662
346.325
349.106
351.996
354.979
358.033
361.133
364.249
300.025
300.077
300.131
300.187
300.245
300.307
300.371
300.439
300.509
300.584
300.661
300.743
300.829
300.919
301.013
301.113
301.217
301.326
301.441
301.562
301.689
301.822
301.961
302.107
302.261
302.422
302.592
302.769
302.956
303.152
303.357
303.574
303.801
304.04
304.292
304.556
304.835
305.129
305.439
305.766
306.112
306.477
306.862
307.27
307.702
308.16
308.644
309.158
309.704
310.282
310.897
311.55
312.244
312.982
313.767
314.602
315.49
316.435
317.441
318.511
319.65
320.861
322.149
323.518
324.973
326.517
328.156
329.892
331.73
333.672
335.721
337.877
340.139
342.505
344.971
347.528
350.165
352.867
355.618
358.395
361.176
300.025
300.077
300.131
300.187
300.245
300.307
300.371
300.439
300.509
300.584
300.661
300.743
300.829
300.919
301.014
301.113
301.218
301.327
301.442
301.563
301.69
301.823
301.963
302.109
302.263
302.425
302.594
302.772
302.959
303.155
303.361
303.578
303.805
304.045
304.296
304.561
304.84
305.134
305.444
305.771
306.116
306.48
306.865
307.272
307.703
308.158
308.641
309.152
309.694
310.269
310.879
311.526
312.214
312.944
313.719
314.543
315.418
316.347
317.334
318.383
319.496
320.678
321.931
323.26
324.667
326.157
327.731
329.392
331.143
332.984
334.917
336.939
339.049
341.243
343.514
345.854
348.253
350.698
353.174
355.664
358.15
300.025
300.077
300.131
300.187
300.245
300.307
300.371
300.439
300.509
300.584
300.661
300.743
300.829
300.919
301.014
301.114
301.218
301.328
301.443
301.564
301.692
301.825
301.965
302.112
302.266
302.428
302.598
302.776
302.963
303.16
303.366
303.583
303.811
304.05
304.302
304.567
304.846
305.14
305.45
305.776
306.121
306.484
306.868
307.273
307.702
308.156
308.636
309.144
309.682
310.252
310.856
311.497
312.176
312.896
313.66
314.47
315.33
316.241
317.207
318.23
319.314
320.461
321.675
322.958
324.312
325.74
327.243
328.823
330.481
332.216
334.028
335.914
337.871
339.895
341.978
344.113
346.29
348.499
350.727
352.96
355.186
300.025
300.077
300.13
300.187
300.245
300.307
300.371
300.439
300.509
300.584
300.662
300.743
300.829
300.92
301.015
301.114
301.219
301.329
301.445
301.566
301.693
301.827
301.967
302.115
302.269
302.431
302.602
302.78
302.968
303.165
303.371
303.588
303.817
304.056
304.308
304.574
304.853
305.146
305.456
305.782
306.125
306.488
306.871
307.274
307.701
308.152
308.629
309.133
309.666
310.23
310.828
311.46
312.13
312.839
313.589
314.384
315.225
316.114
317.056
318.05
319.101
320.21
321.38
322.612
323.907
325.269
326.696
328.19
329.751
331.377
333.066
334.816
336.623
338.481
340.386
342.328
344.301
346.294
348.298
350.303
352.297
300.025
300.077
300.13
300.186
300.245
300.307
300.371
300.438
300.509
300.584
300.662
300.744
300.83
300.92
301.015
301.115
301.22
301.33
301.446
301.568
301.695
301.829
301.97
302.118
302.273
302.435
302.606
302.785
302.973
303.17
303.377
303.595
303.823
304.064
304.316
304.581
304.86
305.153
305.462
305.788
306.131
306.492
306.873
307.275
307.699
308.146
308.619
309.118
309.646
310.204
310.793
311.416
312.074
312.77
313.505
314.281
315.101
315.967
316.88
317.843
318.857
319.924
321.045
322.222
323.455
324.746
326.094
327.499
328.961
330.476
332.044
333.66
335.321
337.023
338.758
340.522
342.307
344.104
345.908
347.707
349.496
300.025
300.077
300.13
300.186
300.245
300.306
300.371
300.438
300.509
300.583
300.662
300.744
300.83
300.921
301.016
301.116
301.221
301.332
301.448
301.57
301.698
301.832
301.973
302.121
302.277
302.44
302.611
302.791
302.979
303.177
303.384
303.602
303.831
304.071
304.324
304.589
304.868
305.161
305.47
305.794
306.136
306.496
306.875
307.274
307.695
308.139
308.607
309.1
309.621
310.171
310.751
311.363
312.008
312.689
313.406
314.162
314.959
315.798
316.68
317.608
318.581
319.603
320.672
321.791
322.959
324.177
325.444
326.758
328.12
329.526
330.974
332.462
333.984
335.537
337.116
338.714
340.327
341.948
343.57
345.188
346.793
300.025
300.077
300.13
300.186
300.245
300.306
300.371
300.438
300.509
300.583
300.662
300.744
300.83
300.921
301.016
301.117
301.222
301.333
301.45
301.572
301.7
301.835
301.977
302.125
302.281
302.445
302.617
302.797
302.986
303.184
303.392
303.611
303.84
304.08
304.333
304.598
304.877
305.169
305.477
305.801
306.141
306.499
306.875
307.272
307.689
308.128
308.591
309.078
309.591
310.132
310.701
311.3
311.931
312.594
313.293
314.026
314.797
315.607
316.456
317.345
318.276
319.249
320.265
321.323
322.424
323.567
324.752
325.976
327.24
328.539
329.872
331.236
332.628
334.042
335.476
336.923
338.38
339.841
341.301
342.755
344.197
300.025
300.076
300.13
300.186
300.245
300.306
300.37
300.438
300.509
300.583
300.661
300.744
300.83
300.921
301.017
301.118
301.223
301.335
301.451
301.574
301.703
301.839
301.981
302.13
302.286
302.451
302.623
302.804
302.993
303.192
303.401
303.619
303.849
304.09
304.342
304.607
304.886
305.178
305.485
305.807
306.145
306.501
306.875
307.268
307.681
308.115
308.571
309.051
309.555
310.085
310.642
311.228
311.842
312.487
313.164
313.873
314.616
315.394
316.207
317.057
317.943
318.866
319.826
320.822
321.855
322.924
324.027
325.163
326.331
327.528
328.752
330
331.268
332.555
333.855
335.164
336.48
337.797
339.111
340.419
341.716
300.025
300.076
300.13
300.186
300.244
300.306
300.37
300.437
300.508
300.583
300.661
300.744
300.83
300.922
301.018
301.119
301.225
301.336
301.454
301.577
301.706
301.842
301.985
302.135
302.292
302.457
302.63
302.811
303.001
303.201
303.41
303.629
303.859
304.1
304.352
304.617
304.895
305.187
305.492
305.813
306.149
306.502
306.873
307.262
307.67
308.098
308.547
309.018
309.513
310.031
310.575
311.145
311.741
312.366
313.02
313.703
314.417
315.161
315.937
316.745
317.585
318.456
319.36
320.295
321.26
322.255
323.279
324.33
325.406
326.506
327.626
328.765
329.92
331.088
332.266
333.451
334.638
335.826
337.01
338.188
339.355
300.025
300.076
300.13
300.185
300.244
300.305
300.369
300.437
300.508
300.582
300.661
300.744
300.83
300.922
301.018
301.119
301.226
301.338
301.456
301.579
301.709
301.846
301.989
302.14
302.298
302.463
302.637
302.819
303.01
303.21
303.419
303.639
303.869
304.11
304.363
304.627
304.905
305.195
305.499
305.818
306.152
306.502
306.869
307.253
307.655
308.077
308.518
308.98
309.464
309.969
310.499
311.052
311.629
312.232
312.861
313.517
314.2
314.91
315.647
316.413
317.205
318.026
318.873
319.747
320.646
321.57
322.517
323.486
324.475
325.483
326.507
327.546
328.596
329.656
330.723
331.794
332.867
333.939
335.006
336.067
337.119
300.025
300.076
300.129
300.185
300.243
300.305
300.369
300.436
300.507
300.582
300.66
300.743
300.83
300.922
301.019
301.12
301.227
301.339
301.458
301.582
301.713
301.85
301.994
302.145
302.304
302.47
302.644
302.827
303.019
303.219
303.429
303.649
303.88
304.121
304.373
304.637
304.914
305.203
305.506
305.822
306.153
306.5
306.862
307.241
307.637
308.051
308.484
308.935
309.407
309.899
310.413
310.948
311.506
312.086
312.69
313.317
313.967
314.642
315.341
316.063
316.81
317.579
318.371
319.185
320.02
320.876
321.75
322.642
323.549
324.472
325.407
326.353
327.308
328.269
329.235
330.204
331.174
332.141
333.105
334.062
335.011
300.025
300.076
300.129
300.185
300.243
300.304
300.368
300.435
300.506
300.581
300.66
300.743
300.83
300.922
301.019
301.121
301.228
301.341
301.46
301.585
301.716
301.854
301.998
302.15
302.31
302.477
302.652
302.835
303.028
303.229
303.439
303.66
303.89
304.131
304.383
304.647
304.922
305.21
305.511
305.825
306.153
306.495
306.853
307.226
307.615
308.021
308.444
308.885
309.344
309.821
310.318
310.835
311.372
311.928
312.506
313.104
313.722
314.362
315.022
315.702
316.402
317.122
317.86
318.617
319.391
320.181
320.987
321.806
322.638
323.481
324.335
325.196
326.063
326.936
327.811
328.688
329.565
330.439
331.31
332.174
333.032
300.025
300.076
300.128
300.184
300.242
300.303
300.367
300.434
300.505
300.58
300.659
300.742
300.829
300.921
301.019
301.121
301.229
301.342
301.461
301.587
301.719
301.857
302.003
302.156
302.316
302.483
302.659
302.844
303.036
303.238
303.449
303.67
303.9
304.141
304.393
304.655
304.929
305.215
305.514
305.825
306.149
306.488
306.84
307.206
307.588
307.985
308.398
308.827
309.273
309.736
310.215
310.713
311.228
311.761
312.311
312.88
313.467
314.071
314.693
315.332
315.987
316.659
317.346
318.048
318.765
319.494
320.235
320.987
321.75
322.52
323.299
324.083
324.871
325.663
326.457
327.252
328.045
328.836
329.623
330.405
331.181
300.025
300.075
300.128
300.183
300.241
300.302
300.366
300.433
300.504
300.579
300.658
300.741
300.828
300.921
301.018
301.121
301.229
301.343
301.463
301.589
301.721
301.861
302.007
302.16
302.321
302.49
302.666
302.851
303.044
303.247
303.458
303.679
303.909
304.15
304.401
304.662
304.935
305.219
305.515
305.823
306.143
306.476
306.823
307.183
307.556
307.944
308.346
308.763
309.195
309.642
310.104
310.582
311.076
311.584
312.109
312.649
313.204
313.774
314.358
314.957
315.57
316.196
316.835
317.486
318.148
318.82
319.502
320.193
320.891
321.595
322.305
323.02
323.737
324.457
325.177
325.897
326.616
327.333
328.046
328.754
329.457
300.025
300.075
300.127
300.182
300.24
300.301
300.364
300.431
300.502
300.577
300.656
300.739
300.827
300.919
301.017
301.12
301.228
301.343
301.463
301.59
301.723
301.863
302.01
302.164
302.326
302.495
302.672
302.858
303.052
303.254
303.466
303.686
303.917
304.157
304.407
304.667
304.938
305.22
305.513
305.817
306.133
306.461
306.801
307.154
307.519
307.897
308.288
308.693
309.11
309.542
309.986
310.444
310.916
311.401
311.9
312.411
312.935
313.472
314.022
314.583
315.155
315.738
316.331
316.934
317.546
318.166
318.793
319.427
320.067
320.711
321.36
322.011
322.664
323.319
323.974
324.628
325.28
325.93
326.577
327.22
327.857
300.024
300.074
300.127
300.181
300.239
300.299
300.362
300.429
300.5
300.575
300.653
300.737
300.824
300.917
301.015
301.118
301.227
301.342
301.463
301.59
301.724
301.865
302.012
302.167
302.329
302.499
302.677
302.863
303.057
303.26
303.471
303.692
303.922
304.161
304.41
304.669
304.937
305.217
305.506
305.807
306.118
306.44
306.774
307.119
307.476
307.844
308.224
308.615
309.019
309.434
309.861
310.3
310.75
311.212
311.686
312.17
312.665
313.17
313.686
314.211
314.745
315.288
315.839
316.398
316.963
317.535
318.113
318.695
319.282
319.872
320.464
321.059
321.655
322.251
322.847
323.442
324.035
324.625
325.213
325.797
326.376
300.024
300.074
300.126
300.18
300.237
300.297
300.36
300.427
300.497
300.572
300.65
300.733
300.821
300.914
301.012
301.116
301.225
301.34
301.461
301.589
301.723
301.864
302.013
302.168
302.331
302.501
302.679
302.865
303.06
303.263
303.474
303.694
303.924
304.162
304.409
304.666
304.933
305.209
305.495
305.791
306.098
306.414
306.741
307.078
307.425
307.783
308.152
308.531
308.92
309.32
309.729
310.149
310.579
311.019
311.468
311.926
312.393
312.869
313.352
313.844
314.343
314.849
315.361
315.879
316.402
316.93
317.462
317.998
318.537
319.078
319.62
320.164
320.708
321.252
321.796
322.338
322.878
323.415
323.95
324.481
325.007
300.024
300.073
300.124
300.178
300.235
300.294
300.357
300.424
300.494
300.568
300.646
300.729
300.817
300.91
301.008
301.112
301.221
301.336
301.458
301.586
301.721
301.862
302.011
302.167
302.33
302.5
302.679
302.865
303.06
303.262
303.473
303.693
303.921
304.158
304.404
304.659
304.922
305.195
305.478
305.769
306.07
306.381
306.7
307.029
307.368
307.715
308.072
308.439
308.814
309.198
309.591
309.993
310.403
310.821
311.247
311.68
312.121
312.569
313.023
313.483
313.95
314.421
314.898
315.379
315.863
316.351
316.843
317.336
317.832
318.329
318.826
319.324
319.822
320.32
320.816
321.311
321.803
322.293
322.78
323.264
323.744
300.024
300.072
300.123
300.176
300.232
300.291
300.354
300.42
300.489
300.563
300.641
300.724
300.812
300.904
301.002
301.106
301.215
301.331
301.453
301.581
301.716
301.857
302.006
302.162
302.325
302.496
302.675
302.861
303.055
303.257
303.467
303.686
303.913
304.148
304.392
304.644
304.905
305.175
305.453
305.739
306.035
306.338
306.651
306.972
307.301
307.638
307.984
308.338
308.699
309.068
309.445
309.829
310.22
310.618
311.022
311.432
311.849
312.27
312.697
313.129
313.565
314.005
314.449
314.896
315.346
315.798
316.252
316.708
317.164
317.622
318.079
318.536
318.993
319.449
319.903
320.355
320.805
321.253
321.698
322.139
322.577
300.023
300.071
300.121
300.174
300.229
300.288
300.35
300.415
300.484
300.557
300.635
300.717
300.805
300.897
300.995
301.098
301.208
301.323
301.445
301.573
301.708
301.849
301.998
302.154
302.317
302.488
302.666
302.851
303.045
303.246
303.455
303.673
303.898
304.131
304.372
304.622
304.879
305.145
305.418
305.7
305.989
306.286
306.591
306.903
307.223
307.55
307.885
308.226
308.574
308.929
309.29
309.657
310.03
310.408
310.792
311.181
311.574
311.972
312.373
312.779
313.187
313.599
314.013
314.429
314.847
315.266
315.687
316.108
316.53
316.952
317.373
317.794
318.213
318.631
319.048
319.462
319.875
320.284
320.691
321.094
321.495
300.023
300.07
300.12
300.171
300.226
300.284
300.345
300.409
300.478
300.55
300.627
300.709
300.796
300.888
300.985
301.088
301.197
301.312
301.434
301.561
301.696
301.837
301.986
302.141
302.304
302.473
302.651
302.836
303.028
303.228
303.436
303.651
303.874
304.105
304.343
304.589
304.843
305.104
305.372
305.648
305.931
306.221
306.518
306.822
307.132
307.449
307.772
308.102
308.437
308.777
309.123
309.474
309.83
310.19
310.554
310.923
311.294
311.67
312.048
312.429
312.812
313.197
313.584
313.972
314.361
314.751
315.142
315.532
315.922
316.312
316.701
317.088
317.474
317.859
318.242
318.622
319
319.375
319.748
320.117
320.483
300.023
300.069
300.117
300.168
300.222
300.279
300.339
300.402
300.47
300.542
300.618
300.699
300.785
300.876
300.973
301.075
301.184
301.298
301.419
301.546
301.68
301.82
301.968
302.122
302.284
302.453
302.629
302.812
303.003
303.201
303.407
303.62
303.84
304.067
304.302
304.544
304.793
305.049
305.312
305.582
305.858
306.141
306.43
306.725
307.026
307.332
307.644
307.961
308.283
308.61
308.941
309.276
309.616
309.958
310.304
310.653
311.005
311.359
311.716
312.074
312.434
312.795
313.156
313.519
313.882
314.245
314.607
314.97
315.331
315.692
316.051
316.409
316.765
317.119
317.471
317.821
318.168
318.513
318.854
319.193
319.528
300.022
300.067
300.115
300.165
300.217
300.273
300.332
300.395
300.461
300.532
300.607
300.687
300.772
300.862
300.958
301.059
301.167
301.28
301.4
301.526
301.658
301.798
301.944
302.097
302.257
302.424
302.599
302.78
302.968
303.164
303.367
303.577
303.793
304.017
304.248
304.485
304.729
304.98
305.236
305.499
305.768
306.043
306.323
306.609
306.9
307.196
307.496
307.801
308.11
308.423
308.74
309.06
309.383
309.709
310.037
310.368
310.7
311.035
311.37
311.707
312.045
312.383
312.722
313.061
313.399
313.737
314.075
314.411
314.746
315.08
315.413
315.743
316.072
316.398
316.722
317.044
317.363
317.679
317.993
318.303
318.61
300.022
300.066
300.112
300.16
300.212
300.266
300.324
300.385
300.451
300.52
300.594
300.673
300.756
300.845
300.94
301.04
301.146
301.258
301.376
301.5
301.631
301.769
301.913
302.064
302.222
302.387
302.559
302.738
302.923
303.115
303.315
303.521
303.733
303.952
304.178
304.41
304.648
304.892
305.141
305.397
305.658
305.924
306.195
306.471
306.751
307.035
307.324
307.617
307.912
308.212
308.514
308.818
309.125
309.435
309.746
310.059
310.373
310.688
311.004
311.32
311.637
311.954
312.271
312.587
312.903
313.217
313.531
313.843
314.154
314.463
314.77
315.076
315.379
315.68
315.978
316.274
316.567
316.857
317.145
317.429
317.71
300.021
300.064
300.108
300.156
300.206
300.259
300.315
300.375
300.439
300.507
300.579
300.656
300.738
300.826
300.918
301.017
301.121
301.231
301.347
301.469
301.598
301.734
301.875
302.024
302.179
302.341
302.509
302.684
302.866
303.054
303.249
303.45
303.657
303.871
304.09
304.316
304.547
304.783
305.025
305.272
305.524
305.781
306.042
306.307
306.576
306.848
307.125
307.404
307.686
307.971
308.258
308.547
308.838
309.131
309.425
309.719
310.015
310.311
310.608
310.904
311.201
311.497
311.792
312.087
312.38
312.673
312.964
313.253
313.541
313.826
314.11
314.391
314.671
314.947
315.222
315.493
315.762
316.028
316.291
316.551
316.808
300.02
300.061
300.105
300.151
300.199
300.25
300.305
300.363
300.425
300.492
300.562
300.637
300.718
300.803
300.894
300.99
301.092
301.199
301.313
301.433
301.559
301.691
301.83
301.975
302.127
302.284
302.449
302.619
302.796
302.98
303.169
303.364
303.565
303.772
303.985
304.202
304.426
304.654
304.886
305.124
305.366
305.612
305.861
306.115
306.372
306.631
306.894
307.159
307.427
307.697
307.968
308.241
308.515
308.791
309.067
309.344
309.621
309.898
310.175
310.451
310.727
311.003
311.277
311.55
311.822
312.092
312.361
312.628
312.893
313.156
313.417
313.675
313.932
314.185
314.436
314.684
314.93
315.173
315.413
315.65
315.884
300.019
300.059
300.101
300.145
300.192
300.241
300.294
300.351
300.411
300.475
300.544
300.617
300.695
300.778
300.866
300.96
301.059
301.164
301.274
301.391
301.514
301.643
301.777
301.918
302.066
302.219
302.378
302.544
302.715
302.892
303.075
303.263
303.457
303.657
303.861
304.07
304.284
304.502
304.725
304.952
305.182
305.416
305.654
305.894
306.138
306.384
306.632
306.882
307.134
307.388
307.642
307.898
308.155
308.412
308.67
308.928
309.186
309.443
309.7
309.956
310.211
310.466
310.719
310.97
311.22
311.469
311.715
311.96
312.203
312.443
312.681
312.917
313.15
313.381
313.61
313.835
314.058
314.278
314.496
314.71
314.922
300.019
300.057
300.097
300.139
300.184
300.232
300.283
300.337
300.395
300.457
300.524
300.595
300.67
300.751
300.836
300.927
301.023
301.125
301.232
301.345
301.464
301.589
301.719
301.855
301.998
302.145
302.299
302.458
302.623
302.794
302.969
303.15
303.336
303.526
303.721
303.921
304.124
304.332
304.543
304.758
304.977
305.198
305.422
305.648
305.877
306.108
306.341
306.575
306.81
307.046
307.283
307.521
307.759
307.997
308.235
308.473
308.711
308.947
309.183
309.418
309.652
309.885
310.116
310.346
310.574
310.8
311.024
311.246
311.466
311.684
311.9
312.113
312.324
312.532
312.738
312.941
313.142
313.34
313.535
313.728
313.918
300.018
300.054
300.093
300.133
300.176
300.222
300.271
300.324
300.38
300.44
300.504
300.572
300.645
300.723
300.805
300.893
300.986
301.084
301.188
301.297
301.411
301.531
301.657
301.788
301.925
302.067
302.215
302.367
302.525
302.688
302.856
303.028
303.205
303.386
303.571
303.76
303.953
304.149
304.348
304.551
304.755
304.963
305.172
305.384
305.597
305.811
306.027
306.244
306.461
306.679
306.898
307.116
307.335
307.553
307.771
307.988
308.205
308.42
308.635
308.848
309.06
309.271
309.48
309.687
309.892
310.096
310.297
310.497
310.694
310.89
311.082
311.273
311.461
311.647
311.831
312.012
312.19
312.366
312.54
312.711
312.879
300.017
300.052
300.089
300.128
300.169
300.213
300.26
300.311
300.364
300.422
300.484
300.55
300.62
300.695
300.775
300.86
300.949
301.044
301.144
301.249
301.359
301.475
301.596
301.722
301.853
301.989
302.13
302.276
302.427
302.582
302.742
302.905
303.073
303.245
303.42
303.598
303.779
303.963
304.15
304.339
304.53
304.723
304.917
305.113
305.31
305.508
305.707
305.906
306.106
306.305
306.505
306.704
306.903
307.101
307.299
307.496
307.691
307.886
308.079
308.271
308.461
308.649
308.836
309.021
309.204
309.386
309.565
309.742
309.917
310.09
310.26
310.428
310.594
310.758
310.92
311.079
311.235
311.39
311.541
311.691
311.838
300.016
300.05
300.085
300.123
300.162
300.205
300.25
300.299
300.351
300.407
300.466
300.53
300.598
300.671
300.748
300.83
300.916
301.008
301.104
301.205
301.312
301.423
301.54
301.661
301.787
301.918
302.053
302.193
302.337
302.485
302.637
302.792
302.951
303.114
303.279
303.447
303.617
303.79
303.964
304.141
304.319
304.498
304.679
304.86
305.042
305.224
305.407
305.59
305.773
305.955
306.137
306.318
306.499
306.679
306.857
307.035
307.211
307.385
307.559
307.73
307.9
308.068
308.234
308.398
308.561
308.721
308.879
309.035
309.189
309.341
309.491
309.638
309.783
309.926
310.067
310.205
310.341
310.475
310.607
310.736
310.864
300.016
300.048
300.082
300.119
300.157
300.199
300.243
300.29
300.34
300.395
300.453
300.515
300.581
300.651
300.726
300.806
300.89
300.979
301.073
301.171
301.275
301.383
301.496
301.613
301.735
301.862
301.992
302.127
302.266
302.408
302.554
302.703
302.854
303.009
303.166
303.326
303.487
303.651
303.815
303.982
304.149
304.318
304.487
304.656
304.826
304.996
305.165
305.335
305.504
305.672
305.84
306.006
306.172
306.336
306.499
306.661
306.821
306.979
307.136
307.291
307.444
307.596
307.745
307.892
308.037
308.181
308.322
308.461
308.597
308.732
308.864
308.994
309.122
309.248
309.372
309.493
309.612
309.729
309.844
309.956
310.067
300.016
300.047
300.081
300.116
300.154
300.195
300.238
300.285
300.334
300.388
300.445
300.506
300.571
300.641
300.714
300.793
300.876
300.963
301.055
301.152
301.254
301.36
301.471
301.586
301.706
301.83
301.958
302.09
302.226
302.364
302.506
302.652
302.799
302.95
303.102
303.257
303.413
303.571
303.731
303.891
304.052
304.214
304.377
304.539
304.702
304.864
305.027
305.188
305.349
305.509
305.668
305.826
305.983
306.138
306.292
306.444
306.595
306.744
306.891
307.036
307.179
307.321
307.46
307.597
307.732
307.865
307.996
308.124
308.25
308.375
308.497
308.616
308.734
308.849
308.962
309.073
309.182
309.289
309.394
309.496
309.597
394.596
402.67
409.452
415.349
420.565
425.208
429.34
432.994
436.186
438.914
441.167
442.922
444.145
444.786
444.779
444.036
442.427
439.76
435.708
429.617
419.848
413.095
407.816
403.405
399.574
396.159
393.058
390.203
387.545
385.046
382.679
380.424
378.263
376.182
374.17
372.218
370.319
368.466
366.654
364.879
363.136
361.422
359.734
358.069
356.426
354.802
353.197
351.61
350.039
348.486
346.951
345.434
343.936
342.459
341.003
339.571
338.163
336.782
335.429
334.107
332.815
331.556
330.332
329.142
327.989
326.873
325.795
324.754
323.752
322.787
321.861
320.972
320.12
319.304
318.524
317.778
317.065
316.384
315.735
315.114
314.523
313.958
313.419
312.904
312.412
311.942
311.492
311.062
310.649
310.254
309.874
309.509
309.158
308.82
308.495
308.181
307.877
307.584
307.301
307.026
306.76
306.502
306.252
306.009
305.773
305.544
305.322
305.105
304.895
304.691
304.492
304.299
304.111
303.929
303.752
303.581
303.414
303.252
303.096
302.944
302.797
302.654
302.517
302.384
302.256
302.132
302.013
301.899
301.788
301.682
301.581
301.483
301.39
301.301
301.216
301.135
301.058
300.984
300.914
300.848
300.786
300.726
300.671
300.618
300.568
300.522
300.478
300.437
300.399
300.364
300.331
300.3
300.271
300.245
300.221
300.198
300.178
300.159
300.142
300.126
300.112
389.838
396.876
403.194
408.851
413.929
418.488
422.567
426.188
429.36
432.081
434.335
436.1
437.341
438.012
438.05
437.374
435.872
433.391
429.718
424.591
417.97
412.184
407.281
403.051
399.321
395.97
392.912
390.087
387.45
384.968
382.615
380.369
378.216
376.142
374.135
372.188
370.292
368.442
366.633
364.86
363.119
361.407
359.72
358.057
356.414
354.792
353.187
351.6
350.03
348.477
346.942
345.425
343.927
342.449
340.994
339.561
338.154
336.773
335.42
334.097
332.805
331.547
330.322
329.133
327.98
326.864
325.786
324.745
323.743
322.779
321.853
320.964
320.113
319.297
318.517
317.772
317.059
316.379
315.73
315.11
314.519
313.954
313.415
312.901
312.409
311.939
311.49
311.059
310.647
310.252
309.872
309.508
309.157
308.819
308.494
308.18
307.877
307.584
307.3
307.026
306.76
306.502
306.252
306.009
305.773
305.544
305.322
305.105
304.895
304.691
304.492
304.299
304.112
303.929
303.752
303.581
303.414
303.252
303.096
302.944
302.797
302.655
302.517
302.384
302.256
302.132
302.013
301.899
301.788
301.682
301.581
301.483
301.39
301.301
301.216
301.135
301.058
300.984
300.914
300.848
300.786
300.727
300.671
300.618
300.568
300.522
300.478
300.437
300.399
300.364
300.331
300.3
300.271
300.245
300.221
300.198
300.178
300.159
300.142
300.126
300.112
385.721
391.767
397.458
402.719
407.538
411.924
415.885
419.428
422.551
425.245
427.493
429.271
430.545
431.272
431.397
430.852
429.552
427.397
424.286
420.18
415.3
410.548
406.212
402.307
398.778
395.558
392.591
389.832
387.244
384.799
382.474
380.251
378.116
376.055
374.061
372.123
370.236
368.393
366.589
364.821
363.084
361.375
359.691
358.03
356.39
354.769
353.165
351.579
350.01
348.458
346.923
345.406
343.908
342.43
340.974
339.541
338.134
336.753
335.4
334.077
332.785
331.527
330.302
329.113
327.961
326.845
325.768
324.728
323.726
322.763
321.838
320.95
320.099
319.284
318.505
317.76
317.049
316.369
315.721
315.102
314.511
313.947
313.409
312.895
312.404
311.935
311.486
311.056
310.644
310.249
309.87
309.506
309.155
308.818
308.493
308.179
307.876
307.583
307.3
307.025
306.76
306.502
306.252
306.009
305.773
305.544
305.322
305.106
304.895
304.691
304.493
304.3
304.112
303.93
303.753
303.581
303.415
303.253
303.096
302.944
302.797
302.655
302.518
302.385
302.257
302.133
302.014
301.899
301.789
301.683
301.581
301.484
301.391
301.301
301.216
301.135
301.058
300.985
300.915
300.849
300.786
300.727
300.671
300.618
300.569
300.522
300.479
300.438
300.399
300.364
300.331
300.3
300.272
300.245
300.221
300.198
300.178
300.159
300.142
300.126
300.112
381.853
387.088
392.156
396.958
401.444
405.588
409.375
412.795
415.835
418.48
420.709
422.498
423.813
424.616
424.862
424.496
423.463
421.706
419.195
415.971
412.231
408.38
404.662
401.171
397.921
394.897
392.07
389.415
386.905
384.521
382.243
380.058
377.952
375.916
373.941
372.019
370.145
368.313
366.519
364.758
363.028
361.324
359.645
357.988
356.351
354.732
353.131
351.546
349.978
348.426
346.892
345.375
343.877
342.399
340.943
339.511
338.103
336.722
335.369
334.046
332.755
331.497
330.273
329.085
327.933
326.818
325.742
324.703
323.703
322.74
321.816
320.93
320.08
319.267
318.489
317.745
317.035
316.357
315.709
315.092
314.502
313.939
313.402
312.889
312.399
311.93
311.482
311.053
310.641
310.247
309.868
309.504
309.154
308.817
308.492
308.179
307.876
307.584
307.3
307.026
306.761
306.503
306.253
306.01
305.775
305.546
305.323
305.107
304.897
304.692
304.494
304.301
304.113
303.931
303.754
303.582
303.416
303.254
303.097
302.945
302.798
302.656
302.519
302.386
302.258
302.134
302.015
301.9
301.79
301.684
301.582
301.485
301.391
301.302
301.217
301.136
301.059
300.985
300.915
300.849
300.786
300.727
300.671
300.619
300.569
300.522
300.479
300.438
300.4
300.364
300.331
300.3
300.272
300.245
300.221
300.199
300.178
300.159
300.142
300.126
300.112
378.112
382.69
387.192
391.533
395.654
399.515
403.087
406.346
409.273
411.846
414.042
415.833
417.192
418.082
418.469
418.312
417.576
416.235
414.292
411.804
408.907
405.814
402.697
399.657
396.741
393.964
391.324
388.811
386.412
384.115
381.906
379.776
377.715
375.715
373.768
371.87
370.016
368.2
366.419
364.669
362.948
361.252
359.58
357.928
356.295
354.68
353.082
351.499
349.933
348.382
346.848
345.332
343.835
342.357
340.901
339.469
338.061
336.68
335.328
334.006
332.715
331.458
330.235
329.048
327.898
326.784
325.709
324.672
323.674
322.713
321.791
320.906
320.058
319.247
318.471
317.729
317.02
316.343
315.697
315.081
314.493
313.931
313.395
312.883
312.394
311.926
311.479
311.05
310.64
310.246
309.868
309.505
309.155
308.819
308.494
308.181
307.878
307.586
307.303
307.029
306.763
306.506
306.256
306.013
305.777
305.549
305.326
305.11
304.9
304.695
304.497
304.303
304.116
303.934
303.757
303.585
303.418
303.256
303.099
302.947
302.8
302.658
302.52
302.387
302.259
302.135
302.016
301.901
301.791
301.685
301.583
301.486
301.392
301.303
301.218
301.137
301.059
300.986
300.916
300.85
300.787
300.728
300.672
300.619
300.57
300.523
300.479
300.438
300.4
300.364
300.331
300.301
300.272
300.246
300.221
300.199
300.178
300.159
300.142
300.126
300.112
374.46
378.493
382.496
386.401
390.155
393.716
397.047
400.121
402.911
405.391
407.538
409.324
410.722
411.702
412.236
412.295
411.859
410.917
409.485
407.61
405.385
402.934
400.373
397.789
395.236
392.746
390.332
387.998
385.742
383.559
381.443
379.388
377.388
375.438
373.533
371.669
369.841
368.047
366.284
364.55
362.841
361.156
359.492
357.848
356.221
354.611
353.017
351.437
349.873
348.325
346.792
345.277
343.78
342.304
340.849
339.417
338.01
336.63
335.278
333.957
332.668
331.412
330.191
329.006
327.857
326.746
325.673
324.638
323.642
322.684
321.764
320.881
320.036
319.226
318.452
317.712
317.006
316.331
315.687
315.072
314.485
313.925
313.391
312.88
312.392
311.925
311.479
311.051
310.642
310.249
309.871
309.508
309.159
308.823
308.499
308.186
307.883
307.591
307.308
307.034
306.769
306.511
306.261
306.018
305.783
305.554
305.331
305.115
304.904
304.7
304.501
304.308
304.12
303.938
303.76
303.588
303.421
303.259
303.102
302.95
302.803
302.661
302.523
302.39
302.261
302.137
302.018
301.903
301.793
301.687
301.585
301.487
301.394
301.304
301.219
301.138
301.06
300.987
300.917
300.851
300.788
300.729
300.673
300.62
300.57
300.524
300.48
300.439
300.401
300.365
300.332
300.301
300.272
300.246
300.222
300.199
300.178
300.16
300.142
300.126
300.112
370.886
374.458
378.022
381.528
384.931
388.19
391.272
394.145
396.781
399.153
401.236
403.005
404.434
405.498
406.174
406.441
406.287
405.71
404.724
403.365
401.697
399.794
397.738
395.595
393.416
391.237
389.078
386.954
384.871
382.83
380.831
378.874
376.954
375.071
373.221
371.402
369.612
367.849
366.11
364.396
362.704
361.033
359.381
357.746
356.127
354.524
352.934
351.36
349.799
348.253
346.723
345.21
343.715
342.24
340.786
339.356
337.95
336.572
335.222
333.903
332.616
331.362
330.143
328.96
327.814
326.706
325.636
324.604
323.61
322.655
321.738
320.858
320.015
319.208
318.437
317.699
316.995
316.322
315.68
315.067
314.482
313.924
313.391
312.881
312.395
311.929
311.484
311.057
310.648
310.256
309.879
309.516
309.168
308.832
308.508
308.195
307.893
307.6
307.318
307.043
306.778
306.52
306.27
306.027
305.791
305.562
305.339
305.122
304.912
304.707
304.508
304.314
304.126
303.943
303.766
303.594
303.426
303.264
303.107
302.955
302.807
302.665
302.527
302.393
302.265
302.14
302.021
301.906
301.795
301.689
301.587
301.489
301.396
301.306
301.221
301.139
301.062
300.988
300.918
300.852
300.789
300.73
300.674
300.621
300.571
300.524
300.481
300.44
300.401
300.366
300.332
300.301
300.273
300.246
300.222
300.199
300.179
300.16
300.143
300.127
300.112
367.388
370.564
373.743
376.888
379.963
382.933
385.766
388.432
390.905
393.158
395.167
396.907
398.355
399.49
400.293
400.749
400.848
400.591
399.988
399.067
397.867
396.438
394.834
393.106
391.296
389.437
387.554
385.664
383.779
381.906
380.049
378.211
376.393
374.595
372.816
371.057
369.316
367.594
365.889
364.202
362.532
360.879
359.241
357.619
356.011
354.416
352.835
351.266
349.711
348.169
346.643
345.133
343.641
342.168
340.717
339.289
337.886
336.51
335.163
333.846
332.562
331.311
330.095
328.916
327.773
326.668
325.601
324.572
323.582
322.63
321.716
320.84
320
319.196
318.427
317.692
316.99
316.32
315.68
315.069
314.486
313.929
313.397
312.889
312.404
311.939
311.495
311.069
310.661
310.269
309.892
309.53
309.182
308.846
308.522
308.209
307.907
307.615
307.332
307.057
306.791
306.533
306.283
306.04
305.803
305.574
305.35
305.133
304.922
304.717
304.517
304.323
304.135
303.952
303.774
303.601
303.434
303.271
303.113
302.961
302.813
302.67
302.531
302.398
302.269
302.145
302.025
301.909
301.799
301.692
301.59
301.492
301.398
301.309
301.223
301.141
301.064
300.99
300.92
300.853
300.79
300.731
300.675
300.622
300.572
300.525
300.481
300.44
300.402
300.366
300.333
300.302
300.273
300.247
300.222
300.2
300.179
300.16
300.143
300.127
300.113
363.974
366.804
369.644
372.465
375.239
377.935
380.529
382.991
385.298
387.425
389.35
391.049
392.503
393.693
394.603
395.22
395.538
395.554
395.277
394.725
393.922
392.901
391.7
390.354
388.897
387.357
385.758
384.118
382.452
380.768
379.075
377.379
375.682
373.988
372.298
370.615
368.938
367.269
365.609
363.959
362.318
360.689
359.071
357.465
355.87
354.288
352.716
351.156
349.608
348.073
346.552
345.047
343.559
342.091
340.643
339.219
337.82
336.447
335.104
333.791
332.51
331.264
330.052
328.876
327.737
326.636
325.573
324.548
323.562
322.614
321.703
320.83
319.994
319.193
318.427
317.695
316.995
316.327
315.689
315.08
314.499
313.943
313.413
312.906
312.422
311.958
311.514
311.089
310.681
310.29
309.914
309.552
309.203
308.868
308.544
308.231
307.928
307.635
307.352
307.077
306.811
306.552
306.301
306.057
305.82
305.59
305.366
305.148
304.937
304.731
304.53
304.336
304.147
303.963
303.784
303.611
303.443
303.28
303.122
302.969
302.82
302.677
302.538
302.404
302.275
302.15
302.03
301.914
301.803
301.696
301.594
301.495
301.401
301.311
301.226
301.144
301.066
300.992
300.922
300.855
300.792
300.733
300.676
300.623
300.573
300.527
300.483
300.441
300.403
300.367
300.334
300.303
300.274
300.247
300.223
300.2
300.18
300.161
300.143
300.127
300.113
360.648
363.176
365.716
368.247
370.747
373.192
375.559
377.824
379.967
381.966
383.799
385.448
386.894
388.121
389.114
389.863
390.361
390.606
390.601
390.358
389.891
389.222
388.375
387.375
386.248
385.017
383.701
382.318
380.882
379.404
377.894
376.357
374.802
373.231
371.648
370.057
368.459
366.858
365.255
363.653
362.053
360.456
358.865
357.28
355.704
354.136
352.578
351.029
349.492
347.965
346.453
344.955
343.473
342.011
340.569
339.15
337.755
336.388
335.049
333.741
332.466
331.224
330.017
328.846
327.711
326.615
325.556
324.536
323.553
322.609
321.702
320.832
319.999
319.201
318.438
317.709
317.011
316.345
315.71
315.102
314.522
313.969
313.439
312.934
312.45
311.987
311.544
311.119
310.712
310.32
309.944
309.582
309.234
308.898
308.573
308.26
307.957
307.663
307.379
307.104
306.837
306.577
306.325
306.081
305.843
305.611
305.387
305.168
304.955
304.749
304.548
304.352
304.162
303.977
303.798
303.624
303.455
303.291
303.132
302.979
302.83
302.686
302.546
302.412
302.282
302.157
302.036
301.92
301.808
301.701
301.598
301.5
301.405
301.315
301.229
301.147
301.069
300.995
300.924
300.858
300.794
300.735
300.678
300.625
300.575
300.528
300.484
300.443
300.404
300.368
300.335
300.304
300.275
300.248
300.224
300.201
300.18
300.161
300.144
300.128
300.113
357.42
359.68
361.956
364.228
366.481
368.695
370.851
372.931
374.915
376.786
378.524
380.113
381.538
382.783
383.836
384.687
385.329
385.759
385.978
385.99
385.805
385.435
384.897
384.207
383.382
382.441
381.4
380.272
379.072
377.809
376.493
375.133
373.735
372.304
370.845
369.363
367.862
366.344
364.813
363.271
361.723
360.17
358.615
357.06
355.507
353.96
352.419
350.886
349.362
347.848
346.346
344.858
343.385
341.931
340.497
339.085
337.697
336.336
335.004
333.702
332.432
331.196
329.994
328.829
327.7
326.608
325.554
324.538
323.56
322.619
321.716
320.85
320.02
319.225
318.464
317.737
317.042
316.378
315.744
315.139
314.56
314.007
313.479
312.974
312.491
312.029
311.586
311.161
310.754
310.362
309.986
309.623
309.274
308.938
308.613
308.298
307.994
307.7
307.415
307.138
306.87
306.61
306.357
306.111
305.872
305.639
305.413
305.193
304.979
304.772
304.569
304.373
304.182
303.996
303.816
303.64
303.47
303.306
303.146
302.991
302.841
302.696
302.556
302.421
302.291
302.165
302.044
301.927
301.815
301.707
301.604
301.505
301.41
301.319
301.233
301.151
301.072
300.998
300.927
300.86
300.797
300.737
300.68
300.627
300.577
300.53
300.485
300.444
300.405
300.369
300.336
300.305
300.276
300.249
300.224
300.202
300.181
300.162
300.144
300.128
300.114
354.297
356.322
358.362
360.404
362.435
364.439
366.402
368.308
370.141
371.886
373.527
375.049
376.44
377.686
378.777
379.702
380.455
381.031
381.429
381.649
381.698
381.58
381.307
380.888
380.335
379.662
378.879
377.998
377.031
375.986
374.872
373.698
372.47
371.193
369.874
368.517
367.127
365.708
364.264
362.798
361.314
359.817
358.309
356.794
355.275
353.755
352.237
350.725
349.219
347.721
346.234
344.758
343.298
341.854
340.43
339.028
337.649
336.296
334.972
333.677
332.414
331.184
329.989
328.829
327.706
326.619
325.57
324.559
323.585
322.648
321.749
320.886
320.059
319.267
318.509
317.784
317.091
316.428
315.796
315.191
314.614
314.062
313.534
313.03
312.547
312.085
311.642
311.217
310.809
310.417
310.04
309.677
309.327
308.989
308.663
308.348
308.043
307.747
307.46
307.182
306.913
306.651
306.396
306.149
305.908
305.674
305.446
305.225
305.01
304.8
304.596
304.398
304.206
304.019
303.837
303.661
303.489
303.323
303.162
303.007
302.856
302.71
302.569
302.433
302.301
302.175
302.053
301.935
301.823
301.714
301.61
301.511
301.416
301.325
301.238
301.155
301.076
301.002
300.931
300.863
300.8
300.74
300.683
300.629
300.579
300.532
300.487
300.446
300.407
300.371
300.337
300.306
300.277
300.25
300.225
300.202
300.181
300.162
300.145
300.129
300.114
351.289
353.104
354.936
356.772
358.604
360.419
362.205
363.949
365.64
367.263
368.807
370.258
371.605
372.837
373.944
374.918
375.751
376.438
376.976
377.363
377.601
377.693
377.644
377.459
377.146
376.713
376.168
375.521
374.778
373.947
373.037
372.053
371.003
369.891
368.723
367.505
366.24
364.935
363.592
362.216
360.812
359.384
357.936
356.473
354.998
353.516
352.029
350.543
349.061
347.584
346.116
344.658
343.213
341.783
340.372
338.981
337.613
336.271
334.956
333.67
332.415
331.193
330.004
328.851
327.734
326.653
325.609
324.602
323.632
322.699
321.803
320.944
320.119
319.329
318.574
317.85
317.159
316.498
315.866
315.263
314.686
314.134
313.607
313.102
312.62
312.157
311.714
311.288
310.88
310.487
310.109
309.745
309.393
309.054
308.727
308.41
308.103
307.805
307.517
307.237
306.966
306.702
306.445
306.196
305.953
305.717
305.487
305.264
305.047
304.835
304.63
304.43
304.235
304.046
303.863
303.685
303.512
303.345
303.183
303.025
302.873
302.726
302.584
302.447
302.314
302.187
302.064
301.945
301.832
301.723
301.618
301.518
301.422
301.331
301.243
301.16
301.081
301.006
300.935
300.867
300.803
300.743
300.686
300.632
300.581
300.534
300.489
300.447
300.408
300.372
300.338
300.307
300.278
300.251
300.226
300.203
300.182
300.163
300.145
300.129
300.114
348.402
350.032
351.677
353.331
354.984
356.628
358.253
359.85
361.406
362.914
364.36
365.737
367.033
368.238
369.345
370.345
371.231
371.998
372.641
373.158
373.547
373.81
373.946
373.959
373.854
373.633
373.303
372.87
372.338
371.713
371.001
370.207
369.337
368.396
367.388
366.318
365.191
364.011
362.783
361.511
360.2
358.856
357.481
356.083
354.664
353.231
351.787
350.336
348.884
347.435
345.991
344.555
343.129
341.718
340.323
338.947
337.593
336.262
334.959
333.683
332.438
331.224
330.043
328.897
327.786
326.711
325.672
324.67
323.704
322.775
321.883
321.026
320.204
319.416
318.662
317.94
317.25
316.59
315.959
315.356
314.779
314.228
313.7
313.195
312.712
312.248
311.804
311.378
310.968
310.574
310.194
309.828
309.475
309.134
308.805
308.486
308.177
307.877
307.586
307.304
307.03
306.764
306.505
306.253
306.008
305.769
305.537
305.311
305.091
304.878
304.67
304.467
304.271
304.08
303.895
303.715
303.54
303.371
303.207
303.048
302.894
302.745
302.602
302.463
302.329
302.201
302.077
301.957
301.843
301.733
301.627
301.526
301.43
301.338
301.25
301.166
301.087
301.011
300.939
300.871
300.807
300.746
300.689
300.635
300.584
300.536
300.491
300.449
300.41
300.374
300.34
300.308
300.279
300.252
300.227
300.204
300.183
300.163
300.146
300.13
300.115
345.642
347.107
348.588
350.078
351.572
353.062
354.541
356.001
357.434
358.831
360.183
361.483
362.721
363.89
364.981
365.989
366.905
367.726
368.445
369.059
369.566
369.963
370.25
370.428
370.498
370.462
370.321
370.08
369.741
369.308
368.785
368.176
367.484
366.714
365.869
364.954
363.972
362.929
361.827
360.672
359.467
358.219
356.932
355.611
354.262
352.89
351.499
350.096
348.684
347.269
345.856
344.447
343.047
341.658
340.283
338.926
337.588
336.272
334.982
333.719
332.484
331.28
330.108
328.97
327.866
326.797
325.764
324.766
323.805
322.879
321.99
321.135
320.315
319.53
318.777
318.056
317.367
316.707
316.076
315.473
314.896
314.344
313.816
313.31
312.826
312.361
311.916
311.488
311.076
310.68
310.299
309.931
309.575
309.232
308.9
308.578
308.266
307.964
307.67
307.385
307.108
306.839
306.576
306.321
306.073
305.832
305.597
305.368
305.145
304.928
304.718
304.513
304.313
304.12
303.932
303.75
303.573
303.401
303.235
303.074
302.918
302.768
302.623
302.483
302.347
302.217
302.092
301.971
301.855
301.744
301.638
301.536
301.439
301.346
301.257
301.173
301.093
301.016
300.944
300.876
300.811
300.75
300.692
300.638
300.586
300.538
300.493
300.451
300.412
300.375
300.341
300.309
300.28
300.253
300.228
300.205
300.184
300.164
300.146
300.13
300.115
343.016
344.334
345.668
347.012
348.363
349.715
351.062
352.397
353.714
355.006
356.267
357.49
358.666
359.791
360.856
361.856
362.784
363.635
364.405
365.088
365.682
366.184
366.591
366.902
367.117
367.236
367.259
367.187
367.021
366.763
366.416
365.981
365.461
364.858
364.176
363.418
362.587
361.686
360.718
359.69
358.603
357.464
356.276
355.046
353.779
352.48
351.156
349.811
348.451
347.08
345.705
344.331
342.962
341.601
340.251
338.916
337.598
336.301
335.026
333.777
332.555
331.363
330.201
329.071
327.975
326.913
325.885
324.893
323.935
323.014
322.127
321.275
320.457
319.673
318.921
318.201
317.512
316.852
316.221
315.618
315.04
314.487
313.958
313.451
312.965
312.498
312.051
311.621
311.207
310.809
310.424
310.054
309.696
309.349
309.014
308.689
308.374
308.068
307.771
307.482
307.201
306.928
306.662
306.403
306.151
305.906
305.667
305.435
305.209
304.989
304.774
304.566
304.364
304.167
303.976
303.791
303.611
303.437
303.268
303.105
302.947
302.795
302.647
302.505
302.368
302.236
302.109
301.987
301.87
301.758
301.65
301.547
301.449
301.355
301.266
301.181
301.1
301.023
300.95
300.881
300.816
300.754
300.696
300.641
300.59
300.541
300.496
300.454
300.414
300.377
300.343
300.311
300.281
300.254
300.229
300.206
300.184
300.165
300.147
300.131
300.116
340.526
341.713
342.916
344.131
345.354
346.581
347.807
349.028
350.239
351.433
352.606
353.752
354.865
355.939
356.968
357.948
358.872
359.736
360.535
361.264
361.92
362.498
362.997
363.414
363.747
363.993
364.154
364.227
364.212
364.111
363.923
363.649
363.29
362.848
362.324
361.721
361.04
360.285
359.458
358.562
357.602
356.581
355.504
354.376
353.203
351.99
350.743
349.469
348.172
346.858
345.533
344.201
342.869
341.542
340.222
338.914
337.621
336.345
335.09
333.858
332.651
331.472
330.322
329.202
328.114
327.06
326.038
325.051
324.099
323.18
322.297
321.447
320.631
319.848
319.097
318.377
317.688
317.028
316.397
315.792
315.213
314.659
314.128
313.619
313.131
312.663
312.213
311.78
311.363
310.962
310.574
310.2
309.838
309.488
309.149
308.82
308.501
308.191
307.889
307.596
307.311
307.033
306.763
306.5
306.243
305.994
305.751
305.514
305.283
305.059
304.841
304.629
304.423
304.222
304.028
303.839
303.656
303.479
303.307
303.141
302.981
302.825
302.676
302.531
302.392
302.258
302.129
302.006
301.887
301.773
301.664
301.56
301.46
301.365
301.275
301.189
301.107
301.03
300.956
300.887
300.821
300.759
300.7
300.645
300.593
300.544
300.499
300.456
300.416
300.379
300.344
300.312
300.283
300.255
300.23
300.207
300.185
300.166
300.148
300.131
300.116
338.174
339.246
340.332
341.431
342.539
343.653
344.771
345.888
346.999
348.102
349.191
350.261
351.309
352.329
353.317
354.267
355.175
356.037
356.847
357.602
358.298
358.93
359.497
359.993
360.418
360.768
361.041
361.236
361.351
361.386
361.339
361.21
360.999
360.707
360.333
359.879
359.346
358.736
358.05
357.291
356.462
355.567
354.609
353.594
352.525
351.409
350.252
349.059
347.836
346.59
345.325
344.047
342.761
341.474
340.192
338.916
337.652
336.403
335.171
333.959
332.77
331.606
330.47
329.362
328.285
327.238
326.225
325.244
324.296
323.382
322.501
321.654
320.84
320.058
319.308
318.588
317.899
317.239
316.606
316
315.419
314.863
314.33
313.819
313.328
312.857
312.404
311.968
311.547
311.142
310.751
310.373
310.007
309.652
309.308
308.974
308.65
308.335
308.028
307.73
307.44
307.157
306.881
306.613
306.351
306.096
305.848
305.606
305.371
305.142
304.919
304.702
304.491
304.287
304.088
303.895
303.708
303.527
303.352
303.183
303.019
302.861
302.708
302.561
302.42
302.283
302.153
302.027
301.906
301.79
301.68
301.574
301.473
301.377
301.286
301.199
301.116
301.038
300.963
300.893
300.827
300.764
300.705
300.649
300.597
300.547
300.501
300.458
300.418
300.381
300.346
300.314
300.284
300.256
300.231
300.207
300.186
300.166
300.148
300.132
300.117
335.963
336.931
337.913
338.908
339.913
340.926
341.945
342.966
343.987
345.003
346.012
347.01
347.993
348.957
349.898
350.811
351.694
352.541
353.349
354.114
354.832
355.499
356.111
356.665
357.159
357.589
357.952
358.247
358.47
358.62
358.696
358.695
358.617
358.461
358.227
357.913
357.521
357.052
356.505
355.883
355.188
354.422
353.59
352.693
351.738
350.729
349.671
348.57
347.432
346.263
345.069
343.856
342.628
341.391
340.152
338.916
337.687
336.468
335.264
334.077
332.909
331.765
330.644
329.551
328.485
327.449
326.444
325.47
324.529
323.619
322.743
321.898
321.086
320.305
319.556
318.837
318.147
317.485
316.851
316.244
315.661
315.103
314.567
314.053
313.559
313.084
312.627
312.187
311.763
311.353
310.957
310.574
310.203
309.843
309.494
309.154
308.824
308.503
308.19
307.886
307.589
307.3
307.018
306.744
306.476
306.215
305.96
305.713
305.471
305.237
305.008
304.786
304.57
304.361
304.157
303.96
303.768
303.583
303.404
303.231
303.063
302.902
302.746
302.596
302.451
302.312
302.179
302.051
301.928
301.81
301.698
301.591
301.488
301.391
301.298
301.21
301.126
301.047
300.971
300.9
300.833
300.769
300.71
300.653
300.6
300.551
300.504
300.461
300.421
300.383
300.348
300.315
300.285
300.258
300.232
300.208
300.187
300.167
300.149
300.132
300.117
333.892
334.767
335.656
336.558
337.471
338.393
339.322
340.255
341.192
342.128
343.062
343.989
344.908
345.815
346.706
347.578
348.428
349.252
350.047
350.808
351.533
352.217
352.858
353.451
353.994
354.484
354.916
355.29
355.6
355.847
356.025
356.135
356.173
356.139
356.03
355.846
355.586
355.25
354.837
354.349
353.787
353.152
352.447
351.674
350.838
349.942
348.992
347.992
346.949
345.868
344.755
343.615
342.455
341.28
340.095
338.905
337.717
336.536
335.365
334.207
333.065
331.943
330.842
329.766
328.715
327.692
326.697
325.732
324.797
323.894
323.022
322.181
321.371
320.592
319.843
319.124
318.434
317.772
317.136
316.527
315.942
315.381
314.842
314.324
313.826
313.348
312.887
312.442
312.013
311.598
311.196
310.807
310.43
310.064
309.708
309.362
309.025
308.697
308.377
308.066
307.762
307.465
307.176
306.894
306.619
306.351
306.09
305.835
305.587
305.346
305.111
304.883
304.661
304.445
304.236
304.033
303.837
303.647
303.463
303.285
303.114
302.948
302.788
302.635
302.487
302.345
302.209
302.078
301.952
301.833
301.718
301.609
301.505
301.406
301.312
301.222
301.137
301.056
300.98
300.908
300.84
300.775
300.715
300.658
300.605
300.555
300.508
300.464
300.423
300.385
300.35
300.317
300.287
300.259
300.233
300.209
300.188
300.168
300.149
300.133
300.118
331.96
332.752
333.558
334.376
335.205
336.045
336.892
337.746
338.605
339.467
340.329
341.189
342.046
342.895
343.735
344.563
345.375
346.169
346.942
347.689
348.409
349.098
349.752
350.368
350.943
351.474
351.957
352.39
352.77
353.093
353.356
353.558
353.696
353.767
353.77
353.702
353.563
353.35
353.064
352.704
352.27
351.763
351.185
350.538
349.824
349.047
348.21
347.319
346.379
345.394
344.37
343.314
342.231
341.126
340.005
338.874
337.736
336.598
335.466
334.343
333.232
332.137
331.06
330.004
328.971
327.963
326.981
326.027
325.102
324.206
323.339
322.503
321.696
320.92
320.172
319.454
318.763
318.1
317.463
316.852
316.264
315.7
315.158
314.636
314.134
313.651
313.185
312.735
312.3
311.879
311.471
311.075
310.691
310.317
309.954
309.6
309.255
308.919
308.591
308.271
307.959
307.654
307.357
307.066
306.783
306.507
306.238
305.975
305.719
305.47
305.228
304.992
304.764
304.541
304.326
304.117
303.915
303.719
303.53
303.347
303.17
303
302.836
302.679
302.527
302.382
302.242
302.108
301.98
301.858
301.741
301.63
301.523
301.422
301.326
301.235
301.149
301.067
300.989
300.916
300.847
300.782
300.721
300.663
300.609
300.558
300.511
300.467
300.426
300.387
300.352
300.319
300.288
300.26
300.234
300.21
300.188
300.168
300.15
300.133
300.118
330.163
330.881
331.612
332.355
333.11
333.874
334.648
335.429
336.216
337.009
337.804
338.601
339.397
340.19
340.978
341.759
342.53
343.289
344.033
344.759
345.464
346.146
346.801
347.427
348.019
348.576
349.094
349.57
350.001
350.383
350.715
350.992
351.212
351.373
351.472
351.506
351.474
351.374
351.204
350.963
350.651
350.268
349.814
349.291
348.699
348.042
347.323
346.546
345.714
344.832
343.907
342.942
341.944
340.919
339.871
338.806
337.729
336.646
335.56
334.478
333.404
332.341
331.293
330.262
329.25
328.261
327.295
326.355
325.441
324.554
323.695
322.865
322.063
321.289
320.544
319.827
319.137
318.473
317.835
317.221
316.631
316.063
315.517
314.991
314.485
313.996
313.524
313.068
312.627
312.199
311.783
311.38
310.988
310.606
310.234
309.871
309.517
309.172
308.834
308.505
308.183
307.869
307.562
307.262
306.969
306.683
306.405
306.133
305.868
305.611
305.36
305.116
304.88
304.65
304.427
304.211
304.002
303.8
303.605
303.416
303.234
303.059
302.89
302.728
302.572
302.422
302.279
302.142
302.011
301.886
301.766
301.652
301.544
301.441
301.343
301.25
301.162
301.079
301
300.925
300.855
300.789
300.727
300.668
300.614
300.562
300.515
300.47
300.428
300.39
300.354
300.32
300.29
300.261
300.235
300.211
300.189
300.169
300.15
300.134
300.118
328.497
329.149
329.814
330.489
331.176
331.873
332.579
333.293
334.015
334.743
335.476
336.212
336.95
337.689
338.426
339.159
339.887
340.607
341.318
342.016
342.7
343.366
344.013
344.637
345.235
345.805
346.343
346.847
347.314
347.74
348.123
348.459
348.746
348.98
349.16
349.282
349.343
349.342
349.277
349.146
348.947
348.68
348.344
347.94
347.469
346.932
346.331
345.669
344.95
344.177
343.356
342.49
341.585
340.647
339.68
338.691
337.683
336.663
335.635
334.603
333.572
332.548
331.533
330.533
329.548
328.582
327.636
326.712
325.812
324.938
324.089
323.266
322.47
321.702
320.96
320.244
319.555
318.891
318.252
317.637
317.044
316.473
315.923
315.393
314.881
314.386
313.908
313.445
312.996
312.561
312.137
311.725
311.323
310.932
310.55
310.177
309.813
309.457
309.108
308.768
308.435
308.11
307.792
307.481
307.177
306.881
306.592
306.31
306.035
305.768
305.508
305.255
305.009
304.771
304.54
304.316
304.099
303.89
303.688
303.493
303.305
303.124
302.95
302.782
302.622
302.468
302.32
302.18
302.045
301.917
301.794
301.677
301.566
301.461
301.361
301.266
301.176
301.091
301.011
300.935
300.864
300.796
300.733
300.674
300.619
300.567
300.518
300.473
300.431
300.392
300.356
300.322
300.291
300.262
300.236
300.212
300.19
300.169
300.151
300.134
300.119
326.958
327.55
328.154
328.769
329.395
330.03
330.675
331.329
331.99
332.658
333.333
334.012
334.695
335.381
336.067
336.753
337.437
338.117
338.791
339.457
340.114
340.758
341.388
342.001
342.595
343.167
343.714
344.233
344.722
345.178
345.598
345.979
346.317
346.61
346.856
347.05
347.192
347.277
347.303
347.269
347.173
347.012
346.787
346.497
346.141
345.72
345.235
344.69
344.085
343.424
342.71
341.949
341.144
340.3
339.423
338.516
337.586
336.637
335.674
334.703
333.726
332.749
331.775
330.811
329.858
328.919
327.998
327.095
326.213
325.354
324.517
323.705
322.918
322.156
321.419
320.707
320.02
319.357
318.717
318.1
317.505
316.931
316.377
315.842
315.324
314.824
314.338
313.868
313.411
312.966
312.533
312.111
311.699
311.297
310.904
310.519
310.143
309.775
309.414
309.062
308.716
308.378
308.048
307.725
307.409
307.101
306.8
306.507
306.221
305.942
305.671
305.408
305.153
304.905
304.665
304.432
304.207
303.99
303.78
303.578
303.383
303.195
303.015
302.842
302.677
302.518
302.366
302.221
302.082
301.95
301.824
301.705
301.591
301.483
301.38
301.283
301.191
301.105
301.023
300.945
300.873
300.804
300.74
300.68
300.624
300.571
300.522
300.476
300.434
300.394
300.357
300.323
300.292
300.263
300.237
300.212
300.19
300.17
300.151
300.134
300.119
325.537
326.076
326.626
327.187
327.757
328.337
328.926
329.524
330.129
330.743
331.363
331.988
332.619
333.254
333.892
334.531
335.17
335.809
336.444
337.076
337.701
338.319
338.926
339.522
340.103
340.668
341.213
341.737
342.238
342.711
343.155
343.566
343.943
344.281
344.578
344.831
345.038
345.195
345.301
345.351
345.346
345.281
345.157
344.971
344.723
344.413
344.042
343.609
343.118
342.569
341.966
341.313
340.612
339.869
339.086
338.27
337.425
336.556
335.667
334.763
333.849
332.929
332.007
331.087
330.172
329.267
328.375
327.498
326.639
325.798
324.978
324.18
323.404
322.651
321.92
321.214
320.53
319.869
319.23
318.612
318.015
317.438
316.88
316.34
315.816
315.309
314.816
314.337
313.871
313.416
312.973
312.539
312.116
311.701
311.295
310.898
310.508
310.126
309.752
309.386
309.027
308.675
308.331
307.994
307.665
307.343
307.029
306.723
306.424
306.134
305.851
305.576
305.31
305.051
304.801
304.559
304.324
304.098
303.88
303.67
303.468
303.273
303.087
302.908
302.736
302.572
302.415
302.266
302.123
301.987
301.857
301.734
301.617
301.506
301.401
301.302
301.208
301.119
301.035
300.956
300.882
300.812
300.747
300.686
300.629
300.575
300.526
300.479
300.436
300.396
300.359
300.325
300.293
300.264
300.237
300.213
300.19
300.17
300.151
300.134
300.119
324.227
324.718
325.22
325.731
326.251
326.781
327.319
327.865
328.42
328.983
329.552
330.128
330.709
331.295
331.886
332.479
333.075
333.672
334.268
334.863
335.454
336.041
336.622
337.194
337.757
338.307
338.844
339.364
339.865
340.346
340.803
341.233
341.635
342.005
342.341
342.64
342.898
343.115
343.285
343.408
343.481
343.501
343.466
343.376
343.227
343.021
342.756
342.432
342.05
341.612
341.12
340.575
339.982
339.342
338.661
337.941
337.188
336.406
335.599
334.771
333.928
333.073
332.21
331.344
330.478
329.616
328.761
327.915
327.083
326.267
325.467
324.686
323.924
323.183
322.462
321.763
321.084
320.427
319.789
319.172
318.574
317.994
317.432
316.887
316.357
315.842
315.341
314.853
314.376
313.91
313.455
313.009
312.573
312.144
311.724
311.312
310.908
310.511
310.122
309.74
309.365
308.998
308.638
308.286
307.942
307.606
307.277
306.957
306.645
306.341
306.045
305.758
305.48
305.21
304.948
304.695
304.451
304.215
303.988
303.77
303.559
303.358
303.164
302.978
302.801
302.631
302.468
302.314
302.166
302.026
301.892
301.765
301.645
301.531
301.423
301.321
301.225
301.134
301.048
300.968
300.892
300.821
300.754
300.692
300.634
300.58
300.529
300.482
300.438
300.398
300.361
300.326
300.294
300.265
300.238
300.213
300.191
300.17
300.151
300.134
300.119
323.017
323.466
323.923
324.39
324.865
325.349
325.841
326.341
326.848
327.364
327.886
328.415
328.95
329.491
330.036
330.586
331.139
331.694
332.25
332.807
333.364
333.918
334.468
335.014
335.553
336.084
336.604
337.113
337.608
338.086
338.546
338.986
339.402
339.793
340.156
340.488
340.786
341.048
341.272
341.454
341.592
341.684
341.728
341.721
341.662
341.55
341.383
341.161
340.884
340.553
340.168
339.731
339.245
338.712
338.134
337.516
336.86
336.171
335.452
334.709
333.944
333.163
332.368
331.565
330.756
329.946
329.138
328.334
327.537
326.751
325.976
325.217
324.474
323.748
323.04
322.35
321.679
321.027
320.393
319.777
319.178
318.597
318.031
317.48
316.944
316.421
315.911
315.412
314.924
314.446
313.978
313.518
313.067
312.623
312.188
311.76
311.339
310.925
310.519
310.12
309.729
309.345
308.968
308.6
308.239
307.887
307.543
307.207
306.881
306.562
306.253
305.952
305.661
305.378
305.105
304.841
304.586
304.34
304.104
303.876
303.657
303.447
303.246
303.053
302.869
302.693
302.524
302.364
302.212
302.067
301.929
301.798
301.674
301.557
301.446
301.341
301.242
301.149
301.061
300.979
300.902
300.829
300.761
300.698
300.639
300.584
300.532
300.485
300.441
300.4
300.362
300.327
300.295
300.265
300.238
300.213
300.191
300.17
300.151
300.134
300.118
321.897
322.306
322.724
323.15
323.584
324.026
324.476
324.934
325.398
325.87
326.349
326.835
327.326
327.824
328.326
328.834
329.345
329.86
330.377
330.896
331.416
331.936
332.454
332.97
333.482
333.989
334.489
334.981
335.462
335.932
336.387
336.827
337.249
337.65
338.029
338.383
338.709
339.005
339.269
339.499
339.69
339.842
339.952
340.017
340.036
340.008
339.929
339.801
339.621
339.39
339.109
338.777
338.396
337.968
337.495
336.979
336.425
335.833
335.21
334.556
333.878
333.178
332.46
331.728
330.985
330.236
329.482
328.729
327.977
327.231
326.492
325.762
325.044
324.337
323.646
322.969
322.309
321.664
321.035
320.422
319.823
319.24
318.671
318.115
317.571
317.04
316.52
316.01
315.509
315.018
314.535
314.06
313.593
313.132
312.68
312.234
311.795
311.363
310.939
310.522
310.112
309.71
309.316
308.93
308.552
308.183
307.822
307.47
307.128
306.794
306.47
306.156
305.851
305.556
305.27
304.994
304.728
304.471
304.225
303.987
303.759
303.541
303.331
303.131
302.94
302.757
302.583
302.417
302.259
302.109
301.966
301.831
301.704
301.583
301.469
301.361
301.26
301.164
301.074
300.99
300.911
300.837
300.768
300.704
300.644
300.588
300.535
300.487
300.442
300.401
300.363
300.328
300.295
300.265
300.238
300.213
300.19
300.17
300.151
300.134
300.118
320.851
321.226
321.608
321.997
322.394
322.798
323.209
323.628
324.053
324.485
324.923
325.368
325.819
326.276
326.738
327.205
327.677
328.152
328.631
329.113
329.597
330.081
330.566
331.051
331.534
332.013
332.489
332.959
333.422
333.877
334.321
334.754
335.173
335.577
335.962
336.328
336.672
336.992
337.285
337.549
337.783
337.982
338.146
338.271
338.357
338.4
338.4
338.355
338.263
338.124
337.939
337.705
337.426
337.1
336.73
336.318
335.865
335.374
334.848
334.29
333.704
333.091
332.457
331.804
331.136
330.455
329.766
329.071
328.373
327.675
326.98
326.288
325.604
324.927
324.259
323.603
322.957
322.324
321.703
321.093
320.497
319.913
319.34
318.779
318.228
317.688
317.156
316.634
316.12
315.614
315.115
314.624
314.139
313.661
313.189
312.725
312.267
311.816
311.372
310.936
310.507
310.086
309.673
309.269
308.873
308.487
308.109
307.741
307.382
307.033
306.694
306.365
306.046
305.737
305.439
305.151
304.873
304.605
304.348
304.101
303.863
303.636
303.418
303.21
303.011
302.822
302.641
302.469
302.306
302.151
302.004
301.865
301.733
301.609
301.492
301.381
301.277
301.179
301.087
301.001
300.92
300.845
300.775
300.709
300.648
300.591
300.538
300.489
300.444
300.402
300.363
300.328
300.295
300.265
300.238
300.213
300.19
300.169
300.15
300.133
300.117
319.864
320.207
320.556
320.912
321.275
321.645
322.021
322.403
322.792
323.187
323.589
323.996
324.409
324.828
325.252
325.681
326.114
326.552
326.994
327.439
327.886
328.336
328.788
329.24
329.691
330.142
330.591
331.036
331.477
331.912
332.341
332.76
333.17
333.569
333.953
334.323
334.675
335.008
335.32
335.609
335.872
336.108
336.314
336.488
336.627
336.731
336.797
336.824
336.81
336.753
336.654
336.512
336.326
336.097
335.825
335.513
335.16
334.769
334.343
333.882
333.391
332.871
332.326
331.758
331.17
330.567
329.949
329.321
328.686
328.045
327.401
326.756
326.113
325.472
324.837
324.207
323.584
322.968
322.361
321.762
321.171
320.589
320.016
319.451
318.893
318.343
317.801
317.266
316.737
316.216
315.7
315.191
314.688
314.192
313.701
313.217
312.74
312.27
311.806
311.35
310.902
310.462
310.031
309.608
309.194
308.79
308.395
308.01
307.635
307.27
306.916
306.573
306.24
305.918
305.607
305.306
305.017
304.738
304.47
304.213
303.966
303.73
303.504
303.288
303.082
302.886
302.699
302.521
302.352
302.192
302.041
301.897
301.762
301.634
301.513
301.4
301.293
301.193
301.099
301.011
300.929
300.852
300.78
300.713
300.651
300.593
300.54
300.49
300.444
300.402
300.363
300.327
300.295
300.264
300.237
300.212
300.189
300.168
300.149
300.132
300.116
318.918
319.232
319.551
319.877
320.208
320.546
320.889
321.239
321.594
321.955
322.322
322.694
323.072
323.455
323.843
324.236
324.634
325.036
325.442
325.851
326.264
326.679
327.097
327.516
327.936
328.357
328.777
329.195
329.611
330.024
330.432
330.834
331.23
331.617
331.994
332.36
332.712
333.051
333.372
333.675
333.958
334.219
334.456
334.666
334.848
335
335.12
335.207
335.258
335.273
335.249
335.187
335.086
334.946
334.766
334.547
334.289
333.995
333.665
333.301
332.905
332.478
332.025
331.546
331.044
330.522
329.983
329.428
328.861
328.284
327.7
327.109
326.515
325.919
325.322
324.726
324.133
323.542
322.954
322.371
321.792
321.218
320.648
320.083
319.522
318.966
318.415
317.869
317.328
316.792
316.261
315.735
315.215
314.7
314.191
313.689
313.192
312.703
312.221
311.746
311.279
310.821
310.371
309.931
309.5
309.078
308.667
308.266
307.876
307.496
307.128
306.77
306.424
306.089
305.766
305.454
305.153
304.864
304.586
304.32
304.064
303.819
303.585
303.362
303.149
302.946
302.753
302.57
302.396
302.231
302.075
301.928
301.788
301.657
301.533
301.417
301.308
301.205
301.109
301.019
300.936
300.857
300.784
300.716
300.653
300.595
300.541
300.491
300.444
300.402
300.363
300.326
300.293
300.263
300.236
300.21
300.187
300.167
300.148
300.131
300.115
317.992
318.279
318.571
318.868
319.171
319.479
319.792
320.111
320.435
320.765
321.099
321.439
321.784
322.134
322.488
322.847
323.211
323.578
323.95
324.325
324.704
325.086
325.47
325.857
326.245
326.635
327.025
327.415
327.804
328.192
328.577
328.958
329.335
329.706
330.07
330.426
330.773
331.109
331.432
331.741
332.034
332.31
332.567
332.802
333.015
333.203
333.365
333.499
333.603
333.676
333.717
333.723
333.695
333.632
333.533
333.399
333.229
333.024
332.785
332.512
332.208
331.873
331.509
331.119
330.704
330.266
329.807
329.33
328.837
328.329
327.809
327.279
326.74
326.195
325.644
325.089
324.531
323.971
323.411
322.85
322.289
321.728
321.169
320.61
320.053
319.497
318.942
318.39
317.84
317.293
316.75
316.211
315.677
315.147
314.622
314.103
313.591
313.085
312.586
312.095
311.612
311.138
310.672
310.216
309.77
309.334
308.908
308.493
308.089
307.697
307.316
306.946
306.588
306.242
305.908
305.586
305.275
304.977
304.69
304.415
304.151
303.899
303.658
303.428
303.209
303
302.801
302.613
302.434
302.265
302.105
301.954
301.811
301.677
301.55
301.431
301.32
301.215
301.117
301.026
300.941
300.861
300.787
300.718
300.654
300.595
300.54
300.49
300.443
300.4
300.361
300.325
300.292
300.261
300.234
300.209
300.186
300.165
300.146
300.129
300.114
317.065
317.327
317.593
317.864
318.14
318.42
318.705
318.995
319.29
319.59
319.894
320.203
320.517
320.836
321.158
321.485
321.816
322.151
322.49
322.833
323.179
323.528
323.881
324.235
324.592
324.951
325.311
325.672
326.033
326.393
326.753
327.111
327.466
327.817
328.164
328.505
328.84
329.167
329.484
329.791
330.086
330.368
330.635
330.886
331.118
331.331
331.523
331.691
331.835
331.953
332.044
332.106
332.139
332.14
332.11
332.049
331.955
331.829
331.671
331.482
331.262
331.012
330.733
330.428
330.096
329.74
329.361
328.961
328.542
328.106
327.653
327.187
326.708
326.217
325.717
325.208
324.693
324.17
323.643
323.111
322.575
322.035
321.493
320.948
320.402
319.854
319.304
318.753
318.203
317.654
317.106
316.56
316.017
315.479
314.944
314.415
313.891
313.374
312.864
312.361
311.867
311.381
310.904
310.437
309.98
309.533
309.097
308.672
308.258
307.855
307.465
307.086
306.719
306.365
306.022
305.692
305.374
305.068
304.774
304.492
304.222
303.964
303.717
303.481
303.257
303.043
302.84
302.648
302.465
302.292
302.129
301.974
301.829
301.692
301.563
301.442
301.328
301.222
301.123
301.03
300.943
300.863
300.788
300.718
300.654
300.594
300.539
300.488
300.441
300.398
300.358
300.322
300.289
300.259
300.231
300.206
300.183
300.163
300.144
300.127
300.112
316.118
316.356
316.597
316.843
317.094
317.348
317.606
317.869
318.136
318.407
318.682
318.962
319.246
319.535
319.827
320.124
320.424
320.728
321.036
321.347
321.661
321.979
322.299
322.623
322.948
323.276
323.606
323.937
324.269
324.602
324.934
325.266
325.597
325.925
326.251
326.574
326.892
327.204
327.51
327.808
328.098
328.377
328.645
328.901
329.142
329.369
329.578
329.769
329.94
330.09
330.217
330.32
330.399
330.451
330.476
330.473
330.442
330.382
330.293
330.175
330.029
329.854
329.651
329.422
329.167
328.887
328.583
328.257
327.91
327.542
327.157
326.754
326.335
325.902
325.456
324.997
324.527
324.048
323.559
323.062
322.557
322.046
321.529
321.007
320.48
319.949
319.414
318.876
318.336
317.794
317.252
316.71
316.17
315.632
315.098
314.568
314.042
313.523
313.01
312.504
312.006
311.516
311.035
310.563
310.101
309.65
309.209
308.779
308.361
307.953
307.558
307.174
306.803
306.444
306.097
305.762
305.439
305.129
304.831
304.545
304.27
304.008
303.757
303.518
303.29
303.073
302.867
302.671
302.486
302.31
302.144
301.988
301.84
301.701
301.57
301.448
301.333
301.225
301.124
301.031
300.943
300.862
300.786
300.716
300.651
300.591
300.536
300.485
300.438
300.395
300.355
300.319
300.286
300.256
300.228
300.203
300.18
300.16
300.141
300.125
300.11
315.134
315.349
315.567
315.789
316.015
316.244
316.477
316.713
316.953
317.197
317.444
317.696
317.951
318.21
318.472
318.739
319.009
319.283
319.56
319.841
320.124
320.411
320.701
320.993
321.288
321.585
321.884
322.184
322.487
322.79
323.094
323.398
323.702
324.005
324.307
324.606
324.903
325.196
325.485
325.768
326.045
326.314
326.575
326.827
327.067
327.296
327.512
327.713
327.899
328.067
328.217
328.347
328.457
328.544
328.609
328.65
328.666
328.657
328.623
328.562
328.476
328.363
328.224
328.06
327.871
327.658
327.42
327.16
326.879
326.576
326.253
325.911
325.551
325.175
324.783
324.376
323.955
323.522
323.076
322.62
322.154
321.678
321.194
320.703
320.205
319.701
319.191
318.677
318.16
317.639
317.116
316.592
316.068
315.545
315.024
314.505
313.991
313.481
312.977
312.479
311.988
311.504
311.029
310.563
310.106
309.658
309.221
308.794
308.378
307.972
307.579
307.196
306.826
306.467
306.12
305.785
305.462
305.151
304.852
304.565
304.29
304.027
303.775
303.534
303.305
303.086
302.879
302.681
302.494
302.317
302.15
301.992
301.843
301.703
301.571
301.448
301.332
301.224
301.122
301.028
300.94
300.858
300.782
300.712
300.647
300.587
300.531
300.48
300.433
300.39
300.351
300.314
300.282
300.252
300.224
300.2
300.177
300.157
300.139
300.122
300.107
314.108
314.3
314.496
314.694
314.896
315.101
315.309
315.519
315.733
315.951
316.171
316.395
316.621
316.851
317.085
317.321
317.561
317.804
318.05
318.299
318.552
318.807
319.065
319.326
319.589
319.854
320.122
320.391
320.662
320.935
321.208
321.483
321.758
322.033
322.307
322.579
322.851
323.119
323.385
323.647
323.905
324.157
324.403
324.642
324.873
325.094
325.306
325.505
325.693
325.867
326.026
326.169
326.295
326.403
326.492
326.561
326.609
326.635
326.639
326.621
326.579
326.514
326.425
326.313
326.178
326.019
325.838
325.635
325.41
325.164
324.898
324.613
324.309
323.987
323.648
323.293
322.923
322.539
322.141
321.73
321.309
320.876
320.434
319.982
319.523
319.056
318.584
318.106
317.623
317.137
316.648
316.156
315.663
315.169
314.677
314.185
313.696
313.211
312.73
312.253
311.783
311.319
310.861
310.412
309.97
309.537
309.113
308.698
308.293
307.898
307.514
307.14
306.777
306.425
306.084
305.755
305.436
305.13
304.834
304.55
304.277
304.016
303.765
303.526
303.298
303.08
302.873
302.676
302.489
302.312
302.145
301.987
301.838
301.698
301.566
301.442
301.326
301.217
301.116
301.022
300.933
300.852
300.776
300.705
300.64
300.58
300.525
300.474
300.427
300.384
300.345
300.309
300.277
300.247
300.22
300.196
300.173
300.153
300.135
300.119
300.105
313.047
313.218
313.391
313.566
313.744
313.925
314.108
314.294
314.482
314.673
314.866
315.063
315.262
315.463
315.667
315.874
316.084
316.296
316.511
316.728
316.949
317.171
317.397
317.625
317.855
318.087
318.321
318.557
318.794
319.033
319.274
319.515
319.757
319.999
320.241
320.483
320.723
320.963
321.2
321.436
321.668
321.896
322.12
322.338
322.55
322.755
322.951
323.139
323.318
323.485
323.64
323.783
323.912
324.026
324.125
324.207
324.271
324.318
324.345
324.353
324.342
324.309
324.257
324.183
324.089
323.973
323.837
323.681
323.505
323.308
323.093
322.858
322.606
322.336
322.05
321.747
321.429
321.096
320.75
320.391
320.02
319.638
319.245
318.843
318.433
318.015
317.59
317.16
316.724
316.284
315.841
315.396
314.948
314.499
314.049
313.6
313.151
312.705
312.261
311.82
311.383
310.951
310.524
310.103
309.689
309.281
308.881
308.488
308.103
307.728
307.361
307.003
306.654
306.316
305.987
305.669
305.36
305.062
304.775
304.498
304.231
303.975
303.729
303.494
303.27
303.055
302.85
302.656
302.471
302.296
302.13
301.973
301.825
301.685
301.554
301.431
301.315
301.207
301.106
301.012
300.924
300.843
300.767
300.697
300.632
300.573
300.518
300.467
300.421
300.378
300.339
300.304
300.271
300.242
300.215
300.191
300.169
300.15
300.132
300.116
300.102
311.985
312.134
312.284
312.437
312.592
312.749
312.907
313.068
313.231
313.396
313.563
313.733
313.904
314.077
314.253
314.43
314.61
314.792
314.975
315.161
315.349
315.538
315.73
315.924
316.119
316.317
316.516
316.716
316.918
317.121
317.326
317.531
317.737
317.943
318.149
318.355
318.561
318.766
318.969
319.171
319.37
319.567
319.76
319.949
320.134
320.313
320.486
320.653
320.812
320.963
321.104
321.235
321.355
321.463
321.558
321.64
321.708
321.761
321.799
321.821
321.826
321.814
321.785
321.738
321.673
321.591
321.49
321.372
321.236
321.083
320.912
320.725
320.521
320.301
320.066
319.816
319.552
319.274
318.984
318.681
318.367
318.042
317.707
317.363
317.011
316.651
316.284
315.911
315.533
315.151
314.764
314.375
313.983
313.589
313.194
312.797
312.4
312.003
311.608
311.213
310.821
310.432
310.045
309.663
309.285
308.911
308.543
308.18
307.824
307.475
307.132
306.797
306.469
306.149
305.838
305.535
305.241
304.956
304.681
304.414
304.157
303.909
303.671
303.443
303.224
303.014
302.814
302.623
302.442
302.269
302.106
301.951
301.805
301.667
301.537
301.415
301.301
301.193
301.093
301
300.913
300.832
300.757
300.688
300.623
300.564
300.51
300.459
300.413
300.371
300.333
300.298
300.266
300.237
300.211
300.187
300.165
300.146
300.129
300.113
300.099
310.99
311.118
311.248
311.379
311.512
311.646
311.782
311.919
312.058
312.199
312.341
312.484
312.629
312.776
312.924
313.073
313.224
313.376
313.53
313.685
313.842
314
314.159
314.319
314.481
314.644
314.808
314.973
315.139
315.306
315.473
315.641
315.81
315.978
316.147
316.315
316.482
316.649
316.815
316.979
317.141
317.301
317.459
317.613
317.764
317.911
318.053
318.19
318.322
318.447
318.565
318.675
318.777
318.869
318.952
319.025
319.086
319.136
319.173
319.198
319.21
319.209
319.193
319.164
319.12
319.062
318.99
318.903
318.801
318.685
318.555
318.411
318.253
318.082
317.897
317.7
317.49
317.269
317.036
316.793
316.539
316.275
316.003
315.722
315.432
315.136
314.833
314.523
314.208
313.888
313.563
313.235
312.903
312.568
312.231
311.892
311.551
311.209
310.866
310.523
310.18
309.837
309.496
309.156
308.818
308.483
308.151
307.823
307.498
307.179
306.864
306.554
306.25
305.952
305.661
305.377
305.1
304.83
304.568
304.314
304.068
303.83
303.601
303.38
303.168
302.965
302.771
302.585
302.407
302.238
302.078
301.926
301.782
301.646
301.518
301.398
301.285
301.179
301.08
300.987
300.901
300.821
300.747
300.678
300.614
300.556
300.502
300.452
300.407
300.365
300.327
300.292
300.261
300.232
300.206
300.183
300.162
300.143
300.126
300.11
300.097
310.177
310.288
310.4
310.513
310.627
310.743
310.859
310.977
311.096
311.216
311.336
311.458
311.581
311.705
311.83
311.956
312.082
312.21
312.338
312.468
312.598
312.728
312.86
312.992
313.125
313.258
313.391
313.526
313.66
313.794
313.929
314.063
314.198
314.331
314.465
314.598
314.73
314.861
314.99
315.118
315.245
315.369
315.491
315.61
315.727
315.84
315.95
316.055
316.156
316.252
316.343
316.428
316.507
316.579
316.643
316.7
316.749
316.789
316.82
316.842
316.854
316.856
316.848
316.829
316.8
316.76
316.708
316.646
316.572
316.488
316.392
316.285
316.168
316.039
315.9
315.751
315.592
315.422
315.243
315.055
314.858
314.652
314.438
314.215
313.986
313.749
313.505
313.254
312.998
312.736
312.468
312.196
311.919
311.639
311.354
311.067
310.776
310.483
310.187
309.89
309.591
309.291
308.99
308.689
308.388
308.088
307.789
307.492
307.196
306.904
306.614
306.328
306.047
305.769
305.497
305.229
304.968
304.712
304.463
304.221
303.985
303.757
303.536
303.323
303.118
302.92
302.731
302.549
302.376
302.211
302.053
301.904
301.762
301.628
301.502
301.383
301.271
301.166
301.068
300.977
300.891
300.812
300.738
300.67
300.607
300.549
300.495
300.446
300.401
300.36
300.322
300.288
300.257
300.228
300.203
300.18
300.159
300.14
300.123
300.108
300.094
309.696
309.797
309.898
310.001
310.104
310.208
310.313
310.418
310.525
310.632
310.74
310.849
310.958
311.068
311.179
311.29
311.401
311.514
311.627
311.74
311.853
311.967
312.081
312.195
312.31
312.424
312.539
312.653
312.767
312.88
312.994
313.106
313.219
313.33
313.44
313.549
313.657
313.764
313.869
313.973
314.074
314.174
314.271
314.365
314.457
314.546
314.631
314.713
314.791
314.865
314.935
315
315.06
315.115
315.164
315.207
315.245
315.275
315.299
315.316
315.325
315.327
315.321
315.307
315.285
315.255
315.216
315.169
315.114
315.049
314.976
314.895
314.804
314.705
314.597
314.48
314.355
314.221
314.079
313.929
313.77
313.603
313.429
313.247
313.057
312.86
312.656
312.446
312.229
312.005
311.776
311.54
311.3
311.054
310.804
310.549
310.29
310.028
309.762
309.494
309.222
308.949
308.673
308.396
308.119
307.84
307.562
307.284
307.008
306.732
306.459
306.188
305.92
305.655
305.395
305.138
304.886
304.64
304.399
304.164
303.935
303.713
303.497
303.288
303.087
302.893
302.707
302.528
302.357
302.194
302.039
301.891
301.751
301.618
301.493
301.374
301.263
301.159
301.062
300.971
300.886
300.807
300.733
300.665
300.603
300.545
300.492
300.443
300.398
300.357
300.319
300.285
300.254
300.226
300.201
300.178
300.157
300.138
300.122
300.107
300.093
300.085
300.057
300.038
300.025
300.016
300.01
300.006
300.004
300.002
300.001
300.001
300
300
300
300
300
300
300
300
300
300
300
300
300
300
300
300
300
300
300
300
300
300
300
300
300
300
300
300
300
300
300
300
300
300
300
300
300
300
300
300
300.085
300.057
300.038
300.025
300.016
300.01
300.006
300.004
300.002
300.001
300.001
300
300
300
300
300
300
300
300
300
300
300
300
300
300
300
300
300
300
300
300
300
300
300
300
300
300
300
300
300
300
300
300
300
300
300
300
300
300
300
300
300.085
300.058
300.038
300.025
300.016
300.01
300.006
300.004
300.002
300.001
300.001
300
300
300
300
300
300
300
300
300
300
300
300
300
300
300
300
300
300
300
300
300
300
300
300
300
300
300
300
300
300
300
300
300
300
300
300
300
300
300
300
300.085
300.058
300.038
300.025
300.016
300.01
300.006
300.004
300.002
300.001
300.001
300
300
300
300
300
300
300
300
300
300
300
300
300
300
300
300
300
300
300
300
300
300
300
300
300
300
300
300
300
300
300
300
300
300
300
300
300
300
300
300
300.085
300.058
300.038
300.025
300.016
300.01
300.006
300.004
300.002
300.001
300.001
300
300
300
300
300
300
300
300
300
300
300
300
300
300
300
300
300
300
300
300
300
300
300
300
300
300
300
300
300
300
300
300
300
300
300
300
300
300
300
300
300.085
300.058
300.039
300.025
300.016
300.01
300.006
300.004
300.002
300.001
300.001
300
300
300
300
300
300
300
300
300
300
300
300
300
300
300
300
300
300
300
300
300
300
300
300
300
300
300
300
300
300
300
300
300
300
300
300
300
300
300
300
300.086
300.058
300.039
300.025
300.016
300.01
300.006
300.004
300.002
300.001
300.001
300
300
300
300
300
300
300
300
300
300
300
300
300
300
300
300
300
300
300
300
300
300
300
300
300
300
300
300
300
300
300
300
300
300
300
300
300
300
300
300
300.086
300.058
300.039
300.025
300.016
300.01
300.006
300.004
300.002
300.001
300.001
300
300
300
300
300
300
300
300
300
300
300
300
300
300
300
300
300
300
300
300
300
300
300
300
300
300
300
300
300
300
300
300
300
300
300
300
300
300
300
300
300.086
300.058
300.039
300.026
300.017
300.01
300.007
300.004
300.002
300.001
300.001
300
300
300
300
300
300
300
300
300
300
300
300
300
300
300
300
300
300
300
300
300
300
300
300
300
300
300
300
300
300
300
300
300
300
300
300
300
300
300
300
300.086
300.058
300.039
300.026
300.017
300.011
300.007
300.004
300.002
300.001
300.001
300
300
300
300
300
300
300
300
300
300
300
300
300
300
300
300
300
300
300
300
300
300
300
300
300
300
300
300
300
300
300
300
300
300
300
300
300
300
300
300
300.086
300.059
300.039
300.026
300.017
300.011
300.007
300.004
300.002
300.001
300.001
300
300
300
300
300
300
300
300
300
300
300
300
300
300
300
300
300
300
300
300
300
300
300
300
300
300
300
300
300
300
300
300
300
300
300
300
300
300
300
300
300.087
300.059
300.039
300.026
300.017
300.011
300.007
300.004
300.002
300.001
300.001
300
300
300
300
300
300
300
300
300
300
300
300
300
300
300
300
300
300
300
300
300
300
300
300
300
300
300
300
300
300
300
300
300
300
300
300
300
300
300
300
300.087
300.059
300.039
300.026
300.017
300.011
300.007
300.004
300.002
300.001
300.001
300
300
300
300
300
300
300
300
300
300
300
300
300
300
300
300
300
300
300
300
300
300
300
300
300
300
300
300
300
300
300
300
300
300
300
300
300
300
300
300
300.087
300.059
300.04
300.026
300.017
300.011
300.007
300.004
300.002
300.001
300.001
300
300
300
300
300
300
300
300
300
300
300
300
300
300
300
300
300
300
300
300
300
300
300
300
300
300
300
300
300
300
300
300
300
300
300
300
300
300
300
300
300.088
300.06
300.04
300.026
300.017
300.011
300.007
300.004
300.002
300.001
300.001
300
300
300
300
300
300
300
300
300
300
300
300
300
300
300
300
300
300
300
300
300
300
300
300
300
300
300
300
300
300
300
300
300
300
300
300
300
300
300
300
300.088
300.06
300.04
300.026
300.017
300.011
300.007
300.004
300.002
300.001
300.001
300
300
300
300
300
300
300
300
300
300
300
300
300
300
300
300
300
300
300
300
300
300
300
300
300
300
300
300
300
300
300
300
300
300
300
300
300
300
300
300
300.088
300.06
300.04
300.027
300.017
300.011
300.007
300.004
300.002
300.001
300.001
300
300
300
300
300
300
300
300
300
300
300
300
300
300
300
300
300
300
300
300
300
300
300
300
300
300
300
300
300
300
300
300
300
300
300
300
300
300
300
300
300.089
300.06
300.04
300.027
300.017
300.011
300.007
300.004
300.002
300.001
300.001
300
300
300
300
300
300
300
300
300
300
300
300
300
300
300
300
300
300
300
300
300
300
300
300
300
300
300
300
300
300
300
300
300
300
300
300
300
300
300
300
300.089
300.061
300.041
300.027
300.017
300.011
300.007
300.004
300.002
300.001
300.001
300
300
300
300
300
300
300
300
300
300
300
300
300
300
300
300
300
300
300
300
300
300
300
300
300
300
300
300
300
300
300
300
300
300
300
300
300
300
300
300
300.089
300.061
300.041
300.027
300.017
300.011
300.007
300.004
300.002
300.001
300.001
300
300
300
300
300
300
300
300
300
300
300
300
300
300
300
300
300
300
300
300
300
300
300
300
300
300
300
300
300
300
300
300
300
300
300
300
300
300
300
300
300.09
300.061
300.041
300.027
300.017
300.011
300.007
300.004
300.002
300.001
300.001
300
300
300
300
300
300
300
300
300
300
300
300
300
300
300
300
300
300
300
300
300
300
300
300
300
300
300
300
300
300
300
300
300
300
300
300
300
300
300
300
300.09
300.061
300.041
300.027
300.017
300.011
300.007
300.004
300.002
300.001
300.001
300
300
300
300
300
300
300
300
300
300
300
300
300
300
300
300
300
300
300
300
300
300
300
300
300
300
300
300
300
300
300
300
300
300
300
300
300
300
300
300
300.09
300.061
300.041
300.027
300.017
300.011
300.007
300.004
300.002
300.001
300.001
300
300
300
300
300
300
300
300
300
300
300
300
300
300
300
300
300
300
300
300
300
300
300
300
300
300
300
300
300
300
300
300
300
300
300
300
300
300
300
300
300.09
300.061
300.041
300.027
300.017
300.011
300.007
300.004
300.002
300.001
300.001
300
300
300
300
300
300
300
300
300
300
300
300
300
300
300
300
300
300
300
300
300
300
300
300
300
300
300
300
300
300
300
300
300
300
300
300
300
300
300
300
300.09
300.061
300.041
300.027
300.017
300.011
300.007
300.004
300.002
300.001
300.001
300
300
300
300
300
300
300
300
300
300
300
300
300
300
300
300
300
300
300
300
300
300
300
300
300
300
300
300
300
300
300
300
300
300
300
300
300
300
300
300
300.09
300.061
300.041
300.027
300.017
300.011
300.007
300.004
300.002
300.001
300.001
300
300
300
300
300
300
300
300
300
300
300
300
300
300
300
300
300
300
300
300
300
300
300
300
300
300
300
300
300
300
300
300
300
300
300
300
300
300
300
300
300.09
300.061
300.04
300.027
300.017
300.011
300.007
300.004
300.002
300.001
300.001
300
300
300
300
300
300
300
300
300
300
300
300
300
300
300
300
300
300
300
300
300
300
300
300
300
300
300
300
300
300
300
300
300
300
300
300
300
300
300
300
300.089
300.06
300.04
300.026
300.017
300.011
300.007
300.004
300.002
300.001
300.001
300
300
300
300
300
300
300
300
300
300
300
300
300
300
300
300
300
300
300
300
300
300
300
300
300
300
300
300
300
300
300
300
300
300
300
300
300
300
300
300
300.088
300.06
300.04
300.026
300.017
300.011
300.007
300.004
300.002
300.001
300.001
300
300
300
300
300
300
300
300
300
300
300
300
300
300
300
300
300
300
300
300
300
300
300
300
300
300
300
300
300
300
300
300
300
300
300
300
300
300
300
300
300.088
300.059
300.039
300.026
300.017
300.011
300.007
300.004
300.002
300.001
300.001
300
300
300
300
300
300
300
300
300
300
300
300
300
300
300
300
300
300
300
300
300
300
300
300
300
300
300
300
300
300
300
300
300
300
300
300
300
300
300
300
300.087
300.058
300.039
300.025
300.016
300.01
300.006
300.004
300.002
300.001
300.001
300
300
300
300
300
300
300
300
300
300
300
300
300
300
300
300
300
300
300
300
300
300
300
300
300
300
300
300
300
300
300
300
300
300
300
300
300
300
300
300
300.085
300.057
300.038
300.025
300.016
300.01
300.006
300.004
300.002
300.001
300
300
300
300
300
300
300
300
300
300
300
300
300
300
300
300
300
300
300
300
300
300
300
300
300
300
300
300
300
300
300
300
300
300
300
300
300
300
300
300
300
300.084
300.056
300.037
300.024
300.016
300.01
300.006
300.004
300.002
300.001
300
300
300
300
300
300
300
300
300
300
300
300
300
300
300
300
300
300
300
300
300
300
300
300
300
300
300
300
300
300
300
300
300
300
300
300
300
300
300
300
300
300.082
300.055
300.036
300.024
300.015
300.009
300.006
300.003
300.002
300.001
300
300
300
300
300
300
300
300
300
299.999
299.999
299.999
299.999
299.999
299.999
299.999
299.999
299.999
299.999
299.999
299.999
299.999
299.999
299.999
299.999
299.999
299.999
299.999
299.999
299.999
299.999
299.999
299.999
299.999
299.999
299.999
299.999
299.999
299.999
299.999
299.999
300.08
300.053
300.035
300.023
300.015
300.009
300.006
300.003
300.002
300.001
300
300
300
300
300
300
300
299.999
299.999
299.999
299.999
299.999
299.999
299.999
299.999
299.999
299.999
299.999
299.999
299.999
299.999
299.999
299.999
299.999
299.999
299.999
299.999
299.999
299.999
299.999
299.999
299.999
299.999
299.999
299.999
299.999
299.999
299.999
299.999
299.999
299.999
300.078
300.052
300.034
300.022
300.014
300.009
300.005
300.003
300.002
300.001
300
300
300
300
300
300
300
299.999
299.999
299.999
299.999
299.999
299.999
299.999
299.999
299.999
299.999
299.999
299.999
299.999
299.999
299.999
299.999
299.999
299.999
299.999
299.999
299.999
299.999
299.999
299.999
299.999
299.999
299.999
299.999
299.999
299.999
299.999
299.999
299.999
299.999
300.076
300.05
300.033
300.021
300.013
300.008
300.005
300.003
300.002
300.001
300
300
300
300
300
300
299.999
299.999
299.999
299.999
299.999
299.999
299.999
299.999
299.999
299.999
299.999
299.999
299.999
299.999
299.999
299.999
299.999
299.999
299.999
299.999
299.999
299.999
299.999
299.999
299.999
299.999
299.999
299.999
299.999
299.999
299.999
299.999
299.999
299.999
299.999
300.073
300.048
300.032
300.02
300.013
300.008
300.005
300.003
300.002
300.001
300
300
300
300
300
299.999
299.999
299.999
299.999
299.999
299.999
299.999
299.999
299.999
299.999
299.999
299.999
299.999
299.999
299.999
299.999
299.999
299.999
299.999
299.999
299.999
299.999
299.999
299.999
299.999
299.999
299.999
299.999
299.999
299.999
299.999
299.999
299.999
299.999
299.999
299.999
300.071
300.047
300.031
300.02
300.012
300.008
300.005
300.003
300.001
300.001
300
300
300
300
300
299.999
299.999
299.999
299.999
299.999
299.999
299.999
299.999
299.999
299.999
299.999
299.999
299.999
299.999
299.999
299.999
299.999
299.999
299.999
299.999
299.999
299.999
299.999
299.999
299.999
299.999
299.999
299.999
299.999
299.999
299.999
299.999
299.999
299.999
299.999
299.999
300.07
300.046
300.03
300.019
300.012
300.007
300.004
300.003
300.001
300.001
300
300
300
300
300
299.999
299.999
299.999
299.999
299.999
299.999
299.999
299.999
299.999
299.999
299.999
299.999
299.999
299.999
299.999
299.999
299.999
299.999
299.999
299.999
299.999
299.999
299.999
299.999
299.999
299.999
299.999
299.999
299.999
299.999
299.999
299.999
299.999
299.999
299.999
299.999
300.069
300.045
300.029
300.019
300.012
300.007
300.004
300.003
300.001
300.001
300
300
300
300
300
299.999
299.999
299.999
299.999
299.999
299.999
299.999
299.999
299.999
299.999
299.999
299.999
299.999
299.999
299.999
299.999
299.999
299.999
299.999
299.999
299.999
299.999
299.999
299.999
299.999
299.999
299.999
299.999
299.999
299.999
299.999
299.999
299.999
299.999
299.999
299.999
)
;

boundaryField
{
    inlet
    {
        type            fixedValue;
        value           uniform 300;
    }
    outlet
    {
        type            zeroGradient;
    }
    top
    {
        type            zeroGradient;
    }
    slip-bottom
    {
        type            zeroGradient;
    }
    bottom
    {
        type            zeroGradient;
    }
    interface
    {
        type            fixedGradient;
        gradient        nonuniform List<scalar> 
161
(
2999.99
2999.99
2999.99
2999.99
2999.99
2999.99
2999.99
2999.99
2999.99
2999.99
2999.99
2999.99
2999.99
2999.99
2999.99
2999.99
2999.99
2999.99
2999.99
2999.99
-2.55795e-13
-2.55795e-13
-2.55795e-13
-2.55795e-13
-2.55795e-13
-2.55795e-13
-2.55795e-13
-2.55795e-13
-2.55795e-13
-2.55795e-13
-2.55795e-13
-2.55795e-13
-2.55795e-13
-2.55795e-13
-2.55795e-13
-2.55795e-13
-2.55795e-13
-2.55795e-13
-2.55795e-13
-2.55795e-13
-8.2423e-13
-8.2423e-13
-8.2423e-13
-8.2423e-13
-8.2423e-13
-8.2423e-13
-8.2423e-13
-8.2423e-13
-8.2423e-13
-8.2423e-13
-8.2423e-13
-8.2423e-13
-8.2423e-13
-8.2423e-13
-8.2423e-13
-8.2423e-13
-2.55795e-13
-2.55795e-13
-2.55795e-13
-2.55795e-13
-2.55795e-13
-2.55795e-13
-2.55795e-13
-2.55795e-13
-2.55795e-13
-2.55795e-13
-2.55795e-13
-2.55795e-13
-2.55795e-13
-2.55795e-13
-2.55795e-13
5.68434e-14
5.68434e-14
5.68434e-14
5.68434e-14
5.68434e-14
5.68434e-14
5.68434e-14
5.68434e-14
5.68434e-14
5.68434e-14
5.68434e-14
5.68434e-14
8.52651e-14
8.52651e-14
8.52651e-14
8.52651e-14
8.52651e-14
8.52651e-14
8.52651e-14
8.52651e-14
8.52651e-14
8.52651e-14
8.52651e-14
-2.84217e-13
-2.84217e-13
-2.84217e-13
-2.84217e-13
-2.84217e-13
-2.84217e-13
-2.84217e-13
-2.84217e-13
-2.84217e-13
-2.84217e-13
6.25278e-13
6.25278e-13
6.25278e-13
6.25278e-13
6.25278e-13
6.25278e-13
6.25278e-13
6.25278e-13
6.25278e-13
1.62004e-12
1.62004e-12
1.62004e-12
1.62004e-12
1.62004e-12
1.62004e-12
1.62004e-12
1.62004e-12
3.83693e-13
3.83693e-13
3.83693e-13
3.83693e-13
3.83693e-13
3.83693e-13
3.83693e-13
3.83693e-13
6.82121e-13
6.82121e-13
6.82121e-13
6.82121e-13
6.82121e-13
6.82121e-13
6.82121e-13
5.68434e-14
5.68434e-14
5.68434e-14
5.68434e-14
5.68434e-14
5.68434e-14
5.68434e-14
2.84217e-13
2.84217e-13
2.84217e-13
2.84217e-13
2.84217e-13
2.84217e-13
8.52651e-14
8.52651e-14
8.52651e-14
8.52651e-14
8.52651e-14
8.52651e-14
6.53699e-13
6.53699e-13
6.53699e-13
6.53699e-13
6.53699e-13
6.53699e-13
)
;
    }
    defaultFaces
    {
        type            empty;
    }
}


// ************************************************************************* //
