/*--------------------------------*- C++ -*----------------------------------*\
  =========                 |
  \\      /  F ield         | OpenFOAM: The Open Source CFD Toolbox
   \\    /   O peration     | Website:  https://openfoam.org
    \\  /    A nd           | Version:  7
     \\/     M anipulation  |
\*---------------------------------------------------------------------------*/
FoamFile
{
    version     2.0;
    format      ascii;
    class       volScalarField;
    location    "6.38";
    object      T;
}
// * * * * * * * * * * * * * * * * * * * * * * * * * * * * * * * * * * * * * //

dimensions      [0 0 0 1 0 0 0];

internalField   nonuniform List<scalar> 
12013
(
300.105
300.318
300.537
300.759
300.983
301.207
301.431
301.652
301.87
302.085
302.294
302.499
302.699
302.893
303.08
303.262
303.438
303.607
303.771
303.929
304.081
304.228
304.37
304.508
304.64
304.769
304.894
305.015
305.134
305.25
305.363
305.475
305.587
305.697
305.808
305.92
306.033
306.149
306.268
306.392
306.522
306.659
306.804
306.959
307.126
307.307
307.504
307.719
307.954
308.213
308.499
308.815
309.164
309.55
309.978
310.452
310.978
311.561
312.206
312.921
313.712
314.587
315.554
316.622
317.802
319.105
320.542
322.127
323.877
325.807
327.937
330.292
332.898
335.788
339.003
342.594
346.631
351.209
356.474
362.669
370.255
300.105
300.319
300.537
300.76
300.983
301.208
301.431
301.653
301.871
302.086
302.296
302.501
302.7
302.894
303.082
303.264
303.439
303.609
303.773
303.931
304.083
304.231
304.373
304.51
304.643
304.771
304.896
305.018
305.136
305.252
305.366
305.478
305.589
305.699
305.81
305.922
306.035
306.151
306.27
306.394
306.524
306.66
306.806
306.961
307.128
307.308
307.505
307.72
307.955
308.214
308.499
308.814
309.163
309.549
309.976
310.45
310.975
311.557
312.201
312.914
313.704
314.577
315.542
316.608
317.785
319.083
320.516
322.096
323.838
325.759
327.879
330.219
332.806
335.671
338.851
342.393
346.355
350.813
355.868
361.643
368.248
300.105
300.319
300.538
300.76
300.985
301.209
301.433
301.654
301.873
302.088
302.298
302.504
302.703
302.897
303.085
303.267
303.443
303.613
303.777
303.935
304.088
304.235
304.377
304.515
304.647
304.776
304.901
305.023
305.141
305.257
305.371
305.483
305.594
305.704
305.815
305.926
306.04
306.155
306.275
306.398
306.528
306.664
306.809
306.964
307.131
307.311
307.508
307.722
307.957
308.215
308.5
308.814
309.162
309.546
309.973
310.445
310.968
311.548
312.19
312.9
313.686
314.555
315.516
316.576
317.746
319.036
320.459
322.026
323.753
325.655
327.75
330.059
332.606
335.417
338.524
341.964
345.78
350.017
354.724
359.927
365.587
300.105
300.32
300.539
300.762
300.986
301.211
301.435
301.658
301.877
302.092
302.303
302.508
302.708
302.903
303.091
303.274
303.45
303.62
303.784
303.942
304.095
304.243
304.385
304.522
304.655
304.784
304.909
305.031
305.149
305.265
305.379
305.491
305.602
305.712
305.823
305.934
306.047
306.163
306.282
306.406
306.535
306.671
306.816
306.97
307.136
307.316
307.512
307.725
307.959
308.217
308.5
308.813
309.159
309.542
309.966
310.436
310.956
311.533
312.171
312.877
313.657
314.52
315.472
316.523
317.682
318.959
320.365
321.912
323.614
325.485
327.541
329.801
332.285
335.013
338.011
341.303
344.914
348.866
353.166
357.795
362.681
300.106
300.32
300.54
300.764
300.989
301.215
301.439
301.662
301.882
302.098
302.309
302.515
302.716
302.911
303.1
303.283
303.459
303.63
303.794
303.953
304.106
304.254
304.396
304.534
304.667
304.796
304.921
305.043
305.161
305.277
305.391
305.503
305.614
305.724
305.835
305.946
306.059
306.174
306.293
306.416
306.545
306.681
306.825
306.979
307.144
307.323
307.518
307.73
307.963
308.219
308.501
308.812
309.156
309.536
309.957
310.424
310.94
311.511
312.143
312.842
313.615
314.468
315.409
316.447
317.589
318.847
320.229
321.747
323.414
325.241
327.244
329.436
331.834
334.453
337.309
340.417
343.787
347.422
351.309
355.415
359.673
300.106
300.322
300.542
300.767
300.993
301.219
301.445
301.668
301.889
302.106
302.318
302.525
302.726
302.922
303.112
303.295
303.472
303.643
303.808
303.968
304.121
304.269
304.412
304.55
304.684
304.813
304.938
305.06
305.178
305.294
305.408
305.52
305.631
305.741
305.851
305.962
306.075
306.19
306.308
306.431
306.559
306.695
306.838
306.991
307.156
307.333
307.527
307.738
307.969
308.223
308.502
308.811
309.151
309.528
309.945
310.406
310.917
311.482
312.106
312.796
313.558
314.398
315.324
316.343
317.464
318.695
320.046
321.527
323.147
324.918
326.852
328.959
331.25
333.737
336.428
339.328
342.439
345.751
349.245
352.886
356.622
300.107
300.323
300.545
300.77
300.997
301.225
301.452
301.677
301.898
302.116
302.329
302.538
302.74
302.937
303.127
303.312
303.49
303.661
303.827
303.987
304.141
304.29
304.433
304.571
304.705
304.835
304.96
305.082
305.201
305.317
305.431
305.543
305.653
305.763
305.873
305.984
306.096
306.211
306.329
306.451
306.579
306.713
306.855
307.007
307.171
307.347
307.539
307.748
307.976
308.228
308.504
308.809
309.146
309.518
309.93
310.385
310.888
311.444
312.058
312.736
313.483
314.307
315.213
316.209
317.303
318.501
319.813
321.246
322.809
324.512
326.362
328.368
330.537
332.875
335.384
338.064
340.91
343.909
347.039
350.27
353.563
300.107
300.325
300.548
300.775
301.004
301.233
301.461
301.687
301.911
302.13
302.345
302.554
302.758
302.956
303.148
303.333
303.512
303.685
303.851
304.012
304.167
304.316
304.46
304.599
304.733
304.863
304.989
305.111
305.23
305.346
305.46
305.572
305.682
305.792
305.902
306.012
306.124
306.238
306.355
306.477
306.603
306.737
306.878
307.028
307.19
307.365
307.554
307.761
307.987
308.235
308.507
308.808
309.14
309.506
309.91
310.357
310.851
311.396
311.998
312.661
313.391
314.194
315.076
316.044
317.103
318.262
319.526
320.903
322.399
324.022
325.777
327.67
329.703
331.88
334.199
336.656
339.242
341.944
344.743
347.612
350.522
300.108
300.328
300.553
300.781
301.012
301.243
301.473
301.701
301.926
302.147
302.364
302.575
302.78
302.98
303.173
303.36
303.54
303.714
303.882
304.044
304.2
304.35
304.494
304.634
304.769
304.899
305.025
305.148
305.267
305.383
305.497
305.609
305.719
305.829
305.938
306.048
306.159
306.273
306.389
306.509
306.635
306.767
306.907
307.055
307.215
307.388
307.574
307.778
308
308.244
308.512
308.807
309.133
309.492
309.888
310.325
310.807
311.339
311.925
312.57
313.279
314.057
314.911
315.844
316.864
317.976
319.185
320.497
321.918
323.451
325.101
326.871
328.761
330.771
332.897
335.135
337.473
339.899
342.396
344.944
347.52
300.109
300.331
300.558
300.789
301.022
301.255
301.487
301.718
301.945
302.169
302.388
302.601
302.809
303.01
303.205
303.394
303.576
303.751
303.92
304.083
304.24
304.392
304.537
304.678
304.813
304.944
305.071
305.194
305.313
305.429
305.543
305.655
305.765
305.874
305.983
306.093
306.203
306.316
306.431
306.551
306.675
306.805
306.943
307.09
307.247
307.417
307.6
307.8
308.018
308.257
308.52
308.808
309.126
309.476
309.862
310.288
310.756
311.272
311.84
312.464
313.148
313.897
314.717
315.611
316.585
317.644
318.791
320.032
321.369
322.806
324.344
325.985
327.727
329.569
331.506
333.531
335.636
337.807
340.032
342.294
344.575
300.11
300.335
300.564
300.798
301.034
301.27
301.505
301.739
301.969
302.195
302.417
302.633
302.843
303.047
303.244
303.435
303.619
303.797
303.968
304.132
304.291
304.443
304.59
304.731
304.868
304.999
305.127
305.25
305.37
305.486
305.6
305.712
305.822
305.931
306.04
306.148
306.258
306.37
306.484
306.602
306.724
306.853
306.988
307.133
307.287
307.453
307.633
307.829
308.042
308.275
308.531
308.811
309.12
309.46
309.834
310.246
310.699
311.197
311.743
312.342
312.998
313.714
314.496
315.346
316.27
317.27
318.349
319.512
320.76
322.095
323.517
325.027
326.621
328.298
330.051
331.876
333.762
335.7
337.679
339.685
341.705
300.112
300.339
300.572
300.809
301.048
301.288
301.527
301.764
301.998
302.228
302.453
302.672
302.885
303.092
303.292
303.486
303.672
303.852
304.025
304.192
304.352
304.506
304.654
304.797
304.935
305.067
305.195
305.319
305.439
305.556
305.67
305.782
305.892
306
306.108
306.216
306.325
306.435
306.548
306.664
306.785
306.911
307.045
307.186
307.337
307.499
307.675
307.865
308.072
308.299
308.547
308.819
309.117
309.445
309.806
310.202
310.636
311.113
311.636
312.207
312.831
313.511
314.25
315.053
315.921
316.857
317.865
318.946
320.102
321.332
322.637
324.015
325.464
326.98
328.56
330.195
331.88
333.605
335.362
337.14
338.928
300.114
300.345
300.582
300.823
301.066
301.31
301.554
301.795
302.033
302.267
302.496
302.719
302.936
303.146
303.35
303.547
303.736
303.919
304.095
304.264
304.426
304.582
304.732
304.877
305.016
305.149
305.278
305.403
305.524
305.641
305.755
305.867
305.976
306.084
306.192
306.299
306.407
306.516
306.627
306.741
306.86
306.984
307.114
307.252
307.399
307.557
307.727
307.912
308.112
308.331
308.57
308.832
309.119
309.433
309.778
310.157
310.571
311.025
311.521
312.062
312.651
313.291
313.985
314.735
315.545
316.415
317.348
318.345
319.406
320.531
321.719
322.969
324.277
325.641
327.056
328.517
330.016
331.548
333.105
334.678
336.259
300.116
300.352
300.593
300.839
301.088
301.337
301.585
301.832
302.075
302.314
302.547
302.775
302.997
303.212
303.419
303.62
303.813
303.999
304.178
304.35
304.515
304.674
304.826
304.972
305.113
305.248
305.378
305.504
305.625
305.743
305.858
305.969
306.078
306.186
306.293
306.399
306.505
306.613
306.722
306.835
306.951
307.072
307.198
307.333
307.475
307.628
307.793
307.971
308.164
308.374
308.603
308.853
309.127
309.427
309.755
310.114
310.507
310.935
311.402
311.91
312.462
313.059
313.705
314.402
315.15
315.952
316.809
317.72
318.687
319.708
320.783
321.909
323.084
324.304
325.566
326.865
328.195
329.552
330.928
332.318
333.715
300.119
300.36
300.607
300.859
301.113
301.369
301.623
301.876
302.125
302.37
302.609
302.843
303.07
303.29
303.502
303.708
303.905
304.096
304.278
304.454
304.622
304.784
304.939
305.087
305.23
305.367
305.498
305.625
305.747
305.866
305.98
306.092
306.201
306.308
306.414
306.519
306.624
306.73
306.838
306.947
307.061
307.178
307.302
307.431
307.569
307.717
307.875
308.045
308.23
308.431
308.649
308.887
309.147
309.43
309.74
310.078
310.447
310.848
311.284
311.757
312.27
312.824
313.42
314.061
314.747
315.48
316.261
317.088
317.962
318.883
319.848
320.857
321.906
322.992
324.112
325.263
326.44
327.638
328.852
330.078
331.31
300.122
300.369
300.624
300.882
301.144
301.406
301.668
301.928
302.184
302.436
302.682
302.923
303.156
303.382
303.601
303.812
304.015
304.21
304.397
304.577
304.749
304.914
305.072
305.224
305.369
305.508
305.641
305.769
305.893
306.012
306.127
306.238
306.347
306.454
306.559
306.663
306.767
306.871
306.976
307.083
307.193
307.307
307.426
307.552
307.684
307.825
307.977
308.139
308.315
308.505
308.712
308.936
309.181
309.447
309.738
310.053
310.397
310.77
311.174
311.611
312.084
312.592
313.138
313.723
314.348
315.013
315.718
316.463
317.249
318.073
318.935
319.833
320.764
321.727
322.718
323.733
324.771
325.826
326.895
327.973
329.058
300.126
300.381
300.643
300.91
301.18
301.451
301.721
301.989
302.254
302.515
302.769
303.017
303.258
303.492
303.718
303.935
304.144
304.345
304.538
304.723
304.9
305.069
305.231
305.386
305.533
305.675
305.81
305.94
306.065
306.185
306.3
306.412
306.521
306.627
306.731
306.834
306.936
307.038
307.141
307.245
307.352
307.462
307.577
307.697
307.824
307.959
308.102
308.256
308.422
308.602
308.796
309.006
309.235
309.483
309.753
310.046
310.364
310.707
311.079
311.48
311.911
312.375
312.871
313.4
313.964
314.562
315.195
315.862
316.563
317.297
318.062
318.857
319.68
320.529
321.402
322.295
323.207
324.133
325.072
326.019
326.972
300.13
300.394
300.666
300.943
301.222
301.503
301.784
302.062
302.337
302.607
302.871
303.129
303.379
303.621
303.855
304.081
304.297
304.505
304.705
304.895
305.078
305.252
305.418
305.576
305.728
305.872
306.01
306.142
306.268
306.389
306.505
306.617
306.726
306.832
306.935
307.036
307.137
307.236
307.337
307.438
307.541
307.648
307.758
307.872
307.993
308.121
308.256
308.402
308.557
308.725
308.906
309.102
309.314
309.544
309.793
310.062
310.354
310.668
311.007
311.372
311.763
312.182
312.629
313.105
313.61
314.145
314.709
315.302
315.923
316.572
317.247
317.948
318.672
319.418
320.183
320.966
321.765
322.576
323.398
324.228
325.064
300.135
300.41
300.693
300.981
301.272
301.565
301.857
302.148
302.434
302.716
302.992
303.26
303.521
303.773
304.017
304.252
304.477
304.693
304.9
305.098
305.287
305.466
305.638
305.801
305.956
306.104
306.244
306.378
306.506
306.629
306.746
306.858
306.967
307.072
307.174
307.274
307.373
307.471
307.568
307.666
307.766
307.868
307.973
308.082
308.196
308.316
308.444
308.58
308.725
308.881
309.049
309.23
309.425
309.636
309.864
310.11
310.375
310.661
310.967
311.296
311.648
312.024
312.424
312.849
313.298
313.773
314.272
314.796
315.344
315.915
316.508
317.123
317.757
318.409
319.079
319.763
320.46
321.169
321.887
322.612
323.343
300.141
300.429
300.725
301.026
301.331
301.638
301.944
302.248
302.549
302.844
303.133
303.414
303.687
303.952
304.207
304.452
304.688
304.914
305.129
305.335
305.531
305.717
305.894
306.063
306.222
306.374
306.518
306.655
306.785
306.909
307.027
307.14
307.248
307.353
307.455
307.553
307.65
307.745
307.84
307.935
308.03
308.128
308.228
308.331
308.438
308.551
308.67
308.797
308.931
309.075
309.23
309.396
309.575
309.767
309.974
310.197
310.436
310.693
310.969
311.263
311.578
311.913
312.268
312.645
313.042
313.461
313.901
314.361
314.842
315.342
315.86
316.397
316.95
317.518
318.101
318.697
319.304
319.921
320.547
321.179
321.817
300.149
300.451
300.762
301.079
301.4
301.722
302.045
302.366
302.682
302.993
303.298
303.594
303.882
304.16
304.429
304.687
304.934
305.17
305.396
305.611
305.815
306.009
306.193
306.367
306.532
306.688
306.836
306.976
307.108
307.234
307.353
307.467
307.576
307.68
307.78
307.878
307.972
308.065
308.157
308.248
308.34
308.433
308.527
308.625
308.725
308.831
308.941
309.058
309.182
309.314
309.456
309.607
309.769
309.943
310.13
310.33
310.545
310.775
311.021
311.283
311.562
311.859
312.172
312.504
312.854
313.221
313.606
314.009
314.428
314.864
315.316
315.782
316.263
316.757
317.263
317.78
318.307
318.843
319.386
319.936
320.491
300.157
300.476
300.805
301.14
301.48
301.822
302.163
302.503
302.838
303.167
303.49
303.804
304.109
304.403
304.687
304.959
305.22
305.469
305.706
305.931
306.145
306.347
306.539
306.72
306.89
307.051
307.203
307.346
307.481
307.609
307.73
307.845
307.953
308.057
308.157
308.253
308.346
308.436
308.525
308.613
308.7
308.788
308.877
308.969
309.063
309.16
309.263
309.37
309.484
309.604
309.732
309.869
310.015
310.172
310.34
310.519
310.71
310.915
311.133
311.364
311.611
311.871
312.147
312.438
312.744
313.065
313.4
313.751
314.115
314.494
314.886
315.29
315.706
316.134
316.572
317.02
317.476
317.94
318.411
318.888
319.37
300.167
300.506
300.855
301.212
301.573
301.937
302.301
302.662
303.019
303.37
303.714
304.048
304.372
304.685
304.986
305.275
305.551
305.814
306.064
306.301
306.525
306.737
306.937
307.125
307.302
307.469
307.625
307.772
307.91
308.04
308.163
308.278
308.387
308.491
308.59
308.684
308.775
308.863
308.949
309.033
309.116
309.199
309.283
309.369
309.456
309.546
309.64
309.738
309.842
309.951
310.067
310.19
310.321
310.461
310.61
310.769
310.939
311.12
311.312
311.516
311.732
311.961
312.202
312.455
312.722
313.001
313.292
313.596
313.912
314.24
314.578
314.928
315.288
315.657
316.035
316.422
316.816
317.217
317.625
318.037
318.454
300.178
300.541
300.914
301.296
301.682
302.072
302.461
302.848
303.231
303.606
303.974
304.331
304.677
305.011
305.332
305.639
305.932
306.211
306.476
306.726
306.962
307.184
307.393
307.59
307.774
307.946
308.107
308.259
308.4
308.532
308.656
308.773
308.882
308.985
309.083
309.176
309.265
309.35
309.433
309.514
309.593
309.672
309.75
309.83
309.911
309.994
310.079
310.169
310.262
310.361
310.465
310.575
310.692
310.816
310.948
311.089
311.239
311.398
311.567
311.745
311.934
312.133
312.343
312.564
312.795
313.037
313.29
313.553
313.825
314.108
314.401
314.702
315.012
315.331
315.657
315.99
316.33
316.676
317.027
317.384
317.744
300.192
300.582
300.983
301.393
301.809
302.228
302.647
303.064
303.476
303.88
304.275
304.658
305.03
305.388
305.731
306.059
306.371
306.667
306.947
307.212
307.461
307.694
307.914
308.118
308.31
308.489
308.655
308.811
308.955
309.09
309.216
309.333
309.443
309.546
309.643
309.734
309.821
309.904
309.984
310.061
310.136
310.21
310.283
310.357
310.431
310.507
310.586
310.666
310.751
310.839
310.932
311.03
311.134
311.244
311.361
311.485
311.616
311.755
311.903
312.059
312.224
312.397
312.579
312.771
312.971
313.18
313.398
313.625
313.861
314.104
314.356
314.616
314.883
315.157
315.438
315.725
316.017
316.316
316.618
316.926
317.237
300.207
300.629
301.063
301.507
301.957
302.41
302.864
303.314
303.759
304.196
304.622
305.036
305.436
305.82
306.188
306.539
306.872
307.187
307.485
307.765
308.028
308.273
308.503
308.717
308.916
309.101
309.273
309.433
309.581
309.718
309.846
309.964
310.074
310.176
310.272
310.362
310.447
310.527
310.604
310.677
310.748
310.818
310.886
310.955
311.023
311.092
311.163
311.236
311.312
311.391
311.474
311.561
311.652
311.749
311.852
311.961
312.076
312.198
312.327
312.462
312.606
312.756
312.914
313.08
313.253
313.434
313.622
313.818
314.021
314.231
314.448
314.672
314.901
315.137
315.379
315.626
315.878
316.134
316.395
316.66
316.929
300.225
300.684
301.156
301.638
302.128
302.621
303.114
303.604
304.087
304.561
305.023
305.47
305.902
306.315
306.711
307.087
307.443
307.779
308.095
308.391
308.668
308.926
309.167
309.39
309.597
309.789
309.966
310.13
310.281
310.421
310.55
310.669
310.779
310.881
310.975
311.064
311.146
311.224
311.297
311.367
311.435
311.5
311.563
311.626
311.689
311.752
311.816
311.882
311.95
312.02
312.094
312.171
312.252
312.337
312.427
312.523
312.623
312.73
312.842
312.96
313.085
313.215
313.352
313.496
313.646
313.802
313.965
314.134
314.309
314.49
314.677
314.87
315.067
315.271
315.479
315.691
315.908
316.129
316.354
316.583
316.814
300.246
300.748
301.264
301.791
302.327
302.865
303.404
303.939
304.465
304.981
305.482
305.967
306.434
306.88
307.306
307.708
308.089
308.447
308.782
309.095
309.387
309.659
309.91
310.143
310.358
310.556
310.738
310.906
311.06
311.201
311.331
311.45
311.56
311.661
311.755
311.841
311.921
311.996
312.067
312.133
312.197
312.258
312.317
312.375
312.433
312.49
312.548
312.607
312.668
312.731
312.796
312.864
312.935
313.011
313.09
313.174
313.262
313.355
313.453
313.556
313.664
313.778
313.897
314.021
314.151
314.287
314.428
314.574
314.725
314.882
315.043
315.209
315.38
315.556
315.735
315.918
316.106
316.296
316.491
316.688
316.887
300.271
300.822
301.389
301.969
302.557
303.148
303.739
304.324
304.9
305.463
306.009
306.535
307.04
307.522
307.979
308.411
308.817
309.198
309.553
309.884
310.19
310.474
310.736
310.978
311.2
311.403
311.59
311.761
311.917
312.06
312.191
312.31
312.419
312.519
312.611
312.696
312.773
312.846
312.913
312.976
313.036
313.094
313.149
313.202
313.255
313.307
313.36
313.413
313.468
313.524
313.582
313.643
313.706
313.773
313.842
313.916
313.994
314.075
314.161
314.251
314.346
314.445
314.549
314.658
314.771
314.889
315.012
315.139
315.27
315.406
315.546
315.69
315.838
315.99
316.145
316.304
316.466
316.631
316.799
316.969
317.142
300.299
300.908
301.534
302.174
302.823
303.475
304.125
304.768
305.399
306.014
306.609
307.182
307.728
308.248
308.739
309.2
309.633
310.036
310.412
310.759
311.08
311.376
311.648
311.897
312.125
312.334
312.524
312.697
312.855
312.998
313.129
313.248
313.356
313.454
313.544
313.627
313.702
313.772
313.837
313.897
313.954
314.007
314.059
314.109
314.157
314.206
314.254
314.302
314.352
314.402
314.454
314.509
314.565
314.625
314.687
314.752
314.821
314.893
314.969
315.049
315.132
315.22
315.311
315.407
315.506
315.61
315.717
315.828
315.943
316.061
316.184
316.309
316.438
316.571
316.706
316.844
316.985
317.128
317.274
317.423
317.573
300.332
301.007
301.702
302.412
303.13
303.851
304.569
305.277
305.97
306.643
307.292
307.913
308.504
309.063
309.589
310.082
310.541
310.967
311.361
311.724
312.058
312.364
312.644
312.9
313.133
313.344
313.537
313.712
313.87
314.013
314.143
314.261
314.367
314.464
314.552
314.632
314.706
314.773
314.835
314.893
314.947
314.998
315.046
315.093
315.139
315.184
315.228
315.273
315.319
315.365
315.413
315.463
315.514
315.568
315.624
315.683
315.745
315.81
315.878
315.949
316.024
316.102
316.184
316.268
316.357
316.448
316.543
316.641
316.743
316.847
316.955
317.066
317.179
317.295
317.414
317.535
317.658
317.784
317.911
318.041
318.172
300.37
301.123
301.897
302.687
303.485
304.285
305.079
305.86
306.621
307.358
308.065
308.738
309.375
309.975
310.536
311.058
311.542
311.989
312.4
312.777
313.122
313.436
313.722
313.982
314.218
314.431
314.625
314.799
314.957
315.099
315.228
315.344
315.448
315.543
315.629
315.708
315.779
315.844
315.905
315.96
316.013
316.062
316.109
316.154
316.197
316.24
316.283
316.325
316.369
316.412
316.457
316.504
316.552
316.602
316.654
316.709
316.766
316.825
316.888
316.953
317.021
317.092
317.166
317.242
317.322
317.404
317.49
317.578
317.668
317.762
317.858
317.956
318.057
318.16
318.265
318.372
318.481
318.591
318.704
318.818
318.933
300.414
301.256
302.122
303.004
303.894
304.783
305.662
306.524
307.361
308.165
308.933
309.661
310.345
310.985
311.579
312.129
312.636
313.101
313.526
313.913
314.265
314.585
314.874
315.136
315.372
315.586
315.778
315.951
316.107
316.247
316.374
316.488
316.591
316.684
316.769
316.845
316.916
316.98
317.039
317.094
317.146
317.195
317.241
317.285
317.329
317.371
317.413
317.455
317.498
317.541
317.585
317.63
317.677
317.725
317.775
317.827
317.881
317.938
317.996
318.058
318.121
318.187
318.255
318.326
318.4
318.475
318.553
318.633
318.716
318.8
318.887
318.976
319.066
319.158
319.252
319.348
319.445
319.544
319.643
319.744
319.846
300.465
301.411
302.381
303.369
304.363
305.352
306.327
307.278
308.195
309.072
309.903
310.685
311.415
312.092
312.717
313.291
313.815
314.293
314.727
315.121
315.477
315.798
316.088
316.348
316.583
316.794
316.984
317.154
317.307
317.446
317.57
317.682
317.784
317.876
317.959
318.036
318.106
318.17
318.23
318.286
318.338
318.388
318.436
318.482
318.527
318.571
318.614
318.658
318.701
318.746
318.791
318.836
318.884
318.932
318.982
319.034
319.087
319.142
319.2
319.259
319.32
319.383
319.448
319.515
319.583
319.654
319.727
319.801
319.877
319.955
320.035
320.116
320.198
320.282
320.367
320.454
320.541
320.629
320.719
320.809
320.9
300.524
301.588
302.68
303.788
304.899
306.001
307.081
308.127
309.129
310.08
310.974
311.808
312.579
313.289
313.938
314.529
315.066
315.551
315.988
316.383
316.737
317.056
317.343
317.6
317.83
318.037
318.223
318.39
318.541
318.676
318.799
318.91
319.011
319.103
319.187
319.264
319.336
319.402
319.465
319.523
319.579
319.632
319.683
319.732
319.78
319.828
319.875
319.922
319.969
320.017
320.065
320.114
320.163
320.214
320.266
320.319
320.373
320.429
320.486
320.545
320.605
320.667
320.73
320.795
320.861
320.929
320.997
321.068
321.139
321.212
321.286
321.361
321.437
321.514
321.591
321.67
321.749
321.829
321.91
321.991
322.072
300.592
301.792
303.022
304.266
305.509
306.735
307.929
309.076
310.165
311.189
312.142
313.02
313.825
314.559
315.225
315.825
316.364
316.848
317.283
317.672
318.02
318.332
318.611
318.862
319.087
319.289
319.471
319.635
319.783
319.917
320.039
320.15
320.252
320.346
320.433
320.513
320.589
320.659
320.726
320.789
320.85
320.909
320.965
321.02
321.074
321.128
321.18
321.233
321.285
321.338
321.391
321.444
321.498
321.552
321.607
321.663
321.72
321.778
321.836
321.896
321.956
322.018
322.081
322.144
322.209
322.274
322.34
322.407
322.475
322.544
322.613
322.683
322.754
322.825
322.896
322.968
323.041
323.113
323.186
323.259
323.332
300.669
302.025
303.411
304.81
306.199
307.56
308.874
310.123
311.297
312.388
313.391
314.302
315.126
315.868
316.534
317.131
317.665
318.142
318.567
318.947
319.286
319.59
319.861
320.105
320.324
320.521
320.699
320.861
321.008
321.142
321.265
321.379
321.484
321.582
321.673
321.758
321.839
321.916
321.99
322.06
322.128
322.193
322.257
322.32
322.381
322.442
322.502
322.561
322.62
322.679
322.737
322.796
322.855
322.914
322.973
323.033
323.092
323.153
323.213
323.274
323.336
323.398
323.46
323.523
323.586
323.65
323.714
323.779
323.843
323.908
323.974
324.039
324.105
324.17
324.236
324.302
324.368
324.434
324.499
324.565
324.63
300.756
302.289
303.853
305.422
306.972
308.476
309.913
311.261
312.503
313.636
314.663
315.588
316.417
317.157
317.817
318.404
318.926
319.39
319.802
320.17
320.497
320.79
321.053
321.289
321.503
321.696
321.872
322.032
322.179
322.315
322.441
322.558
322.668
322.771
322.869
322.961
323.049
323.134
323.215
323.294
323.37
323.444
323.516
323.587
323.656
323.724
323.792
323.858
323.924
323.989
324.054
324.118
324.182
324.246
324.309
324.372
324.434
324.497
324.559
324.622
324.684
324.746
324.809
324.871
324.933
324.995
325.056
325.118
325.18
325.241
325.302
325.363
325.424
325.485
325.545
325.605
325.665
325.724
325.783
325.841
325.899
300.854
302.585
304.346
306.104
307.826
309.47
311.003
312.414
313.698
314.857
315.895
316.821
317.643
318.372
319.016
319.586
320.089
320.536
320.931
321.284
321.598
321.88
322.133
322.362
322.57
322.759
322.933
323.094
323.242
323.381
323.51
323.632
323.747
323.857
323.961
324.061
324.156
324.249
324.338
324.425
324.509
324.591
324.671
324.749
324.826
324.902
324.976
325.049
325.12
325.191
325.261
325.33
325.398
325.465
325.531
325.597
325.662
325.726
325.79
325.853
325.915
325.977
326.038
326.099
326.16
326.22
326.279
326.338
326.396
326.454
326.511
326.567
326.623
326.679
326.734
326.788
326.841
326.894
326.947
326.999
327.05
300.957
302.901
304.876
306.834
308.698
310.439
312.04
313.494
314.8
315.965
316.997
317.909
318.712
319.418
320.038
320.584
321.065
321.491
321.868
322.203
322.504
322.774
323.018
323.239
323.442
323.628
323.8
323.96
324.11
324.251
324.384
324.509
324.629
324.744
324.854
324.96
325.062
325.16
325.256
325.349
325.44
325.528
325.614
325.698
325.781
325.861
325.941
326.018
326.094
326.169
326.242
326.314
326.385
326.454
326.522
326.589
326.655
326.72
326.784
326.847
326.91
326.971
327.031
327.09
327.149
327.207
327.263
327.319
327.374
327.428
327.482
327.534
327.586
327.637
327.687
327.736
327.785
327.833
327.879
327.926
327.971
301.049
303.188
305.361
307.45
309.408
311.211
312.846
314.312
315.616
316.767
317.78
318.668
319.445
320.125
320.72
321.242
321.702
322.108
322.468
322.79
323.078
323.338
323.574
323.789
323.987
324.17
324.34
324.499
324.649
324.79
324.924
325.052
325.174
325.291
325.404
325.513
325.619
325.721
325.82
325.916
326.01
326.102
326.191
326.278
326.363
326.447
326.528
326.608
326.686
326.762
326.837
326.911
326.983
327.053
327.122
327.19
327.257
327.322
327.386
327.449
327.511
327.571
327.63
327.689
327.746
327.802
327.857
327.911
327.964
328.016
328.067
328.117
328.166
328.214
328.261
328.307
328.353
328.397
328.44
328.483
328.524
380.407
388.35
395.037
400.873
406.056
410.696
414.854
418.565
421.842
424.688
427.09
429.027
430.464
431.352
431.627
431.196
429.931
427.635
423.978
418.301
408.959
402.637
397.795
393.833
390.461
387.519
384.906
382.551
380.408
378.439
376.617
374.92
373.33
371.833
370.416
369.071
367.789
366.562
365.384
364.249
363.154
362.093
361.063
360.062
359.085
358.131
357.196
356.28
355.38
354.494
353.621
352.761
351.91
351.069
350.237
349.412
348.594
347.783
346.978
346.177
345.382
344.592
343.806
343.025
342.248
341.475
340.707
339.943
339.183
338.428
337.677
336.932
336.192
335.456
334.727
334.003
333.286
332.576
331.872
331.176
330.487
329.807
329.136
328.473
327.82
327.177
326.545
325.923
325.312
324.713
324.125
323.55
322.988
322.438
321.902
321.378
320.869
320.372
319.89
319.421
318.966
318.525
318.098
317.684
317.284
316.897
316.524
316.164
315.816
315.481
315.159
314.848
314.549
314.262
313.985
313.72
313.464
313.219
312.984
312.757
312.54
312.331
312.13
311.937
311.752
311.573
311.402
311.236
311.077
310.924
310.776
310.633
310.495
310.361
310.232
310.107
309.985
309.867
309.753
309.641
309.533
309.427
309.324
309.223
309.124
309.027
308.932
308.839
308.747
308.657
308.568
308.48
308.394
308.308
308.224
308.14
308.057
307.975
307.894
307.813
307.735
375.666
382.567
388.784
394.374
399.416
403.968
408.071
411.746
415.003
417.839
420.241
422.187
423.643
424.561
424.88
424.518
423.36
421.252
417.976
413.264
407.071
401.718
397.252
393.471
390.201
387.323
384.752
382.428
380.307
378.355
376.546
374.86
373.278
371.788
370.378
369.038
367.759
366.536
365.361
364.229
363.136
362.077
361.049
360.049
359.073
358.12
357.187
356.271
355.372
354.487
353.615
352.755
351.905
351.064
350.232
349.408
348.59
347.779
346.974
346.174
345.379
344.589
343.803
343.022
342.245
341.473
340.704
339.94
339.181
338.426
337.675
336.93
336.189
335.454
334.725
334.001
333.284
332.573
331.87
331.174
330.485
329.805
329.133
328.471
327.818
327.175
326.542
325.92
325.31
324.711
324.123
323.548
322.986
322.436
321.9
321.377
320.867
320.371
319.888
319.419
318.965
318.524
318.096
317.683
317.283
316.896
316.523
316.162
315.815
315.48
315.158
314.847
314.548
314.261
313.985
313.719
313.464
313.219
312.983
312.757
312.539
312.331
312.13
311.937
311.751
311.573
311.401
311.236
311.077
310.924
310.776
310.633
310.495
310.361
310.232
310.107
309.985
309.868
309.753
309.642
309.533
309.427
309.324
309.223
309.124
309.027
308.932
308.839
308.747
308.657
308.568
308.481
308.394
308.309
308.224
308.14
308.057
307.975
307.894
307.814
307.735
371.577
377.48
383.064
388.25
393.026
397.399
401.379
404.971
408.174
410.98
413.373
415.329
416.815
417.788
418.193
417.96
417.004
415.222
412.509
408.819
404.369
400.051
396.156
392.702
389.634
386.888
384.409
382.152
380.081
378.167
376.389
374.726
373.164
371.69
370.293
368.964
367.695
366.48
365.311
364.185
363.097
362.043
361.019
360.022
359.049
358.098
357.167
356.254
355.356
354.473
353.602
352.743
351.894
351.054
350.223
349.399
348.583
347.772
346.967
346.168
345.373
344.583
343.798
343.017
342.24
341.468
340.7
339.936
339.176
338.421
337.671
336.925
336.185
335.45
334.721
333.997
333.28
332.569
331.866
331.169
330.481
329.801
329.129
328.467
327.814
327.171
326.538
325.916
325.305
324.706
324.119
323.544
322.982
322.432
321.896
321.373
320.863
320.367
319.884
319.416
318.961
318.52
318.093
317.68
317.28
316.893
316.52
316.16
315.813
315.478
315.156
314.845
314.547
314.259
313.983
313.718
313.463
313.218
312.982
312.756
312.539
312.33
312.129
311.937
311.751
311.573
311.401
311.236
311.077
310.924
310.776
310.633
310.495
310.362
310.232
310.107
309.986
309.868
309.754
309.642
309.534
309.428
309.325
309.224
309.125
309.028
308.933
308.84
308.748
308.658
308.569
308.481
308.395
308.309
308.225
308.141
308.058
307.976
307.895
307.814
307.736
367.743
372.832
377.786
382.506
386.941
391.064
394.863
398.324
401.438
404.189
406.557
408.518
410.04
411.084
411.605
411.548
410.855
409.469
407.353
404.545
401.234
397.82
394.547
391.509
388.725
386.177
383.841
381.691
379.701
377.851
376.122
374.5
372.972
371.525
370.151
368.841
367.588
366.386
365.23
364.114
363.034
361.987
360.969
359.978
359.01
358.064
357.136
356.226
355.331
354.45
353.582
352.725
351.877
351.039
350.209
349.387
348.571
347.761
346.957
346.159
345.365
344.575
343.79
343.01
342.233
341.461
340.693
339.929
339.17
338.415
337.665
336.919
336.179
335.444
334.715
333.991
333.274
332.563
331.859
331.163
330.475
329.794
329.123
328.46
327.807
327.164
326.531
325.909
325.299
324.7
324.113
323.538
322.975
322.426
321.89
321.367
320.857
320.361
319.879
319.411
318.956
318.515
318.088
317.675
317.275
316.889
316.516
316.156
315.809
315.475
315.153
314.843
314.544
314.257
313.981
313.716
313.461
313.216
312.981
312.755
312.538
312.329
312.129
311.936
311.751
311.573
311.401
311.236
311.077
310.924
310.776
310.634
310.496
310.362
310.233
310.108
309.987
309.869
309.755
309.643
309.535
309.429
309.326
309.225
309.126
309.029
308.934
308.841
308.749
308.659
308.57
308.483
308.396
308.311
308.226
308.142
308.06
307.977
307.896
307.816
307.737
364.043
368.471
372.853
377.105
381.167
385
388.574
391.867
394.859
397.529
399.855
401.81
403.367
404.49
405.143
405.287
404.884
403.906
402.353
400.275
397.805
395.15
392.481
389.899
387.453
385.158
383.014
381.01
379.136
377.377
375.722
374.16
372.681
371.276
369.936
368.656
367.428
366.247
365.108
364.008
362.942
361.906
360.898
359.915
358.955
358.015
357.093
356.187
355.297
354.419
353.554
352.7
351.855
351.019
350.191
349.37
348.556
347.748
346.945
346.147
345.354
344.565
343.781
343.001
342.225
341.453
340.686
339.922
339.163
338.408
337.658
336.913
336.172
335.437
334.708
333.984
333.267
332.556
331.852
331.156
330.467
329.786
329.115
328.452
327.799
327.156
326.523
325.901
325.29
324.691
324.104
323.529
322.967
322.418
321.881
321.359
320.849
320.353
319.872
319.403
318.949
318.509
318.082
317.669
317.27
316.884
316.511
316.152
315.805
315.471
315.149
314.839
314.541
314.254
313.979
313.714
313.459
313.215
312.98
312.754
312.537
312.329
312.128
311.936
311.751
311.573
311.402
311.237
311.078
310.925
310.777
310.635
310.497
310.364
310.235
310.11
309.988
309.871
309.756
309.645
309.537
309.431
309.328
309.227
309.128
309.031
308.936
308.843
308.752
308.661
308.573
308.485
308.398
308.313
308.228
308.145
308.062
307.98
307.898
307.818
307.738
360.438
364.319
368.196
372.005
375.693
379.216
382.54
385.638
388.482
391.049
393.315
395.254
396.838
398.039
398.828
399.176
399.061
398.471
397.417
395.944
394.14
392.125
390.013
387.891
385.812
383.809
381.896
380.078
378.352
376.714
375.159
373.679
372.268
370.921
369.63
368.391
367.198
366.048
364.936
363.858
362.811
361.793
360.799
359.829
358.879
357.948
357.034
356.135
355.251
354.379
353.518
352.668
351.827
350.994
350.169
349.35
348.538
347.731
346.93
346.133
345.342
344.554
343.771
342.991
342.216
341.445
340.677
339.914
339.155
338.401
337.65
336.905
336.165
335.43
334.7
333.976
333.259
332.548
331.844
331.147
330.458
329.777
329.105
328.442
327.789
327.146
326.513
325.891
325.28
324.681
324.094
323.519
322.957
322.407
321.871
321.349
320.839
320.344
319.862
319.394
318.94
318.5
318.074
317.661
317.262
316.877
316.505
316.146
315.799
315.466
315.144
314.835
314.537
314.251
313.976
313.711
313.457
313.213
312.978
312.753
312.536
312.328
312.128
311.936
311.751
311.573
311.402
311.238
311.079
310.926
310.779
310.636
310.499
310.366
310.237
310.112
309.991
309.873
309.759
309.648
309.539
309.434
309.33
309.23
309.131
309.034
308.939
308.846
308.755
308.664
308.576
308.488
308.402
308.316
308.232
308.148
308.065
307.983
307.901
307.821
307.741
356.918
360.335
363.769
367.172
370.499
373.713
376.777
379.663
382.342
384.789
386.979
388.887
390.489
391.759
392.674
393.215
393.366
393.125
392.502
391.534
390.276
388.803
387.193
385.511
383.809
382.12
380.468
378.866
377.319
375.831
374.401
373.027
371.706
370.435
369.209
368.026
366.882
365.773
364.698
363.651
362.632
361.637
360.664
359.712
358.778
357.86
356.957
356.068
355.192
354.327
353.473
352.628
351.792
350.963
350.141
349.326
348.516
347.712
346.913
346.118
345.328
344.542
343.76
342.981
342.207
341.436
340.669
339.907
339.148
338.393
337.643
336.898
336.158
335.422
334.692
333.968
333.251
332.539
331.835
331.138
330.449
329.768
329.095
328.432
327.778
327.135
326.501
325.879
325.268
324.669
324.082
323.507
322.945
322.396
321.86
321.337
320.828
320.333
319.851
319.384
318.93
318.491
318.065
317.653
317.254
316.869
316.497
316.139
315.793
315.46
315.139
314.83
314.533
314.247
313.972
313.708
313.454
313.211
312.976
312.752
312.535
312.328
312.128
311.936
311.752
311.575
311.404
311.239
311.081
310.928
310.781
310.639
310.501
310.369
310.24
310.115
309.994
309.877
309.763
309.651
309.543
309.438
309.335
309.234
309.135
309.038
308.944
308.851
308.759
308.669
308.58
308.493
308.406
308.321
308.236
308.152
308.07
307.987
307.906
307.825
307.745
353.481
356.499
359.543
362.579
365.571
368.485
371.29
373.958
376.462
378.777
380.878
382.742
384.346
385.671
386.696
387.406
387.792
387.851
387.595
387.047
386.243
385.233
384.068
382.797
381.461
380.094
378.72
377.356
376.014
374.701
373.421
372.176
370.966
369.79
368.648
367.537
366.456
365.403
364.375
363.371
362.389
361.426
360.482
359.554
358.642
357.743
356.857
355.982
355.117
354.262
353.417
352.579
351.749
350.926
350.109
349.298
348.492
347.691
346.895
346.102
345.314
344.53
343.749
342.972
342.198
341.429
340.662
339.9
339.142
338.388
337.638
336.892
336.152
335.416
334.686
333.961
333.243
332.531
331.827
331.129
330.439
329.758
329.085
328.421
327.767
327.123
326.489
325.867
325.255
324.656
324.069
323.494
322.931
322.382
321.846
321.324
320.815
320.32
319.839
319.372
318.919
318.48
318.054
317.643
317.245
316.86
316.489
316.131
315.786
315.453
315.133
314.825
314.528
314.243
313.969
313.706
313.452
313.209
312.976
312.751
312.535
312.328
312.129
311.938
311.754
311.577
311.406
311.242
311.084
310.932
310.785
310.643
310.506
310.373
310.245
310.12
309.999
309.882
309.768
309.657
309.549
309.443
309.34
309.24
309.141
309.044
308.95
308.857
308.765
308.675
308.586
308.499
308.412
308.327
308.242
308.159
308.076
307.994
307.912
307.831
307.751
350.136
352.805
355.506
358.212
360.894
363.526
366.081
368.533
370.858
373.033
375.034
376.841
378.434
379.795
380.907
381.758
382.341
382.653
382.701
382.502
382.078
381.461
380.687
379.788
378.8
377.748
376.657
375.544
374.424
373.305
372.196
371.1
370.021
368.961
367.92
366.899
365.897
364.913
363.947
362.997
362.063
361.144
360.237
359.343
358.459
357.586
356.723
355.867
355.02
354.18
353.346
352.518
351.697
350.881
350.071
349.265
348.464
347.668
346.875
346.086
345.3
344.518
343.739
342.964
342.191
341.423
340.657
339.896
339.138
338.384
337.634
336.888
336.148
335.412
334.681
333.956
333.237
332.525
331.819
331.121
330.431
329.748
329.075
328.411
327.756
327.111
326.477
325.854
325.242
324.643
324.055
323.48
322.918
322.368
321.833
321.31
320.802
320.307
319.827
319.36
318.907
318.468
318.043
317.632
317.235
316.851
316.481
316.124
315.779
315.447
315.128
314.82
314.524
314.24
313.966
313.704
313.451
313.209
312.976
312.752
312.537
312.33
312.131
311.941
311.757
311.58
311.411
311.247
311.089
310.937
310.79
310.649
310.512
310.379
310.251
310.127
310.006
309.889
309.775
309.664
309.556
309.451
309.348
309.247
309.149
309.052
308.958
308.865
308.773
308.683
308.595
308.507
308.421
308.335
308.251
308.167
308.084
308.002
307.921
307.839
307.759
346.89
349.253
351.65
354.06
356.461
358.831
361.149
363.392
365.54
367.571
369.465
371.204
372.77
374.148
375.322
376.283
377.024
377.541
377.839
377.926
377.817
377.533
377.096
376.53
375.861
375.109
374.295
373.436
372.545
371.634
370.71
369.781
368.851
367.923
367.001
366.086
365.179
364.28
363.39
362.509
361.635
360.77
359.912
359.061
358.216
357.377
356.543
355.715
354.891
354.071
353.254
352.442
351.633
350.827
350.026
349.228
348.433
347.642
346.853
346.068
345.286
344.507
343.731
342.957
342.187
341.42
340.655
339.894
339.137
338.383
337.634
336.888
336.147
335.411
334.68
333.954
333.234
332.521
331.815
331.116
330.424
329.741
329.067
328.401
327.746
327.1
326.466
325.842
325.23
324.63
324.042
323.466
322.904
322.355
321.819
321.297
320.788
320.294
319.814
319.347
318.895
318.457
318.033
317.622
317.226
316.843
316.473
316.116
315.773
315.442
315.123
314.816
314.521
314.238
313.965
313.703
313.451
313.21
312.977
312.754
312.54
312.334
312.136
311.945
311.762
311.586
311.417
311.254
311.096
310.945
310.798
310.657
310.521
310.388
310.26
310.136
310.016
309.899
309.785
309.675
309.567
309.461
309.359
309.258
309.16
309.063
308.969
308.876
308.784
308.694
308.606
308.518
308.432
308.347
308.262
308.179
308.096
308.014
307.932
307.851
307.77
343.754
345.848
347.974
350.119
352.265
354.396
356.492
358.537
360.512
362.399
364.182
365.843
367.369
368.743
369.956
370.996
371.857
372.535
373.032
373.351
373.5
373.493
373.344
373.069
372.687
372.212
371.662
371.05
370.389
369.69
368.96
368.209
367.441
366.661
365.872
365.078
364.281
363.482
362.682
361.882
361.083
360.284
359.487
358.69
357.894
357.099
356.304
355.511
354.717
353.925
353.132
352.341
351.55
350.759
349.97
349.182
348.396
347.612
346.83
346.05
345.273
344.497
343.724
342.954
342.185
341.42
340.657
339.897
339.14
338.387
337.638
336.892
336.151
335.414
334.682
333.956
333.235
332.521
331.814
331.113
330.421
329.737
329.061
328.395
327.738
327.092
326.456
325.832
325.219
324.618
324.029
323.454
322.891
322.342
321.806
321.284
320.776
320.282
319.802
319.336
318.884
318.446
318.023
317.613
317.218
316.835
316.466
316.111
315.768
315.438
315.12
314.814
314.52
314.238
313.966
313.705
313.454
313.213
312.981
312.759
312.545
312.34
312.143
311.953
311.771
311.595
311.426
311.264
311.107
310.956
310.81
310.669
310.533
310.401
310.273
310.149
310.029
309.912
309.799
309.688
309.581
309.475
309.373
309.272
309.174
309.078
308.983
308.89
308.799
308.709
308.621
308.533
308.447
308.362
308.277
308.194
308.111
308.029
307.947
307.865
307.784
340.741
342.595
344.482
346.389
348.306
350.217
352.109
353.967
355.777
357.523
359.191
360.768
362.239
363.594
364.821
365.912
366.859
367.658
368.308
368.809
369.167
369.388
369.48
369.455
369.324
369.099
368.792
368.414
367.975
367.485
366.953
366.384
365.786
365.163
364.52
363.86
363.185
362.499
361.802
361.097
360.385
359.666
358.94
358.21
357.474
356.733
355.988
355.239
354.485
353.728
352.968
352.204
351.437
350.668
349.897
349.125
348.351
347.577
346.803
346.031
345.259
344.489
343.72
342.953
342.187
341.424
340.663
339.905
339.149
338.396
337.647
336.901
336.16
335.423
334.69
333.963
333.241
332.526
331.817
331.116
330.422
329.736
329.06
328.392
327.734
327.087
326.45
325.824
325.211
324.609
324.02
323.444
322.881
322.331
321.795
321.273
320.765
320.271
319.792
319.326
318.875
318.438
318.016
317.607
317.212
316.831
316.463
316.108
315.766
315.437
315.12
314.816
314.523
314.241
313.97
313.71
313.46
313.22
312.989
312.768
312.555
312.351
312.154
311.965
311.783
311.608
311.44
311.278
311.122
310.971
310.825
310.685
310.549
310.417
310.29
310.167
310.047
309.93
309.817
309.706
309.599
309.494
309.391
309.291
309.193
309.097
309.002
308.909
308.818
308.728
308.64
308.552
308.466
308.381
308.296
308.213
308.13
308.048
307.966
307.885
307.804
337.863
339.504
341.176
342.872
344.581
346.293
347.997
349.682
351.334
352.943
354.497
355.983
357.391
358.71
359.931
361.046
362.048
362.932
363.695
364.337
364.858
365.261
365.552
365.736
365.821
365.815
365.726
365.563
365.333
365.044
364.704
364.318
363.892
363.431
362.94
362.422
361.88
361.317
360.735
360.136
359.522
358.894
358.253
357.6
356.935
356.26
355.575
354.881
354.177
353.465
352.745
352.017
351.283
350.543
349.797
349.046
348.29
347.532
346.77
346.007
345.244
344.48
343.717
342.954
342.193
341.433
340.674
339.918
339.164
338.412
337.663
336.918
336.176
335.438
334.705
333.977
333.255
332.538
331.828
331.125
330.43
329.742
329.064
328.395
327.736
327.087
326.449
325.822
325.208
324.605
324.015
323.438
322.875
322.325
321.789
321.267
320.759
320.265
319.786
319.321
318.871
318.434
318.012
317.604
317.21
316.83
316.463
316.109
315.769
315.441
315.125
314.821
314.529
314.249
313.979
313.72
313.471
313.232
313.002
312.782
312.57
312.366
312.17
311.982
311.801
311.627
311.459
311.298
311.142
310.992
310.847
310.707
310.571
310.44
310.313
310.189
310.07
309.954
309.84
309.73
309.623
309.518
309.415
309.315
309.217
309.121
309.026
308.934
308.843
308.753
308.664
308.577
308.491
308.406
308.321
308.238
308.155
308.073
307.991
307.91
307.828
335.131
336.583
338.065
339.571
341.093
342.625
344.156
345.679
347.184
348.661
350.1
351.492
352.828
354.099
355.297
356.413
357.443
358.381
359.223
359.966
360.61
361.156
361.605
361.961
362.227
362.408
362.51
362.538
362.499
362.397
362.239
362.029
361.772
361.473
361.136
360.765
360.361
359.929
359.47
358.987
358.481
357.954
357.408
356.843
356.261
355.662
355.047
354.418
353.774
353.117
352.447
351.766
351.072
350.369
349.656
348.933
348.203
347.467
346.724
345.976
345.224
344.47
343.714
342.958
342.202
341.446
340.691
339.937
339.185
338.435
337.687
336.942
336.201
335.463
334.729
334
333.276
332.558
331.847
331.142
330.445
329.757
329.077
328.406
327.745
327.095
326.455
325.827
325.211
324.608
324.017
323.44
322.876
322.325
321.789
321.267
320.759
320.265
319.787
319.322
318.872
318.437
318.015
317.608
317.215
316.836
316.47
316.117
315.778
315.451
315.136
314.834
314.543
314.263
313.995
313.737
313.489
313.251
313.022
312.803
312.592
312.389
312.194
312.006
311.826
311.653
311.486
311.325
311.169
311.02
310.875
310.735
310.6
310.469
310.342
310.219
310.1
309.984
309.871
309.761
309.654
309.549
309.446
309.346
309.248
309.152
309.058
308.965
308.874
308.784
308.696
308.608
308.522
308.437
308.353
308.269
308.186
308.104
308.023
307.941
307.86
332.56
333.842
335.153
336.489
337.844
339.211
340.586
341.959
343.325
344.675
346.003
347.299
348.557
349.769
350.928
352.028
353.063
354.027
354.917
355.73
356.462
357.114
357.685
358.176
358.589
358.926
359.19
359.385
359.514
359.581
359.59
359.545
359.45
359.308
359.122
358.897
358.633
358.335
358.004
357.643
357.253
356.835
356.392
355.925
355.434
354.921
354.387
353.833
353.259
352.667
352.057
351.431
350.788
350.131
349.459
348.774
348.078
347.37
346.653
345.927
345.193
344.454
343.71
342.963
342.214
341.464
340.713
339.963
339.214
338.466
337.72
336.976
336.235
335.497
334.763
334.033
333.309
332.59
331.877
331.171
330.472
329.781
329.1
328.427
327.765
327.113
326.472
325.842
325.225
324.62
324.029
323.45
322.886
322.335
321.798
321.276
320.768
320.275
319.796
319.332
318.883
318.448
318.027
317.621
317.229
316.85
316.485
316.134
315.796
315.47
315.156
314.855
314.565
314.287
314.02
313.763
313.516
313.279
313.051
312.833
312.622
312.421
312.226
312.04
311.86
311.687
311.521
311.36
311.206
311.056
310.912
310.773
310.638
310.507
310.381
310.258
310.139
310.023
309.91
309.8
309.693
309.588
309.486
309.386
309.288
309.191
309.097
309.004
308.913
308.823
308.735
308.648
308.561
308.476
308.392
308.308
308.226
308.144
308.062
307.981
307.9
330.159
331.29
332.449
333.632
334.836
336.055
337.285
338.521
339.757
340.987
342.205
343.405
344.581
345.726
346.836
347.903
348.923
349.892
350.804
351.657
352.448
353.174
353.834
354.428
354.956
355.418
355.815
356.149
356.423
356.637
356.796
356.901
356.955
356.96
356.919
356.835
356.71
356.545
356.343
356.106
355.835
355.532
355.199
354.835
354.444
354.025
353.58
353.11
352.616
352.098
351.558
350.996
350.414
349.811
349.191
348.552
347.898
347.228
346.544
345.847
345.139
344.422
343.696
342.963
342.225
341.483
340.74
339.995
339.25
338.506
337.762
337.02
336.28
335.543
334.809
334.079
333.354
332.634
331.919
331.212
330.512
329.82
329.136
328.462
327.797
327.144
326.501
325.87
325.252
324.646
324.053
323.474
322.908
322.357
321.82
321.297
320.789
320.296
319.818
319.354
318.905
318.471
318.051
317.646
317.254
316.877
316.513
316.163
315.825
315.501
315.188
314.888
314.6
314.322
314.056
313.8
313.555
313.318
313.092
312.874
312.665
312.464
312.27
312.084
311.905
311.733
311.567
311.407
311.253
311.104
310.96
310.821
310.687
310.556
310.43
310.307
310.188
310.072
309.96
309.85
309.742
309.638
309.535
309.435
309.337
309.241
309.146
309.054
308.962
308.872
308.784
308.696
308.61
308.525
308.441
308.357
308.275
308.192
308.111
308.03
307.949
327.941
328.937
329.959
331.005
332.072
333.157
334.255
335.364
336.479
337.595
338.707
339.812
340.903
341.977
343.027
344.05
345.04
345.994
346.907
347.777
348.599
349.372
350.092
350.759
351.372
351.93
352.432
352.879
353.273
353.612
353.9
354.136
354.323
354.463
354.556
354.605
354.611
354.575
354.5
354.386
354.235
354.048
353.827
353.572
353.285
352.966
352.617
352.239
351.831
351.396
350.934
350.445
349.932
349.394
348.834
348.251
347.647
347.024
346.382
345.724
345.049
344.361
343.661
342.95
342.229
341.502
340.769
340.032
339.293
338.554
337.814
337.075
336.337
335.602
334.869
334.139
333.414
332.693
331.978
331.269
330.568
329.874
329.189
328.513
327.847
327.192
326.547
325.915
325.295
324.688
324.094
323.514
322.947
322.395
321.858
321.335
320.827
320.333
319.855
319.392
318.943
318.51
318.09
317.686
317.295
316.919
316.556
316.206
315.87
315.547
315.235
314.936
314.649
314.373
314.107
313.852
313.608
313.373
313.147
312.93
312.721
312.521
312.328
312.143
311.965
311.793
311.627
311.468
311.314
311.165
311.022
310.883
310.749
310.618
310.492
310.369
310.25
310.134
310.022
309.912
309.804
309.699
309.597
309.497
309.398
309.302
309.207
309.114
309.023
308.933
308.844
308.757
308.671
308.585
308.501
308.417
308.335
308.252
308.171
308.09
308.009
325.914
326.789
327.689
328.612
329.556
330.519
331.497
332.489
333.491
334.499
335.51
336.521
337.527
338.525
339.51
340.478
341.427
342.351
343.248
344.114
344.945
345.74
346.496
347.21
347.881
348.507
349.088
349.623
350.111
350.552
350.947
351.295
351.597
351.855
352.068
352.237
352.364
352.45
352.494
352.499
352.465
352.393
352.284
352.139
351.958
351.743
351.494
351.212
350.897
350.551
350.173
349.766
349.33
348.865
348.373
347.854
347.311
346.743
346.152
345.54
344.908
344.258
343.591
342.909
342.214
341.508
340.793
340.069
339.34
338.608
337.875
337.14
336.406
335.674
334.943
334.214
333.49
332.769
332.054
331.345
330.643
329.948
329.261
328.584
327.917
327.26
326.614
325.98
325.359
324.751
324.155
323.574
323.007
322.454
321.916
321.393
320.884
320.391
319.913
319.45
319.002
318.568
318.15
317.746
317.356
316.98
316.618
316.269
315.934
315.611
315.301
315.003
314.716
314.441
314.177
313.923
313.679
313.444
313.219
313.003
312.795
312.595
312.403
312.218
312.041
311.869
311.704
311.545
311.391
311.243
311.099
310.961
310.826
310.696
310.57
310.447
310.328
310.212
310.099
309.989
309.881
309.776
309.673
309.573
309.474
309.377
309.283
309.189
309.098
309.007
308.918
308.831
308.744
308.659
308.574
308.491
308.408
308.326
308.244
308.163
308.082
324.087
324.855
325.645
326.458
327.291
328.143
329.012
329.896
330.792
331.699
332.614
333.534
334.455
335.375
336.291
337.199
338.096
338.979
339.845
340.691
341.513
342.31
343.079
343.817
344.523
345.194
345.829
346.426
346.985
347.504
347.984
348.423
348.821
349.178
349.494
349.77
350.005
350.2
350.355
350.47
350.547
350.585
350.585
350.547
350.472
350.36
350.213
350.029
349.81
349.557
349.27
348.95
348.597
348.211
347.795
347.349
346.873
346.369
345.838
345.282
344.701
344.097
343.473
342.829
342.167
341.49
340.799
340.097
339.386
338.666
337.942
337.215
336.487
335.759
335.032
334.306
333.584
332.865
332.15
331.442
330.739
330.044
329.357
328.679
328.01
327.352
326.705
326.07
325.448
324.838
324.242
323.66
323.092
322.538
322
321.476
320.967
320.474
319.996
319.532
319.084
318.651
318.233
317.829
317.44
317.065
316.704
316.356
316.021
315.699
315.39
315.092
314.806
314.532
314.268
314.015
313.771
313.538
313.313
313.097
312.89
312.691
312.499
312.314
312.137
311.966
311.801
311.642
311.488
311.34
311.196
311.057
310.923
310.792
310.666
310.543
310.423
310.307
310.194
310.083
309.975
309.87
309.766
309.665
309.567
309.469
309.374
309.281
309.189
309.098
309.009
308.921
308.834
308.748
308.663
308.579
308.496
308.414
308.332
308.251
308.171
322.467
323.138
323.831
324.544
325.277
326.029
326.798
327.584
328.383
329.196
330.019
330.85
331.689
332.531
333.375
334.217
335.057
335.89
336.714
337.528
338.327
339.109
339.873
340.616
341.335
342.029
342.695
343.333
343.94
344.516
345.058
345.567
346.04
346.478
346.88
347.245
347.573
347.863
348.116
348.331
348.509
348.649
348.75
348.815
348.841
348.831
348.783
348.698
348.576
348.418
348.223
347.993
347.727
347.427
347.092
346.724
346.323
345.89
345.427
344.934
344.412
343.864
343.29
342.693
342.073
341.434
340.776
340.103
339.416
338.718
338.01
337.296
336.577
335.856
335.135
334.415
333.696
332.98
332.268
331.561
330.86
330.165
329.478
328.8
328.131
327.472
326.825
326.189
325.566
324.955
324.358
323.775
323.206
322.652
322.113
321.589
321.08
320.586
320.108
319.645
319.197
318.764
318.346
317.942
317.553
317.178
316.817
316.47
316.136
315.814
315.505
315.208
314.923
314.649
314.386
314.133
313.89
313.657
313.432
313.217
313.01
312.811
312.619
312.435
312.257
312.086
311.921
311.761
311.608
311.459
311.315
311.176
311.041
310.91
310.783
310.66
310.54
310.423
310.309
310.198
310.09
309.984
309.88
309.778
309.679
309.581
309.485
309.391
309.298
309.207
309.118
309.029
308.942
308.856
308.77
308.686
308.603
308.521
308.439
308.358
308.277
321.058
321.643
322.249
322.873
323.516
324.178
324.856
325.551
326.262
326.986
327.723
328.471
329.229
329.994
330.765
331.541
332.318
333.096
333.871
334.641
335.405
336.16
336.904
337.635
338.35
339.048
339.727
340.385
341.021
341.631
342.216
342.774
343.303
343.802
344.27
344.707
345.11
345.481
345.817
346.119
346.385
346.616
346.81
346.968
347.09
347.174
347.222
347.232
347.204
347.14
347.038
346.898
346.722
346.509
346.259
345.973
345.652
345.297
344.907
344.484
344.029
343.544
343.029
342.486
341.917
341.324
340.709
340.073
339.419
338.75
338.067
337.373
336.671
335.963
335.251
334.538
333.826
333.116
332.408
331.704
331.005
330.313
329.627
328.95
328.282
327.624
326.976
326.34
325.717
325.106
324.508
323.925
323.356
322.801
322.261
321.737
321.227
320.733
320.255
319.791
319.343
318.91
318.492
318.089
317.7
317.326
316.965
316.618
316.283
315.962
315.653
315.357
315.072
314.798
314.535
314.282
314.039
313.806
313.582
313.366
313.159
312.96
312.768
312.583
312.405
312.234
312.068
311.909
311.755
311.605
311.461
311.321
311.186
311.054
310.927
310.803
310.682
310.564
310.45
310.338
310.228
310.121
310.017
309.915
309.814
309.716
309.619
309.524
309.431
309.339
309.248
309.159
309.071
308.985
308.899
308.814
308.731
308.648
308.566
308.485
308.404
319.862
320.372
320.9
321.445
322.008
322.588
323.184
323.797
324.425
325.068
325.724
326.394
327.074
327.765
328.465
329.173
329.886
330.604
331.324
332.045
332.765
333.482
334.195
334.901
335.598
336.285
336.96
337.62
338.265
338.893
339.501
340.088
340.654
341.195
341.711
342.201
342.663
343.097
343.501
343.874
344.215
344.524
344.799
345.04
345.247
345.418
345.553
345.652
345.714
345.739
345.726
345.676
345.588
345.462
345.299
345.098
344.859
344.584
344.272
343.925
343.543
343.126
342.677
342.197
341.686
341.148
340.583
339.993
339.381
338.749
338.099
337.434
336.757
336.069
335.374
334.674
333.971
333.269
332.569
331.871
331.177
330.489
329.807
329.132
328.466
327.809
327.163
326.528
325.905
325.294
324.697
324.113
323.544
322.989
322.449
321.925
321.415
320.921
320.442
319.978
319.53
319.097
318.679
318.275
317.886
317.512
317.151
316.803
316.469
316.148
315.839
315.542
315.257
314.983
314.72
314.467
314.224
313.99
313.766
313.55
313.342
313.143
312.95
312.765
312.587
312.415
312.249
312.088
311.933
311.783
311.638
311.497
311.361
311.229
311.1
310.975
310.853
310.734
310.619
310.506
310.395
310.287
310.182
310.078
309.977
309.877
309.779
309.683
309.589
309.496
309.405
309.315
309.226
309.139
309.052
308.967
308.883
308.799
308.717
308.636
308.555
318.881
319.324
319.782
320.257
320.748
321.255
321.778
322.316
322.87
323.438
324.02
324.615
325.223
325.843
326.473
327.114
327.762
328.419
329.081
329.748
330.419
331.091
331.763
332.434
333.102
333.766
334.423
335.072
335.711
336.338
336.953
337.553
338.137
338.703
339.249
339.775
340.278
340.758
341.212
341.64
342.041
342.413
342.756
343.067
343.347
343.594
343.807
343.986
344.13
344.237
344.309
344.343
344.34
344.299
344.22
344.103
343.948
343.754
343.522
343.253
342.947
342.605
342.227
341.815
341.369
340.892
340.385
339.849
339.287
338.701
338.092
337.465
336.82
336.162
335.491
334.812
334.127
333.438
332.748
332.059
331.374
330.692
330.015
329.346
328.684
328.03
327.387
326.754
326.133
325.523
324.927
324.344
323.776
323.221
322.682
322.157
321.647
321.153
320.674
320.21
319.762
319.329
318.91
318.506
318.117
317.742
317.381
317.033
316.699
316.377
316.068
315.771
315.485
315.211
314.947
314.693
314.45
314.215
313.99
313.774
313.565
313.365
313.172
312.986
312.806
312.633
312.466
312.305
312.149
311.998
311.851
311.709
311.572
311.438
311.308
311.182
311.058
310.938
310.821
310.707
310.595
310.486
310.379
310.274
310.171
310.07
309.971
309.874
309.778
309.684
309.591
309.5
309.41
309.322
309.234
309.148
309.063
308.979
308.896
308.814
308.733
318.114
318.497
318.895
319.307
319.734
320.176
320.633
321.104
321.59
322.09
322.603
323.13
323.67
324.223
324.787
325.363
325.948
326.543
327.147
327.758
328.375
328.998
329.624
330.253
330.883
331.513
332.141
332.766
333.387
334.002
334.608
335.206
335.792
336.366
336.927
337.471
337.999
338.508
338.997
339.464
339.909
340.329
340.723
341.091
341.43
341.74
342.02
342.268
342.483
342.664
342.811
342.923
342.998
343.037
343.038
343.002
342.927
342.814
342.662
342.472
342.244
341.978
341.674
341.334
340.958
340.548
340.105
339.63
339.125
338.592
338.034
337.452
336.849
336.227
335.59
334.94
334.28
333.613
332.941
332.265
331.591
330.92
330.253
329.59
328.935
328.287
327.649
327.02
326.402
325.796
325.202
324.621
324.054
323.501
322.962
322.438
321.929
321.435
320.956
320.493
320.044
319.611
319.192
318.788
318.399
318.023
317.661
317.313
316.978
316.656
316.346
316.048
315.762
315.486
315.222
314.967
314.723
314.488
314.262
314.044
313.835
313.633
313.439
313.251
313.071
312.896
312.728
312.565
312.407
312.254
312.107
311.963
311.824
311.688
311.557
311.429
311.304
311.182
311.063
310.947
310.833
310.722
310.613
310.506
310.402
310.299
310.198
310.099
310.002
309.907
309.812
309.72
309.629
309.539
309.45
309.363
309.277
309.192
309.108
309.025
308.944
317.556
317.887
318.232
318.589
318.96
319.344
319.742
320.153
320.578
321.016
321.468
321.932
322.41
322.9
323.402
323.915
324.44
324.975
325.521
326.075
326.638
327.208
327.785
328.367
328.953
329.543
330.135
330.727
331.319
331.91
332.496
333.079
333.655
334.223
334.782
335.331
335.867
336.39
336.898
337.389
337.861
338.314
338.745
339.154
339.539
339.898
340.23
340.534
340.809
341.053
341.265
341.445
341.59
341.7
341.775
341.813
341.815
341.778
341.703
341.59
341.439
341.249
341.02
340.754
340.451
340.112
339.737
339.327
338.886
338.413
337.911
337.382
336.828
336.253
335.657
335.045
334.418
333.78
333.134
332.481
331.826
331.169
330.514
329.864
329.218
328.579
327.948
327.326
326.714
326.113
325.523
324.946
324.382
323.831
323.294
322.772
322.265
321.772
321.294
320.831
320.382
319.949
319.53
319.126
318.736
318.36
317.998
317.65
317.314
316.991
316.68
316.381
316.094
315.817
315.552
315.296
315.05
314.814
314.586
314.367
314.156
313.953
313.757
313.568
313.386
313.21
313.039
312.875
312.715
312.561
312.411
312.265
312.124
311.986
311.853
311.722
311.595
311.471
311.35
311.232
311.116
311.002
310.891
310.783
310.676
310.571
310.468
310.367
310.268
310.17
310.074
309.98
309.887
309.795
309.705
309.616
309.529
309.442
309.357
309.274
309.191
317.204
317.49
317.788
318.097
318.419
318.752
319.098
319.456
319.827
320.209
320.605
321.013
321.433
321.865
322.309
322.765
323.233
323.711
324.2
324.699
325.207
325.724
326.25
326.783
327.322
327.867
328.417
328.97
329.526
330.084
330.642
331.199
331.753
332.304
332.85
333.39
333.922
334.444
334.956
335.455
335.941
336.411
336.865
337.3
337.715
338.109
338.48
338.827
339.148
339.442
339.707
339.943
340.148
340.32
340.459
340.564
340.633
340.667
340.663
340.623
340.544
340.428
340.273
340.081
339.85
339.583
339.278
338.938
338.563
338.155
337.715
337.246
336.748
336.225
335.679
335.112
334.527
333.927
333.314
332.692
332.063
331.43
330.795
330.16
329.529
328.903
328.283
327.671
327.067
326.473
325.89
325.319
324.76
324.214
323.681
323.162
322.657
322.166
321.69
321.228
320.781
320.348
319.93
319.526
319.136
318.76
318.398
318.049
317.712
317.388
317.077
316.777
316.488
316.211
315.944
315.687
315.439
315.201
314.972
314.751
314.539
314.333
314.136
313.945
313.76
313.582
313.409
313.242
313.08
312.923
312.771
312.623
312.479
312.339
312.203
312.07
311.94
311.814
311.69
311.569
311.45
311.334
311.221
311.109
311
310.892
310.787
310.683
310.581
310.481
310.383
310.286
310.191
310.097
310.005
309.914
309.825
309.737
309.65
309.565
309.481
317.052
317.299
317.556
317.824
318.102
318.391
318.691
319.002
319.325
319.659
320.004
320.361
320.729
321.109
321.5
321.903
322.317
322.742
323.177
323.623
324.079
324.544
325.019
325.501
325.992
326.49
326.995
327.505
328.02
328.54
329.061
329.585
330.11
330.634
331.157
331.677
332.193
332.703
333.206
333.701
334.187
334.661
335.123
335.57
336.002
336.416
336.812
337.187
337.54
337.871
338.176
338.455
338.707
338.929
339.122
339.283
339.411
339.506
339.567
339.591
339.58
339.532
339.447
339.325
339.165
338.967
338.733
338.463
338.157
337.816
337.441
337.035
336.599
336.134
335.644
335.129
334.593
334.039
333.468
332.885
332.291
331.689
331.081
330.472
329.861
329.252
328.648
328.05
327.459
326.876
326.303
325.74
325.189
324.649
324.122
323.608
323.108
322.621
322.148
321.689
321.244
320.813
320.396
319.993
319.604
319.228
318.866
318.517
318.18
317.856
317.543
317.242
316.953
316.674
316.405
316.147
315.898
315.658
315.427
315.204
314.989
314.782
314.582
314.388
314.201
314.021
313.846
313.676
313.511
313.352
313.196
313.046
312.899
312.756
312.616
312.48
312.347
312.218
312.091
311.967
311.845
311.726
311.609
311.494
311.381
311.271
311.162
311.056
310.951
310.848
310.746
310.647
310.549
310.452
310.357
310.264
310.172
310.082
309.993
309.906
309.82
317.093
317.306
317.529
317.76
318.001
318.252
318.512
318.782
319.062
319.353
319.654
319.966
320.288
320.621
320.964
321.318
321.683
322.058
322.444
322.84
323.246
323.661
324.086
324.52
324.963
325.413
325.871
326.336
326.808
327.285
327.766
328.252
328.741
329.231
329.723
330.215
330.705
331.194
331.678
332.158
332.631
333.097
333.554
334.001
334.436
334.857
335.263
335.653
336.026
336.378
336.71
337.02
337.306
337.566
337.8
338.005
338.181
338.327
338.441
338.522
338.57
338.583
338.56
338.502
338.408
338.278
338.111
337.909
337.67
337.397
337.089
336.749
336.377
335.975
335.544
335.088
334.607
334.105
333.584
333.046
332.494
331.931
331.359
330.782
330.201
329.618
329.037
328.458
327.884
327.316
326.757
326.207
325.666
325.137
324.619
324.112
323.618
323.138
322.67
322.215
321.774
321.347
320.932
320.532
320.144
319.77
319.409
319.06
318.723
318.399
318.086
317.785
317.494
317.214
316.944
316.684
316.434
316.192
315.959
315.734
315.517
315.307
315.105
314.909
314.719
314.536
314.357
314.185
314.017
313.854
313.696
313.542
313.391
313.245
313.102
312.962
312.826
312.693
312.562
312.434
312.309
312.186
312.065
311.947
311.83
311.716
311.604
311.493
311.385
311.278
311.173
311.07
310.968
310.869
310.77
310.674
310.579
310.486
310.395
310.305
310.217
317.32
317.505
317.697
317.898
318.107
318.324
318.55
318.785
319.028
319.281
319.543
319.815
320.096
320.387
320.688
320.998
321.319
321.649
321.989
322.338
322.698
323.066
323.444
323.831
324.227
324.631
325.043
325.462
325.889
326.322
326.761
327.205
327.654
328.106
328.562
329.019
329.478
329.936
330.393
330.849
331.301
331.748
332.189
332.624
333.05
333.466
333.871
334.263
334.641
335.003
335.348
335.675
335.981
336.266
336.528
336.766
336.977
337.162
337.318
337.445
337.541
337.606
337.638
337.636
337.601
337.531
337.427
337.288
337.114
336.906
336.664
336.389
336.082
335.744
335.376
334.981
334.56
334.115
333.649
333.163
332.661
332.144
331.616
331.078
330.533
329.984
329.433
328.882
328.333
327.788
327.248
326.714
326.189
325.673
325.167
324.672
324.188
323.716
323.256
322.809
322.374
321.952
321.542
321.145
320.761
320.39
320.031
319.683
319.348
319.024
318.712
318.411
318.12
317.839
317.569
317.308
317.056
316.812
316.578
316.351
316.131
315.919
315.714
315.515
315.323
315.136
314.955
314.779
314.608
314.441
314.279
314.122
313.968
313.817
313.67
313.527
313.386
313.249
313.114
312.982
312.852
312.725
312.6
312.477
312.356
312.237
312.121
312.006
311.893
311.782
311.673
311.565
311.46
311.356
311.254
311.153
311.055
310.958
310.863
310.77
310.678
317.727
317.887
318.055
318.229
318.41
318.599
318.795
318.999
319.211
319.431
319.66
319.896
320.142
320.396
320.658
320.93
321.21
321.5
321.798
322.106
322.422
322.748
323.082
323.424
323.775
324.135
324.502
324.877
325.259
325.648
326.043
326.445
326.852
327.263
327.679
328.097
328.519
328.942
329.366
329.79
330.213
330.633
331.05
331.463
331.87
332.271
332.663
333.046
333.417
333.777
334.123
334.454
334.769
335.065
335.343
335.599
335.834
336.045
336.232
336.392
336.526
336.631
336.707
336.752
336.767
336.749
336.7
336.618
336.503
336.355
336.175
335.963
335.719
335.444
335.14
334.807
334.448
334.064
333.656
333.228
332.78
332.316
331.837
331.346
330.845
330.338
329.824
329.308
328.791
328.275
327.762
327.253
326.749
326.253
325.764
325.284
324.814
324.355
323.906
323.469
323.043
322.629
322.227
321.836
321.457
321.091
320.735
320.392
320.059
319.738
319.427
319.127
318.837
318.556
318.286
318.024
317.771
317.527
317.291
317.062
316.841
316.626
316.419
316.217
316.022
315.832
315.648
315.468
315.294
315.124
314.958
314.796
314.638
314.483
314.332
314.184
314.039
313.897
313.757
313.62
313.486
313.353
313.223
313.096
312.97
312.846
312.724
312.604
312.486
312.37
312.256
312.143
312.033
311.924
311.817
311.712
311.608
311.507
311.408
311.31
311.215
318.306
318.446
318.592
318.744
318.902
319.067
319.238
319.416
319.6
319.792
319.991
320.197
320.411
320.633
320.862
321.099
321.344
321.597
321.858
322.128
322.405
322.691
322.984
323.286
323.595
323.912
324.237
324.569
324.908
325.254
325.606
325.965
326.329
326.698
327.072
327.45
327.831
328.216
328.602
328.99
329.378
329.765
330.151
330.535
330.915
331.291
331.661
332.025
332.38
332.727
333.062
333.386
333.697
333.994
334.274
334.538
334.783
335.009
335.213
335.395
335.554
335.688
335.796
335.878
335.931
335.957
335.953
335.919
335.856
335.762
335.637
335.482
335.298
335.083
334.84
334.569
334.272
333.949
333.602
333.233
332.844
332.436
332.012
331.574
331.123
330.663
330.195
329.721
329.244
328.764
328.285
327.807
327.332
326.862
326.397
325.939
325.489
325.048
324.615
324.192
323.778
323.376
322.984
322.603
322.233
321.873
321.525
321.186
320.859
320.541
320.234
319.937
319.649
319.37
319.1
318.839
318.587
318.342
318.105
317.875
317.653
317.437
317.227
317.023
316.825
316.633
316.445
316.262
316.084
315.91
315.74
315.575
315.412
315.253
315.097
314.945
314.795
314.647
314.503
314.361
314.221
314.083
313.948
313.814
313.683
313.553
313.426
313.3
313.176
313.054
312.934
312.815
312.699
312.584
312.471
312.36
312.251
312.144
312.039
311.936
311.836
319.051
319.174
319.302
319.435
319.573
319.717
319.866
320.022
320.183
320.35
320.524
320.704
320.89
321.083
321.283
321.49
321.704
321.925
322.152
322.387
322.63
322.879
323.135
323.399
323.67
323.948
324.232
324.524
324.822
325.126
325.437
325.753
326.075
326.402
326.734
327.07
327.41
327.753
328.099
328.447
328.797
329.147
329.497
329.846
330.193
330.538
330.879
331.215
331.546
331.87
332.186
332.493
332.79
333.075
333.348
333.608
333.852
334.08
334.29
334.482
334.654
334.805
334.934
335.04
335.122
335.18
335.211
335.216
335.195
335.146
335.069
334.965
334.833
334.673
334.487
334.274
334.035
333.772
333.485
333.177
332.847
332.498
332.132
331.751
331.355
330.948
330.531
330.105
329.674
329.238
328.8
328.36
327.921
327.484
327.051
326.621
326.197
325.78
325.369
324.966
324.572
324.186
323.809
323.442
323.084
322.735
322.396
322.066
321.746
321.435
321.134
320.841
320.558
320.283
320.016
319.757
319.506
319.262
319.026
318.796
318.573
318.356
318.145
317.94
317.74
317.545
317.355
317.169
316.987
316.81
316.636
316.466
316.3
316.136
315.976
315.818
315.663
315.511
315.361
315.213
315.068
314.924
314.783
314.643
314.506
314.37
314.236
314.104
313.973
313.844
313.717
313.592
313.469
313.347
313.227
313.109
312.993
312.879
312.768
312.658
312.551
319.951
320.059
320.172
320.289
320.411
320.537
320.668
320.804
320.945
321.091
321.243
321.4
321.563
321.731
321.905
322.085
322.271
322.463
322.661
322.865
323.075
323.292
323.515
323.744
323.979
324.22
324.467
324.721
324.98
325.245
325.515
325.791
326.072
326.357
326.648
326.942
327.24
327.542
327.846
328.153
328.462
328.772
329.083
329.393
329.703
330.012
330.318
330.622
330.921
331.216
331.504
331.787
332.061
332.326
332.582
332.827
333.06
333.28
333.486
333.676
333.85
334.007
334.146
334.266
334.365
334.443
334.499
334.532
334.542
334.529
334.491
334.428
334.341
334.23
334.093
333.933
333.748
333.541
333.312
333.061
332.79
332.5
332.193
331.869
331.531
331.18
330.818
330.446
330.066
329.68
329.289
328.895
328.499
328.102
327.706
327.312
326.922
326.535
326.153
325.777
325.406
325.043
324.687
324.338
323.997
323.664
323.339
323.023
322.714
322.414
322.121
321.837
321.561
321.292
321.03
320.776
320.528
320.288
320.054
319.825
319.603
319.387
319.176
318.97
318.769
318.572
318.38
318.192
318.008
317.828
317.651
317.477
317.307
317.139
316.974
316.812
316.652
316.494
316.339
316.185
316.034
315.884
315.737
315.591
315.447
315.304
315.163
315.024
314.886
314.75
314.616
314.483
314.352
314.222
314.095
313.969
313.845
313.722
313.602
313.484
313.369
320.993
321.089
321.189
321.292
321.399
321.511
321.626
321.745
321.869
321.997
322.129
322.266
322.408
322.554
322.705
322.861
323.022
323.188
323.359
323.536
323.717
323.904
324.096
324.293
324.495
324.703
324.915
325.133
325.356
325.584
325.816
326.053
326.294
326.54
326.79
327.043
327.3
327.56
327.823
328.088
328.355
328.624
328.893
329.164
329.434
329.703
329.971
330.237
330.501
330.761
331.017
331.268
331.513
331.752
331.983
332.206
332.419
332.622
332.814
332.994
333.161
333.314
333.452
333.574
333.68
333.768
333.838
333.889
333.921
333.932
333.923
333.893
333.842
333.769
333.675
333.56
333.423
333.266
333.089
332.892
332.676
332.442
332.192
331.926
331.646
331.352
331.047
330.731
330.406
330.073
329.735
329.391
329.043
328.693
328.341
327.99
327.639
327.29
326.943
326.6
326.261
325.926
325.597
325.273
324.955
324.644
324.338
324.039
323.747
323.462
323.183
322.911
322.645
322.386
322.133
321.886
321.645
321.41
321.181
320.957
320.738
320.524
320.314
320.11
319.909
319.713
319.52
319.331
319.145
318.963
318.784
318.607
318.433
318.262
318.093
317.926
317.762
317.599
317.439
317.28
317.123
316.967
316.813
316.661
316.51
316.361
316.213
316.066
315.921
315.777
315.635
315.494
315.354
315.216
315.08
314.945
314.811
314.679
314.549
314.42
314.294
322.155
322.241
322.329
322.421
322.516
322.614
322.715
322.82
322.928
323.04
323.155
323.274
323.397
323.523
323.654
323.788
323.927
324.069
324.216
324.367
324.522
324.681
324.845
325.013
325.185
325.361
325.541
325.726
325.915
326.107
326.304
326.504
326.708
326.916
327.126
327.34
327.557
327.776
327.998
328.222
328.448
328.675
328.903
329.132
329.361
329.59
329.818
330.044
330.269
330.492
330.712
330.928
331.139
331.346
331.547
331.742
331.929
332.109
332.28
332.442
332.593
332.733
332.862
332.978
333.082
333.171
333.245
333.305
333.348
333.375
333.385
333.378
333.353
333.311
333.25
333.171
333.074
332.96
332.828
332.678
332.513
332.331
332.133
331.922
331.697
331.459
331.21
330.95
330.681
330.403
330.119
329.828
329.533
329.233
328.931
328.627
328.321
328.016
327.711
327.407
327.106
326.807
326.511
326.218
325.929
325.645
325.365
325.09
324.819
324.554
324.294
324.038
323.788
323.543
323.303
323.067
322.837
322.611
322.39
322.173
321.96
321.751
321.546
321.345
321.147
320.952
320.761
320.573
320.387
320.205
320.024
319.846
319.67
319.497
319.325
319.155
318.986
318.82
318.655
318.491
318.329
318.168
318.008
317.849
317.692
317.536
317.381
317.227
317.074
316.922
316.772
316.622
316.474
316.327
316.181
316.036
315.893
315.75
315.609
315.468
315.329
323.406
323.483
323.561
323.642
323.726
323.812
323.901
323.992
324.087
324.184
324.283
324.386
324.492
324.601
324.712
324.827
324.945
325.066
325.19
325.318
325.449
325.583
325.72
325.861
326.004
326.151
326.302
326.455
326.612
326.771
326.934
327.1
327.268
327.439
327.613
327.789
327.967
328.148
328.33
328.514
328.699
328.886
329.073
329.261
329.449
329.638
329.825
330.012
330.198
330.382
330.564
330.743
330.919
331.091
331.259
331.422
331.58
331.732
331.877
332.015
332.146
332.268
332.381
332.484
332.577
332.66
332.731
332.79
332.837
332.871
332.891
332.898
332.891
332.869
332.833
332.783
332.717
332.637
332.542
332.433
332.31
332.173
332.023
331.861
331.686
331.5
331.304
331.098
330.883
330.659
330.429
330.192
329.95
329.702
329.451
329.197
328.941
328.683
328.424
328.164
327.905
327.647
327.389
327.134
326.88
326.629
326.38
326.134
325.891
325.651
325.415
325.182
324.953
324.726
324.504
324.285
324.069
323.856
323.647
323.441
323.238
323.038
322.84
322.646
322.454
322.264
322.077
321.892
321.709
321.527
321.348
321.171
320.995
320.82
320.647
320.475
320.304
320.135
319.966
319.799
319.632
319.467
319.302
319.138
318.975
318.813
318.651
318.49
318.33
318.171
318.013
317.855
317.698
317.542
317.387
317.232
317.078
316.924
316.771
316.618
316.464
324.696
324.764
324.834
324.905
324.978
325.054
325.131
325.21
325.291
325.375
325.46
325.548
325.638
325.73
325.824
325.921
326.02
326.121
326.225
326.331
326.439
326.55
326.663
326.779
326.896
327.017
327.139
327.264
327.391
327.52
327.651
327.785
327.92
328.057
328.197
328.337
328.48
328.624
328.769
328.915
329.062
329.21
329.359
329.508
329.657
329.806
329.955
330.103
330.25
330.396
330.54
330.682
330.821
330.959
331.092
331.223
331.349
331.471
331.589
331.701
331.807
331.907
332.001
332.087
332.165
332.236
332.298
332.35
332.394
332.428
332.452
332.465
332.467
332.459
332.439
332.408
332.366
332.312
332.246
332.169
332.081
331.982
331.872
331.751
331.621
331.481
331.332
331.174
331.009
330.836
330.656
330.47
330.279
330.083
329.883
329.679
329.471
329.262
329.05
328.837
328.622
328.407
328.192
327.977
327.762
327.548
327.335
327.122
326.912
326.702
326.495
326.289
326.085
325.882
325.682
325.484
325.287
325.092
324.899
324.708
324.519
324.332
324.146
323.962
323.779
323.597
323.417
323.239
323.061
322.884
322.709
322.534
322.361
322.188
322.016
321.844
321.673
321.503
321.333
321.163
320.994
320.826
320.657
320.49
320.322
320.155
319.988
319.822
319.655
319.49
319.324
319.159
318.995
318.83
318.666
318.502
318.338
318.173
318.008
317.842
317.674
325.958
326.017
326.078
326.14
326.204
326.269
326.335
326.403
326.472
326.543
326.615
326.689
326.764
326.841
326.92
326.999
327.081
327.164
327.249
327.335
327.423
327.513
327.604
327.696
327.791
327.887
327.984
328.083
328.183
328.285
328.388
328.492
328.598
328.704
328.812
328.921
329.031
329.142
329.254
329.366
329.479
329.592
329.705
329.818
329.932
330.045
330.158
330.27
330.381
330.491
330.6
330.707
330.813
330.916
331.017
331.116
331.212
331.304
331.393
331.478
331.56
331.636
331.708
331.775
331.836
331.892
331.941
331.984
332.02
332.049
332.071
332.085
332.091
332.089
332.079
332.061
332.034
331.998
331.954
331.902
331.84
331.771
331.693
331.607
331.513
331.411
331.302
331.186
331.064
330.935
330.801
330.661
330.516
330.366
330.213
330.055
329.895
329.731
329.565
329.396
329.226
329.054
328.88
328.706
328.531
328.355
328.178
328.002
327.825
327.649
327.473
327.296
327.121
326.945
326.77
326.596
326.422
326.249
326.076
325.903
325.731
325.56
325.389
325.218
325.048
324.878
324.708
324.539
324.37
324.201
324.032
323.864
323.695
323.526
323.358
323.189
323.02
322.851
322.682
322.513
322.344
322.174
322.005
321.835
321.665
321.495
321.325
321.154
320.984
320.813
320.643
320.472
320.301
320.13
319.958
319.786
319.614
319.44
319.264
319.086
318.905
327.101
327.153
327.206
327.26
327.314
327.37
327.426
327.484
327.542
327.601
327.662
327.723
327.785
327.848
327.912
327.978
328.044
328.111
328.179
328.248
328.318
328.389
328.461
328.534
328.607
328.682
328.758
328.834
328.911
328.989
329.068
329.147
329.227
329.308
329.389
329.471
329.553
329.635
329.718
329.801
329.884
329.967
330.05
330.133
330.216
330.298
330.38
330.461
330.541
330.62
330.699
330.776
330.851
330.925
330.997
331.068
331.136
331.202
331.265
331.326
331.384
331.439
331.49
331.538
331.582
331.622
331.657
331.689
331.715
331.737
331.754
331.765
331.771
331.771
331.766
331.754
331.737
331.713
331.683
331.648
331.606
331.558
331.504
331.444
331.378
331.307
331.23
331.147
331.06
330.967
330.87
330.768
330.663
330.553
330.439
330.322
330.202
330.078
329.952
329.823
329.692
329.559
329.424
329.287
329.148
329.008
328.867
328.724
328.58
328.435
328.289
328.142
327.995
327.846
327.697
327.547
327.396
327.245
327.093
326.94
326.787
326.633
326.478
326.323
326.167
326.011
325.853
325.695
325.537
325.377
325.217
325.057
324.895
324.733
324.57
324.406
324.242
324.077
323.911
323.744
323.577
323.408
323.24
323.07
322.9
322.729
322.557
322.385
322.213
322.04
321.866
321.692
321.517
321.341
321.165
320.987
320.808
320.628
320.444
320.257
320.063
328.016
328.062
328.108
328.154
328.202
328.249
328.298
328.346
328.396
328.446
328.496
328.548
328.599
328.651
328.704
328.757
328.811
328.866
328.92
328.976
329.032
329.088
329.145
329.202
329.26
329.318
329.376
329.435
329.494
329.554
329.613
329.673
329.734
329.794
329.855
329.915
329.976
330.036
330.097
330.157
330.218
330.278
330.338
330.397
330.456
330.514
330.572
330.629
330.685
330.741
330.795
330.849
330.901
330.952
331.002
331.05
331.097
331.142
331.185
331.226
331.265
331.301
331.336
331.368
331.397
331.423
331.447
331.468
331.485
331.499
331.51
331.517
331.52
331.52
331.516
331.507
331.495
331.478
331.458
331.433
331.403
331.37
331.332
331.29
331.244
331.194
331.14
331.082
331.02
330.954
330.884
330.811
330.734
330.655
330.571
330.485
330.396
330.303
330.209
330.111
330.011
329.908
329.804
329.696
329.587
329.476
329.363
329.247
329.13
329.011
328.89
328.768
328.644
328.518
328.39
328.261
328.13
327.998
327.864
327.729
327.592
327.454
327.314
327.173
327.03
326.886
326.74
326.593
326.445
326.295
326.143
325.991
325.837
325.681
325.525
325.367
325.207
325.047
324.885
324.722
324.557
324.392
324.225
324.057
323.888
323.718
323.547
323.375
323.202
323.028
322.854
322.678
322.501
322.323
322.144
321.964
321.781
321.596
321.408
321.214
321.013
328.566
328.607
328.649
328.692
328.734
328.777
328.821
328.864
328.908
328.953
328.997
329.042
329.087
329.133
329.179
329.225
329.271
329.318
329.365
329.412
329.46
329.507
329.555
329.603
329.651
329.699
329.748
329.796
329.845
329.893
329.942
329.99
330.039
330.087
330.135
330.184
330.232
330.279
330.327
330.374
330.421
330.467
330.513
330.559
330.604
330.648
330.692
330.735
330.777
330.819
330.859
330.899
330.937
330.974
331.011
331.046
331.079
331.111
331.142
331.171
331.199
331.224
331.248
331.27
331.29
331.308
331.324
331.338
331.349
331.358
331.364
331.368
331.369
331.367
331.362
331.355
331.345
331.331
331.315
331.295
331.272
331.246
331.217
331.185
331.15
331.112
331.07
331.025
330.978
330.927
330.873
330.816
330.756
330.694
330.628
330.56
330.489
330.415
330.338
330.259
330.177
330.093
330.006
329.916
329.825
329.73
329.634
329.535
329.434
329.33
329.225
329.117
329.007
328.894
328.78
328.664
328.545
328.424
328.302
328.177
328.051
327.922
327.791
327.659
327.524
327.388
327.25
327.11
326.968
326.824
326.678
326.531
326.382
326.231
326.079
325.925
325.769
325.612
325.453
325.293
325.131
324.967
324.802
324.636
324.469
324.3
324.13
323.959
323.786
323.612
323.438
323.262
323.085
322.906
322.726
322.545
322.361
322.174
321.984
321.787
321.581
307.582
307.357
307.132
306.905
306.678
306.449
306.218
305.984
305.747
305.506
305.26
305.011
304.757
304.499
304.237
303.971
303.703
303.434
303.164
302.896
302.63
302.369
302.113
301.867
301.631
301.407
301.199
301.008
300.835
300.682
300.549
300.436
300.341
300.264
300.202
300.152
300.114
300.084
300.061
300.044
300.032
300.022
300.016
300.011
300.007
300.005
300.003
300.002
300.001
300.001
300.001
307.583
307.358
307.132
306.906
306.678
306.449
306.218
305.984
305.747
305.506
305.261
305.011
304.757
304.499
304.237
303.972
303.704
303.435
303.165
302.897
302.631
302.369
302.114
301.867
301.631
301.408
301.2
301.008
300.836
300.682
300.549
300.436
300.341
300.264
300.202
300.152
300.114
300.084
300.061
300.044
300.032
300.022
300.016
300.011
300.007
300.005
300.003
300.002
300.001
300.001
300.001
307.584
307.358
307.133
306.907
306.679
306.45
306.219
305.985
305.748
305.507
305.262
305.013
304.759
304.501
304.239
303.973
303.705
303.436
303.167
302.898
302.632
302.371
302.115
301.869
301.632
301.409
301.201
301.009
300.836
300.683
300.55
300.436
300.342
300.264
300.202
300.152
300.114
300.084
300.061
300.044
300.032
300.022
300.016
300.011
300.007
300.005
300.003
300.002
300.001
300.001
300.001
307.585
307.36
307.135
306.908
306.681
306.452
306.221
305.987
305.75
305.51
305.265
305.015
304.761
304.503
304.241
303.976
303.708
303.439
303.169
302.901
302.635
302.373
302.118
301.871
301.635
301.411
301.202
301.011
300.838
300.684
300.551
300.437
300.342
300.265
300.202
300.153
300.114
300.084
300.061
300.044
300.032
300.022
300.016
300.011
300.007
300.005
300.003
300.002
300.001
300.001
300.001
307.588
307.363
307.137
306.911
306.684
306.455
306.224
305.991
305.754
305.513
305.268
305.019
304.765
304.507
304.246
303.98
303.713
303.444
303.174
302.905
302.639
302.378
302.122
301.875
301.638
301.414
301.205
301.013
300.84
300.686
300.552
300.438
300.343
300.265
300.203
300.153
300.114
300.084
300.062
300.045
300.032
300.022
300.016
300.011
300.007
300.005
300.003
300.002
300.001
300.001
300.001
307.591
307.366
307.141
306.915
306.688
306.459
306.229
305.995
305.759
305.518
305.274
305.025
304.771
304.514
304.252
303.987
303.719
303.45
303.181
302.912
302.646
302.384
302.128
301.88
301.643
301.419
301.209
301.017
300.843
300.689
300.554
300.44
300.344
300.266
300.203
300.154
300.115
300.085
300.062
300.045
300.032
300.023
300.016
300.011
300.007
300.005
300.003
300.002
300.001
300.001
300.001
307.596
307.372
307.146
306.92
306.694
306.465
306.235
306.002
305.766
305.526
305.282
305.033
304.78
304.522
304.261
303.996
303.729
303.459
303.19
302.921
302.655
302.392
302.136
301.888
301.65
301.425
301.215
301.022
300.847
300.692
300.557
300.442
300.346
300.268
300.204
300.154
300.115
300.085
300.062
300.045
300.032
300.023
300.016
300.011
300.007
300.005
300.003
300.002
300.001
300.001
300.001
307.603
307.379
307.154
306.928
306.702
306.474
306.244
306.011
305.776
305.536
305.292
305.044
304.791
304.534
304.273
304.009
303.741
303.472
303.202
302.933
302.666
302.404
302.147
301.898
301.659
301.433
301.222
301.028
300.852
300.696
300.561
300.445
300.348
300.269
300.206
300.155
300.116
300.086
300.063
300.045
300.032
300.023
300.016
300.011
300.008
300.005
300.003
300.002
300.001
300.001
300.001
307.612
307.388
307.164
306.939
306.712
306.485
306.256
306.024
305.789
305.55
305.307
305.059
304.807
304.55
304.289
304.025
303.758
303.489
303.219
302.949
302.682
302.418
302.161
301.911
301.671
301.444
301.232
301.036
300.859
300.702
300.565
300.449
300.351
300.271
300.207
300.157
300.117
300.086
300.063
300.046
300.033
300.023
300.016
300.011
300.008
300.005
300.003
300.002
300.001
300.001
300.001
307.624
307.401
307.177
306.952
306.727
306.5
306.271
306.04
305.806
305.568
305.325
305.078
304.827
304.571
304.31
304.046
303.779
303.51
303.24
302.97
302.702
302.438
302.179
301.928
301.687
301.458
301.244
301.047
300.868
300.709
300.571
300.453
300.355
300.274
300.209
300.158
300.118
300.087
300.064
300.046
300.033
300.023
300.016
300.011
300.008
300.005
300.003
300.002
300.001
300.001
300.001
307.64
307.418
307.194
306.97
306.745
306.519
306.291
306.061
305.828
305.591
305.349
305.103
304.852
304.597
304.337
304.073
303.806
303.537
303.266
302.996
302.727
302.461
302.201
301.949
301.706
301.475
301.259
301.059
300.879
300.718
300.578
300.459
300.359
300.278
300.212
300.16
300.119
300.088
300.064
300.046
300.033
300.023
300.016
300.011
300.008
300.005
300.003
300.002
300.001
300.001
300.001
307.66
307.439
307.216
306.992
306.768
306.544
306.317
306.088
305.856
305.62
305.379
305.134
304.884
304.63
304.371
304.107
303.84
303.57
303.299
303.028
302.758
302.491
302.229
301.974
301.729
301.496
301.277
301.075
300.892
300.729
300.587
300.466
300.364
300.282
300.215
300.162
300.121
300.089
300.065
300.047
300.034
300.024
300.017
300.011
300.008
300.005
300.003
300.002
300.001
300.001
300.001
307.686
307.465
307.243
307.021
306.798
306.574
306.349
306.121
305.89
305.656
305.417
305.173
304.924
304.671
304.412
304.149
303.882
303.612
303.34
303.068
302.796
302.528
302.263
302.006
301.758
301.522
301.3
301.095
300.909
300.743
300.598
300.474
300.371
300.287
300.219
300.165
300.123
300.091
300.066
300.048
300.034
300.024
300.017
300.012
300.008
300.005
300.004
300.002
300.001
300.001
300.001
307.719
307.499
307.278
307.056
306.835
306.612
306.389
306.163
305.933
305.7
305.463
305.221
304.973
304.72
304.462
304.2
303.933
303.662
303.39
303.116
302.843
302.572
302.305
302.044
301.793
301.553
301.327
301.118
300.928
300.759
300.611
300.484
300.379
300.292
300.223
300.168
300.126
300.093
300.068
300.049
300.035
300.025
300.017
300.012
300.008
300.005
300.004
300.002
300.002
300.001
300.001
307.759
307.54
307.32
307.1
306.88
306.659
306.437
306.213
305.986
305.755
305.519
305.278
305.033
304.781
304.524
304.261
303.994
303.723
303.45
303.174
302.899
302.625
302.355
302.091
301.835
301.59
301.36
301.146
300.952
300.778
300.626
300.496
300.388
300.299
300.229
300.172
300.129
300.095
300.069
300.05
300.036
300.025
300.017
300.012
300.008
300.006
300.004
300.002
300.002
300.001
300.001
307.809
307.591
307.372
307.153
306.935
306.716
306.496
306.274
306.049
305.82
305.587
305.348
305.104
304.854
304.597
304.335
304.068
303.797
303.522
303.244
302.966
302.689
302.415
302.146
301.885
301.635
301.399
301.18
300.98
300.801
300.645
300.511
300.399
300.308
300.235
300.177
300.132
300.097
300.071
300.051
300.036
300.026
300.018
300.012
300.008
300.006
300.004
300.002
300.002
300.001
300.001
307.87
307.653
307.435
307.218
307.001
306.785
306.568
306.348
306.126
305.899
305.668
305.432
305.19
304.941
304.685
304.424
304.157
303.884
303.607
303.327
303.046
302.765
302.486
302.212
301.945
301.689
301.446
301.22
301.013
300.829
300.667
300.528
300.412
300.318
300.242
300.183
300.136
300.1
300.073
300.052
300.037
300.026
300.018
300.013
300.009
300.006
300.004
300.002
300.002
300.001
300.001
307.944
307.728
307.511
307.296
307.081
306.868
306.653
306.436
306.217
305.993
305.765
305.531
305.291
305.044
304.79
304.529
304.261
303.988
303.709
303.426
303.141
302.855
302.57
302.29
302.016
301.752
301.501
301.267
301.053
300.861
300.692
300.548
300.428
300.33
300.251
300.189
300.141
300.104
300.075
300.054
300.038
300.027
300.019
300.013
300.009
300.006
300.004
300.003
300.002
300.001
300.001
308.033
307.817
307.602
307.389
307.177
306.966
306.754
306.541
306.325
306.105
305.88
305.649
305.412
305.166
304.913
304.653
304.385
304.11
303.829
303.543
303.253
302.961
302.67
302.382
302.099
301.826
301.566
301.323
301.1
300.899
300.723
300.572
300.446
300.344
300.262
300.197
300.146
300.107
300.078
300.056
300.04
300.028
300.019
300.013
300.009
300.006
300.004
300.003
300.002
300.001
300.001
308.139
307.924
307.711
307.499
307.29
307.082
306.874
306.665
306.453
306.236
306.015
305.788
305.553
305.31
305.058
304.798
304.53
304.253
303.969
303.679
303.384
303.086
302.787
302.49
302.198
301.914
301.643
301.389
301.155
300.944
300.759
300.6
300.467
300.36
300.274
300.206
300.153
300.112
300.081
300.058
300.041
300.029
300.02
300.014
300.009
300.006
300.004
300.003
300.002
300.001
300.001
308.265
308.052
307.839
307.63
307.424
307.22
307.015
306.81
306.602
306.391
306.173
305.95
305.718
305.478
305.228
304.968
304.699
304.421
304.134
303.839
303.538
303.232
302.924
302.617
302.313
302.017
301.734
301.466
301.22
300.997
300.801
300.633
300.493
300.379
300.288
300.216
300.16
300.117
300.085
300.061
300.043
300.03
300.021
300.014
300.01
300.007
300.004
300.003
300.002
300.001
300.001
308.416
308.202
307.991
307.784
307.581
307.381
307.181
306.981
306.778
306.571
306.358
306.139
305.911
305.674
305.425
305.166
304.897
304.616
304.325
304.025
303.717
303.403
303.084
302.765
302.448
302.138
301.839
301.557
301.296
301.059
300.851
300.671
300.522
300.402
300.305
300.228
300.169
300.123
300.089
300.064
300.045
300.032
300.022
300.015
300.01
300.007
300.004
300.003
300.002
300.001
300.001
308.593
308.379
308.17
307.965
307.765
307.569
307.374
307.179
306.981
306.78
306.573
306.359
306.135
305.9
305.654
305.396
305.125
304.842
304.547
304.241
303.925
303.601
303.271
302.938
302.606
302.279
301.963
301.663
301.385
301.132
300.909
300.717
300.557
300.428
300.324
300.242
300.179
300.13
300.094
300.067
300.047
300.033
300.023
300.016
300.011
300.007
300.005
300.003
300.002
300.001
300.001
308.802
308.587
308.379
308.176
307.98
307.788
307.598
307.409
307.217
307.022
306.821
306.612
306.393
306.162
305.918
305.661
305.389
305.103
304.804
304.491
304.166
303.831
303.487
303.139
302.789
302.444
302.108
301.788
301.489
301.218
300.977
300.77
300.598
300.459
300.347
300.259
300.191
300.139
300.1
300.071
300.05
300.035
300.024
300.016
300.011
300.007
300.005
300.003
300.002
300.001
300.001
309.047
308.831
308.623
308.422
308.229
308.042
307.857
307.674
307.489
307.301
307.106
306.903
306.689
306.462
306.221
305.964
305.692
305.404
305.099
304.779
304.444
304.096
303.737
303.371
303.002
302.635
302.276
301.933
301.611
301.318
301.057
300.832
300.646
300.495
300.374
300.278
300.204
300.148
300.106
300.075
300.053
300.037
300.025
300.017
300.012
300.008
300.005
300.003
300.002
300.001
300.001
309.333
309.115
308.906
308.708
308.518
308.335
308.156
307.979
307.801
307.62
307.432
307.236
307.027
306.805
306.566
306.311
306.038
305.747
305.437
305.108
304.763
304.401
304.026
303.64
303.248
302.857
302.472
302.102
301.754
301.435
301.151
300.906
300.703
300.537
300.405
300.301
300.22
300.159
300.114
300.08
300.056
300.039
300.027
300.018
300.012
300.008
300.005
300.004
300.002
300.002
300.001
309.668
309.446
309.236
309.038
308.85
308.672
308.498
308.328
308.158
307.984
307.803
307.614
307.412
307.194
306.959
306.705
306.431
306.137
305.821
305.484
305.127
304.75
304.356
303.949
303.533
303.114
302.7
302.299
301.92
301.571
301.26
300.992
300.769
300.587
300.441
300.327
300.239
300.172
300.123
300.086
300.06
300.042
300.028
300.019
300.013
300.009
300.006
300.004
300.002
300.002
300.001
310.058
309.83
309.617
309.418
309.233
309.057
308.89
308.726
308.562
308.396
308.224
308.041
307.845
307.633
307.401
307.149
306.875
306.578
306.257
305.911
305.541
305.148
304.734
304.303
303.86
303.41
302.963
302.527
302.113
301.731
301.388
301.093
300.847
300.645
300.484
300.357
300.26
300.187
300.133
300.093
300.065
300.044
300.03
300.021
300.014
300.009
300.006
300.004
300.003
300.002
300.001
310.511
310.275
310.057
309.856
309.671
309.498
309.334
309.176
309.019
308.861
308.696
308.521
308.331
308.124
307.897
307.647
307.373
307.073
306.746
306.391
306.009
305.599
305.164
304.707
304.234
303.751
303.267
302.792
302.338
301.917
301.538
301.212
300.938
300.713
300.534
300.393
300.285
300.204
300.144
300.101
300.07
300.048
300.032
300.022
300.015
300.01
300.006
300.004
300.003
300.002
300.001
311.037
310.789
310.563
310.358
310.17
309.998
309.837
309.683
309.533
309.38
309.223
309.055
308.872
308.67
308.447
308.2
307.926
307.624
307.292
306.929
306.534
306.107
305.65
305.166
304.661
304.141
303.616
303.098
302.599
302.133
301.714
301.351
301.045
300.793
300.592
300.434
300.314
300.224
300.157
300.11
300.076
300.052
300.035
300.023
300.016
300.01
300.007
300.004
300.003
300.002
300.001
311.644
311.381
311.144
310.931
310.739
310.564
310.403
310.252
310.105
309.958
309.807
309.645
309.467
309.271
309.052
308.808
308.535
308.232
307.896
307.525
307.118
306.674
306.195
305.684
305.145
304.585
304.016
303.45
302.901
302.385
301.92
301.514
301.17
300.887
300.66
300.482
300.347
300.247
300.173
300.12
300.082
300.056
300.038
300.025
300.017
300.011
300.007
300.005
300.003
300.002
300.002
312.341
312.059
311.808
311.583
311.382
311.202
311.037
310.885
310.74
310.596
310.448
310.29
310.117
309.925
309.711
309.469
309.199
308.895
308.556
308.179
307.761
307.302
306.802
306.263
305.689
305.088
304.472
303.853
303.249
302.679
302.16
301.705
301.316
300.996
300.739
300.538
300.386
300.273
300.19
300.131
300.09
300.061
300.041
300.027
300.018
300.012
300.008
300.005
300.003
300.002
300.002
313.137
312.833
312.563
312.322
312.107
311.916
311.744
311.586
311.438
311.292
311.145
310.988
310.818
310.629
310.418
310.179
309.911
309.608
309.268
308.886
308.461
307.989
307.469
306.904
306.296
305.654
304.988
304.313
303.65
303.019
302.439
301.926
301.486
301.122
300.831
300.603
300.431
300.303
300.21
300.144
300.098
300.066
300.044
300.029
300.019
300.013
300.008
300.005
300.003
300.002
300.002
314.037
313.709
313.415
313.152
312.919
312.711
312.525
312.356
312.199
312.047
311.895
311.736
311.565
311.376
311.166
310.93
310.664
310.363
310.023
309.64
309.209
308.727
308.192
307.603
306.965
306.282
305.567
304.835
304.108
303.409
302.761
302.182
301.683
301.269
300.936
300.677
300.481
300.337
300.233
300.159
300.107
300.072
300.048
300.031
300.021
300.013
300.009
300.006
300.004
300.002
300.002
315.043
314.687
314.365
314.075
313.817
313.586
313.379
313.192
313.019
312.855
312.692
312.526
312.349
312.158
311.947
311.711
311.447
311.148
310.81
310.427
309.995
309.507
308.961
308.354
307.688
306.969
306.206
305.417
304.623
303.851
303.127
302.474
301.908
301.436
301.057
300.762
300.539
300.375
300.258
300.175
300.117
300.078
300.052
300.034
300.022
300.014
300.009
300.006
300.004
300.003
300.002
316.147
315.758
315.404
315.083
314.793
314.533
314.298
314.086
313.891
313.706
313.527
313.346
313.158
312.959
312.744
312.506
312.242
311.946
311.611
311.231
310.8
310.311
309.759
309.14
308.454
307.704
306.898
306.054
305.193
304.344
303.539
302.805
302.163
301.626
301.193
300.856
300.603
300.417
300.285
300.192
300.128
300.085
300.056
300.037
300.024
300.015
300.01
300.006
300.004
300.003
300.002
317.322
316.9
316.51
316.153
315.828
315.532
315.264
315.019
314.794
314.582
314.379
314.178
313.973
313.762
313.537
313.295
313.029
312.733
312.402
312.026
311.6
311.115
310.563
309.939
309.24
308.466
307.625
306.73
305.806
304.88
303.99
303.169
302.446
301.835
301.342
300.959
300.672
300.463
300.314
300.21
300.14
300.092
300.06
300.039
300.025
300.016
300.01
300.007
300.004
300.003
300.002
318.519
318.062
317.637
317.242
316.878
316.544
316.237
315.955
315.695
315.45
315.218
314.99
314.764
314.535
314.298
314.046
313.776
313.48
313.151
312.781
312.362
311.884
311.338
310.717
310.013
309.225
308.358
307.422
306.44
305.443
304.469
303.559
302.748
302.06
301.502
301.069
300.744
300.509
300.344
300.229
300.151
300.099
300.065
300.042
300.027
300.017
300.011
300.007
300.004
300.003
300.002
319.647
319.16
318.702
318.272
317.872
317.499
317.154
316.834
316.536
316.257
315.992
315.736
315.485
315.235
314.982
314.72
314.442
314.144
313.817
313.453
313.042
312.574
312.038
311.424
310.725
309.933
309.051
308.086
307.059
305.999
304.949
303.953
303.055
302.287
301.662
301.177
300.816
300.555
300.372
300.246
300.162
300.106
300.068
300.044
300.028
300.018
300.012
300.007
300.005
300.003
300.002
320.573
320.064
319.58
319.123
318.692
318.289
317.911
317.558
317.227
316.917
316.623
316.34
316.067
315.797
315.528
315.255
314.97
314.669
314.342
313.983
313.58
313.122
312.599
311.997
311.307
310.521
309.635
308.655
307.598
306.492
305.379
304.31
303.335
302.494
301.807
301.274
300.878
300.594
300.396
300.261
300.171
300.111
300.071
300.046
300.029
300.019
300.012
300.008
300.005
300.003
300.002
321.129
320.607
320.11
319.636
319.188
318.765
318.367
317.994
317.643
317.313
317
316.701
316.413
316.131
315.852
315.571
315.281
314.978
314.652
314.296
313.899
313.45
312.936
312.345
311.665
310.887
310.005
309.022
307.952
306.822
305.672
304.556
303.528
302.635
301.904
301.337
300.918
300.618
300.411
300.27
300.176
300.114
300.073
300.047
300.03
300.019
300.012
300.008
300.005
300.003
300.002
)
;

boundaryField
{
    inlet
    {
        type            fixedValue;
        value           uniform 300;
    }
    outlet
    {
        type            zeroGradient;
    }
    top
    {
        type            zeroGradient;
    }
    slip-bottom
    {
        type            zeroGradient;
    }
    bottom
    {
        type            zeroGradient;
    }
    interface
    {
        type            fixedGradient;
        gradient        nonuniform List<scalar> 
161
(
2999.99
2999.99
2999.99
2999.99
2999.99
2999.99
2999.99
2999.99
2999.99
2999.99
2999.99
2999.99
2999.99
2999.99
2999.99
2999.99
2999.99
2999.99
2999.99
2999.99
-2.30216e-12
-2.30216e-12
-2.30216e-12
-2.30216e-12
-2.30216e-12
-2.30216e-12
-2.30216e-12
-2.30216e-12
-2.30216e-12
-2.30216e-12
-2.30216e-12
-2.30216e-12
-2.30216e-12
-2.30216e-12
-2.30216e-12
-2.30216e-12
-2.30216e-12
-2.30216e-12
-2.30216e-12
-2.30216e-12
-4.83169e-13
-4.83169e-13
-4.83169e-13
-4.83169e-13
-4.83169e-13
-4.83169e-13
-4.83169e-13
-4.83169e-13
-4.83169e-13
-4.83169e-13
-4.83169e-13
-4.83169e-13
-4.83169e-13
-4.83169e-13
-4.83169e-13
-4.83169e-13
-2.84217e-14
-2.84217e-14
-2.84217e-14
-2.84217e-14
-2.84217e-14
-2.84217e-14
-2.84217e-14
-2.84217e-14
-2.84217e-14
-2.84217e-14
-2.84217e-14
-2.84217e-14
-2.84217e-14
-2.84217e-14
-2.84217e-14
5.68434e-14
5.68434e-14
5.68434e-14
5.68434e-14
5.68434e-14
5.68434e-14
5.68434e-14
5.68434e-14
5.68434e-14
5.68434e-14
5.68434e-14
5.68434e-14
8.52651e-14
8.52651e-14
8.52651e-14
8.52651e-14
8.52651e-14
8.52651e-14
8.52651e-14
8.52651e-14
8.52651e-14
8.52651e-14
8.52651e-14
-2.84217e-13
-2.84217e-13
-2.84217e-13
-2.84217e-13
-2.84217e-13
-2.84217e-13
-2.84217e-13
-2.84217e-13
-2.84217e-13
-2.84217e-13
6.25278e-13
6.25278e-13
6.25278e-13
6.25278e-13
6.25278e-13
6.25278e-13
6.25278e-13
6.25278e-13
6.25278e-13
1.90425e-12
1.90425e-12
1.90425e-12
1.90425e-12
1.90425e-12
1.90425e-12
1.90425e-12
1.90425e-12
-7.10543e-13
-7.10543e-13
-7.10543e-13
-7.10543e-13
-7.10543e-13
-7.10543e-13
-7.10543e-13
-7.10543e-13
-5.68434e-14
-5.68434e-14
-5.68434e-14
-5.68434e-14
-5.68434e-14
-5.68434e-14
-5.68434e-14
5.68434e-14
5.68434e-14
5.68434e-14
5.68434e-14
5.68434e-14
5.68434e-14
5.68434e-14
5.68434e-13
5.68434e-13
5.68434e-13
5.68434e-13
5.68434e-13
5.68434e-13
2.55795e-13
2.55795e-13
2.55795e-13
2.55795e-13
2.55795e-13
2.55795e-13
2.89901e-12
2.89901e-12
2.89901e-12
2.89901e-12
2.89901e-12
2.89901e-12
)
;
    }
    defaultFaces
    {
        type            empty;
    }
}


// ************************************************************************* //
