/*--------------------------------*- C++ -*----------------------------------*\
  =========                 |
  \\      /  F ield         | OpenFOAM: The Open Source CFD Toolbox
   \\    /   O peration     | Website:  https://openfoam.org
    \\  /    A nd           | Version:  7
     \\/     M anipulation  |
\*---------------------------------------------------------------------------*/
FoamFile
{
    version     2.0;
    format      ascii;
    class       volScalarField;
    location    "1.26";
    object      T;
}
// * * * * * * * * * * * * * * * * * * * * * * * * * * * * * * * * * * * * * //

dimensions      [0 0 0 1 0 0 0];

internalField   nonuniform List<scalar> 
12013
(
300.016
300.049
300.083
300.121
300.161
300.204
300.251
300.302
300.358
300.419
300.486
300.558
300.638
300.724
300.818
300.919
301.029
301.148
301.276
301.414
301.562
301.721
301.891
302.072
302.265
302.472
302.691
302.924
303.171
303.433
303.711
304.005
304.315
304.643
304.99
305.356
305.741
306.148
306.577
307.029
307.506
308.008
308.537
309.095
309.683
310.303
310.956
311.645
312.373
313.14
313.95
314.806
315.71
316.666
317.677
318.747
319.88
321.08
322.352
323.702
325.134
326.655
328.273
329.993
331.826
333.779
335.862
338.089
340.47
343.023
345.763
348.711
351.892
355.335
359.077
363.167
367.67
372.676
378.326
384.855
392.718
300.016
300.049
300.083
300.121
300.16
300.204
300.251
300.302
300.358
300.419
300.486
300.558
300.638
300.724
300.818
300.919
301.029
301.148
301.276
301.414
301.562
301.721
301.89
302.072
302.265
302.472
302.691
302.924
303.171
303.433
303.711
304.005
304.315
304.643
304.99
305.356
305.741
306.148
306.577
307.029
307.506
308.008
308.537
309.095
309.683
310.302
310.956
311.645
312.372
313.139
313.949
314.805
315.709
316.664
317.675
318.744
319.876
321.075
322.346
323.695
325.125
326.645
328.26
329.978
331.807
333.756
335.835
338.055
340.43
342.972
345.701
348.634
351.795
355.211
358.918
362.956
367.382
372.267
377.703
383.808
390.685
300.016
300.049
300.083
300.121
300.16
300.204
300.251
300.302
300.358
300.419
300.486
300.558
300.638
300.724
300.818
300.919
301.029
301.148
301.276
301.414
301.562
301.72
301.89
302.072
302.265
302.471
302.691
302.924
303.171
303.433
303.711
304.004
304.315
304.643
304.99
305.355
305.741
306.148
306.577
307.029
307.505
308.008
308.537
309.094
309.682
310.302
310.955
311.644
312.37
313.137
313.947
314.802
315.705
316.659
317.669
318.737
319.867
321.065
322.334
323.679
325.106
326.622
328.232
329.944
331.766
333.706
335.775
337.982
340.34
342.862
345.565
348.465
351.583
354.944
358.574
362.508
366.783
371.442
376.525
382.053
387.979
300.016
300.049
300.083
300.12
300.16
300.204
300.251
300.302
300.358
300.419
300.485
300.558
300.637
300.724
300.817
300.919
301.029
301.148
301.276
301.413
301.561
301.72
301.89
302.071
302.265
302.471
302.69
302.923
303.171
303.433
303.71
304.004
304.315
304.643
304.989
305.355
305.741
306.148
306.577
307.029
307.505
308.007
308.536
309.093
309.681
310.3
310.953
311.642
312.368
313.134
313.943
314.796
315.698
316.651
317.659
318.725
319.853
321.047
322.312
323.653
325.075
326.584
328.186
329.888
331.698
333.624
335.675
337.86
340.192
342.682
345.343
348.191
351.243
354.517
358.034
361.815
365.88
370.246
374.915
379.864
385.013
300.016
300.049
300.083
300.12
300.16
300.204
300.25
300.302
300.358
300.419
300.485
300.558
300.637
300.723
300.817
300.919
301.028
301.147
301.275
301.413
301.561
301.72
301.889
302.071
302.264
302.47
302.69
302.923
303.17
303.432
303.71
304.004
304.314
304.642
304.989
305.355
305.74
306.147
306.576
307.028
307.504
308.006
308.535
309.092
309.679
310.298
310.95
311.638
312.364
313.129
313.936
314.789
315.689
316.639
317.644
318.707
319.831
321.02
322.28
323.614
325.027
326.526
328.117
329.805
331.598
333.503
335.529
337.684
339.978
342.422
345.026
347.802
350.764
353.924
357.293
360.884
364.7
368.742
372.992
377.411
381.929
300.016
300.049
300.083
300.12
300.16
300.203
300.25
300.301
300.357
300.418
300.485
300.557
300.637
300.723
300.816
300.918
301.028
301.147
301.275
301.412
301.56
301.719
301.889
302.07
302.263
302.47
302.689
302.922
303.169
303.431
303.709
304.003
304.313
304.642
304.988
305.354
305.739
306.146
306.575
307.027
307.503
308.005
308.533
309.09
309.677
310.295
310.947
311.633
312.358
313.121
313.927
314.777
315.675
316.622
317.624
318.682
319.8
320.983
322.234
323.559
324.962
326.447
328.022
329.691
331.461
333.338
335.33
337.445
339.69
342.074
344.604
347.291
350.141
353.162
356.359
359.734
363.283
366.995
370.845
374.795
378.789
300.016
300.049
300.083
300.12
300.16
300.203
300.25
300.301
300.357
300.418
300.484
300.557
300.636
300.722
300.816
300.917
301.027
301.146
301.274
301.411
301.559
301.718
301.888
302.069
302.262
302.469
302.688
302.921
303.168
303.43
303.708
304.002
304.312
304.64
304.987
305.353
305.738
306.145
306.574
307.025
307.501
308.002
308.531
309.087
309.673
310.29
310.941
311.626
312.349
313.111
313.914
314.761
315.655
316.599
317.595
318.647
319.758
320.932
322.174
323.486
324.874
326.342
327.896
329.54
331.281
333.123
335.073
337.137
339.321
341.632
344.074
346.654
349.374
352.239
355.246
358.393
361.67
365.06
368.54
372.076
375.626
300.016
300.049
300.083
300.12
300.16
300.203
300.25
300.301
300.357
300.417
300.484
300.556
300.635
300.722
300.815
300.916
301.026
301.145
301.273
301.41
301.558
301.717
301.886
302.068
302.261
302.467
302.686
302.919
303.167
303.429
303.706
304
304.311
304.639
304.985
305.351
305.736
306.143
306.571
307.023
307.498
307.999
308.527
309.082
309.668
310.284
310.933
311.617
312.337
313.096
313.896
314.74
315.629
316.567
317.557
318.601
319.703
320.867
322.095
323.392
324.761
326.208
327.736
329.349
331.053
332.853
334.752
336.755
338.868
341.093
343.433
345.892
348.47
351.165
353.974
356.889
359.899
362.986
366.128
369.298
372.464
300.016
300.048
300.083
300.12
300.16
300.203
300.249
300.3
300.356
300.417
300.483
300.556
300.635
300.721
300.814
300.915
301.025
301.143
301.271
301.409
301.557
301.715
301.885
302.066
302.259
302.465
302.684
302.917
303.165
303.427
303.704
303.998
304.308
304.636
304.983
305.348
305.734
306.14
306.568
307.019
307.494
307.995
308.521
309.076
309.66
310.275
310.922
311.603
312.321
313.077
313.873
314.712
315.595
316.527
317.508
318.542
319.633
320.782
321.994
323.272
324.619
326.039
327.536
329.113
330.774
332.523
334.362
336.296
338.326
340.455
342.684
345.012
347.438
349.958
352.565
355.252
358.005
360.81
363.646
366.491
369.323
300.016
300.048
300.083
300.12
300.159
300.202
300.249
300.3
300.355
300.416
300.482
300.555
300.633
300.719
300.813
300.914
301.023
301.142
301.269
301.407
301.555
301.713
301.882
302.063
302.257
302.463
302.682
302.915
303.162
303.424
303.701
303.995
304.305
304.633
304.98
305.345
305.73
306.136
306.564
307.014
307.489
307.988
308.514
309.067
309.649
310.262
310.907
311.586
312.3
313.051
313.842
314.675
315.551
316.474
317.445
318.468
319.544
320.677
321.869
323.124
324.445
325.833
327.294
328.828
330.439
332.13
333.902
335.757
337.697
339.722
341.831
344.021
346.29
348.633
351.043
353.509
356.021
358.564
361.123
363.68
366.216
300.016
300.048
300.083
300.119
300.159
300.202
300.248
300.299
300.354
300.415
300.481
300.553
300.632
300.718
300.811
300.912
301.021
301.14
301.267
301.405
301.552
301.71
301.88
302.061
302.254
302.46
302.679
302.911
303.158
303.42
303.698
303.991
304.301
304.629
304.975
305.34
305.725
306.13
306.557
307.007
307.481
307.979
308.503
309.055
309.635
310.246
310.887
311.562
312.272
313.018
313.803
314.628
315.496
316.408
317.367
318.375
319.434
320.547
321.717
322.945
324.234
325.587
327.005
328.49
330.046
331.672
333.37
335.14
336.983
338.897
340.881
342.931
345.043
347.211
349.428
351.685
353.971
356.275
358.584
360.884
363.159
300.016
300.048
300.082
300.119
300.158
300.201
300.247
300.298
300.353
300.414
300.48
300.552
300.63
300.716
300.809
300.91
301.019
301.137
301.264
301.402
301.549
301.707
301.876
302.057
302.25
302.456
302.674
302.907
303.154
303.415
303.693
303.986
304.296
304.623
304.969
305.333
305.718
306.123
306.549
306.998
307.47
307.967
308.489
309.039
309.616
310.223
310.861
311.532
312.236
312.976
313.753
314.569
315.426
316.326
317.27
318.261
319.301
320.391
321.534
322.731
323.984
325.296
326.667
328.099
329.592
331.148
332.766
334.447
336.188
337.988
339.845
341.754
343.71
345.709
347.743
349.803
351.881
353.967
356.05
358.119
360.163
300.016
300.048
300.082
300.118
300.158
300.2
300.247
300.297
300.352
300.412
300.478
300.55
300.628
300.714
300.806
300.907
301.016
301.134
301.261
301.398
301.545
301.703
301.872
302.052
302.245
302.45
302.669
302.901
303.148
303.409
303.686
303.979
304.289
304.616
304.961
305.325
305.708
306.112
306.537
306.985
307.456
307.951
308.471
309.017
309.592
310.195
310.828
311.493
312.19
312.922
313.69
314.496
315.34
316.225
317.152
318.124
319.14
320.204
321.317
322.479
323.693
324.959
326.279
327.652
329.079
330.56
332.095
333.681
335.318
337.003
338.733
340.503
342.309
344.146
346.006
347.884
349.77
351.658
353.537
355.4
357.238
300.016
300.048
300.082
300.118
300.157
300.199
300.245
300.296
300.351
300.411
300.476
300.548
300.626
300.711
300.803
300.904
301.012
301.13
301.257
301.393
301.54
301.698
301.866
302.046
302.239
302.444
302.662
302.894
303.14
303.401
303.678
303.97
304.279
304.606
304.95
305.313
305.696
306.098
306.522
306.968
307.437
307.929
308.446
308.99
309.56
310.158
310.785
311.443
312.133
312.856
313.613
314.405
315.235
316.103
317.011
317.96
318.951
319.985
321.064
322.188
323.358
324.575
325.839
327.15
328.507
329.91
331.358
332.85
334.382
335.952
337.557
339.192
340.855
342.538
344.237
345.945
347.656
349.363
351.06
352.738
354.393
300.016
300.047
300.081
300.117
300.156
300.198
300.244
300.294
300.349
300.408
300.474
300.545
300.623
300.708
300.8
300.9
301.008
301.125
301.252
301.388
301.534
301.691
301.859
302.039
302.231
302.436
302.654
302.885
303.131
303.391
303.667
303.959
304.267
304.593
304.936
305.298
305.679
306.08
306.502
306.946
307.412
307.901
308.415
308.954
309.519
310.111
310.732
311.381
312.062
312.773
313.518
314.296
315.109
315.958
316.843
317.767
318.729
319.731
320.773
321.855
322.979
324.143
325.348
326.594
327.879
329.202
330.563
331.958
333.386
334.844
336.328
337.835
339.361
340.901
342.449
344.002
345.553
347.097
348.629
350.142
351.633
300.015
300.047
300.081
300.116
300.155
300.197
300.243
300.292
300.347
300.406
300.471
300.542
300.619
300.704
300.795
300.895
301.003
301.119
301.245
301.381
301.527
301.684
301.851
302.03
302.222
302.426
302.643
302.874
303.119
303.379
303.653
303.944
304.252
304.576
304.918
305.278
305.657
306.057
306.476
306.917
307.38
307.865
308.374
308.908
309.467
310.052
310.665
311.305
311.974
312.673
313.403
314.165
314.959
315.786
316.647
317.543
318.474
319.44
320.442
321.48
322.554
323.663
324.807
325.986
327.197
328.44
329.713
331.014
332.341
333.69
335.058
336.443
337.841
339.247
340.657
342.067
343.473
344.87
346.253
347.619
348.963
300.015
300.047
300.08
300.116
300.154
300.195
300.241
300.29
300.344
300.403
300.467
300.538
300.615
300.699
300.79
300.889
300.996
301.113
301.238
301.373
301.518
301.674
301.841
302.02
302.21
302.414
302.63
302.86
303.104
303.362
303.636
303.926
304.232
304.554
304.895
305.253
305.63
306.026
306.443
306.88
307.339
307.82
308.323
308.851
309.402
309.979
310.582
311.211
311.868
312.553
313.266
314.009
314.782
315.585
316.419
317.285
318.182
319.11
320.07
321.061
322.083
323.136
324.218
325.328
326.466
327.629
328.816
330.025
331.253
332.498
333.758
335.028
336.305
337.588
338.871
340.151
341.425
342.689
343.939
345.172
346.385
300.015
300.046
300.079
300.114
300.152
300.194
300.238
300.287
300.341
300.399
300.463
300.533
300.61
300.693
300.784
300.882
300.989
301.104
301.229
301.363
301.508
301.663
301.829
302.006
302.196
302.398
302.613
302.842
303.085
303.342
303.615
303.902
304.206
304.527
304.865
305.221
305.595
305.988
306.401
306.834
307.287
307.762
308.26
308.78
309.323
309.89
310.482
311.098
311.741
312.409
313.104
313.826
314.576
315.353
316.158
316.991
317.852
318.74
319.656
320.599
321.568
322.563
323.582
324.625
325.689
326.774
327.877
328.997
330.132
331.278
332.434
333.597
334.764
335.933
337.099
338.261
339.416
340.559
341.69
342.804
343.9
300.015
300.046
300.078
300.113
300.151
300.191
300.236
300.284
300.337
300.395
300.459
300.528
300.604
300.686
300.776
300.874
300.98
301.094
301.218
301.351
301.495
301.649
301.814
301.99
302.179
302.379
302.593
302.82
303.062
303.317
303.587
303.873
304.175
304.493
304.828
305.18
305.551
305.94
306.348
306.775
307.223
307.691
308.181
308.692
309.225
309.781
310.36
310.963
311.589
312.239
312.914
313.614
314.338
315.087
315.861
316.659
317.482
318.329
319.2
320.093
321.009
321.945
322.902
323.877
324.87
325.879
326.902
327.937
328.983
330.036
331.096
332.159
333.224
334.288
335.348
336.403
337.449
338.484
339.507
340.515
341.506
300.015
300.045
300.077
300.112
300.149
300.189
300.233
300.281
300.333
300.39
300.453
300.522
300.597
300.678
300.767
300.864
300.969
301.082
301.205
301.337
301.479
301.632
301.795
301.97
302.157
302.356
302.568
302.794
303.033
303.286
303.554
303.837
304.136
304.45
304.782
305.13
305.496
305.88
306.282
306.703
307.144
307.604
308.085
308.586
309.107
309.65
310.215
310.801
311.41
312.04
312.693
313.368
314.065
314.784
315.525
316.288
317.072
317.876
318.7
319.544
320.405
321.284
322.179
323.089
324.013
324.948
325.894
326.849
327.811
328.777
329.747
330.719
331.689
332.658
333.621
334.578
335.526
336.464
337.39
338.301
339.198
300.015
300.044
300.076
300.11
300.146
300.186
300.229
300.276
300.328
300.384
300.446
300.514
300.588
300.669
300.757
300.852
300.956
301.068
301.189
301.32
301.461
301.612
301.773
301.947
302.131
302.328
302.538
302.761
302.997
303.248
303.513
303.792
304.087
304.398
304.725
305.068
305.428
305.806
306.202
306.615
307.047
307.498
307.968
308.457
308.966
309.495
310.043
310.612
311.2
311.809
312.438
313.087
313.755
314.443
315.15
315.875
316.619
317.38
318.157
318.951
319.759
320.581
321.416
322.262
323.119
323.985
324.857
325.736
326.619
327.505
328.392
329.279
330.163
331.043
331.919
332.787
333.646
334.496
335.334
336.159
336.97
300.014
300.044
300.075
300.108
300.144
300.183
300.225
300.271
300.322
300.378
300.439
300.505
300.578
300.658
300.744
300.838
300.941
301.051
301.171
301.3
301.438
301.587
301.747
301.918
302.1
302.295
302.502
302.721
302.954
303.201
303.462
303.738
304.028
304.333
304.655
304.992
305.346
305.716
306.103
306.508
306.93
307.37
307.828
308.304
308.798
309.31
309.841
310.39
310.957
311.543
312.146
312.767
313.405
314.06
314.732
315.419
316.122
316.839
317.57
318.314
319.069
319.836
320.612
321.398
322.19
322.989
323.793
324.6
325.41
326.221
327.031
327.839
328.644
329.444
330.239
331.026
331.805
332.575
333.334
334.081
334.815
300.014
300.043
300.073
300.105
300.141
300.179
300.22
300.266
300.315
300.37
300.43
300.495
300.567
300.645
300.73
300.822
300.923
301.031
301.149
301.276
301.412
301.559
301.716
301.884
302.063
302.254
302.458
302.674
302.903
303.145
303.401
303.671
303.956
304.255
304.57
304.9
305.246
305.607
305.985
306.379
306.79
307.217
307.661
308.122
308.6
309.094
309.605
310.133
310.677
311.237
311.814
312.405
313.012
313.633
314.268
314.917
315.579
316.252
316.936
317.631
318.336
319.048
319.768
320.495
321.226
321.962
322.701
323.441
324.182
324.923
325.662
326.398
327.13
327.857
328.578
329.292
329.998
330.695
331.381
332.057
332.721
300.014
300.041
300.071
300.103
300.137
300.174
300.215
300.259
300.308
300.361
300.419
300.483
300.553
300.63
300.713
300.803
300.902
301.008
301.123
301.247
301.381
301.524
301.678
301.843
302.019
302.206
302.405
302.616
302.84
303.077
303.328
303.592
303.87
304.162
304.468
304.79
305.126
305.477
305.844
306.226
306.623
307.036
307.465
307.909
308.368
308.843
309.333
309.838
310.357
310.89
311.438
311.999
312.573
313.159
313.758
314.367
314.987
315.617
316.255
316.902
317.556
318.216
318.882
319.552
320.225
320.901
321.578
322.256
322.933
323.609
324.282
324.951
325.616
326.276
326.929
327.576
328.215
328.845
329.466
330.077
330.677
300.013
300.04
300.069
300.1
300.133
300.169
300.208
300.251
300.299
300.351
300.407
300.47
300.538
300.612
300.693
300.781
300.877
300.981
301.093
301.214
301.345
301.484
301.634
301.795
301.966
302.148
302.342
302.548
302.766
302.997
303.24
303.497
303.767
304.05
304.347
304.659
304.984
305.323
305.677
306.045
306.428
306.825
307.236
307.661
308.1
308.553
309.02
309.5
309.993
310.498
311.016
311.545
312.085
312.636
313.196
313.766
314.344
314.931
315.524
316.123
316.728
317.337
317.951
318.566
319.184
319.803
320.423
321.041
321.658
322.273
322.885
323.492
324.095
324.693
325.284
325.869
326.446
327.015
327.576
328.127
328.669
300.013
300.039
300.067
300.096
300.128
300.163
300.201
300.243
300.289
300.339
300.394
300.454
300.52
300.592
300.671
300.756
300.849
300.95
301.058
301.176
301.302
301.438
301.583
301.739
301.905
302.081
302.269
302.468
302.679
302.902
303.137
303.385
303.646
303.919
304.205
304.504
304.817
305.143
305.482
305.834
306.2
306.579
306.971
307.375
307.793
308.222
308.664
309.117
309.582
310.058
310.544
311.04
311.545
312.059
312.582
313.111
313.648
314.191
314.739
315.292
315.849
316.409
316.971
317.535
318.1
318.665
319.229
319.791
320.352
320.91
321.464
322.014
322.559
323.098
323.632
324.159
324.679
325.192
325.696
326.192
326.68
300.012
300.037
300.064
300.092
300.123
300.157
300.193
300.233
300.277
300.325
300.378
300.436
300.5
300.569
300.645
300.727
300.817
300.914
301.018
301.131
301.253
301.384
301.524
301.673
301.833
302.003
302.184
302.375
302.578
302.792
303.018
303.255
303.504
303.766
304.039
304.325
304.623
304.933
305.256
305.591
305.938
306.296
306.667
307.049
307.442
307.847
308.262
308.687
309.122
309.566
310.019
310.481
310.95
311.427
311.911
312.4
312.895
313.394
313.898
314.405
314.915
315.426
315.939
316.453
316.966
317.479
317.991
318.5
319.007
319.511
320.011
320.506
320.997
321.482
321.962
322.435
322.902
323.362
323.814
324.259
324.696
300.012
300.035
300.061
300.088
300.117
300.149
300.184
300.222
300.264
300.31
300.361
300.416
300.477
300.543
300.615
300.694
300.78
300.872
300.973
301.081
301.197
301.322
301.456
301.599
301.751
301.913
302.085
302.268
302.461
302.665
302.879
303.105
303.341
303.589
303.848
304.119
304.401
304.693
304.998
305.313
305.639
305.976
306.323
306.68
307.048
307.425
307.811
308.206
308.61
309.021
309.441
309.867
310.299
310.738
311.181
311.63
312.083
312.539
312.998
313.459
313.923
314.387
314.852
315.316
315.78
316.243
316.704
317.162
317.618
318.07
318.518
318.962
319.401
319.835
320.264
320.686
321.103
321.513
321.916
322.313
322.702
300.011
300.033
300.057
300.083
300.111
300.141
300.174
300.21
300.25
300.293
300.341
300.394
300.451
300.514
300.583
300.657
300.738
300.826
300.921
301.024
301.134
301.252
301.378
301.514
301.658
301.811
301.974
302.146
302.328
302.52
302.722
302.934
303.156
303.389
303.632
303.885
304.148
304.422
304.706
304.999
305.302
305.615
305.937
306.268
306.608
306.956
307.312
307.675
308.046
308.423
308.807
309.196
309.591
309.99
310.394
310.801
311.211
311.624
312.038
312.455
312.872
313.289
313.707
314.124
314.539
314.953
315.365
315.774
316.18
316.582
316.981
317.375
317.765
318.15
318.53
318.904
319.273
319.636
319.993
320.344
320.688
300.01
300.031
300.054
300.078
300.104
300.132
300.163
300.197
300.234
300.275
300.32
300.369
300.423
300.482
300.546
300.616
300.692
300.775
300.864
300.96
301.063
301.174
301.292
301.419
301.553
301.696
301.848
302.009
302.179
302.357
302.545
302.742
302.949
303.164
303.389
303.624
303.867
304.119
304.381
304.651
304.929
305.216
305.511
305.814
306.124
306.441
306.765
307.095
307.431
307.773
308.12
308.471
308.827
309.186
309.549
309.914
310.282
310.651
311.021
311.392
311.764
312.135
312.506
312.875
313.243
313.609
313.973
314.334
314.692
315.047
315.398
315.744
316.087
316.425
316.758
317.087
317.41
317.728
318.041
318.348
318.649
300.009
300.029
300.05
300.072
300.096
300.122
300.151
300.182
300.217
300.255
300.296
300.342
300.392
300.447
300.506
300.571
300.642
300.718
300.801
300.889
300.985
301.087
301.197
301.313
301.438
301.57
301.71
301.858
302.014
302.178
302.35
302.531
302.72
302.917
303.122
303.336
303.557
303.787
304.024
304.269
304.521
304.781
305.047
305.32
305.599
305.884
306.174
306.47
306.77
307.075
307.385
307.697
308.013
308.332
308.653
308.976
309.3
309.626
309.952
310.279
310.605
310.93
311.255
311.578
311.9
312.219
312.536
312.851
313.162
313.47
313.775
314.076
314.373
314.666
314.955
315.24
315.52
315.795
316.065
316.331
316.591
300.009
300.027
300.045
300.066
300.088
300.112
300.138
300.167
300.198
300.233
300.271
300.313
300.359
300.409
300.463
300.523
300.587
300.657
300.732
300.813
300.9
300.994
301.093
301.199
301.313
301.432
301.559
301.693
301.834
301.983
302.138
302.301
302.472
302.649
302.833
303.025
303.224
303.429
303.641
303.859
304.083
304.314
304.55
304.792
305.039
305.29
305.546
305.807
306.071
306.339
306.609
306.883
307.159
307.437
307.716
307.997
308.279
308.561
308.843
309.125
309.407
309.688
309.967
310.245
310.522
310.796
311.068
311.337
311.604
311.867
312.128
312.385
312.639
312.889
313.135
313.378
313.616
313.851
314.081
314.306
314.528
300.008
300.024
300.041
300.059
300.079
300.101
300.125
300.15
300.179
300.21
300.245
300.282
300.324
300.369
300.418
300.471
300.529
300.592
300.659
300.732
300.81
300.894
300.983
301.078
301.179
301.286
301.399
301.518
301.644
301.776
301.914
302.058
302.208
302.365
302.528
302.696
302.871
303.051
303.236
303.427
303.623
303.824
304.029
304.239
304.453
304.671
304.893
305.117
305.345
305.575
305.808
306.042
306.278
306.516
306.754
306.994
307.233
307.473
307.713
307.952
308.19
308.427
308.663
308.898
309.131
309.361
309.59
309.816
310.04
310.261
310.48
310.696
310.908
311.118
311.324
311.526
311.726
311.921
312.113
312.302
312.486
300.007
300.021
300.036
300.053
300.07
300.09
300.111
300.134
300.159
300.187
300.217
300.251
300.287
300.327
300.371
300.418
300.469
300.524
300.584
300.648
300.717
300.79
300.869
300.952
301.04
301.134
301.233
301.337
301.446
301.561
301.68
301.806
301.936
302.071
302.211
302.357
302.506
302.661
302.82
302.983
303.151
303.322
303.497
303.675
303.856
304.041
304.228
304.417
304.609
304.802
304.997
305.194
305.391
305.59
305.789
305.988
306.187
306.386
306.585
306.783
306.98
307.176
307.371
307.564
307.756
307.946
308.134
308.32
308.504
308.685
308.865
309.041
309.215
309.387
309.555
309.721
309.883
310.043
310.199
310.353
310.503
300.006
300.019
300.032
300.046
300.061
300.078
300.097
300.117
300.139
300.163
300.189
300.219
300.25
300.285
300.323
300.364
300.408
300.456
300.507
300.563
300.622
300.685
300.753
300.824
300.9
300.98
301.064
301.153
301.246
301.343
301.445
301.551
301.661
301.775
301.894
302.016
302.141
302.271
302.404
302.54
302.679
302.822
302.967
303.114
303.264
303.416
303.57
303.726
303.883
304.042
304.201
304.362
304.523
304.684
304.846
305.008
305.169
305.33
305.491
305.65
305.809
305.967
306.124
306.279
306.433
306.585
306.736
306.885
307.032
307.178
307.321
307.462
307.6
307.737
307.871
308.002
308.132
308.258
308.382
308.504
308.623
300.005
300.016
300.027
300.039
300.053
300.067
300.083
300.1
300.119
300.14
300.162
300.187
300.214
300.244
300.276
300.31
300.348
300.389
300.432
300.479
300.529
300.582
300.639
300.699
300.762
300.829
300.899
300.973
301.05
301.131
301.215
301.303
301.394
301.488
301.585
301.684
301.787
301.893
302.001
302.112
302.225
302.34
302.457
302.576
302.696
302.819
302.942
303.066
303.192
303.318
303.445
303.572
303.7
303.828
303.955
304.083
304.21
304.337
304.463
304.588
304.713
304.836
304.959
305.08
305.2
305.319
305.436
305.552
305.667
305.779
305.89
305.999
306.107
306.212
306.316
306.417
306.517
306.614
306.71
306.803
306.894
300.004
300.013
300.023
300.033
300.044
300.057
300.07
300.084
300.1
300.117
300.136
300.157
300.18
300.204
300.231
300.26
300.291
300.325
300.361
300.4
300.441
300.484
300.531
300.58
300.632
300.687
300.744
300.804
300.867
300.932
301
301.07
301.143
301.218
301.296
301.376
301.458
301.541
301.627
301.715
301.804
301.894
301.986
302.079
302.174
302.269
302.365
302.462
302.559
302.657
302.755
302.853
302.951
303.049
303.147
303.245
303.342
303.439
303.535
303.631
303.725
303.819
303.912
304.004
304.095
304.185
304.274
304.361
304.447
304.532
304.615
304.697
304.778
304.857
304.934
305.01
305.084
305.157
305.228
305.297
305.365
300.004
300.011
300.019
300.028
300.037
300.047
300.058
300.07
300.083
300.097
300.113
300.13
300.149
300.169
300.191
300.215
300.24
300.268
300.297
300.328
300.362
300.397
300.434
300.474
300.515
300.559
300.605
300.653
300.702
300.754
300.808
300.863
300.921
300.98
301.04
301.102
301.166
301.231
301.298
301.365
301.434
301.503
301.574
301.645
301.717
301.789
301.862
301.935
302.009
302.083
302.157
302.23
302.304
302.377
302.451
302.523
302.596
302.668
302.739
302.81
302.88
302.95
303.018
303.086
303.153
303.219
303.284
303.348
303.411
303.473
303.533
303.593
303.651
303.709
303.765
303.82
303.873
303.926
303.977
304.027
304.076
300.003
300.009
300.016
300.023
300.031
300.039
300.048
300.058
300.069
300.081
300.094
300.108
300.123
300.14
300.157
300.177
300.197
300.22
300.243
300.269
300.295
300.324
300.354
300.385
300.418
300.453
300.489
300.527
300.566
300.607
300.649
300.692
300.737
300.783
300.83
300.878
300.927
300.976
301.027
301.079
301.131
301.184
301.237
301.291
301.345
301.4
301.454
301.509
301.564
301.619
301.674
301.728
301.783
301.837
301.891
301.944
301.998
302.05
302.102
302.154
302.205
302.256
302.305
302.354
302.403
302.45
302.497
302.543
302.588
302.632
302.676
302.718
302.76
302.801
302.841
302.88
302.918
302.955
302.991
303.026
303.061
300.003
300.008
300.014
300.02
300.026
300.033
300.041
300.049
300.058
300.068
300.079
300.091
300.104
300.118
300.132
300.148
300.166
300.184
300.204
300.224
300.246
300.27
300.294
300.32
300.347
300.375
300.404
300.435
300.466
300.499
300.532
300.567
300.602
300.639
300.676
300.714
300.752
300.791
300.831
300.871
300.912
300.953
300.994
301.035
301.077
301.119
301.161
301.202
301.244
301.286
301.327
301.369
301.41
301.451
301.491
301.531
301.571
301.61
301.649
301.687
301.725
301.762
301.799
301.835
301.871
301.905
301.94
301.973
302.006
302.038
302.07
302.101
302.131
302.16
302.189
302.217
302.244
302.271
302.297
302.323
302.347
300.002
300.007
300.012
300.018
300.024
300.03
300.037
300.044
300.053
300.061
300.071
300.082
300.093
300.105
300.119
300.133
300.148
300.164
300.182
300.2
300.219
300.24
300.261
300.284
300.307
300.332
300.357
300.384
300.411
300.439
300.468
300.498
300.529
300.56
300.591
300.624
300.657
300.69
300.724
300.758
300.792
300.827
300.862
300.896
300.931
300.966
301.001
301.036
301.071
301.106
301.14
301.174
301.208
301.242
301.275
301.308
301.341
301.373
301.405
301.436
301.467
301.497
301.527
301.556
301.585
301.613
301.64
301.667
301.694
301.72
301.745
301.769
301.794
301.817
301.84
301.862
301.884
301.905
301.926
301.946
301.966
403.077
411.135
417.866
423.683
428.786
433.286
437.242
440.687
443.634
446.083
448.021
449.424
450.258
450.475
450.012
448.781
446.659
443.456
438.852
432.202
421.872
414.57
408.749
403.805
399.449
395.52
391.914
388.565
385.423
382.453
379.628
376.927
374.333
371.832
369.416
367.074
364.801
362.591
360.441
358.347
356.309
354.323
352.39
350.508
348.678
346.898
345.169
343.491
341.864
340.287
338.761
337.284
335.857
334.478
333.147
331.864
330.626
329.433
328.284
327.178
326.112
325.086
324.099
323.148
322.233
321.352
320.504
319.687
318.9
318.142
317.411
316.707
316.027
315.372
314.74
314.13
313.541
312.972
312.423
311.893
311.381
310.886
310.408
309.947
309.501
309.07
308.654
308.252
307.864
307.489
307.128
306.779
306.443
306.119
305.806
305.505
305.215
304.937
304.668
304.411
304.163
303.926
303.698
303.48
303.271
303.071
302.88
302.698
302.524
302.359
302.201
302.051
301.909
301.774
301.647
301.526
301.412
301.304
301.203
301.108
301.018
300.934
300.856
300.782
300.714
300.65
300.591
300.536
300.485
300.438
300.395
300.355
300.318
300.285
300.254
300.226
300.201
300.178
300.157
300.139
300.122
300.107
300.093
300.081
300.07
300.061
300.052
300.045
300.039
300.033
300.028
300.024
300.02
300.017
300.014
300.012
300.01
300.008
300.007
300.005
300.004
398.308
405.335
411.609
417.19
422.16
426.578
430.483
433.897
436.827
439.269
441.208
442.621
443.473
443.72
443.301
442.135
440.117
437.098
432.87
427.179
419.996
413.659
408.213
403.449
399.194
395.326
391.763
388.443
385.323
382.37
379.558
376.866
374.28
371.786
369.375
367.037
364.767
362.56
360.413
358.321
356.284
354.3
352.368
350.487
348.657
346.879
345.151
343.473
341.847
340.271
338.745
337.269
335.842
334.465
333.135
331.852
330.615
329.423
328.274
327.168
326.104
325.078
324.092
323.142
322.227
321.347
320.499
319.682
318.896
318.138
317.407
316.703
316.024
315.369
314.737
314.127
313.539
312.97
312.421
311.891
311.379
310.885
310.407
309.946
309.5
309.069
308.653
308.251
307.863
307.489
307.128
306.779
306.443
306.118
305.806
305.505
305.215
304.936
304.668
304.411
304.163
303.926
303.698
303.48
303.271
303.071
302.88
302.698
302.524
302.359
302.201
302.051
301.909
301.774
301.647
301.526
301.412
301.304
301.203
301.108
301.018
300.934
300.856
300.782
300.714
300.65
300.591
300.536
300.485
300.438
300.395
300.355
300.318
300.285
300.254
300.226
300.201
300.178
300.157
300.139
300.122
300.107
300.093
300.081
300.07
300.061
300.052
300.045
300.039
300.033
300.028
300.024
300.02
300.017
300.014
300.012
300.01
300.008
300.007
300.005
300.004
394.173
400.213
405.867
411.059
415.776
420.027
423.82
427.16
430.045
432.464
434.399
435.828
436.714
437.018
436.685
435.649
433.83
431.133
427.464
422.79
417.345
412.036
407.153
402.711
398.653
394.913
391.438
388.181
385.108
382.19
379.405
376.736
374.167
371.687
369.287
366.958
364.696
362.495
360.353
358.266
356.232
354.251
352.322
350.444
348.616
346.84
345.114
343.438
341.814
340.239
338.715
337.241
335.816
334.44
333.111
331.83
330.594
329.404
328.257
327.152
326.089
325.065
324.079
323.13
322.217
321.337
320.49
319.674
318.889
318.131
317.402
316.698
316.019
315.365
314.733
314.124
313.536
312.968
312.419
311.889
311.378
310.883
310.406
309.944
309.499
309.068
308.652
308.251
307.863
307.489
307.127
306.779
306.443
306.118
305.806
305.505
305.215
304.937
304.669
304.411
304.164
303.926
303.698
303.48
303.271
303.072
302.881
302.698
302.525
302.359
302.202
302.052
301.91
301.775
301.647
301.526
301.412
301.305
301.203
301.108
301.018
300.935
300.856
300.783
300.714
300.65
300.591
300.536
300.485
300.438
300.395
300.355
300.318
300.285
300.254
300.227
300.201
300.178
300.157
300.139
300.122
300.107
300.093
300.081
300.07
300.061
300.052
300.045
300.039
300.033
300.028
300.024
300.02
300.017
300.014
300.012
300.01
300.008
300.007
300.005
300.004
390.279
395.513
400.55
405.29
409.682
413.699
417.326
420.55
423.358
425.735
427.658
429.101
430.034
430.417
430.206
429.351
427.799
425.499
422.427
418.632
414.321
409.906
405.634
401.597
397.812
394.262
390.921
387.762
384.762
381.9
379.16
376.525
373.984
371.527
369.145
366.832
364.582
362.392
360.258
358.179
356.152
354.176
352.252
350.378
348.555
346.782
345.059
343.387
341.766
340.194
338.673
337.202
335.779
334.406
333.08
331.801
330.568
329.379
328.235
327.132
326.07
325.048
324.064
323.117
322.205
321.326
320.481
319.666
318.881
318.125
317.396
316.693
316.015
315.361
314.73
314.121
313.534
312.966
312.418
311.888
311.377
310.883
310.405
309.944
309.499
309.068
308.652
308.251
307.863
307.489
307.128
306.779
306.443
306.119
305.807
305.506
305.216
304.937
304.669
304.412
304.164
303.927
303.699
303.481
303.272
303.072
302.881
302.699
302.525
302.36
302.202
302.052
301.91
301.775
301.648
301.527
301.413
301.305
301.204
301.108
301.019
300.935
300.856
300.783
300.715
300.651
300.591
300.536
300.486
300.439
300.395
300.355
300.319
300.285
300.255
300.227
300.201
300.178
300.158
300.139
300.122
300.107
300.093
300.081
300.07
300.061
300.053
300.045
300.039
300.033
300.028
300.024
300.02
300.017
300.014
300.012
300.01
300.008
300.007
300.005
300.004
386.506
391.086
395.563
399.849
403.884
407.627
411.047
414.12
416.825
419.138
421.036
422.492
423.475
423.953
423.889
423.248
421.996
420.115
417.611
414.55
411.078
407.413
403.73
400.134
396.672
393.36
390.195
387.17
384.271
381.488
378.809
376.223
373.722
371.298
368.943
366.652
364.421
362.247
360.126
358.058
356.041
354.074
352.158
350.291
348.474
346.706
344.989
343.323
341.706
340.139
338.622
337.155
335.737
334.367
333.044
331.769
330.539
329.353
328.211
327.111
326.052
325.032
324.05
323.104
322.194
321.317
320.473
319.66
318.876
318.121
317.393
316.691
316.013
315.36
314.73
314.121
313.534
312.966
312.418
311.889
311.378
310.884
310.407
309.945
309.5
309.07
308.654
308.253
307.865
307.491
307.129
306.781
306.445
306.121
305.808
305.507
305.218
304.939
304.671
304.413
304.166
303.928
303.7
303.482
303.273
303.073
302.883
302.7
302.526
302.361
302.203
302.053
301.911
301.776
301.649
301.528
301.414
301.306
301.205
301.109
301.02
300.936
300.857
300.784
300.715
300.651
300.592
300.537
300.486
300.439
300.396
300.356
300.319
300.285
300.255
300.227
300.202
300.179
300.158
300.139
300.122
300.107
300.093
300.081
300.071
300.061
300.053
300.045
300.039
300.033
300.028
300.024
300.02
300.017
300.014
300.012
300.01
300.008
300.007
300.005
300.004
382.814
386.853
390.835
394.692
398.369
401.82
405.01
407.908
410.487
412.72
414.58
416.042
417.076
417.654
417.749
417.333
416.39
414.914
412.925
410.479
407.676
404.645
401.508
398.356
395.243
392.203
389.251
386.391
383.622
380.941
378.342
375.821
373.373
370.992
368.674
366.414
364.209
362.056
359.954
357.903
355.9
353.946
352.04
350.183
348.375
346.616
344.907
343.247
341.637
340.077
338.566
337.104
335.691
334.326
333.008
331.737
330.51
329.329
328.19
327.093
326.037
325.019
324.04
323.096
322.188
321.313
320.47
319.658
318.875
318.121
317.394
316.692
316.016
315.363
314.733
314.124
313.537
312.97
312.422
311.893
311.382
310.888
310.411
309.949
309.504
309.073
308.658
308.256
307.868
307.494
307.133
306.784
306.448
306.123
305.811
305.51
305.22
304.941
304.673
304.415
304.168
303.93
303.702
303.484
303.275
303.075
302.884
302.702
302.528
302.362
302.205
302.055
301.912
301.777
301.65
301.529
301.415
301.307
301.206
301.11
301.021
300.936
300.858
300.784
300.716
300.652
300.593
300.537
300.487
300.439
300.396
300.356
300.319
300.286
300.255
300.227
300.202
300.179
300.158
300.139
300.122
300.107
300.093
300.081
300.071
300.061
300.053
300.045
300.039
300.033
300.028
300.024
300.02
300.017
300.014
300.012
300.01
300.008
300.007
300.005
300.004
379.191
382.772
386.321
389.785
393.118
396.278
399.229
401.937
404.375
406.512
408.324
409.783
410.863
411.54
411.791
411.598
410.95
409.849
408.315
406.391
404.144
401.659
399.018
396.295
393.541
390.795
388.082
385.414
382.801
380.246
377.749
375.31
372.929
370.604
368.333
366.112
363.941
361.818
359.741
357.712
355.728
353.791
351.9
350.057
348.261
346.514
344.815
343.164
341.563
340.011
338.507
337.052
335.646
334.287
332.974
331.708
330.487
329.309
328.174
327.081
326.027
325.013
324.036
323.094
322.188
321.315
320.473
319.662
318.881
318.127
317.401
316.7
316.024
315.371
314.741
314.133
313.546
312.979
312.431
311.901
311.39
310.896
310.418
309.957
309.511
309.08
308.664
308.262
307.874
307.5
307.138
306.789
306.452
306.128
305.815
305.514
305.224
304.945
304.677
304.419
304.171
303.933
303.705
303.487
303.278
303.078
302.886
302.704
302.53
302.364
302.206
302.056
301.914
301.779
301.651
301.53
301.416
301.308
301.207
301.111
301.022
300.937
300.859
300.785
300.717
300.653
300.593
300.538
300.487
300.44
300.397
300.357
300.32
300.286
300.256
300.228
300.202
300.179
300.158
300.139
300.122
300.107
300.094
300.082
300.071
300.061
300.053
300.045
300.039
300.033
300.028
300.024
300.02
300.017
300.014
300.012
300.01
300.008
300.007
300.005
300.004
375.636
378.823
381.992
385.101
388.114
390.993
393.706
396.221
398.508
400.541
402.294
403.74
404.858
405.624
406.02
406.034
405.656
404.891
403.754
402.277
400.504
398.492
396.3
393.982
391.584
389.143
386.687
384.234
381.8
379.392
377.018
374.681
372.383
370.127
367.914
365.744
363.615
361.529
359.485
357.484
355.525
353.61
351.739
349.914
348.134
346.401
344.715
343.077
341.486
339.944
338.45
337.004
335.605
334.253
332.947
331.686
330.47
329.297
328.167
327.077
326.027
325.015
324.041
323.102
322.197
321.325
320.485
319.675
318.895
318.142
317.416
316.715
316.039
315.386
314.756
314.148
313.56
312.993
312.444
311.915
311.403
310.908
310.43
309.968
309.522
309.09
308.674
308.271
307.883
307.508
307.146
306.796
306.459
306.134
305.821
305.52
305.229
304.95
304.681
304.423
304.175
303.937
303.709
303.49
303.281
303.08
302.889
302.707
302.532
302.366
302.209
302.058
301.916
301.781
301.653
301.532
301.418
301.31
301.208
301.113
301.023
300.939
300.86
300.786
300.718
300.654
300.594
300.539
300.488
300.441
300.397
300.357
300.32
300.287
300.256
300.228
300.202
300.179
300.158
300.14
300.123
300.107
300.094
300.082
300.071
300.061
300.053
300.045
300.039
300.033
300.028
300.024
300.02
300.017
300.014
300.012
300.01
300.008
300.007
300.005
300.004
372.153
374.998
377.831
380.622
383.341
385.957
388.441
390.764
392.9
394.822
396.507
397.932
399.074
399.916
400.441
400.636
400.498
400.026
399.233
398.138
396.773
395.176
393.386
391.446
389.392
387.258
385.069
382.847
380.61
378.371
376.139
373.921
371.725
369.553
367.411
365.302
363.227
361.188
359.184
357.218
355.291
353.404
351.558
349.754
347.995
346.28
344.61
342.987
341.41
339.88
338.396
336.96
335.57
334.226
332.928
331.674
330.463
329.296
328.17
327.084
326.038
325.029
324.057
323.12
322.217
321.347
320.508
319.699
318.918
318.166
317.44
316.739
316.063
315.41
314.779
314.17
313.582
313.014
312.465
311.934
311.421
310.926
310.447
309.984
309.537
309.105
308.687
308.284
307.895
307.519
307.156
306.806
306.468
306.143
305.829
305.527
305.236
304.956
304.687
304.429
304.18
303.942
303.713
303.494
303.285
303.084
302.892
302.71
302.535
302.369
302.211
302.061
301.918
301.783
301.655
301.534
301.419
301.311
301.21
301.114
301.024
300.94
300.861
300.787
300.719
300.655
300.595
300.54
300.489
300.441
300.398
300.358
300.321
300.287
300.256
300.228
300.203
300.18
300.159
300.14
300.123
300.108
300.094
300.082
300.071
300.062
300.053
300.046
300.039
300.033
300.028
300.024
300.02
300.017
300.014
300.012
300.01
300.008
300.007
300.005
300.004
368.748
371.292
373.83
376.337
378.789
381.162
383.43
385.569
387.555
389.364
390.976
392.369
393.524
394.424
395.055
395.406
395.472
395.252
394.752
393.985
392.972
391.736
390.307
388.715
386.988
385.154
383.236
381.255
379.23
377.175
375.103
373.023
370.945
368.875
366.819
364.783
362.772
360.789
358.834
356.912
355.023
353.171
351.355
349.579
347.844
346.151
344.501
342.895
341.334
339.818
338.348
336.923
335.544
334.209
332.919
331.672
330.469
329.307
328.185
327.104
326.061
325.056
324.086
323.151
322.25
321.38
320.542
319.734
318.954
318.201
317.474
316.773
316.096
315.442
314.811
314.201
313.612
313.042
312.492
311.96
311.446
310.949
310.469
310.005
309.557
309.123
308.705
308.301
307.91
307.533
307.17
306.819
306.48
306.154
305.839
305.536
305.245
304.964
304.695
304.435
304.186
303.948
303.719
303.499
303.289
303.088
302.896
302.713
302.539
302.372
302.214
302.064
301.921
301.785
301.657
301.536
301.421
301.313
301.211
301.116
301.026
300.941
300.862
300.789
300.72
300.656
300.596
300.541
300.489
300.442
300.399
300.358
300.322
300.288
300.257
300.229
300.203
300.18
300.159
300.14
300.123
300.108
300.094
300.082
300.071
300.062
300.053
300.046
300.039
300.033
300.028
300.024
300.02
300.017
300.014
300.012
300.01
300.008
300.007
300.005
300.004
365.428
367.707
369.983
372.237
374.449
376.599
378.667
380.632
382.473
384.17
385.705
387.058
388.212
389.154
389.868
390.347
390.582
390.573
390.32
389.832
389.12
388.201
387.093
385.817
384.396
382.85
381.2
379.464
377.66
375.802
373.904
371.979
370.035
368.083
366.129
364.18
362.245
360.328
358.432
356.562
354.72
352.908
351.13
349.386
347.681
346.014
344.387
342.802
341.26
339.761
338.306
336.895
335.527
334.203
332.922
331.683
330.487
329.331
328.215
327.138
326.099
325.096
324.129
323.196
322.296
321.427
320.59
319.781
319.001
318.248
317.521
316.819
316.14
315.485
314.852
314.241
313.65
313.079
312.527
311.993
311.478
310.979
310.497
310.032
309.582
309.147
308.727
308.321
307.929
307.551
307.186
306.834
306.494
306.167
305.851
305.548
305.255
304.974
304.703
304.443
304.194
303.954
303.725
303.505
303.294
303.093
302.901
302.717
302.542
302.376
302.217
302.067
301.924
301.788
301.66
301.538
301.423
301.315
301.213
301.117
301.027
300.943
300.864
300.79
300.721
300.657
300.597
300.542
300.49
300.443
300.399
300.359
300.322
300.288
300.257
300.229
300.204
300.18
300.159
300.14
300.123
300.108
300.094
300.082
300.071
300.062
300.053
300.046
300.039
300.033
300.028
300.024
300.02
300.017
300.014
300.012
300.01
300.008
300.007
300.005
300.004
362.199
364.244
366.288
368.316
370.312
372.261
374.145
375.947
377.651
379.238
380.693
381.999
383.141
384.107
384.884
385.462
385.834
385.998
385.951
385.697
385.243
384.597
383.771
382.781
381.641
380.367
378.976
377.483
375.903
374.251
372.54
370.781
368.986
367.166
365.33
363.485
361.638
359.799
357.973
356.164
354.376
352.613
350.878
349.174
347.502
345.866
344.267
342.707
341.187
339.707
338.27
336.873
335.519
334.207
332.936
331.707
330.518
329.369
328.259
327.186
326.151
325.152
324.187
323.255
322.357
321.489
320.651
319.843
319.062
318.308
317.579
316.876
316.196
315.539
314.904
314.291
313.698
313.124
312.57
312.034
311.516
311.016
310.532
310.064
309.612
309.175
308.753
308.346
307.952
307.572
307.206
306.852
306.511
306.182
305.865
305.56
305.267
304.985
304.713
304.452
304.202
303.962
303.731
303.511
303.3
303.098
302.905
302.721
302.546
302.379
302.22
302.07
301.926
301.791
301.662
301.54
301.425
301.317
301.215
301.119
301.029
300.944
300.865
300.791
300.722
300.658
300.598
300.542
300.491
300.444
300.4
300.36
300.323
300.289
300.258
300.23
300.204
300.181
300.16
300.141
300.124
300.108
300.095
300.082
300.072
300.062
300.053
300.046
300.039
300.034
300.029
300.024
300.02
300.017
300.014
300.012
300.01
300.008
300.007
300.005
300.004
359.067
360.905
362.743
364.569
366.373
368.139
369.856
371.508
373.082
374.563
375.937
377.191
378.311
379.285
380.103
380.756
381.236
381.538
381.659
381.6
381.362
380.95
380.372
379.635
378.75
377.73
376.584
375.327
373.971
372.527
371.009
369.427
367.794
366.119
364.413
362.685
360.943
359.195
357.448
355.71
353.986
352.28
350.595
348.936
347.305
345.705
344.138
342.607
341.112
339.655
338.237
336.858
335.52
334.221
332.962
331.743
330.563
329.421
328.317
327.25
326.218
325.222
324.26
323.33
322.432
321.565
320.727
319.918
319.136
318.381
317.651
316.945
316.263
315.604
314.967
314.35
313.755
313.179
312.622
312.083
311.563
311.059
310.573
310.102
309.648
309.209
308.784
308.375
307.979
307.597
307.228
306.873
306.53
306.2
305.882
305.575
305.28
304.997
304.724
304.462
304.211
303.97
303.739
303.517
303.306
303.103
302.91
302.726
302.55
302.383
302.224
302.073
301.929
301.793
301.664
301.542
301.427
301.319
301.216
301.12
301.03
300.945
300.866
300.792
300.723
300.658
300.598
300.543
300.492
300.444
300.4
300.36
300.323
300.289
300.258
300.23
300.204
300.181
300.16
300.141
300.124
300.109
300.095
300.083
300.072
300.062
300.054
300.046
300.039
300.034
300.029
300.024
300.02
300.017
300.014
300.012
300.01
300.008
300.007
300.005
300.004
356.038
357.691
359.346
360.993
362.624
364.227
365.791
367.306
368.758
370.137
371.431
372.628
373.716
374.686
375.528
376.233
376.793
377.203
377.459
377.559
377.501
377.288
376.922
376.408
375.752
374.962
374.046
373.013
371.874
370.638
369.315
367.917
366.453
364.934
363.371
361.772
360.147
358.504
356.85
355.193
353.541
351.9
350.274
348.667
347.083
345.525
343.995
342.497
341.031
339.6
338.205
336.847
335.526
334.242
332.997
331.789
330.619
329.486
328.388
327.327
326.3
325.307
324.348
323.42
322.523
321.656
320.818
320.008
319.224
318.467
317.735
317.027
316.342
315.68
315.04
314.421
313.822
313.243
312.682
312.14
311.617
311.11
310.62
310.147
309.689
309.247
308.82
308.408
308.009
307.625
307.254
306.897
306.552
306.22
305.9
305.591
305.295
305.01
304.736
304.473
304.22
303.978
303.746
303.524
303.312
303.109
302.915
302.73
302.554
302.386
302.227
302.075
301.932
301.795
301.666
301.544
301.429
301.32
301.218
301.121
301.031
300.946
300.867
300.793
300.723
300.659
300.599
300.543
300.492
300.444
300.401
300.36
300.323
300.289
300.258
300.23
300.205
300.181
300.16
300.141
300.124
300.109
300.095
300.083
300.072
300.062
300.054
300.046
300.039
300.034
300.029
300.024
300.021
300.017
300.014
300.012
300.01
300.008
300.007
300.006
300.004
353.114
354.604
356.096
357.583
359.059
360.515
361.941
363.328
364.668
365.95
367.165
368.302
369.353
370.307
371.157
371.894
372.512
373.004
373.365
373.591
373.681
373.633
373.447
373.126
372.672
372.089
371.384
370.561
369.628
368.594
367.465
366.252
364.963
363.607
362.196
360.736
359.239
357.712
356.164
354.602
353.033
351.466
349.907
348.36
346.829
345.318
343.831
342.371
340.939
339.538
338.169
336.834
335.534
334.268
333.038
331.844
330.685
329.561
328.472
327.417
326.395
325.407
324.45
323.524
322.628
321.761
320.922
320.111
319.326
318.567
317.832
317.121
316.433
315.768
315.124
314.501
313.898
313.315
312.751
312.205
311.678
311.167
310.674
310.197
309.736
309.291
308.86
308.445
308.044
307.656
307.283
306.923
306.576
306.241
305.919
305.609
305.311
305.024
304.749
304.484
304.231
303.987
303.754
303.531
303.318
303.114
302.92
302.735
302.558
302.39
302.23
302.078
301.934
301.797
301.668
301.545
301.43
301.321
301.218
301.122
301.031
300.947
300.867
300.793
300.724
300.659
300.599
300.544
300.492
300.445
300.401
300.36
300.323
300.29
300.259
300.23
300.205
300.181
300.16
300.141
300.124
300.109
300.095
300.083
300.072
300.062
300.054
300.046
300.04
300.034
300.029
300.024
300.021
300.017
300.014
300.012
300.01
300.008
300.007
300.006
300.004
350.299
351.642
352.989
354.334
355.671
356.994
358.294
359.566
360.801
361.991
363.128
364.205
365.212
366.142
366.987
367.74
368.395
368.945
369.385
369.711
369.919
370.006
369.971
369.814
369.536
369.137
368.62
367.99
367.251
366.408
365.468
364.438
363.324
362.136
360.882
359.57
358.21
356.81
355.378
353.922
352.45
350.968
349.483
348.003
346.533
345.078
343.639
342.222
340.829
339.463
338.125
336.816
335.539
334.294
333.082
331.903
330.757
329.644
328.565
327.517
326.502
325.517
324.564
323.64
322.745
321.878
321.039
320.227
319.44
318.678
317.941
317.226
316.535
315.866
315.218
314.591
313.984
313.396
312.828
312.278
311.746
311.231
310.734
310.252
309.788
309.338
308.904
308.485
308.081
307.691
307.314
306.951
306.601
306.264
305.94
305.628
305.328
305.039
304.762
304.496
304.241
303.996
303.762
303.538
303.324
303.12
302.925
302.739
302.561
302.393
302.232
302.08
301.935
301.798
301.669
301.546
301.431
301.321
301.219
301.122
301.032
300.947
300.867
300.793
300.724
300.659
300.599
300.544
300.492
300.445
300.401
300.36
300.323
300.289
300.258
300.23
300.205
300.181
300.16
300.141
300.124
300.109
300.095
300.083
300.072
300.062
300.054
300.046
300.04
300.034
300.029
300.024
300.021
300.017
300.014
300.012
300.01
300.008
300.007
300.006
300.004
347.591
348.804
350.021
351.239
352.451
353.654
354.841
356.006
357.144
358.247
359.309
360.324
361.283
362.182
363.012
363.768
364.443
365.032
365.529
365.93
366.23
366.426
366.515
366.495
366.366
366.127
365.778
365.322
364.76
364.097
363.335
362.482
361.541
360.52
359.427
358.268
357.051
355.786
354.478
353.138
351.772
350.387
348.99
347.587
346.186
344.792
343.409
342.042
340.693
339.366
338.063
336.785
335.535
334.314
333.123
331.962
330.831
329.731
328.662
327.624
326.615
325.636
324.687
323.766
322.872
322.006
321.167
320.353
319.564
318.8
318.059
317.341
316.646
315.972
315.32
314.688
314.076
313.484
312.911
312.356
311.819
311.3
310.798
310.312
309.843
309.389
308.951
308.529
308.12
307.727
307.347
306.981
306.628
306.288
305.961
305.647
305.345
305.054
304.775
304.507
304.251
304.005
303.77
303.545
303.33
303.124
302.928
302.742
302.564
302.395
302.234
302.081
301.936
301.799
301.669
301.546
301.43
301.321
301.218
301.122
301.031
300.946
300.866
300.792
300.723
300.658
300.599
300.543
300.492
300.444
300.4
300.36
300.323
300.289
300.258
300.23
300.204
300.181
300.16
300.141
300.124
300.109
300.095
300.083
300.072
300.062
300.054
300.046
300.04
300.034
300.029
300.024
300.021
300.017
300.014
300.012
300.01
300.008
300.007
300.006
300.004
344.99
346.086
347.187
348.29
349.391
350.485
351.569
352.636
353.683
354.704
355.694
356.647
357.557
358.418
359.226
359.973
360.655
361.266
361.801
362.256
362.625
362.906
363.094
363.188
363.183
363.08
362.877
362.575
362.173
361.673
361.079
360.393
359.618
358.762
357.828
356.823
355.754
354.628
353.453
352.236
350.985
349.706
348.406
347.093
345.772
344.448
343.128
341.817
340.519
339.237
337.974
336.732
335.514
334.32
333.153
332.012
330.9
329.815
328.759
327.731
326.731
325.759
324.814
323.896
323.005
322.14
321.3
320.485
319.695
318.928
318.184
317.463
316.763
316.085
315.428
314.791
314.174
313.577
312.998
312.438
311.896
311.372
310.865
310.374
309.9
309.443
309
308.573
308.161
307.763
307.38
307.011
306.655
306.312
305.983
305.666
305.361
305.068
304.787
304.518
304.26
304.013
303.776
303.55
303.334
303.128
302.931
302.744
302.565
302.395
302.234
302.081
301.936
301.798
301.668
301.545
301.429
301.32
301.217
301.12
301.03
300.945
300.865
300.791
300.722
300.657
300.597
300.542
300.491
300.443
300.399
300.359
300.322
300.288
300.258
300.229
300.204
300.181
300.16
300.141
300.124
300.108
300.095
300.082
300.072
300.062
300.054
300.046
300.039
300.034
300.029
300.024
300.02
300.017
300.014
300.012
300.01
300.008
300.007
300.006
300.004
342.491
343.483
344.48
345.48
346.48
347.476
348.465
349.443
350.405
351.349
352.269
353.16
354.019
354.839
355.617
356.347
357.024
357.644
358.202
358.692
359.112
359.456
359.722
359.905
360.004
360.014
359.936
359.766
359.505
359.153
358.711
358.18
357.563
356.863
356.085
355.232
354.312
353.329
352.291
351.203
350.073
348.908
347.714
346.499
345.267
344.025
342.779
341.534
340.294
339.063
337.846
336.645
335.463
334.301
333.162
332.046
330.954
329.887
328.846
327.83
326.841
325.877
324.938
324.025
323.137
322.274
321.435
320.619
319.827
319.058
318.311
317.586
316.882
316.2
315.538
314.896
314.274
313.671
313.087
312.522
311.975
311.445
310.933
310.437
309.958
309.496
309.049
308.617
308.201
307.799
307.412
307.04
306.68
306.335
306.002
305.683
305.376
305.081
304.798
304.527
304.268
304.019
303.781
303.554
303.337
303.13
302.932
302.744
302.565
302.395
302.233
302.079
301.934
301.796
301.666
301.543
301.427
301.317
301.214
301.118
301.027
300.942
300.863
300.789
300.72
300.655
300.596
300.54
300.489
300.442
300.398
300.358
300.321
300.287
300.257
300.229
300.203
300.18
300.159
300.14
300.123
300.108
300.094
300.082
300.071
300.062
300.053
300.046
300.039
300.034
300.029
300.024
300.02
300.017
300.014
300.012
300.01
300.008
300.007
300.005
300.004
340.089
340.987
341.891
342.798
343.706
344.613
345.515
346.41
347.295
348.165
349.018
349.85
350.656
351.433
352.176
352.881
353.545
354.162
354.728
355.24
355.693
356.083
356.406
356.659
356.839
356.943
356.967
356.911
356.772
356.55
356.243
355.853
355.381
354.829
354.198
353.494
352.719
351.879
350.978
350.024
349.021
347.976
346.895
345.784
344.651
343.499
342.336
341.166
339.994
338.824
337.661
336.508
335.367
334.242
333.135
332.048
330.981
329.935
328.912
327.912
326.934
325.981
325.05
324.143
323.26
322.399
321.561
320.746
319.953
319.182
318.433
317.705
316.997
316.311
315.644
314.998
314.37
313.762
313.173
312.603
312.05
311.515
310.997
310.497
310.013
309.545
309.094
308.658
308.238
307.832
307.442
307.065
306.703
306.354
306.019
305.697
305.388
305.091
304.807
304.534
304.273
304.023
303.784
303.555
303.337
303.129
302.931
302.742
302.562
302.391
302.229
302.076
301.93
301.792
301.662
301.539
301.423
301.313
301.21
301.114
301.023
300.939
300.859
300.785
300.717
300.652
300.593
300.538
300.487
300.439
300.396
300.356
300.319
300.286
300.255
300.227
300.202
300.179
300.158
300.139
300.123
300.107
300.094
300.082
300.071
300.061
300.053
300.046
300.039
300.033
300.028
300.024
300.02
300.017
300.014
300.012
300.01
300.008
300.007
300.005
300.004
337.777
338.59
339.409
340.232
341.058
341.883
342.706
343.524
344.336
345.137
345.926
346.699
347.452
348.183
348.888
349.564
350.206
350.812
351.376
351.896
352.368
352.787
353.151
353.456
353.699
353.876
353.984
354.021
353.985
353.874
353.686
353.422
353.081
352.663
352.171
351.605
350.97
350.269
349.505
348.684
347.81
346.888
345.926
344.927
343.898
342.844
341.772
340.685
339.59
338.49
337.39
336.293
335.203
334.122
333.054
332.001
330.963
329.942
328.941
327.959
326.997
326.056
325.136
324.238
323.36
322.504
321.669
320.856
320.063
319.292
318.541
317.81
317.1
316.41
315.739
315.089
314.457
313.844
313.25
312.674
312.117
311.577
311.054
310.549
310.06
309.588
309.133
308.693
308.269
307.86
307.465
307.086
306.721
306.369
306.031
305.707
305.396
305.097
304.81
304.536
304.273
304.022
303.782
303.552
303.333
303.125
302.926
302.737
302.556
302.385
302.223
302.069
301.923
301.786
301.655
301.532
301.416
301.307
301.205
301.108
301.018
300.934
300.855
300.781
300.712
300.648
300.589
300.534
300.483
300.437
300.393
300.354
300.317
300.284
300.253
300.226
300.201
300.178
300.157
300.138
300.122
300.107
300.093
300.081
300.07
300.061
300.053
300.045
300.039
300.033
300.028
300.024
300.02
300.017
300.014
300.012
300.01
300.008
300.007
300.005
300.004
335.545
336.282
337.024
337.77
338.52
339.27
340.02
340.768
341.511
342.247
342.974
343.69
344.391
345.075
345.74
346.381
346.996
347.583
348.136
348.654
349.132
349.568
349.958
350.298
350.587
350.819
350.992
351.105
351.153
351.135
351.048
350.893
350.667
350.37
350.003
349.566
349.062
348.493
347.861
347.17
346.424
345.627
344.785
343.901
342.982
342.033
341.058
340.062
339.051
338.028
336.999
335.966
334.934
333.906
332.885
331.872
330.87
329.882
328.908
327.949
327.008
326.083
325.177
324.29
323.422
322.573
321.743
320.933
320.143
319.373
318.622
317.891
317.179
316.487
315.813
315.159
314.524
313.908
313.31
312.73
312.168
311.624
311.098
310.588
310.096
309.62
309.161
308.717
308.289
307.877
307.48
307.098
306.73
306.376
306.036
305.709
305.396
305.096
304.808
304.532
304.268
304.016
303.775
303.545
303.325
303.116
302.916
302.727
302.547
302.376
302.213
302.059
301.914
301.776
301.646
301.523
301.408
301.299
301.197
301.101
301.011
300.927
300.848
300.775
300.707
300.643
300.584
300.53
300.479
300.433
300.39
300.35
300.314
300.281
300.251
300.224
300.199
300.176
300.155
300.137
300.12
300.106
300.092
300.08
300.07
300.06
300.052
300.045
300.038
300.033
300.028
300.024
300.02
300.017
300.014
300.012
300.01
300.008
300.007
300.005
300.004
333.382
334.049
334.721
335.398
336.078
336.76
337.442
338.124
338.802
339.477
340.145
340.805
341.455
342.092
342.713
343.317
343.901
344.462
344.997
345.504
345.979
346.419
346.822
347.185
347.503
347.775
347.997
348.167
348.282
348.339
348.336
348.272
348.145
347.953
347.697
347.377
346.992
346.545
346.036
345.47
344.847
344.173
343.45
342.683
341.876
341.034
340.162
339.262
338.342
337.404
336.453
335.492
334.526
333.558
332.591
331.627
330.669
329.719
328.779
327.85
326.934
326.032
325.146
324.274
323.42
322.582
321.761
320.958
320.174
319.407
318.659
317.93
317.219
316.527
315.853
315.198
314.561
313.943
313.343
312.76
312.196
311.649
311.119
310.607
310.112
309.633
309.171
308.725
308.295
307.88
307.48
307.096
306.726
306.37
306.029
305.701
305.386
305.085
304.796
304.519
304.255
304.002
303.76
303.53
303.31
303.101
302.901
302.712
302.532
302.361
302.199
302.045
301.9
301.763
301.633
301.511
301.396
301.288
301.186
301.091
301.001
300.918
300.84
300.767
300.699
300.636
300.578
300.524
300.474
300.428
300.385
300.346
300.311
300.278
300.248
300.221
300.196
300.174
300.154
300.135
300.119
300.104
300.091
300.079
300.069
300.06
300.051
300.044
300.038
300.032
300.028
300.023
300.02
300.017
300.014
300.012
300.01
300.008
300.006
300.005
300.004
331.275
331.877
332.486
333.098
333.714
334.332
334.952
335.572
336.19
336.806
337.418
338.024
338.623
339.212
339.79
340.355
340.904
341.435
341.946
342.434
342.897
343.333
343.738
344.11
344.445
344.743
344.998
345.21
345.375
345.491
345.554
345.565
345.519
345.417
345.256
345.036
344.758
344.42
344.025
343.573
343.067
342.509
341.902
341.249
340.554
339.82
339.052
338.253
337.427
336.579
335.712
334.83
333.937
333.036
332.131
331.223
330.317
329.413
328.514
327.623
326.74
325.868
325.007
324.158
323.323
322.502
321.696
320.905
320.131
319.373
318.632
317.908
317.202
316.513
315.842
315.188
314.553
313.935
313.335
312.752
312.187
311.64
311.109
310.596
310.1
309.62
309.156
308.709
308.277
307.862
307.461
307.076
306.705
306.348
306.006
305.678
305.363
305.061
304.771
304.495
304.23
303.977
303.736
303.506
303.286
303.077
302.879
302.69
302.51
302.34
302.179
302.026
301.881
301.745
301.616
301.495
301.38
301.273
301.172
301.078
300.989
300.906
300.829
300.757
300.69
300.628
300.57
300.517
300.467
300.422
300.38
300.341
300.306
300.274
300.244
300.217
300.193
300.171
300.151
300.133
300.117
300.103
300.09
300.078
300.068
300.059
300.051
300.043
300.037
300.032
300.027
300.023
300.019
300.016
300.014
300.011
300.009
300.008
300.006
300.005
300.004
329.208
329.752
330.301
330.854
331.411
331.97
332.531
333.093
333.655
334.215
334.773
335.327
335.876
336.417
336.951
337.474
337.986
338.483
338.966
339.43
339.874
340.297
340.694
341.066
341.407
341.717
341.993
342.232
342.432
342.59
342.705
342.773
342.792
342.762
342.681
342.546
342.358
342.117
341.822
341.474
341.074
340.624
340.125
339.58
338.993
338.365
337.699
337.001
336.272
335.517
334.738
333.94
333.126
332.299
331.462
330.619
329.771
328.921
328.073
327.226
326.385
325.549
324.722
323.903
323.095
322.298
321.514
320.742
319.984
319.241
318.512
317.799
317.103
316.422
315.758
315.111
314.48
313.867
313.27
312.691
312.129
311.583
311.055
310.543
310.048
309.569
309.107
308.66
308.23
307.815
307.415
307.03
306.66
306.304
305.963
305.635
305.32
305.019
304.731
304.455
304.191
303.94
303.699
303.47
303.252
303.044
302.846
302.659
302.48
302.311
302.151
302
301.856
301.721
301.594
301.473
301.36
301.254
301.154
301.061
300.974
300.892
300.816
300.744
300.678
300.617
300.56
300.508
300.459
300.414
300.373
300.335
300.3
300.269
300.24
300.213
300.189
300.168
300.148
300.131
300.115
300.1
300.088
300.076
300.066
300.057
300.05
300.043
300.036
300.031
300.027
300.022
300.019
300.016
300.013
300.011
300.009
300.008
300.006
300.005
300.004
327.165
327.655
328.149
328.647
329.148
329.652
330.158
330.666
331.174
331.681
332.187
332.69
333.19
333.685
334.174
334.655
335.127
335.589
336.039
336.474
336.895
337.297
337.68
338.042
338.38
338.692
338.976
339.23
339.451
339.638
339.787
339.897
339.967
339.992
339.974
339.908
339.796
339.635
339.426
339.168
338.861
338.508
338.108
337.663
337.176
336.648
336.083
335.482
334.849
334.187
333.498
332.787
332.056
331.307
330.545
329.772
328.99
328.202
327.411
326.618
325.826
325.036
324.25
323.47
322.698
321.933
321.178
320.434
319.7
318.979
318.271
317.576
316.895
316.229
315.578
314.942
314.322
313.718
313.13
312.559
312.003
311.464
310.941
310.435
309.944
309.47
309.012
308.569
308.142
307.73
307.333
306.951
306.584
306.231
305.892
305.567
305.255
304.956
304.67
304.396
304.135
303.885
303.647
303.42
303.204
302.998
302.803
302.617
302.441
302.273
302.115
301.966
301.824
301.691
301.565
301.446
301.335
301.23
301.132
301.04
300.954
300.874
300.799
300.729
300.664
300.604
300.548
300.497
300.449
300.405
300.365
300.327
300.293
300.262
300.234
300.208
300.185
300.164
300.145
300.127
300.112
300.098
300.086
300.075
300.065
300.056
300.048
300.042
300.036
300.03
300.026
300.022
300.018
300.016
300.013
300.011
300.009
300.007
300.006
300.005
300.004
325.131
325.569
326.012
326.459
326.908
327.36
327.815
328.271
328.727
329.184
329.64
330.094
330.546
330.995
331.439
331.877
332.309
332.733
333.147
333.551
333.942
334.32
334.682
335.027
335.353
335.658
335.94
336.198
336.428
336.63
336.802
336.94
337.043
337.11
337.138
337.127
337.074
336.978
336.839
336.657
336.43
336.16
335.847
335.492
335.096
334.661
334.188
333.68
333.14
332.568
331.969
331.345
330.698
330.031
329.348
328.649
327.939
327.219
326.492
325.76
325.026
324.29
323.555
322.822
322.094
321.37
320.654
319.945
319.245
318.555
317.875
317.207
316.55
315.906
315.275
314.658
314.056
313.468
312.894
312.336
311.793
311.266
310.753
310.257
309.775
309.31
308.859
308.424
308.004
307.598
307.208
306.832
306.47
306.122
305.788
305.468
305.16
304.866
304.584
304.314
304.057
303.811
303.576
303.353
303.14
302.937
302.745
302.562
302.389
302.225
302.069
301.922
301.783
301.652
301.529
301.413
301.303
301.201
301.105
301.015
300.93
300.852
300.779
300.71
300.647
300.588
300.534
300.483
300.437
300.394
300.355
300.318
300.285
300.255
300.228
300.202
300.18
300.159
300.141
300.124
300.109
300.095
300.083
300.072
300.063
300.054
300.047
300.04
300.035
300.029
300.025
300.021
300.018
300.015
300.013
300.01
300.009
300.007
300.006
300.005
300.004
323.089
323.48
323.875
324.272
324.673
325.076
325.481
325.888
326.296
326.704
327.112
327.519
327.924
328.327
328.727
329.122
329.513
329.897
330.274
330.643
331.002
331.35
331.686
332.009
332.316
332.606
332.878
333.13
333.36
333.567
333.748
333.901
334.026
334.119
334.181
334.208
334.199
334.154
334.071
333.949
333.788
333.588
333.349
333.072
332.756
332.404
332.015
331.593
331.139
330.654
330.141
329.602
329.039
328.455
327.851
327.231
326.596
325.95
325.293
324.628
323.958
323.284
322.607
321.93
321.255
320.582
319.912
319.248
318.591
317.94
317.298
316.665
316.042
315.429
314.827
314.237
313.659
313.094
312.543
312.005
311.481
310.971
310.475
309.994
309.527
309.075
308.637
308.213
307.804
307.41
307.029
306.662
306.309
305.97
305.644
305.331
305.031
304.743
304.468
304.204
303.952
303.712
303.483
303.264
303.057
302.859
302.671
302.492
302.323
302.163
302.011
301.868
301.732
301.605
301.484
301.371
301.265
301.165
301.071
300.984
300.902
300.825
300.754
300.688
300.626
300.569
300.516
300.467
300.422
300.381
300.343
300.308
300.276
300.246
300.22
300.196
300.174
300.154
300.136
300.119
300.105
300.092
300.08
300.07
300.061
300.052
300.045
300.039
300.033
300.028
300.024
300.02
300.017
300.014
300.012
300.01
300.008
300.007
300.006
300.005
300.004
321.03
321.376
321.724
322.076
322.43
322.787
323.145
323.505
323.865
324.227
324.588
324.949
325.309
325.667
326.023
326.376
326.724
327.069
327.407
327.739
328.063
328.379
328.685
328.981
329.264
329.533
329.788
330.027
330.247
330.449
330.629
330.787
330.921
331.029
331.111
331.163
331.185
331.176
331.135
331.06
330.951
330.808
330.63
330.418
330.171
329.891
329.577
329.232
328.857
328.452
328.02
327.563
327.081
326.578
326.055
325.514
324.957
324.386
323.804
323.211
322.611
322.005
321.394
320.78
320.164
319.549
318.936
318.325
317.718
317.116
316.52
315.931
315.35
314.776
314.212
313.657
313.113
312.58
312.058
311.547
311.049
310.564
310.092
309.632
309.186
308.753
308.333
307.927
307.534
307.154
306.788
306.435
306.095
305.767
305.453
305.15
304.86
304.582
304.316
304.061
303.818
303.586
303.364
303.152
302.951
302.76
302.578
302.405
302.242
302.086
301.94
301.801
301.67
301.547
301.43
301.321
301.218
301.122
301.031
300.947
300.868
300.794
300.725
300.661
300.602
300.547
300.496
300.449
300.406
300.366
300.329
300.295
300.265
300.236
300.211
300.187
300.166
300.147
300.13
300.114
300.1
300.088
300.077
300.067
300.058
300.05
300.043
300.037
300.032
300.027
300.023
300.02
300.016
300.014
300.012
300.01
300.008
300.007
300.005
300.004
300.003
318.949
319.251
319.556
319.864
320.174
320.485
320.799
321.113
321.429
321.745
322.062
322.378
322.694
323.008
323.321
323.631
323.938
324.241
324.54
324.834
325.122
325.403
325.676
325.941
326.196
326.44
326.672
326.891
327.095
327.284
327.456
327.61
327.744
327.856
327.946
328.013
328.054
328.069
328.057
328.016
327.947
327.848
327.719
327.56
327.371
327.152
326.903
326.626
326.321
325.99
325.633
325.251
324.847
324.422
323.977
323.514
323.035
322.542
322.036
321.519
320.992
320.457
319.917
319.371
318.823
318.272
317.721
317.17
316.621
316.075
315.533
314.995
314.464
313.938
313.42
312.909
312.406
311.912
311.428
310.953
310.489
310.035
309.593
309.162
308.742
308.335
307.939
307.556
307.184
306.825
306.478
306.143
305.82
305.508
305.209
304.921
304.645
304.38
304.126
303.883
303.65
303.428
303.216
303.014
302.821
302.638
302.464
302.299
302.142
301.994
301.853
301.721
301.595
301.477
301.366
301.261
301.163
301.071
300.984
300.903
300.828
300.757
300.691
300.63
300.574
300.521
300.473
300.428
300.386
300.348
300.313
300.281
300.252
300.225
300.2
300.178
300.158
300.14
300.124
300.109
300.095
300.084
300.073
300.063
300.055
300.048
300.041
300.035
300.03
300.026
300.022
300.019
300.016
300.013
300.011
300.009
300.008
300.006
300.005
300.004
300.003
316.85
317.111
317.374
317.64
317.907
318.176
318.446
318.718
318.99
319.263
319.536
319.809
320.082
320.353
320.623
320.892
321.157
321.42
321.68
321.935
322.185
322.43
322.669
322.9
323.124
323.339
323.545
323.74
323.923
324.094
324.251
324.393
324.519
324.628
324.718
324.789
324.84
324.869
324.875
324.858
324.817
324.751
324.66
324.544
324.402
324.234
324.041
323.822
323.58
323.313
323.024
322.713
322.38
322.029
321.658
321.271
320.868
320.451
320.021
319.579
319.128
318.668
318.2
317.726
317.248
316.767
316.283
315.797
315.312
314.828
314.346
313.866
313.39
312.919
312.453
311.993
311.539
311.091
310.651
310.219
309.796
309.381
308.975
308.579
308.193
307.817
307.451
307.096
306.751
306.417
306.094
305.782
305.48
305.19
304.91
304.64
304.381
304.132
303.894
303.665
303.446
303.237
303.038
302.847
302.666
302.493
302.329
302.173
302.024
301.884
301.751
301.626
301.507
301.396
301.29
301.191
301.098
301.011
300.929
300.853
300.781
300.715
300.653
300.595
300.541
300.492
300.446
300.403
300.364
300.328
300.295
300.265
300.237
300.212
300.189
300.168
300.149
300.132
300.116
300.102
300.09
300.079
300.069
300.06
300.052
300.045
300.039
300.033
300.028
300.024
300.021
300.017
300.015
300.012
300.01
300.009
300.007
300.006
300.005
300.004
300.003
314.748
314.97
315.193
315.418
315.645
315.873
316.103
316.333
316.564
316.795
317.027
317.258
317.489
317.719
317.948
318.176
318.401
318.624
318.844
319.061
319.274
319.483
319.686
319.884
320.075
320.26
320.436
320.605
320.763
320.912
321.05
321.175
321.288
321.388
321.472
321.541
321.593
321.628
321.645
321.643
321.621
321.579
321.517
321.433
321.329
321.203
321.055
320.887
320.698
320.488
320.259
320.011
319.744
319.46
319.159
318.843
318.512
318.168
317.812
317.445
317.067
316.681
316.287
315.886
315.48
315.069
314.655
314.238
313.82
313.401
312.983
312.565
312.15
311.737
311.328
310.923
310.523
310.128
309.738
309.354
308.976
308.606
308.243
307.887
307.54
307.201
306.87
306.548
306.236
305.932
305.638
305.353
305.077
304.811
304.554
304.307
304.068
303.839
303.62
303.409
303.206
303.013
302.828
302.652
302.483
302.323
302.17
302.025
301.888
301.757
301.634
301.517
301.406
301.302
301.204
301.112
301.025
300.943
300.867
300.796
300.729
300.667
300.609
300.555
300.505
300.459
300.416
300.376
300.34
300.306
300.275
300.247
300.221
300.197
300.176
300.156
300.139
300.123
300.108
300.095
300.084
300.073
300.064
300.056
300.048
300.042
300.036
300.031
300.026
300.022
300.019
300.016
300.014
300.011
300.009
300.008
300.006
300.005
300.004
300.003
300.003
312.669
312.854
313.04
313.227
313.416
313.606
313.796
313.988
314.179
314.371
314.563
314.755
314.947
315.138
315.327
315.516
315.703
315.887
316.07
316.249
316.426
316.599
316.767
316.932
317.091
317.244
317.391
317.532
317.665
317.79
317.906
318.013
318.109
318.195
318.269
318.331
318.38
318.416
318.437
318.443
318.433
318.408
318.366
318.308
318.232
318.14
318.03
317.903
317.759
317.599
317.422
317.229
317.02
316.797
316.559
316.308
316.044
315.768
315.481
315.184
314.877
314.562
314.239
313.909
313.574
313.233
312.889
312.541
312.19
311.838
311.485
311.132
310.779
310.428
310.078
309.731
309.387
309.046
308.71
308.378
308.051
307.728
307.412
307.101
306.796
306.498
306.207
305.923
305.646
305.377
305.115
304.861
304.615
304.377
304.147
303.925
303.711
303.504
303.306
303.115
302.932
302.757
302.589
302.429
302.276
302.13
301.991
301.859
301.733
301.614
301.501
301.394
301.292
301.197
301.107
301.022
300.943
300.868
300.798
300.732
300.671
300.614
300.56
300.511
300.465
300.422
300.383
300.346
300.312
300.282
300.253
300.227
300.203
300.182
300.162
300.144
300.128
300.113
300.1
300.088
300.077
300.067
300.059
300.051
300.044
300.038
300.033
300.028
300.024
300.021
300.017
300.015
300.012
300.01
300.009
300.007
300.006
300.005
300.004
300.003
300.003
310.652
310.802
310.953
311.105
311.258
311.412
311.567
311.722
311.877
312.032
312.188
312.343
312.498
312.652
312.805
312.957
313.108
313.257
313.404
313.548
313.691
313.83
313.966
314.098
314.226
314.35
314.469
314.582
314.69
314.791
314.885
314.972
315.052
315.123
315.185
315.237
315.28
315.312
315.333
315.342
315.34
315.326
315.299
315.259
315.206
315.14
315.06
314.967
314.86
314.74
314.607
314.462
314.303
314.133
313.951
313.757
313.553
313.338
313.114
312.881
312.639
312.39
312.133
311.87
311.602
311.328
311.05
310.769
310.484
310.197
309.908
309.618
309.327
309.037
308.747
308.458
308.171
307.886
307.604
307.325
307.049
306.777
306.508
306.244
305.985
305.731
305.481
305.237
304.999
304.767
304.54
304.32
304.106
303.899
303.698
303.503
303.315
303.134
302.959
302.791
302.63
302.475
302.326
302.183
302.047
301.917
301.793
301.675
301.563
301.456
301.355
301.259
301.168
301.082
301.001
300.925
300.853
300.785
300.722
300.663
300.608
300.556
300.508
300.463
300.421
300.383
300.347
300.314
300.283
300.255
300.23
300.206
300.184
300.165
300.147
300.13
300.116
300.102
300.09
300.079
300.07
300.061
300.053
300.046
300.04
300.035
300.03
300.026
300.022
300.019
300.016
300.013
300.011
300.009
300.008
300.006
300.005
300.004
300.003
300.003
300.002
308.741
308.859
308.979
309.099
309.22
309.341
309.463
309.585
309.707
309.829
309.951
310.073
310.195
310.316
310.436
310.555
310.673
310.789
310.904
311.017
311.128
311.237
311.343
311.446
311.546
311.643
311.735
311.824
311.908
311.987
312.061
312.129
312.192
312.248
312.297
312.34
312.375
312.402
312.421
312.431
312.433
312.425
312.408
312.382
312.346
312.3
312.243
312.177
312.1
312.014
311.917
311.81
311.694
311.568
311.432
311.288
311.135
310.974
310.804
310.627
310.443
310.253
310.056
309.853
309.646
309.433
309.216
308.996
308.772
308.546
308.317
308.087
307.855
307.623
307.39
307.158
306.926
306.695
306.466
306.238
306.012
305.789
305.569
305.352
305.138
304.927
304.72
304.517
304.318
304.123
303.933
303.748
303.567
303.391
303.221
303.055
302.895
302.74
302.591
302.446
302.307
302.173
302.045
301.922
301.804
301.691
301.583
301.48
301.381
301.288
301.199
301.115
301.035
300.96
300.888
300.821
300.758
300.698
300.642
300.59
300.541
300.495
300.452
300.412
300.375
300.341
300.309
300.28
300.253
300.228
300.205
300.184
300.165
300.147
300.131
300.116
300.103
300.091
300.081
300.071
300.062
300.054
300.047
300.041
300.036
300.031
300.027
300.023
300.019
300.017
300.014
300.012
300.01
300.008
300.007
300.006
300.005
300.004
300.003
300.002
300.002
306.985
307.076
307.168
307.26
307.352
307.445
307.538
307.631
307.724
307.817
307.91
308.002
308.095
308.186
308.278
308.368
308.457
308.545
308.632
308.718
308.802
308.884
308.964
309.042
309.117
309.19
309.259
309.326
309.39
309.449
309.505
309.557
309.604
309.647
309.685
309.718
309.745
309.767
309.783
309.792
309.796
309.792
309.783
309.766
309.742
309.711
309.672
309.626
309.573
309.513
309.445
309.369
309.286
309.197
309.1
308.996
308.885
308.768
308.645
308.515
308.38
308.239
308.094
307.943
307.788
307.629
307.466
307.299
307.13
306.958
306.783
306.607
306.429
306.249
306.069
305.888
305.708
305.527
305.347
305.167
304.989
304.812
304.637
304.463
304.292
304.123
303.957
303.793
303.632
303.474
303.32
303.169
303.021
302.877
302.736
302.6
302.467
302.339
302.214
302.094
301.978
301.865
301.757
301.654
301.554
301.458
301.367
301.279
301.196
301.116
301.04
300.968
300.899
300.835
300.773
300.715
300.661
300.609
300.561
300.515
300.473
300.433
300.396
300.361
300.329
300.299
300.271
300.245
300.222
300.2
300.18
300.161
300.145
300.129
300.115
300.102
300.091
300.08
300.071
300.062
300.055
300.048
300.042
300.036
300.031
300.027
300.023
300.02
300.017
300.015
300.012
300.01
300.009
300.007
300.006
300.005
300.004
300.003
300.003
300.002
300.002
305.432
305.5
305.568
305.636
305.704
305.773
305.841
305.91
305.979
306.047
306.116
306.184
306.251
306.319
306.386
306.452
306.517
306.582
306.645
306.708
306.769
306.829
306.887
306.944
306.998
307.051
307.102
307.151
307.197
307.241
307.281
307.319
307.354
307.385
307.413
307.438
307.459
307.475
307.488
307.496
307.5
307.499
307.494
307.484
307.469
307.449
307.423
307.393
307.357
307.317
307.271
307.219
307.163
307.101
307.034
306.962
306.885
306.803
306.716
306.625
306.53
306.43
306.326
306.218
306.107
305.992
305.874
305.753
305.629
305.503
305.375
305.244
305.112
304.979
304.844
304.709
304.573
304.436
304.3
304.163
304.027
303.892
303.757
303.623
303.491
303.36
303.231
303.103
302.977
302.853
302.731
302.612
302.494
302.38
302.268
302.159
302.052
301.949
301.848
301.751
301.656
301.565
301.477
301.391
301.31
301.231
301.155
301.083
301.013
300.947
300.884
300.823
300.766
300.712
300.66
300.611
300.565
300.521
300.48
300.442
300.406
300.372
300.34
300.311
300.283
300.257
300.234
300.212
300.191
300.173
300.155
300.139
300.125
300.112
300.1
300.089
300.079
300.069
300.061
300.054
300.047
300.041
300.036
300.031
300.027
300.023
300.02
300.017
300.015
300.013
300.011
300.009
300.007
300.006
300.005
300.004
300.003
300.003
300.002
300.002
300.001
304.125
304.173
304.222
304.271
304.32
304.369
304.418
304.467
304.516
304.565
304.613
304.662
304.71
304.758
304.805
304.852
304.899
304.944
304.989
305.033
305.077
305.119
305.16
305.2
305.239
305.276
305.312
305.346
305.379
305.41
305.438
305.465
305.49
305.513
305.533
305.551
305.566
305.578
305.588
305.595
305.598
305.599
305.597
305.591
305.582
305.57
305.554
305.535
305.512
305.486
305.456
305.422
305.385
305.344
305.299
305.251
305.2
305.144
305.086
305.024
304.959
304.891
304.819
304.745
304.668
304.588
304.505
304.42
304.333
304.244
304.153
304.06
303.966
303.87
303.773
303.675
303.576
303.476
303.376
303.276
303.175
303.075
302.975
302.875
302.775
302.677
302.579
302.482
302.386
302.292
302.199
302.107
302.017
301.928
301.841
301.756
301.673
301.592
301.513
301.436
301.361
301.288
301.218
301.15
301.084
301.02
300.959
300.901
300.844
300.79
300.739
300.689
300.642
300.597
300.555
300.514
300.476
300.44
300.406
300.374
300.344
300.315
300.289
300.264
300.241
300.219
300.199
300.18
300.163
300.147
300.133
300.119
300.107
300.095
300.085
300.076
300.067
300.06
300.053
300.046
300.041
300.035
300.031
300.027
300.023
300.02
300.017
300.015
300.013
300.011
300.009
300.008
300.006
300.005
300.004
300.004
300.003
300.002
300.002
300.001
300.001
303.095
303.129
303.163
303.198
303.232
303.267
303.301
303.335
303.369
303.404
303.438
303.471
303.505
303.538
303.571
303.604
303.636
303.667
303.699
303.729
303.759
303.788
303.817
303.844
303.871
303.897
303.922
303.946
303.968
303.99
304.01
304.029
304.046
304.062
304.076
304.089
304.1
304.109
304.116
304.122
304.125
304.127
304.126
304.124
304.119
304.112
304.102
304.09
304.076
304.06
304.041
304.02
303.996
303.97
303.941
303.91
303.876
303.84
303.802
303.761
303.717
303.672
303.624
303.574
303.522
303.468
303.412
303.354
303.294
303.233
303.17
303.105
303.039
302.972
302.904
302.834
302.764
302.693
302.621
302.549
302.476
302.403
302.33
302.257
302.184
302.111
302.039
301.967
301.895
301.824
301.754
301.685
301.616
301.549
301.482
301.417
301.353
301.29
301.228
301.168
301.11
301.053
300.997
300.943
300.891
300.841
300.792
300.745
300.7
300.656
300.614
300.574
300.536
300.499
300.464
300.431
300.4
300.37
300.342
300.315
300.29
300.266
300.244
300.223
300.204
300.186
300.169
300.153
300.139
300.125
300.113
300.102
300.091
300.082
300.073
300.065
300.058
300.051
300.045
300.04
300.035
300.03
300.027
300.023
300.02
300.017
300.015
300.013
300.011
300.009
300.008
300.006
300.005
300.004
300.004
300.003
300.002
300.002
300.001
300.001
300.001
302.372
302.396
302.42
302.445
302.469
302.494
302.518
302.543
302.567
302.591
302.615
302.639
302.663
302.686
302.709
302.732
302.755
302.777
302.799
302.821
302.842
302.862
302.882
302.902
302.921
302.939
302.956
302.973
302.989
303.004
303.019
303.032
303.045
303.056
303.066
303.076
303.084
303.091
303.097
303.101
303.104
303.106
303.107
303.106
303.103
303.099
303.094
303.087
303.078
303.068
303.056
303.042
303.027
303.01
302.992
302.971
302.949
302.925
302.9
302.873
302.844
302.813
302.781
302.747
302.711
302.674
302.636
302.596
302.554
302.511
302.467
302.422
302.375
302.328
302.279
302.229
302.179
302.127
302.075
302.023
301.969
301.916
301.862
301.807
301.753
301.698
301.644
301.589
301.535
301.481
301.427
301.373
301.32
301.268
301.216
301.165
301.115
301.066
301.017
300.969
300.923
300.877
300.833
300.789
300.747
300.706
300.666
300.628
300.591
300.555
300.52
300.487
300.456
300.425
300.396
300.368
300.342
300.317
300.293
300.271
300.249
300.229
300.21
300.193
300.176
300.161
300.146
300.133
300.12
300.109
300.098
300.088
300.079
300.071
300.063
300.056
300.05
300.044
300.039
300.035
300.03
300.027
300.023
300.02
300.017
300.015
300.013
300.011
300.009
300.008
300.007
300.006
300.005
300.004
300.003
300.003
300.002
300.002
300.001
300.001
300.001
301.985
302.004
302.023
302.043
302.062
302.081
302.1
302.12
302.139
302.158
302.176
302.195
302.214
302.232
302.25
302.268
302.286
302.303
302.321
302.337
302.354
302.37
302.386
302.401
302.416
302.43
302.444
302.457
302.47
302.482
302.493
302.504
302.514
302.523
302.531
302.539
302.545
302.551
302.556
302.56
302.563
302.565
302.566
302.566
302.565
302.562
302.559
302.554
302.548
302.541
302.533
302.523
302.512
302.5
302.486
302.471
302.455
302.437
302.418
302.398
302.376
302.353
302.329
302.303
302.276
302.248
302.218
302.187
302.155
302.122
302.088
302.053
302.016
301.979
301.94
301.901
301.861
301.82
301.778
301.736
301.693
301.649
301.606
301.561
301.517
301.472
301.427
301.382
301.337
301.292
301.247
301.202
301.158
301.113
301.07
301.026
300.983
300.941
300.9
300.859
300.819
300.779
300.741
300.703
300.666
300.631
300.596
300.562
300.53
300.498
300.468
300.439
300.41
300.383
300.358
300.333
300.309
300.287
300.266
300.246
300.226
300.208
300.191
300.175
300.161
300.147
300.133
300.121
300.11
300.099
300.09
300.081
300.073
300.065
300.058
300.052
300.046
300.041
300.036
300.032
300.028
300.024
300.021
300.018
300.016
300.014
300.012
300.01
300.009
300.007
300.006
300.005
300.004
300.003
300.003
300.002
300.002
300.001
300.001
300.001
300.001
300.003
300.001
300
300
300
300
300
300
300
300
300
300
300
300
300
300
300
300
300
300
300
300
300
300
300
300
300
300
300
300
300
300
300
300
300
300
300
300
300
300
300
300
300
300
300
300
300
300
300
300
300
300.003
300.001
300
300
300
300
300
300
300
300
300
300
300
300
300
300
300
300
300
300
300
300
300
300
300
300
300
300
300
300
300
300
300
300
300
300
300
300
300
300
300
300
300
300
300
300
300
300
300
300
300
300.003
300.001
300
300
300
300
300
300
300
300
300
300
300
300
300
300
300
300
300
300
300
300
300
300
300
300
300
300
300
300
300
300
300
300
300
300
300
300
300
300
300
300
300
300
300
300
300
300
300
300
300
300.003
300.001
300
300
300
300
300
300
300
300
300
300
300
300
300
300
300
300
300
300
300
300
300
300
300
300
300
300
300
300
300
300
300
300
300
300
300
300
300
300
300
300
300
300
300
300
300
300
300
300
300
300.003
300.001
300
300
300
300
300
300
300
300
300
300
300
300
300
300
300
300
300
300
300
300
300
300
300
300
300
300
300
300
300
300
300
300
300
300
300
300
300
300
300
300
300
300
300
300
300
300
300
300
300
300.003
300.001
300
300
300
300
300
300
300
300
300
300
300
300
300
300
300
300
300
300
300
300
300
300
300
300
300
300
300
300
300
300
300
300
300
300
300
300
300
300
300
300
300
300
300
300
300
300
300
300
300
300.003
300.001
300
300
300
300
300
300
300
300
300
300
300
300
300
300
300
300
300
300
300
300
300
300
300
300
300
300
300
300
300
300
300
300
300
300
300
300
300
300
300
300
300
300
300
300
300
300
300
300
300
300.003
300.001
300
300
300
300
300
300
300
300
300
300
300
300
300
300
300
300
300
300
300
300
300
300
300
300
300
300
300
300
300
300
300
300
300
300
300
300
300
300
300
300
300
300
300
300
300
300
300
300
300
300.003
300.001
300
300
300
300
300
300
300
300
300
300
300
300
300
300
300
300
300
300
300
300
300
300
300
300
300
300
300
300
300
300
300
300
300
300
300
300
300
300
300
300
300
300
300
300
300
300
300
300
300
300.003
300.001
300
300
300
300
300
300
300
300
300
300
300
300
300
300
300
300
300
300
300
300
300
300
300
300
300
300
300
300
300
300
300
300
300
300
300
300
300
300
300
300
300
300
300
300
300
300
300
300
300
300.003
300.001
300
300
300
300
300
300
300
300
300
300
300
300
300
300
300
300
300
300
300
300
300
300
300
300
300
300
300
300
300
300
300
300
300
300
300
300
300
300
300
300
300
300
300
300
300
300
300
300
300
300.003
300.001
300.001
300
300
300
300
300
300
300
300
300
300
300
300
300
300
300
300
300
300
300
300
300
300
300
300
300
300
300
300
300
300
300
300
300
300
300
300
300
300
300
300
300
300
300
300
300
300
300
300
300.003
300.001
300.001
300
300
300
300
300
300
300
300
300
300
300
300
300
300
300
300
300
300
300
300
300
300
300
300
300
300
300
300
300
300
300
300
300
300
300
300
300
300
300
300
300
300
300
300
300
300
300
300
300.003
300.001
300.001
300
300
300
300
300
300
300
300
300
300
300
300
300
300
300
300
300
300
300
300
300
300
300
300
300
300
300
300
300
300
300
300
300
300
300
300
300
300
300
300
300
300
300
300
300
300
300
300
300.003
300.001
300.001
300
300
300
300
300
300
300
300
300
300
300
300
300
300
300
300
300
300
300
300
300
300
300
300
300
300
300
300
300
300
300
300
300
300
300
300
300
300
300
300
300
300
300
300
300
300
300
300
300.003
300.001
300.001
300
300
300
300
300
300
300
300
300
300
300
300
300
300
300
300
300
300
300
300
300
300
300
300
300
300
300
300
300
300
300
300
300
300
300
300
300
300
300
300
300
300
300
300
300
300
300
300
300.003
300.001
300.001
300
300
300
300
300
300
300
300
300
300
300
300
300
300
300
300
300
300
300
300
300
300
300
300
300
300
300
300
300
300
300
300
300
300
300
300
300
300
300
300
300
300
300
300
300
300
300
300
300.003
300.001
300.001
300
300
300
300
300
300
300
300
300
300
300
300
300
300
300
300
300
300
300
300
300
300
300
300
300
300
300
300
300
300
300
300
300
300
300
300
300
300
300
300
300
300
300
300
300
300
300
300
300.003
300.001
300
300
300
300
300
300
300
300
300
300
300
300
300
300
300
300
300
300
300
300
300
300
300
300
300
300
300
300
300
300
300
300
300
300
300
300
300
300
300
300
300
300
300
300
300
300
300
300
300
300.003
300.001
300
300
300
300
300
300
300
300
300
300
300
300
300
300
300
300
300
300
300
300
300
300
300
300
300
300
300
300
300
300
300
300
300
300
300
300
300
300
300
300
300
300
300
300
300
300
300
300
300
300.003
300.001
300
300
300
300
300
300
300
300
300
300
300
300
300
300
300
300
300
300
300
300
300
300
300
300
300
300
300
300
300
300
300
300
300
300
300
300
300
300
300
300
300
300
300
300
300
300
300
300
300
300.003
300.001
300
300
300
300
300
300
300
300
300
300
300
300
300
300
300
300
300
300
300
300
300
300
300
300
300
300
300
300
300
300
300
300
300
300
300
300
300
300
300
300
300
300
300
300
300
300
300
300
300
300.003
300.001
300
300
300
300
300
300
300
300
300
300
300
300
300
300
300
300
300
300
300
300
300
300
300
300
300
300
300
300
300
300
300
300
300
300
300
300
300
300
300
300
300
300
300
300
300
300
300
300
300
300.003
300.001
300
300
300
300
300
300
300
300
300
300
300
300
300
300
300
300
300
300
300
300
300
300
300
300
300
300
300
300
300
300
300
300
300
300
300
300
300
300
300
300
300
300
300
300
300
300
300
300
300
300.002
300.001
300
300
300
300
300
300
300
300
300
300
300
300
300
300
300
300
300
300
300
300
300
300
300
300
300
300
300
300
300
300
300
300
300
300
300
300
300
300
300
300
300
300
300
300
300
300
300
300
300
300.002
300.001
300
300
300
300
300
300
300
300
300
300
300
300
300
300
300
300
300
300
300
300
300
300
300
300
300
300
300
300
300
300
300
300
300
300
300
300
300
300
300
300
300
300
300
300
300
300
300
300
300
300.002
300.001
300
300
300
300
300
300
300
300
300
300
300
300
300
300
300
300
300
300
300
300
300
300
300
300
300
300
300
300
300
300
300
300
300
300
300
300
300
300
300
300
300
300
300
300
300
300
300
300
300
300.002
300.001
300
300
300
300
300
300
300
300
300
300
300
300
300
300
300
300
300
300
300
300
300
300
300
300
300
300
300
300
300
300
300
300
300
300
300
300
300
300
300
300
300
300
300
300
300
300
300
300
300
300.002
300.001
300
300
300
300
300
300
300
300
300
300
300
300
300
300
300
300
300
300
300
300
300
300
300
300
300
300
300
300
300
300
300
300
300
300
300
300
300
300
300
300
300
300
300
300
300
300
300
300
300
300.002
300.001
300
300
300
300
300
300
300
300
300
300
300
300
300
300
300
300
300
300
300
300
300
300
300
300
300
300
300
300
300
300
300
300
300
300
300
300
300
300
300
300
300
300
300
300
300
300
300
300
300
300.002
300.001
300
300
300
300
300
300
300
300
300
300
300
300
300
300
300
300
300
300
300
300
300
300
300
300
300
300
300
300
300
300
300
300
300
300
300
300
300
300
300
300
300
300
300
300
300
300
300
300
300
300.002
300.001
300
300
300
300
300
300
300
300
300
300
300
300
300
300
300
300
300
300
300
300
300
300
300
300
300
300
300
300
300
300
300
300
300
300
300
300
300
300
300
300
300
300
300
300
300
300
300
300
300
300.001
300.001
300
300
300
300
300
300
300
299.999
299.999
299.999
299.999
299.999
299.999
299.999
299.999
299.999
299.999
299.999
299.999
299.999
299.999
299.999
299.999
299.999
299.999
299.999
299.999
299.999
299.999
299.999
299.999
299.999
299.999
299.999
299.999
299.999
299.999
299.999
299.999
299.999
299.999
299.999
299.999
299.999
299.999
299.999
299.999
299.999
299.999
300.001
300
300
300
300
300
300
299.999
299.999
299.999
299.999
299.999
299.999
299.999
299.999
299.999
299.999
299.999
299.999
299.999
299.999
299.999
299.999
299.999
299.999
299.999
299.999
299.999
299.999
299.999
299.999
299.999
299.999
299.999
299.999
299.999
299.999
299.999
299.999
299.999
299.999
299.999
299.999
299.999
299.999
299.999
299.999
299.999
299.999
299.999
299.999
300.001
300
300
300
300
300
299.999
299.999
299.999
299.999
299.999
299.999
299.999
299.999
299.999
299.999
299.999
299.999
299.999
299.999
299.999
299.999
299.999
299.999
299.999
299.999
299.999
299.999
299.999
299.999
299.999
299.999
299.999
299.999
299.999
299.999
299.999
299.999
299.999
299.999
299.999
299.999
299.999
299.999
299.999
299.999
299.999
299.999
299.999
299.999
299.999
300.001
300
300
300
300
299.999
299.999
299.999
299.999
299.999
299.999
299.999
299.999
299.999
299.999
299.999
299.999
299.999
299.999
299.999
299.999
299.999
299.999
299.999
299.999
299.999
299.999
299.999
299.999
299.999
299.999
299.999
299.999
299.999
299.999
299.999
299.999
299.999
299.999
299.999
299.999
299.999
299.999
299.999
299.999
299.999
299.999
299.999
299.999
299.999
299.999
300.001
300
300
300
300
299.999
299.999
299.999
299.999
299.999
299.999
299.999
299.999
299.999
299.999
299.999
299.999
299.999
299.999
299.999
299.999
299.999
299.999
299.999
299.999
299.999
299.999
299.999
299.999
299.999
299.999
299.999
299.999
299.999
299.999
299.999
299.999
299.999
299.999
299.999
299.999
299.999
299.999
299.999
299.999
299.999
299.999
299.999
299.999
299.999
299.999
300
300
300
300
299.999
299.999
299.999
299.999
299.999
299.999
299.999
299.999
299.999
299.999
299.999
299.999
299.999
299.999
299.999
299.999
299.999
299.999
299.999
299.999
299.999
299.999
299.999
299.999
299.999
299.999
299.999
299.999
299.999
299.999
299.999
299.999
299.999
299.999
299.999
299.999
299.999
299.999
299.999
299.999
299.999
299.999
299.999
299.999
299.999
299.999
299.999
300
300
300
300
299.999
299.999
299.999
299.999
299.999
299.999
299.999
299.999
299.999
299.999
299.999
299.999
299.999
299.999
299.999
299.999
299.999
299.999
299.999
299.999
299.999
299.999
299.999
299.999
299.999
299.999
299.999
299.999
299.999
299.999
299.999
299.999
299.999
299.999
299.999
299.999
299.999
299.999
299.999
299.999
299.999
299.999
299.999
299.999
299.999
299.999
299.999
300
300
300
299.999
299.999
299.999
299.999
299.999
299.999
299.999
299.999
299.999
299.999
299.999
299.999
299.999
299.999
299.999
299.999
299.999
299.999
299.999
299.999
299.999
299.999
299.999
299.999
299.999
299.999
299.999
299.999
299.999
299.999
299.999
299.999
299.999
299.999
299.999
299.999
299.999
299.999
299.999
299.999
299.999
299.999
299.999
299.999
299.999
299.999
299.999
299.999
300
300
300
299.999
299.999
299.999
299.999
299.999
299.999
299.999
299.999
299.999
299.999
299.999
299.999
299.999
299.999
299.999
299.999
299.999
299.999
299.999
299.999
299.999
299.999
299.999
299.999
299.999
299.999
299.999
299.999
299.999
299.999
299.999
299.999
299.999
299.999
299.999
299.999
299.999
299.999
299.999
299.999
299.999
299.999
299.999
299.999
299.999
299.999
299.999
299.999
)
;

boundaryField
{
    inlet
    {
        type            fixedValue;
        value           uniform 300;
    }
    outlet
    {
        type            zeroGradient;
    }
    top
    {
        type            zeroGradient;
    }
    slip-bottom
    {
        type            zeroGradient;
    }
    bottom
    {
        type            zeroGradient;
    }
    interface
    {
        type            fixedGradient;
        gradient        nonuniform List<scalar> 
161
(
2999.99
2999.99
2999.99
2999.99
2999.99
2999.99
2999.99
2999.99
2999.99
2999.99
2999.99
2999.99
2999.99
2999.99
2999.99
2999.99
2999.99
2999.99
2999.99
2999.99
2.18847e-12
2.18847e-12
2.18847e-12
2.18847e-12
2.18847e-12
2.18847e-12
2.18847e-12
2.18847e-12
2.18847e-12
2.18847e-12
2.18847e-12
2.18847e-12
2.18847e-12
2.18847e-12
2.18847e-12
2.18847e-12
2.18847e-12
2.18847e-12
2.18847e-12
2.18847e-12
5.40012e-13
5.40012e-13
5.40012e-13
5.40012e-13
5.40012e-13
5.40012e-13
5.40012e-13
5.40012e-13
5.40012e-13
5.40012e-13
5.40012e-13
5.40012e-13
5.40012e-13
5.40012e-13
5.40012e-13
5.40012e-13
-2.84217e-14
-2.84217e-14
-2.84217e-14
-2.84217e-14
-2.84217e-14
-2.84217e-14
-2.84217e-14
-2.84217e-14
-2.84217e-14
-2.84217e-14
-2.84217e-14
-2.84217e-14
-2.84217e-14
-2.84217e-14
-2.84217e-14
5.68434e-14
5.68434e-14
5.68434e-14
5.68434e-14
5.68434e-14
5.68434e-14
5.68434e-14
5.68434e-14
5.68434e-14
5.68434e-14
5.68434e-14
5.68434e-14
8.52651e-14
8.52651e-14
8.52651e-14
8.52651e-14
8.52651e-14
8.52651e-14
8.52651e-14
8.52651e-14
8.52651e-14
8.52651e-14
8.52651e-14
-2.84217e-13
-2.84217e-13
-2.84217e-13
-2.84217e-13
-2.84217e-13
-2.84217e-13
-2.84217e-13
-2.84217e-13
-2.84217e-13
-2.84217e-13
1.13687e-12
1.13687e-12
1.13687e-12
1.13687e-12
1.13687e-12
1.13687e-12
1.13687e-12
1.13687e-12
1.13687e-12
4.26326e-13
4.26326e-13
4.26326e-13
4.26326e-13
4.26326e-13
4.26326e-13
4.26326e-13
4.26326e-13
-8.10019e-13
-8.10019e-13
-8.10019e-13
-8.10019e-13
-8.10019e-13
-8.10019e-13
-8.10019e-13
-8.10019e-13
2.84217e-13
2.84217e-13
2.84217e-13
2.84217e-13
2.84217e-13
2.84217e-13
2.84217e-13
5.68434e-14
5.68434e-14
5.68434e-14
5.68434e-14
5.68434e-14
5.68434e-14
5.68434e-14
1.49214e-12
1.49214e-12
1.49214e-12
1.49214e-12
1.49214e-12
1.49214e-12
8.2423e-13
8.2423e-13
8.2423e-13
8.2423e-13
8.2423e-13
8.2423e-13
3.45324e-12
3.45324e-12
3.45324e-12
3.45324e-12
3.45324e-12
3.45324e-12
)
;
    }
    defaultFaces
    {
        type            empty;
    }
}


// ************************************************************************* //
