/*--------------------------------*- C++ -*----------------------------------*\
  =========                 |
  \\      /  F ield         | OpenFOAM: The Open Source CFD Toolbox
   \\    /   O peration     | Website:  https://openfoam.org
    \\  /    A nd           | Version:  7
     \\/     M anipulation  |
\*---------------------------------------------------------------------------*/
FoamFile
{
    version     2.0;
    format      ascii;
    class       volScalarField;
    location    "4.72";
    object      T;
}
// * * * * * * * * * * * * * * * * * * * * * * * * * * * * * * * * * * * * * //

dimensions      [0 0 0 1 0 0 0];

internalField   nonuniform List<scalar> 
12013
(
300.058
300.176
300.297
300.42
300.545
300.671
300.798
300.924
301.051
301.176
301.3
301.423
301.544
301.664
301.782
301.898
302.012
302.124
302.235
302.345
302.453
302.56
302.666
302.771
302.876
302.981
303.087
303.193
303.301
303.411
303.522
303.637
303.756
303.879
304.008
304.142
304.284
304.434
304.593
304.763
304.945
305.14
305.35
305.577
305.823
306.089
306.378
306.692
307.034
307.407
307.813
308.256
308.738
309.265
309.839
310.466
311.149
311.895
312.707
313.593
314.558
315.61
316.756
318.005
319.366
320.849
322.465
324.228
326.15
328.25
330.546
333.059
335.817
338.851
342.2
345.916
350.066
354.744
360.097
366.363
374.004
300.058
300.176
300.297
300.42
300.545
300.672
300.798
300.925
301.051
301.177
301.301
301.424
301.545
301.665
301.782
301.899
302.013
302.125
302.236
302.346
302.454
302.561
302.667
302.772
302.877
302.983
303.088
303.195
303.302
303.412
303.524
303.639
303.757
303.881
304.009
304.144
304.285
304.435
304.594
304.764
304.946
305.141
305.351
305.578
305.823
306.089
306.378
306.692
307.034
307.407
307.812
308.255
308.737
309.263
309.837
310.463
311.146
311.89
312.701
313.586
314.55
315.6
316.744
317.99
319.348
320.827
322.438
324.195
326.11
328.201
330.485
332.984
335.723
338.731
342.045
345.711
349.785
354.344
359.484
365.329
371.987
300.058
300.176
300.297
300.421
300.546
300.672
300.799
300.926
301.052
301.178
301.302
301.425
301.547
301.667
301.785
301.901
302.015
302.128
302.239
302.348
302.457
302.564
302.67
302.775
302.88
302.986
303.091
303.198
303.305
303.415
303.527
303.642
303.76
303.884
304.012
304.146
304.288
304.438
304.597
304.766
304.948
305.143
305.353
305.579
305.825
306.09
306.379
306.693
307.034
307.406
307.811
308.252
308.734
309.259
309.832
310.456
311.137
311.879
312.688
313.57
314.53
315.577
316.716
317.956
319.307
320.778
322.379
324.123
326.023
328.094
330.353
332.821
335.518
338.472
341.712
345.275
349.201
353.537
358.327
363.598
369.309
300.058
300.176
300.298
300.421
300.547
300.674
300.801
300.928
301.054
301.18
301.305
301.428
301.55
301.67
301.788
301.904
302.019
302.132
302.243
302.353
302.461
302.568
302.674
302.78
302.885
302.991
303.096
303.203
303.31
303.42
303.532
303.647
303.765
303.888
304.017
304.151
304.293
304.442
304.601
304.771
304.952
305.146
305.356
305.582
305.827
306.092
306.38
306.693
307.034
307.405
307.808
308.249
308.729
309.252
309.823
310.445
311.123
311.862
312.667
313.544
314.499
315.538
316.67
317.901
319.24
320.697
322.281
324.004
325.879
327.919
330.139
332.556
335.189
338.059
341.188
344.601
348.321
352.369
356.75
361.446
366.381
300.058
300.177
300.298
300.423
300.549
300.676
300.803
300.931
301.058
301.184
301.309
301.432
301.554
301.675
301.793
301.91
302.025
302.138
302.249
302.359
302.468
302.575
302.681
302.787
302.893
302.998
303.104
303.21
303.318
303.427
303.539
303.654
303.773
303.896
304.024
304.158
304.299
304.449
304.607
304.777
304.957
305.152
305.361
305.586
305.831
306.095
306.382
306.694
307.033
307.403
307.805
308.243
308.721
309.242
309.809
310.428
311.102
311.836
312.635
313.505
314.452
315.482
316.602
317.819
319.142
320.579
322.139
323.833
325.672
327.667
329.832
332.18
334.726
337.485
340.471
343.698
347.175
350.903
354.869
359.039
363.345
300.059
300.177
300.3
300.424
300.551
300.678
300.806
300.934
301.062
301.188
301.314
301.438
301.561
301.681
301.8
301.917
302.033
302.146
302.258
302.368
302.477
302.585
302.691
302.797
302.903
303.008
303.114
303.22
303.328
303.438
303.55
303.665
303.783
303.906
304.034
304.168
304.309
304.458
304.616
304.785
304.965
305.159
305.367
305.592
305.835
306.099
306.385
306.695
307.033
307.4
307.8
308.236
308.711
309.228
309.791
310.405
311.073
311.801
312.592
313.453
314.389
315.405
316.51
317.709
319.009
320.42
321.948
323.603
325.395
327.333
329.427
331.688
334.126
336.751
339.569
342.586
345.8
349.203
352.774
356.478
360.261
300.059
300.178
300.301
300.427
300.554
300.682
300.811
300.939
301.067
301.195
301.321
301.446
301.569
301.69
301.81
301.928
302.043
302.157
302.269
302.38
302.489
302.597
302.704
302.81
302.916
303.022
303.127
303.234
303.342
303.452
303.563
303.678
303.797
303.919
304.047
304.181
304.321
304.47
304.628
304.796
304.976
305.168
305.376
305.6
305.842
306.104
306.388
306.697
307.032
307.397
307.794
308.226
308.697
309.21
309.768
310.375
311.036
311.754
312.535
313.384
314.306
315.306
316.39
317.565
318.837
320.214
321.702
323.309
325.043
326.911
328.92
331.079
333.392
335.864
338.499
341.293
344.24
347.327
350.533
353.825
357.165
300.059
300.18
300.303
300.429
300.557
300.686
300.816
300.946
301.075
301.203
301.33
301.456
301.58
301.702
301.822
301.941
302.057
302.172
302.284
302.395
302.505
302.613
302.721
302.827
302.933
303.039
303.145
303.252
303.36
303.469
303.581
303.696
303.814
303.936
304.064
304.197
304.338
304.486
304.643
304.81
304.989
305.181
305.387
305.61
305.85
306.11
306.392
306.699
307.031
307.393
307.786
308.214
308.68
309.186
309.737
310.336
310.988
311.695
312.463
313.297
314.201
315.18
316.239
317.385
318.623
319.959
321.398
322.948
324.613
326.399
328.311
330.354
332.53
334.839
337.28
339.849
342.534
345.323
348.195
351.124
354.081
300.06
300.181
300.306
300.433
300.562
300.692
300.823
300.954
301.084
301.213
301.342
301.468
301.593
301.716
301.838
301.957
302.074
302.19
302.303
302.415
302.525
302.634
302.742
302.849
302.955
303.061
303.167
303.274
303.382
303.492
303.604
303.718
303.836
303.958
304.085
304.218
304.358
304.506
304.662
304.828
305.006
305.197
305.402
305.622
305.861
306.119
306.398
306.701
307.03
307.388
307.776
308.199
308.658
309.157
309.7
310.289
310.929
311.623
312.375
313.19
314.072
315.026
316.056
317.167
318.364
319.651
321.035
322.518
324.105
325.8
327.605
329.522
331.552
333.692
335.938
338.284
340.719
343.23
345.799
348.407
351.029
300.06
300.183
300.309
300.437
300.568
300.7
300.832
300.964
301.096
301.226
301.356
301.484
301.61
301.735
301.857
301.978
302.096
302.212
302.327
302.439
302.55
302.66
302.768
302.875
302.982
303.089
303.195
303.302
303.411
303.52
303.632
303.746
303.864
303.986
304.112
304.245
304.384
304.53
304.686
304.851
305.027
305.216
305.42
305.638
305.874
306.129
306.406
306.705
307.03
307.382
307.765
308.181
308.632
309.123
309.655
310.232
310.857
311.535
312.268
313.061
313.918
314.842
315.837
316.908
318.058
319.291
320.611
322.02
323.522
325.117
326.808
328.594
330.474
332.443
334.497
336.629
338.828
341.083
343.379
345.699
348.028
300.061
300.185
300.313
300.443
300.575
300.709
300.842
300.976
301.11
301.242
301.374
301.503
301.631
301.757
301.881
302.003
302.123
302.24
302.356
302.469
302.581
302.691
302.8
302.908
303.016
303.123
303.23
303.337
303.445
303.555
303.666
303.781
303.898
304.019
304.146
304.277
304.415
304.561
304.715
304.879
305.054
305.241
305.442
305.658
305.891
306.143
306.415
306.71
307.03
307.376
307.752
308.16
308.602
309.082
309.601
310.164
310.773
311.432
312.143
312.911
313.738
314.628
315.583
316.609
317.706
318.879
320.129
321.458
322.868
324.359
325.932
327.583
329.312
331.114
332.982
334.911
336.89
338.911
340.96
343.025
345.092
300.062
300.188
300.318
300.45
300.584
300.72
300.856
300.992
301.127
301.262
301.395
301.527
301.657
301.785
301.91
302.034
302.155
302.274
302.391
302.506
302.619
302.73
302.84
302.949
303.057
303.164
303.272
303.379
303.488
303.597
303.709
303.823
303.94
304.061
304.186
304.317
304.454
304.599
304.751
304.914
305.086
305.271
305.469
305.683
305.912
306.16
306.427
306.717
307.03
307.37
307.738
308.136
308.567
309.034
309.54
310.086
310.676
311.313
311.999
312.738
313.531
314.383
315.295
316.27
317.31
318.417
319.593
320.837
322.152
323.536
324.988
326.506
328.087
329.726
331.418
333.156
334.932
336.739
338.565
340.402
342.239
300.063
300.191
300.323
300.458
300.595
300.733
300.872
301.01
301.148
301.286
301.421
301.556
301.688
301.818
301.946
302.071
302.195
302.315
302.434
302.55
302.665
302.777
302.888
302.998
303.107
303.215
303.322
303.43
303.539
303.649
303.76
303.874
303.991
304.111
304.235
304.365
304.501
304.644
304.795
304.956
305.126
305.308
305.503
305.713
305.938
306.181
306.443
306.727
307.033
307.364
307.722
308.11
308.529
308.982
309.471
309.998
310.567
311.179
311.837
312.543
313.3
314.109
314.974
315.895
316.873
317.911
319.009
320.167
321.384
322.659
323.992
325.379
326.816
328.3
329.826
331.387
332.978
334.59
336.216
337.849
339.48
300.064
300.195
300.33
300.468
300.608
300.749
300.891
301.033
301.174
301.314
301.453
301.59
301.725
301.858
301.989
302.117
302.242
302.365
302.485
302.604
302.72
302.834
302.946
303.057
303.166
303.275
303.384
303.492
303.601
303.711
303.822
303.935
304.052
304.171
304.295
304.424
304.558
304.699
304.849
305.006
305.174
305.353
305.545
305.75
305.971
306.208
306.464
306.74
307.038
307.36
307.707
308.083
308.487
308.924
309.394
309.901
310.446
311.03
311.657
312.328
313.045
313.81
314.624
315.487
316.402
317.368
318.386
319.455
320.575
321.744
322.959
324.219
325.521
326.859
328.229
329.628
331.048
332.485
333.931
335.382
336.829
300.066
300.2
300.339
300.48
300.623
300.768
300.914
301.059
301.204
301.348
301.491
301.632
301.77
301.906
302.04
302.171
302.299
302.424
302.547
302.668
302.786
302.901
303.015
303.127
303.238
303.348
303.457
303.566
303.675
303.785
303.896
304.009
304.125
304.244
304.366
304.494
304.627
304.766
304.913
305.068
305.233
305.408
305.596
305.796
306.011
306.243
306.491
306.759
307.048
307.359
307.694
308.055
308.445
308.863
309.313
309.797
310.315
310.87
311.464
312.097
312.772
313.489
314.25
315.054
315.903
316.797
317.735
318.716
319.74
320.804
321.907
323.047
324.219
325.421
326.649
327.898
329.164
330.442
331.727
333.014
334.299
300.068
300.206
300.349
300.494
300.642
300.791
300.941
301.091
301.241
301.389
301.536
301.681
301.824
301.964
302.101
302.235
302.367
302.495
302.621
302.744
302.864
302.982
303.098
303.211
303.323
303.434
303.544
303.654
303.763
303.873
303.985
304.097
304.212
304.33
304.452
304.578
304.709
304.846
304.99
305.142
305.303
305.475
305.657
305.853
306.062
306.286
306.527
306.785
307.064
307.363
307.685
308.031
308.402
308.802
309.23
309.688
310.178
310.702
311.26
311.854
312.485
313.153
313.859
314.603
315.386
316.207
317.066
317.961
318.892
319.856
320.852
321.878
322.93
324.006
325.103
326.216
327.342
328.477
329.617
330.759
331.898
300.07
300.213
300.361
300.511
300.664
300.819
300.974
301.129
301.284
301.438
301.59
301.74
301.887
302.032
302.173
302.312
302.447
302.58
302.709
302.834
302.957
303.078
303.196
303.311
303.425
303.537
303.648
303.758
303.868
303.979
304.09
304.202
304.316
304.433
304.553
304.678
304.807
304.941
305.083
305.231
305.389
305.556
305.733
305.922
306.124
306.341
306.572
306.821
307.088
307.374
307.681
308.011
308.364
308.742
309.147
309.579
310.04
310.53
311.052
311.605
312.19
312.808
313.459
314.144
314.861
315.611
316.392
317.205
318.046
318.916
319.812
320.731
321.673
322.633
323.609
324.599
325.599
326.606
327.617
328.628
329.638
300.073
300.222
300.375
300.531
300.69
300.851
301.013
301.174
301.336
301.495
301.654
301.809
301.962
302.113
302.259
302.403
302.543
302.679
302.812
302.942
303.068
303.191
303.311
303.429
303.545
303.659
303.771
303.882
303.993
304.103
304.214
304.326
304.44
304.556
304.674
304.797
304.923
305.055
305.194
305.339
305.491
305.653
305.825
306.007
306.202
306.41
306.632
306.87
307.124
307.397
307.688
308
308.334
308.69
309.069
309.474
309.904
310.361
310.845
311.356
311.896
312.465
313.061
313.687
314.34
315.021
315.728
316.461
317.219
318
318.802
319.624
320.463
321.317
322.185
323.063
323.949
324.841
325.737
326.633
327.527
300.076
300.231
300.391
300.555
300.721
300.889
301.058
301.228
301.396
301.564
301.729
301.892
302.051
302.208
302.361
302.51
302.655
302.797
302.934
303.068
303.198
303.325
303.448
303.569
303.686
303.802
303.916
304.028
304.14
304.25
304.361
304.473
304.586
304.7
304.818
304.938
305.062
305.191
305.326
305.467
305.615
305.771
305.937
306.112
306.299
306.497
306.709
306.935
307.177
307.434
307.709
308.003
308.316
308.649
309.003
309.379
309.778
310.201
310.647
311.117
311.612
312.131
312.675
313.243
313.835
314.45
315.087
315.746
316.425
317.123
317.839
318.57
319.317
320.075
320.844
321.622
322.407
323.196
323.988
324.781
325.572
300.08
300.243
300.411
300.583
300.758
300.935
301.113
301.291
301.468
301.644
301.818
301.989
302.156
302.32
302.48
302.636
302.788
302.935
303.078
303.217
303.351
303.482
303.609
303.732
303.853
303.971
304.086
304.2
304.312
304.424
304.535
304.646
304.758
304.872
304.987
305.105
305.227
305.353
305.484
305.62
305.763
305.914
306.072
306.24
306.418
306.607
306.808
307.022
307.25
307.492
307.75
308.025
308.316
308.626
308.955
309.302
309.67
310.058
310.467
310.897
311.348
311.82
312.312
312.826
313.359
313.912
314.483
315.073
315.679
316.301
316.938
317.588
318.249
318.921
319.602
320.29
320.983
321.681
322.381
323.081
323.781
300.085
300.257
300.434
300.616
300.801
300.988
301.177
301.365
301.553
301.739
301.922
302.103
302.28
302.453
302.621
302.785
302.944
303.098
303.247
303.392
303.531
303.667
303.798
303.925
304.048
304.169
304.287
304.402
304.515
304.627
304.739
304.85
304.961
305.073
305.187
305.303
305.422
305.545
305.671
305.803
305.941
306.085
306.237
306.397
306.566
306.745
306.935
307.136
307.349
307.576
307.817
308.072
308.342
308.629
308.931
309.251
309.588
309.943
310.316
310.706
311.115
311.541
311.985
312.447
312.925
313.42
313.931
314.456
314.996
315.548
316.113
316.689
317.274
317.868
318.47
319.077
319.69
320.305
320.923
321.542
322.161
300.09
300.273
300.462
300.655
300.852
301.051
301.252
301.452
301.652
301.85
302.045
302.237
302.425
302.608
302.786
302.959
303.127
303.289
303.445
303.596
303.742
303.883
304.019
304.15
304.277
304.401
304.521
304.638
304.753
304.866
304.978
305.089
305.2
305.311
305.423
305.536
305.652
305.771
305.894
306.021
306.153
306.291
306.436
306.587
306.747
306.916
307.094
307.283
307.482
307.693
307.916
308.152
308.401
308.665
308.942
309.235
309.542
309.864
310.202
310.555
310.924
311.308
311.706
312.12
312.548
312.989
313.444
313.911
314.389
314.879
315.379
315.888
316.405
316.929
317.46
317.996
318.536
319.079
319.624
320.17
320.716
300.096
300.292
300.494
300.701
300.912
301.125
301.34
301.555
301.769
301.981
302.19
302.395
302.595
302.79
302.98
303.163
303.341
303.512
303.677
303.836
303.988
304.135
304.277
304.413
304.545
304.672
304.795
304.915
305.031
305.146
305.258
305.369
305.479
305.589
305.699
305.811
305.924
306.039
306.158
306.28
306.406
306.538
306.675
306.819
306.969
307.127
307.294
307.47
307.655
307.85
308.056
308.273
308.502
308.743
308.997
309.263
309.541
309.833
310.138
310.456
310.788
311.132
311.488
311.857
312.238
312.631
313.035
313.449
313.873
314.306
314.747
315.196
315.653
316.115
316.582
317.054
317.53
318.008
318.489
318.971
319.453
300.104
300.315
300.532
300.755
300.983
301.213
301.444
301.676
301.906
302.135
302.359
302.579
302.794
303.003
303.206
303.402
303.591
303.773
303.947
304.115
304.276
304.43
304.578
304.72
304.857
304.988
305.115
305.237
305.356
305.471
305.584
305.696
305.805
305.914
306.023
306.132
306.243
306.355
306.469
306.586
306.707
306.832
306.962
307.097
307.239
307.387
307.542
307.705
307.876
308.057
308.246
308.445
308.655
308.874
309.104
309.346
309.598
309.861
310.136
310.421
310.718
311.025
311.343
311.672
312.011
312.359
312.717
313.083
313.458
313.84
314.23
314.626
315.028
315.435
315.847
316.262
316.681
317.103
317.526
317.95
318.376
300.112
300.341
300.577
300.819
301.066
301.315
301.567
301.818
302.068
302.315
302.558
302.796
303.028
303.253
303.471
303.681
303.883
304.077
304.263
304.441
304.611
304.774
304.929
305.077
305.219
305.356
305.486
305.612
305.733
305.851
305.965
306.076
306.186
306.294
306.402
306.509
306.616
306.725
306.835
306.947
307.063
307.181
307.304
307.431
307.564
307.702
307.846
307.997
308.156
308.321
308.495
308.677
308.868
309.068
309.276
309.495
309.722
309.959
310.205
310.461
310.726
311.001
311.284
311.576
311.877
312.185
312.502
312.826
313.157
313.494
313.837
314.186
314.54
314.899
315.261
315.627
315.996
316.367
316.739
317.113
317.488
300.123
300.372
300.63
300.894
301.163
301.436
301.71
301.985
302.257
302.526
302.791
303.049
303.301
303.544
303.78
304.006
304.223
304.431
304.63
304.82
305.001
305.173
305.336
305.492
305.641
305.782
305.917
306.047
306.171
306.291
306.406
306.519
306.628
306.736
306.842
306.947
307.052
307.157
307.264
307.372
307.482
307.594
307.71
307.83
307.954
308.082
308.217
308.356
308.502
308.654
308.813
308.98
309.153
309.334
309.524
309.72
309.925
310.138
310.359
310.588
310.825
311.069
311.322
311.581
311.848
312.121
312.401
312.687
312.98
313.277
313.58
313.888
314.199
314.515
314.834
315.156
315.48
315.807
316.135
316.465
316.795
300.135
300.409
300.692
300.982
301.278
301.578
301.879
302.18
302.479
302.774
303.063
303.345
303.619
303.884
304.14
304.385
304.62
304.844
305.057
305.26
305.453
305.635
305.808
305.972
306.128
306.276
306.416
306.55
306.678
306.8
306.917
307.031
307.141
307.248
307.353
307.457
307.559
307.661
307.764
307.868
307.973
308.08
308.189
308.302
308.418
308.538
308.662
308.791
308.926
309.065
309.211
309.363
309.521
309.686
309.857
310.035
310.219
310.411
310.609
310.814
311.025
311.243
311.468
311.698
311.935
312.177
312.425
312.679
312.937
313.2
313.467
313.738
314.013
314.291
314.572
314.855
315.141
315.429
315.718
316.008
316.3
300.149
300.452
300.765
301.086
301.413
301.745
302.078
302.41
302.74
303.064
303.382
303.691
303.992
304.281
304.559
304.826
305.08
305.322
305.552
305.77
305.976
306.17
306.354
306.527
306.691
306.846
306.992
307.13
307.262
307.387
307.507
307.622
307.732
307.839
307.944
308.046
308.146
308.246
308.345
308.445
308.545
308.647
308.751
308.857
308.965
309.077
309.193
309.313
309.437
309.565
309.699
309.838
309.982
310.132
310.287
310.448
310.615
310.787
310.965
311.149
311.338
311.533
311.733
311.939
312.149
312.364
312.584
312.809
313.037
313.27
313.506
313.745
313.988
314.233
314.481
314.732
314.984
315.237
315.492
315.748
316.005
300.166
300.503
300.851
301.209
301.573
301.941
302.311
302.68
303.045
303.404
303.755
304.096
304.426
304.743
305.047
305.338
305.614
305.876
306.124
306.359
306.579
306.787
306.982
307.166
307.338
307.501
307.653
307.797
307.933
308.062
308.184
308.3
308.412
308.519
308.623
308.724
308.823
308.92
309.016
309.113
309.209
309.306
309.405
309.505
309.607
309.712
309.82
309.931
310.046
310.165
310.288
310.416
310.548
310.685
310.826
310.972
311.123
311.279
311.439
311.605
311.775
311.949
312.128
312.312
312.5
312.691
312.887
313.087
313.29
313.496
313.705
313.917
314.132
314.349
314.568
314.789
315.012
315.236
315.462
315.688
315.915
300.185
300.563
300.953
301.353
301.76
302.172
302.585
302.997
303.403
303.801
304.19
304.567
304.931
305.28
305.614
305.931
306.232
306.517
306.785
307.037
307.274
307.496
307.704
307.898
308.08
308.251
308.41
308.56
308.7
308.832
308.957
309.076
309.188
309.296
309.4
309.5
309.598
309.693
309.787
309.881
309.974
310.067
310.161
310.256
310.353
310.452
310.553
310.658
310.765
310.875
310.99
311.108
311.229
311.355
311.484
311.617
311.755
311.896
312.042
312.191
312.345
312.502
312.663
312.828
312.996
313.168
313.343
313.521
313.702
313.885
314.072
314.26
314.451
314.644
314.838
315.034
315.231
315.43
315.629
315.829
316.03
300.209
300.634
301.073
301.523
301.982
302.444
302.908
303.368
303.822
304.266
304.699
305.117
305.519
305.903
306.269
306.617
306.945
307.254
307.544
307.816
308.07
308.307
308.528
308.734
308.926
309.105
309.272
309.427
309.572
309.708
309.836
309.957
310.071
310.18
310.284
310.384
310.481
310.575
310.667
310.758
310.848
310.939
311.029
311.12
311.213
311.307
311.403
311.501
311.602
311.706
311.813
311.923
312.036
312.152
312.271
312.394
312.52
312.649
312.782
312.918
313.058
313.2
313.346
313.495
313.647
313.801
313.958
314.118
314.28
314.445
314.611
314.78
314.95
315.121
315.294
315.469
315.644
315.82
315.997
316.175
316.353
300.236
300.718
301.215
301.724
302.242
302.764
303.286
303.804
304.313
304.809
305.291
305.755
306.2
306.624
307.026
307.406
307.763
308.099
308.412
308.704
308.977
309.23
309.464
309.682
309.884
310.071
310.245
310.407
310.557
310.697
310.828
310.951
311.067
311.177
311.282
311.382
311.478
311.572
311.663
311.753
311.841
311.929
312.017
312.106
312.195
312.285
312.378
312.472
312.568
312.666
312.767
312.87
312.976
313.084
313.196
313.31
313.426
313.546
313.668
313.793
313.921
314.051
314.184
314.32
314.458
314.598
314.74
314.885
315.031
315.179
315.328
315.479
315.632
315.786
315.94
316.096
316.252
316.409
316.567
316.724
316.882
300.269
300.817
301.382
301.961
302.549
303.141
303.731
304.314
304.886
305.442
305.98
306.495
306.987
307.454
307.895
308.31
308.698
309.061
309.398
309.711
310.002
310.27
310.519
310.748
310.96
311.155
311.336
311.503
311.658
311.802
311.937
312.063
312.181
312.292
312.398
312.499
312.596
312.69
312.781
312.87
312.958
313.045
313.131
313.218
313.306
313.394
313.484
313.575
313.667
313.762
313.858
313.956
314.057
314.159
314.264
314.371
314.48
314.592
314.706
314.822
314.94
315.06
315.183
315.307
315.433
315.561
315.691
315.822
315.955
316.089
316.224
316.36
316.497
316.635
316.774
316.914
317.054
317.194
317.334
317.475
317.615
300.308
300.934
301.58
302.241
302.91
303.583
304.251
304.91
305.553
306.177
306.776
307.348
307.892
308.405
308.886
309.337
309.757
310.146
310.507
310.841
311.149
311.432
311.693
311.933
312.153
312.356
312.544
312.716
312.876
313.024
313.162
313.29
313.411
313.525
313.632
313.735
313.833
313.928
314.02
314.11
314.199
314.286
314.373
314.459
314.546
314.634
314.723
314.812
314.903
314.995
315.088
315.183
315.279
315.378
315.477
315.579
315.683
315.788
315.895
316.004
316.114
316.226
316.34
316.455
316.571
316.689
316.808
316.928
317.049
317.171
317.293
317.417
317.541
317.665
317.79
317.915
318.041
318.166
318.291
318.417
318.542
300.353
301.072
301.813
302.569
303.335
304.101
304.859
305.604
306.327
307.024
307.691
308.324
308.921
309.482
310.004
310.49
310.94
311.356
311.738
312.09
312.413
312.709
312.98
313.229
313.457
313.667
313.859
314.037
314.201
314.353
314.494
314.626
314.75
314.866
314.977
315.082
315.183
315.281
315.375
315.467
315.558
315.647
315.735
315.823
315.911
316
316.089
316.178
316.268
316.359
316.45
316.543
316.637
316.732
316.829
316.927
317.026
317.126
317.228
317.33
317.434
317.539
317.646
317.753
317.861
317.969
318.079
318.189
318.3
318.411
318.523
318.635
318.747
318.859
318.972
319.084
319.196
319.308
319.42
319.531
319.643
300.407
301.234
302.086
302.955
303.831
304.704
305.565
306.406
307.217
307.994
308.732
309.427
310.079
310.685
311.246
311.764
312.241
312.677
313.077
313.443
313.777
314.083
314.362
314.618
314.852
315.066
315.263
315.445
315.613
315.769
315.914
316.05
316.177
316.298
316.413
316.522
316.627
316.728
316.827
316.923
317.017
317.109
317.201
317.292
317.382
317.473
317.563
317.653
317.744
317.834
317.926
318.018
318.11
318.203
318.298
318.392
318.488
318.584
318.681
318.779
318.877
318.976
319.076
319.175
319.276
319.377
319.478
319.579
319.68
319.782
319.883
319.984
320.086
320.187
320.287
320.388
320.488
320.588
320.687
320.786
320.884
300.469
301.424
302.405
303.404
304.407
305.402
306.378
307.323
308.229
309.089
309.897
310.652
311.353
312
312.594
313.137
313.632
314.082
314.493
314.867
315.207
315.517
315.801
316.06
316.297
316.515
316.715
316.901
317.073
317.233
317.383
317.524
317.657
317.783
317.903
318.018
318.129
318.236
318.34
318.441
318.54
318.637
318.733
318.828
318.922
319.015
319.107
319.199
319.291
319.382
319.474
319.565
319.657
319.749
319.841
319.933
320.026
320.119
320.211
320.304
320.398
320.491
320.584
320.677
320.77
320.863
320.956
321.049
321.141
321.233
321.325
321.416
321.507
321.597
321.687
321.776
321.865
321.953
322.04
322.127
322.213
300.542
301.643
302.774
303.921
305.068
306.199
307.298
308.354
309.356
310.297
311.169
311.971
312.706
313.377
313.989
314.544
315.048
315.505
315.92
316.296
316.639
316.951
317.236
317.497
317.736
317.957
318.161
318.35
318.526
318.692
318.847
318.993
319.132
319.265
319.391
319.513
319.63
319.743
319.853
319.96
320.065
320.167
320.268
320.366
320.464
320.56
320.655
320.749
320.842
320.934
321.026
321.118
321.209
321.299
321.389
321.479
321.569
321.658
321.746
321.835
321.922
322.01
322.097
322.183
322.269
322.355
322.44
322.524
322.607
322.69
322.773
322.854
322.935
323.015
323.094
323.173
323.25
323.327
323.403
323.478
323.552
300.623
301.891
303.192
304.506
305.812
307.09
308.318
309.474
310.551
311.545
312.457
313.289
314.044
314.728
315.346
315.905
316.409
316.865
317.278
317.652
317.992
318.302
318.586
318.847
319.087
319.309
319.515
319.707
319.887
320.057
320.217
320.369
320.514
320.652
320.785
320.912
321.036
321.155
321.27
321.383
321.493
321.6
321.704
321.807
321.907
322.006
322.103
322.199
322.293
322.386
322.478
322.569
322.659
322.748
322.836
322.923
323.009
323.094
323.178
323.262
323.344
323.426
323.507
323.587
323.665
323.743
323.82
323.897
323.972
324.046
324.119
324.191
324.263
324.333
324.402
324.47
324.538
324.604
324.669
324.733
324.796
300.709
302.155
303.641
305.139
306.606
308.009
309.329
310.556
311.684
312.713
313.646
314.489
315.248
315.931
316.544
317.095
317.59
318.037
318.441
318.808
319.141
319.446
319.725
319.983
320.221
320.442
320.649
320.842
321.025
321.197
321.361
321.516
321.665
321.807
321.945
322.077
322.204
322.328
322.447
322.564
322.677
322.787
322.895
323
323.103
323.203
323.301
323.398
323.493
323.586
323.677
323.767
323.855
323.942
324.028
324.112
324.195
324.276
324.356
324.435
324.513
324.589
324.664
324.738
324.811
324.882
324.952
325.021
325.089
325.156
325.221
325.285
325.348
325.41
325.471
325.531
325.589
325.647
325.703
325.758
325.812
300.782
302.383
304.044
305.687
307.265
308.75
310.129
311.392
312.541
313.578
314.511
315.346
316.094
316.763
317.361
317.897
318.379
318.813
319.205
319.561
319.886
320.183
320.456
320.708
320.943
321.161
321.366
321.559
321.741
321.913
322.077
322.234
322.384
322.528
322.667
322.801
322.93
323.055
323.177
323.295
323.41
323.521
323.63
323.736
323.84
323.941
324.04
324.137
324.231
324.324
324.415
324.504
324.591
324.677
324.76
324.843
324.923
325.002
325.08
325.155
325.23
325.303
325.374
325.444
325.513
325.58
325.645
325.71
325.773
325.835
325.895
325.954
326.012
326.069
326.124
326.178
326.231
326.283
326.334
326.384
326.432
384.19
392.143
398.822
404.636
409.788
414.387
418.497
422.152
425.369
428.15
430.485
432.353
433.721
434.541
434.748
434.253
432.927
430.573
426.863
421.136
411.746
405.375
400.486
396.476
393.057
390.069
387.408
385.007
382.816
380.8
378.93
377.184
375.544
373.997
372.528
371.13
369.792
368.508
367.27
366.075
364.915
363.789
362.69
361.617
360.566
359.535
358.521
357.522
356.536
355.562
354.599
353.644
352.697
351.757
350.823
349.894
348.97
348.05
347.135
346.223
345.315
344.41
343.508
342.61
341.716
340.825
339.938
339.054
338.175
337.301
336.431
335.566
334.706
333.852
333.005
332.164
331.331
330.505
329.689
328.881
328.083
327.296
326.52
325.756
325.005
324.267
323.543
322.833
322.139
321.46
320.798
320.153
319.525
318.914
318.322
317.747
317.191
316.654
316.136
315.636
315.155
314.692
314.249
313.823
313.416
313.026
312.655
312.3
311.962
311.641
311.335
311.045
310.77
310.509
310.261
310.027
309.806
309.597
309.398
309.211
309.034
308.866
308.707
308.557
308.414
308.278
308.149
308.026
307.908
307.795
307.687
307.583
307.482
307.384
307.289
307.196
307.105
307.016
306.928
306.84
306.754
306.668
306.582
306.496
306.409
306.322
306.235
306.147
306.057
305.967
305.876
305.783
305.688
305.593
305.495
305.397
305.296
305.194
305.091
304.987
304.882
379.439
386.352
392.564
398.136
403.147
407.659
411.714
415.334
418.531
421.302
423.637
425.513
426.899
427.748
428
427.572
426.353
424.187
420.857
416.095
409.855
404.454
399.941
396.112
392.796
389.87
387.253
384.882
382.715
380.716
378.859
377.124
375.493
373.953
372.49
371.097
369.763
368.483
367.248
366.055
364.898
363.774
362.677
361.605
360.556
359.526
358.513
357.514
356.53
355.556
354.593
353.639
352.692
351.753
350.819
349.891
348.967
348.047
347.132
346.22
345.312
344.407
343.506
342.608
341.713
340.823
339.935
339.052
338.173
337.299
336.429
335.564
334.704
333.85
333.003
332.162
331.329
330.503
329.686
328.879
328.081
327.294
326.518
325.754
325.003
324.264
323.54
322.831
322.137
321.458
320.796
320.151
319.522
318.912
318.319
317.745
317.189
316.652
316.134
315.634
315.153
314.691
314.247
313.822
313.414
313.025
312.653
312.299
311.961
311.64
311.334
311.044
310.769
310.508
310.261
310.027
309.806
309.596
309.398
309.211
309.034
308.866
308.707
308.557
308.414
308.278
308.149
308.026
307.908
307.796
307.687
307.583
307.482
307.384
307.289
307.196
307.106
307.016
306.928
306.841
306.754
306.668
306.582
306.496
306.41
306.323
306.236
306.147
306.058
305.968
305.876
305.783
305.689
305.593
305.496
305.397
305.297
305.195
305.092
304.987
304.882
375.332
381.25
386.833
392.003
396.752
401.086
405.019
408.557
411.701
414.442
416.767
418.653
420.068
420.971
421.307
421.009
419.99
418.149
415.382
411.641
407.143
402.779
398.837
395.336
392.222
389.43
386.905
384.602
382.485
380.525
378.699
376.988
375.378
373.853
372.405
371.023
369.699
368.427
367.2
366.013
364.861
363.741
362.648
361.58
360.534
359.506
358.495
357.499
356.516
355.544
354.582
353.629
352.684
351.745
350.812
349.884
348.961
348.042
347.127
346.215
345.307
344.403
343.502
342.604
341.71
340.819
339.932
339.049
338.17
337.295
336.425
335.56
334.7
333.846
332.999
332.158
331.325
330.499
329.682
328.875
328.077
327.289
326.513
325.749
324.998
324.26
323.535
322.826
322.132
321.453
320.791
320.146
319.518
318.907
318.315
317.741
317.185
316.648
316.13
315.63
315.149
314.687
314.243
313.818
313.411
313.022
312.651
312.296
311.959
311.637
311.332
311.042
310.767
310.506
310.26
310.026
309.805
309.595
309.397
309.21
309.033
308.866
308.707
308.557
308.414
308.278
308.149
308.026
307.909
307.796
307.688
307.584
307.483
307.385
307.29
307.197
307.107
307.017
306.929
306.842
306.756
306.669
306.584
306.498
306.411
306.324
306.237
306.149
306.06
305.969
305.878
305.785
305.691
305.595
305.498
305.399
305.299
305.197
305.093
304.989
304.884
371.476
376.581
381.536
386.244
390.654
394.742
398.496
401.905
404.96
407.646
409.947
411.837
413.287
414.26
414.711
414.587
413.83
412.383
410.212
407.351
403.992
400.531
397.212
394.13
391.3
388.708
386.327
384.132
382.097
380.201
378.426
376.757
375.18
373.685
372.26
370.898
369.591
368.333
367.119
365.943
364.8
363.688
362.602
361.54
360.498
359.475
358.468
357.475
356.495
355.526
354.566
353.615
352.671
351.733
350.802
349.875
348.953
348.034
347.12
346.209
345.302
344.397
343.497
342.599
341.705
340.814
339.927
339.044
338.165
337.291
336.42
335.555
334.696
333.842
332.994
332.153
331.319
330.494
329.676
328.868
328.07
327.283
326.507
325.742
324.991
324.252
323.528
322.819
322.124
321.446
320.784
320.138
319.51
318.9
318.308
317.734
317.178
316.641
316.123
315.624
315.143
314.681
314.238
313.813
313.406
313.018
312.646
312.292
311.955
311.634
311.329
311.039
310.765
310.504
310.258
310.024
309.803
309.594
309.396
309.21
309.033
308.865
308.707
308.557
308.414
308.279
308.15
308.027
307.91
307.797
307.689
307.585
307.484
307.387
307.292
307.199
307.108
307.019
306.931
306.844
306.758
306.672
306.586
306.5
306.414
306.327
306.24
306.151
306.062
305.972
305.881
305.788
305.694
305.598
305.501
305.402
305.302
305.2
305.097
304.992
304.887
367.748
372.195
376.581
380.822
384.863
388.662
392.194
395.436
398.37
400.977
403.235
405.121
406.605
407.656
408.238
408.313
407.843
406.803
405.192
403.06
400.54
397.839
395.124
392.498
390.008
387.669
385.481
383.434
381.516
379.713
378.014
376.406
374.88
373.427
372.038
370.707
369.426
368.191
366.995
365.836
364.708
363.608
362.533
361.48
360.447
359.43
358.429
357.442
356.466
355.5
354.544
353.596
352.654
351.719
350.789
349.864
348.943
348.026
347.112
346.202
345.295
344.392
343.491
342.594
341.7
340.81
339.923
339.04
338.161
337.286
336.416
335.55
334.69
333.836
332.988
332.147
331.313
330.487
329.669
328.861
328.062
327.275
326.498
325.733
324.982
324.243
323.519
322.809
322.114
321.436
320.774
320.128
319.5
318.89
318.298
317.724
317.169
316.632
316.114
315.615
315.135
314.674
314.231
313.806
313.4
313.011
312.64
312.287
311.95
311.629
311.325
311.036
310.761
310.501
310.255
310.022
309.801
309.593
309.395
309.209
309.032
308.865
308.707
308.557
308.415
308.28
308.151
308.028
307.911
307.799
307.691
307.587
307.486
307.389
307.294
307.202
307.111
307.022
306.934
306.847
306.761
306.675
306.589
306.504
306.417
306.331
306.244
306.155
306.066
305.976
305.885
305.792
305.698
305.603
305.506
305.407
305.307
305.205
305.102
304.997
304.891
364.111
368.011
371.894
375.697
379.365
382.858
386.142
389.191
391.979
394.485
396.684
398.552
400.064
401.192
401.909
402.186
402.002
401.348
400.233
398.704
396.848
394.784
392.626
390.459
388.337
386.292
384.337
382.476
380.708
379.028
377.43
375.906
374.451
373.057
371.719
370.431
369.187
367.984
366.817
365.682
364.575
363.494
362.435
361.396
360.375
359.369
358.376
357.396
356.427
355.467
354.515
353.571
352.633
351.701
350.774
349.851
348.931
348.016
347.104
346.195
345.289
344.386
343.486
342.59
341.696
340.806
339.919
339.036
338.157
337.282
336.412
335.546
334.686
333.831
332.982
332.141
331.306
330.479
329.661
328.852
328.053
327.265
326.488
325.723
324.97
324.232
323.507
322.797
322.102
321.423
320.761
320.116
319.488
318.878
318.286
317.712
317.157
316.621
316.103
315.605
315.125
314.664
314.221
313.797
313.391
313.004
312.633
312.28
311.944
311.624
311.32
311.031
310.757
310.498
310.252
310.019
309.799
309.591
309.394
309.208
309.032
308.865
308.708
308.558
308.416
308.281
308.153
308.031
307.914
307.802
307.694
307.59
307.49
307.393
307.298
307.206
307.115
307.026
306.939
306.852
306.766
306.68
306.595
306.509
306.423
306.337
306.25
306.162
306.073
305.983
305.892
305.799
305.705
305.61
305.513
305.415
305.315
305.213
305.11
305.005
304.898
360.553
363.991
367.433
370.831
374.143
377.329
380.356
383.195
385.821
388.208
390.332
392.171
393.7
394.896
395.738
396.207
396.288
395.979
395.294
394.266
392.953
391.429
389.771
388.044
386.297
384.567
382.873
381.23
379.643
378.114
376.643
375.227
373.863
372.548
371.277
370.047
368.855
367.696
366.567
365.466
364.388
363.333
362.297
361.278
360.274
359.284
358.305
357.336
356.376
355.424
354.479
353.541
352.608
351.68
350.756
349.836
348.92
348.006
347.096
346.189
345.284
344.382
343.483
342.587
341.694
340.804
339.918
339.035
338.155
337.28
336.409
335.543
334.682
333.827
332.977
332.135
331.299
330.472
329.653
328.843
328.043
327.254
326.476
325.711
324.958
324.218
323.493
322.783
322.088
321.409
320.746
320.101
319.473
318.863
318.271
317.698
317.143
316.607
316.09
315.592
315.112
314.652
314.21
313.787
313.382
312.994
312.625
312.272
311.937
311.617
311.314
311.026
310.753
310.494
310.249
310.017
309.798
309.59
309.394
309.208
309.032
308.866
308.709
308.56
308.418
308.284
308.156
308.034
307.917
307.806
307.698
307.595
307.495
307.398
307.304
307.212
307.122
307.033
306.945
306.859
306.773
306.688
306.602
306.517
306.431
306.345
306.258
306.17
306.082
305.992
305.901
305.809
305.715
305.62
305.524
305.425
305.325
305.224
305.121
305.016
304.909
357.074
360.114
363.168
366.202
369.18
372.07
374.841
377.466
379.918
382.175
384.212
386.007
387.54
388.791
389.742
390.379
390.692
390.683
390.36
389.75
388.889
387.824
386.609
385.29
383.909
382.499
381.083
379.678
378.296
376.944
375.624
374.338
373.088
371.871
370.686
369.531
368.404
367.303
366.225
365.169
364.132
363.111
362.107
361.115
360.135
359.166
358.206
357.253
356.308
355.368
354.433
353.503
352.577
351.655
350.736
349.82
348.907
347.997
347.089
346.184
345.281
344.381
343.483
342.587
341.695
340.805
339.919
339.036
338.156
337.28
336.409
335.542
334.68
333.824
332.974
332.13
331.294
330.465
329.645
328.834
328.033
327.243
326.464
325.698
324.944
324.204
323.478
322.767
322.071
321.392
320.73
320.084
319.456
318.846
318.255
317.681
317.127
316.591
316.075
315.577
315.099
314.639
314.198
313.775
313.371
312.984
312.615
312.264
311.929
311.611
311.308
311.021
310.749
310.491
310.246
310.015
309.796
309.59
309.394
309.209
309.034
308.869
308.712
308.563
308.422
308.288
308.161
308.039
307.923
307.812
307.705
307.602
307.502
307.406
307.312
307.22
307.13
307.042
306.955
306.869
306.783
306.698
306.613
306.528
306.442
306.356
306.27
306.183
306.094
306.005
305.914
305.822
305.729
305.634
305.538
305.44
305.34
305.239
305.136
305.031
304.924
353.68
356.372
359.085
361.792
364.464
367.075
369.599
372.011
374.287
376.406
378.345
380.086
381.609
382.896
383.934
384.711
385.22
385.461
385.441
385.176
384.691
384.017
383.188
382.239
381.203
380.106
378.972
377.818
376.658
375.5
374.351
373.217
372.099
370.999
369.918
368.855
367.81
366.781
365.769
364.77
363.784
362.81
361.846
360.892
359.945
359.004
358.069
357.14
356.214
355.291
354.371
353.453
352.538
351.624
350.712
349.802
348.894
347.988
347.084
346.182
345.281
344.382
343.486
342.591
341.7
340.81
339.924
339.041
338.161
337.285
336.412
335.545
334.682
333.824
332.973
332.128
331.29
330.46
329.638
328.826
328.024
327.232
326.452
325.685
324.93
324.189
323.462
322.75
322.054
321.374
320.712
320.066
319.438
318.828
318.236
317.664
317.11
316.575
316.059
315.562
315.084
314.625
314.184
313.763
313.359
312.974
312.606
312.255
311.922
311.604
311.303
311.017
310.745
310.488
310.245
310.014
309.797
309.591
309.396
309.212
309.037
308.873
308.717
308.569
308.428
308.295
308.168
308.047
307.932
307.821
307.714
307.612
307.513
307.416
307.323
307.232
307.142
307.054
306.967
306.882
306.797
306.712
306.627
306.542
306.457
306.372
306.286
306.199
306.111
306.022
305.932
305.84
305.747
305.653
305.557
305.459
305.36
305.259
305.156
305.051
304.944
350.378
352.766
355.177
357.59
359.984
362.337
364.627
366.834
368.936
370.914
372.75
374.425
375.922
377.228
378.328
379.215
379.881
380.326
380.552
380.572
380.398
380.053
379.558
378.939
378.218
377.419
376.56
375.658
374.726
373.775
372.812
371.844
370.876
369.911
368.95
367.996
367.048
366.107
365.174
364.246
363.325
362.409
361.497
360.59
359.685
358.782
357.882
356.982
356.083
355.184
354.284
353.385
352.485
351.584
350.682
349.781
348.88
347.98
347.08
346.181
345.284
344.388
343.493
342.6
341.709
340.82
339.934
339.051
338.171
337.294
336.421
335.552
334.688
333.829
332.976
332.129
331.289
330.458
329.634
328.82
328.017
327.223
326.442
325.673
324.916
324.174
323.446
322.734
322.037
321.357
320.693
320.047
319.419
318.809
318.218
317.646
317.092
316.557
316.042
315.546
315.069
314.611
314.171
313.751
313.348
312.964
312.597
312.248
311.915
311.599
311.299
311.014
310.743
310.487
310.245
310.016
309.799
309.594
309.4
309.217
309.043
308.879
308.724
308.577
308.438
308.305
308.179
308.058
307.943
307.833
307.727
307.625
307.526
307.431
307.338
307.247
307.158
307.071
306.984
306.899
306.814
306.73
306.646
306.562
306.477
306.392
306.307
306.22
306.133
306.044
305.954
305.863
305.771
305.677
305.581
305.484
305.385
305.285
305.182
305.078
304.971
347.178
349.298
351.441
353.592
355.735
357.851
359.924
361.936
363.869
365.708
367.435
369.035
370.494
371.799
372.939
373.905
374.692
375.296
375.72
375.968
376.051
375.979
375.769
375.437
375
374.474
373.876
373.218
372.514
371.773
371.004
370.214
369.408
368.59
367.764
366.933
366.097
365.258
364.417
363.575
362.731
361.885
361.038
360.189
359.337
358.483
357.626
356.765
355.901
355.033
354.162
353.287
352.408
351.526
350.641
349.752
348.862
347.969
347.076
346.183
345.29
344.397
343.505
342.614
341.724
340.837
339.951
339.067
338.187
337.309
336.435
335.565
334.699
333.839
332.984
332.135
331.294
330.46
329.634
328.818
328.013
327.217
326.434
325.663
324.905
324.162
323.433
322.719
322.021
321.34
320.677
320.03
319.402
318.792
318.201
317.629
317.076
316.542
316.027
315.532
315.055
314.598
314.16
313.74
313.339
312.956
312.591
312.242
311.911
311.596
311.297
311.013
310.744
310.49
310.248
310.02
309.804
309.601
309.408
309.225
309.053
308.89
308.736
308.589
308.451
308.319
308.193
308.074
307.959
307.85
307.744
307.643
307.545
307.45
307.357
307.267
307.179
307.092
307.006
306.922
306.838
306.754
306.67
306.587
306.503
306.418
306.333
306.247
306.161
306.073
305.984
305.893
305.801
305.708
305.613
305.516
305.418
305.317
305.215
305.111
305.005
344.09
345.972
347.878
349.796
351.711
353.613
355.485
357.315
359.088
360.789
362.406
363.925
365.334
366.621
367.778
368.796
369.669
370.394
370.97
371.4
371.688
371.841
371.87
371.783
371.594
371.315
370.956
370.529
370.044
369.511
368.936
368.328
367.69
367.03
366.349
365.652
364.94
364.216
363.481
362.736
361.981
361.219
360.447
359.668
358.881
358.086
357.282
356.471
355.652
354.825
353.99
353.147
352.297
351.44
350.577
349.708
348.833
347.954
347.071
346.185
345.298
344.41
343.522
342.634
341.746
340.859
339.974
339.091
338.21
337.332
336.457
335.585
334.718
333.856
332.999
332.148
331.304
330.468
329.64
328.822
328.014
327.217
326.431
325.658
324.899
324.154
323.423
322.708
322.01
321.328
320.663
320.016
319.388
318.778
318.187
317.615
317.062
316.529
316.015
315.521
315.045
314.589
314.152
313.734
313.334
312.952
312.588
312.241
311.911
311.597
311.3
311.017
310.75
310.496
310.256
310.029
309.815
309.612
309.42
309.239
309.068
308.906
308.752
308.607
308.469
308.338
308.213
308.094
307.981
307.872
307.767
307.667
307.569
307.475
307.383
307.293
307.206
307.12
307.035
306.951
306.867
306.784
306.701
306.618
306.535
306.451
306.367
306.282
306.196
306.109
306.02
305.931
305.839
305.747
305.652
305.556
305.458
305.359
305.257
305.153
305.047
341.123
342.795
344.49
346.199
347.912
349.618
351.307
352.968
354.589
356.158
357.664
359.097
360.447
361.702
362.856
363.9
364.83
365.641
366.331
366.9
367.349
367.683
367.907
368.027
368.051
367.986
367.842
367.626
367.347
367.011
366.626
366.198
365.731
365.231
364.702
364.146
363.567
362.968
362.348
361.712
361.059
360.39
359.706
359.008
358.296
357.571
356.832
356.081
355.316
354.539
353.75
352.949
352.137
351.313
350.48
349.636
348.784
347.925
347.058
346.185
345.307
344.426
343.543
342.659
341.774
340.89
340.006
339.123
338.242
337.364
336.488
335.615
334.746
333.882
333.023
332.17
331.324
330.485
329.655
328.834
328.023
327.224
326.436
325.661
324.899
324.152
323.42
322.704
322.004
321.321
320.656
320.009
319.38
318.77
318.179
317.607
317.055
316.522
316.009
315.515
315.041
314.586
314.15
313.733
313.334
312.954
312.591
312.245
311.917
311.605
311.308
311.027
310.761
310.509
310.27
310.044
309.831
309.63
309.439
309.259
309.089
308.928
308.775
308.631
308.494
308.363
308.24
308.122
308.009
307.901
307.797
307.697
307.6
307.507
307.416
307.327
307.24
307.154
307.07
306.987
306.904
306.822
306.74
306.658
306.576
306.493
306.409
306.325
306.24
306.154
306.066
305.977
305.887
305.795
305.701
305.606
305.509
305.41
305.309
305.206
305.1
338.288
339.773
341.28
342.803
344.333
345.864
347.386
348.891
350.369
351.812
353.21
354.554
355.836
357.048
358.182
359.232
360.192
361.059
361.828
362.499
363.072
363.547
363.927
364.215
364.417
364.537
364.58
364.552
364.459
364.307
364.101
363.846
363.546
363.206
362.829
362.419
361.978
361.508
361.013
360.493
359.949
359.384
358.798
358.191
357.565
356.92
356.257
355.575
354.876
354.159
353.425
352.675
351.91
351.129
350.334
349.525
348.703
347.869
347.025
346.172
345.31
344.441
343.567
342.689
341.809
340.927
340.046
339.165
338.285
337.406
336.529
335.656
334.786
333.919
333.058
332.203
331.354
330.513
329.68
328.857
328.043
327.241
326.451
325.673
324.91
324.161
323.427
322.709
322.008
321.324
320.658
320.01
319.38
318.77
318.179
317.608
317.056
316.524
316.011
315.518
315.045
314.591
314.156
313.74
313.343
312.963
312.602
312.258
311.931
311.62
311.325
311.045
310.78
310.529
310.292
310.068
309.856
309.655
309.466
309.287
309.117
308.957
308.806
308.662
308.526
308.397
308.274
308.157
308.045
307.938
307.835
307.735
307.64
307.547
307.457
307.369
307.283
307.198
307.115
307.032
306.951
306.869
306.788
306.707
306.626
306.544
306.462
306.378
306.294
306.209
306.122
306.035
305.945
305.854
305.762
305.667
305.571
305.473
305.372
305.27
305.165
335.593
336.912
338.252
339.609
340.976
342.348
343.718
345.079
346.425
347.748
349.04
350.294
351.504
352.663
353.764
354.801
355.77
356.666
357.487
358.228
358.89
359.471
359.972
360.395
360.741
361.013
361.216
361.351
361.423
361.436
361.394
361.3
361.159
360.973
360.745
360.479
360.177
359.841
359.473
359.074
358.647
358.192
357.711
357.205
356.673
356.118
355.538
354.936
354.312
353.665
352.997
352.308
351.599
350.87
350.122
349.356
348.574
347.775
346.961
346.134
345.295
344.446
343.587
342.72
341.848
340.972
340.094
339.216
338.337
337.46
336.583
335.709
334.838
333.971
333.108
332.25
331.399
330.555
329.72
328.894
328.078
327.273
326.48
325.7
324.934
324.183
323.447
322.728
322.025
321.34
320.672
320.024
319.394
318.783
318.192
317.621
317.069
316.537
316.025
315.533
315.06
314.607
314.173
313.758
313.362
312.984
312.624
312.281
311.955
311.646
311.352
311.074
310.81
310.56
310.324
310.101
309.89
309.691
309.502
309.324
309.156
308.997
308.846
308.704
308.569
308.44
308.318
308.202
308.091
307.984
307.882
307.784
307.689
307.597
307.508
307.421
307.335
307.252
307.17
307.088
307.008
306.927
306.847
306.767
306.687
306.607
306.525
306.443
306.36
306.276
306.191
306.104
306.016
305.926
305.835
305.741
305.646
305.549
305.449
305.348
305.244
333.047
334.218
335.409
336.617
337.838
339.067
340.299
341.529
342.752
343.961
345.151
346.316
347.451
348.549
349.607
350.617
351.577
352.482
353.328
354.113
354.834
355.491
356.082
356.607
357.067
357.463
357.796
358.069
358.282
358.44
358.544
358.597
358.601
358.559
358.473
358.346
358.179
357.975
357.735
357.46
357.152
356.812
356.441
356.04
355.61
355.151
354.664
354.15
353.609
353.041
352.448
351.829
351.186
350.518
349.827
349.114
348.38
347.625
346.851
346.059
345.251
344.428
343.592
342.744
341.886
341.021
340.15
339.276
338.401
337.526
336.651
335.777
334.906
334.037
333.173
332.314
331.461
330.615
329.777
328.948
328.13
327.322
326.527
325.745
324.976
324.223
323.485
322.764
322.059
321.373
320.704
320.055
319.424
318.813
318.221
317.65
317.098
316.566
316.055
315.563
315.091
314.639
314.205
313.791
313.396
313.019
312.66
312.318
311.993
311.685
311.392
311.115
310.852
310.604
310.369
310.146
309.936
309.738
309.551
309.374
309.206
309.048
308.899
308.757
308.622
308.495
308.374
308.258
308.148
308.042
307.941
307.844
307.75
307.659
307.57
307.484
307.4
307.318
307.237
307.156
307.077
306.998
306.919
306.84
306.762
306.682
306.602
306.522
306.44
306.358
306.274
306.188
306.102
306.013
305.923
305.831
305.737
305.641
305.542
305.442
305.339
330.656
331.696
332.755
333.83
334.92
336.02
337.127
338.237
339.345
340.448
341.54
342.617
343.675
344.709
345.714
346.687
347.624
348.52
349.372
350.178
350.934
351.64
352.293
352.893
353.438
353.93
354.367
354.751
355.082
355.362
355.592
355.774
355.908
355.997
356.042
356.045
356.007
355.929
355.813
355.66
355.471
355.247
354.989
354.697
354.372
354.015
353.626
353.206
352.755
352.274
351.763
351.223
350.654
350.057
349.433
348.781
348.104
347.403
346.677
345.93
345.161
344.373
343.568
342.747
341.912
341.065
340.208
339.344
338.475
337.603
336.731
335.86
334.989
334.122
333.257
332.397
331.543
330.695
329.855
329.025
328.204
327.394
326.596
325.811
325.041
324.285
323.545
322.822
322.116
321.427
320.758
320.107
319.475
318.863
318.271
317.699
317.147
316.615
316.104
315.612
315.141
314.689
314.256
313.843
313.448
313.071
312.713
312.372
312.048
311.74
311.449
311.172
310.91
310.663
310.428
310.207
309.998
309.8
309.614
309.437
309.271
309.113
308.964
308.823
308.69
308.563
308.443
308.328
308.218
308.114
308.013
307.917
307.824
307.734
307.647
307.562
307.479
307.397
307.317
307.239
307.16
307.083
307.006
306.928
306.851
306.773
306.695
306.616
306.536
306.455
306.373
306.289
306.204
306.117
306.028
305.938
305.845
305.75
305.653
305.554
305.452
328.429
329.351
330.292
331.25
332.222
333.206
334.199
335.199
336.202
337.204
338.203
339.195
340.176
341.142
342.091
343.017
343.919
344.793
345.635
346.443
347.214
347.946
348.638
349.287
349.893
350.454
350.971
351.442
351.867
352.247
352.582
352.873
353.12
353.325
353.487
353.607
353.688
353.728
353.73
353.694
353.62
353.509
353.362
353.179
352.961
352.708
352.421
352.1
351.744
351.355
350.933
350.478
349.991
349.472
348.922
348.341
347.73
347.091
346.423
345.729
345.01
344.266
343.501
342.715
341.911
341.09
340.256
339.409
338.554
337.691
336.825
335.957
335.09
334.224
333.361
332.502
331.647
330.799
329.958
329.125
328.303
327.491
326.691
325.904
325.131
324.374
323.632
322.906
322.198
321.509
320.837
320.185
319.552
318.939
318.346
317.773
317.221
316.689
316.177
315.685
315.213
314.761
314.329
313.915
313.521
313.145
312.787
312.446
312.123
311.816
311.524
311.248
310.987
310.74
310.506
310.285
310.077
309.88
309.693
309.518
309.352
309.195
309.047
308.906
308.773
308.647
308.527
308.413
308.305
308.201
308.101
308.006
307.914
307.825
307.739
307.655
307.573
307.493
307.415
307.337
307.261
307.185
307.109
307.033
306.958
306.882
306.805
306.728
306.65
306.571
306.491
306.409
306.326
306.241
306.154
306.065
305.974
305.881
305.785
305.687
305.586
326.372
327.189
328.024
328.876
329.742
330.622
331.512
332.411
333.317
334.226
335.137
336.046
336.951
337.849
338.737
339.612
340.471
341.311
342.13
342.926
343.695
344.435
345.145
345.823
346.467
347.076
347.648
348.183
348.68
349.139
349.558
349.938
350.28
350.582
350.845
351.07
351.255
351.403
351.513
351.585
351.619
351.616
351.577
351.501
351.388
351.239
351.053
350.832
350.574
350.281
349.952
349.587
349.187
348.753
348.283
347.78
347.244
346.674
346.073
345.441
344.78
344.09
343.374
342.633
341.868
341.083
340.279
339.459
338.625
337.78
336.927
336.067
335.206
334.345
333.485
332.628
331.775
330.927
330.086
329.253
328.43
327.617
326.816
326.027
325.253
324.493
323.749
323.022
322.312
321.621
320.948
320.294
319.66
319.045
318.451
317.877
317.324
316.791
316.278
315.785
315.313
314.861
314.428
314.014
313.62
313.244
312.885
312.545
312.221
311.914
311.623
311.347
311.086
310.839
310.605
310.384
310.176
309.979
309.793
309.618
309.452
309.296
309.148
309.008
308.875
308.75
308.631
308.517
308.409
308.306
308.208
308.113
308.022
307.934
307.849
307.767
307.686
307.608
307.531
307.455
307.38
307.306
307.232
307.158
307.085
307.011
306.936
306.861
306.785
306.708
306.63
306.551
306.47
306.387
306.302
306.215
306.126
306.034
305.941
305.844
305.745
324.489
325.213
325.955
326.712
327.483
328.268
329.065
329.872
330.688
331.511
332.339
333.169
334
334.83
335.655
336.474
337.285
338.084
338.871
339.642
340.395
341.129
341.841
342.529
343.192
343.828
344.436
345.015
345.563
346.079
346.562
347.012
347.429
347.811
348.158
348.471
348.747
348.989
349.194
349.364
349.497
349.594
349.655
349.68
349.668
349.619
349.533
349.41
349.25
349.053
348.819
348.547
348.238
347.892
347.509
347.089
346.633
346.14
345.613
345.051
344.456
343.829
343.171
342.484
341.769
341.028
340.264
339.479
338.676
337.857
337.025
336.183
335.334
334.481
333.627
332.775
331.926
331.081
330.242
329.411
328.588
327.775
326.973
326.183
325.408
324.647
323.902
323.173
322.462
321.768
321.093
320.438
319.802
319.186
318.59
318.015
317.46
316.926
316.412
315.918
315.445
314.992
314.558
314.144
313.748
313.371
313.012
312.671
312.347
312.039
311.748
311.471
311.21
310.963
310.729
310.508
310.299
310.102
309.916
309.741
309.575
309.419
309.271
309.131
308.999
308.874
308.755
308.642
308.535
308.432
308.335
308.241
308.151
308.064
307.98
307.899
307.82
307.743
307.668
307.594
307.521
307.448
307.377
307.305
307.234
307.162
307.09
307.018
306.944
306.87
306.794
306.717
306.639
306.558
306.476
306.391
306.305
306.215
306.123
306.029
305.931
322.787
323.428
324.085
324.757
325.444
326.144
326.856
327.58
328.313
329.056
329.805
330.561
331.321
332.083
332.845
333.607
334.365
335.119
335.866
336.603
337.331
338.045
338.746
339.43
340.096
340.743
341.369
341.972
342.552
343.107
343.636
344.137
344.61
345.054
345.468
345.852
346.204
346.524
346.812
347.066
347.287
347.473
347.625
347.742
347.824
347.869
347.878
347.85
347.785
347.682
347.542
347.363
347.146
346.89
346.596
346.262
345.891
345.481
345.033
344.548
344.026
343.469
342.877
342.252
341.595
340.909
340.194
339.454
338.691
337.907
337.106
336.29
335.462
334.626
333.785
332.941
332.099
331.26
330.426
329.597
328.777
327.965
327.165
326.376
325.6
324.838
324.092
323.363
322.65
321.955
321.279
320.622
319.984
319.366
318.769
318.192
317.635
317.099
316.583
316.088
315.613
315.159
314.723
314.308
313.911
313.533
313.173
312.83
312.505
312.196
311.904
311.626
311.364
311.116
310.881
310.66
310.45
310.253
310.066
309.89
309.724
309.568
309.42
309.28
309.148
309.023
308.904
308.792
308.685
308.583
308.486
308.393
308.304
308.218
308.136
308.056
307.979
307.903
307.83
307.757
307.686
307.616
307.547
307.478
307.409
307.34
307.271
307.201
307.131
307.059
306.986
306.912
306.837
306.759
306.679
306.598
306.513
306.427
306.337
306.245
306.149
321.27
321.837
322.419
323.015
323.625
324.249
324.884
325.532
326.19
326.858
327.535
328.22
328.912
329.608
330.309
331.012
331.717
332.421
333.123
333.821
334.514
335.201
335.879
336.547
337.203
337.847
338.476
339.088
339.684
340.26
340.817
341.352
341.864
342.353
342.817
343.255
343.666
344.05
344.405
344.73
345.025
345.288
345.52
345.719
345.884
346.015
346.111
346.172
346.196
346.183
346.133
346.045
345.918
345.752
345.547
345.302
345.017
344.692
344.328
343.924
343.481
343
342.481
341.925
341.334
340.71
340.054
339.367
338.653
337.915
337.153
336.373
335.576
334.766
333.946
333.12
332.29
331.461
330.634
329.812
328.997
328.189
327.391
326.605
325.83
325.07
324.324
323.594
322.88
322.185
321.507
320.849
320.209
319.59
318.991
318.412
317.853
317.315
316.797
316.3
315.823
315.366
314.929
314.511
314.113
313.733
313.371
313.027
312.7
312.389
312.095
311.816
311.552
311.303
311.067
310.844
310.634
310.435
310.248
310.071
309.904
309.747
309.598
309.458
309.326
309.2
309.082
308.969
308.863
308.761
308.665
308.573
308.485
308.4
308.319
308.24
308.165
308.091
308.019
307.949
307.881
307.813
307.746
307.68
307.614
307.548
307.482
307.415
307.348
307.279
307.21
307.139
307.067
306.992
306.916
306.837
306.756
306.672
306.586
306.496
306.402
319.941
320.443
320.958
321.487
322.028
322.582
323.149
323.727
324.316
324.916
325.526
326.144
326.771
327.405
328.046
328.691
329.341
329.994
330.648
331.302
331.956
332.607
333.255
333.898
334.534
335.163
335.782
336.391
336.988
337.572
338.141
338.694
339.23
339.747
340.245
340.721
341.176
341.607
342.014
342.395
342.75
343.077
343.375
343.644
343.882
344.089
344.263
344.403
344.508
344.579
344.613
344.61
344.569
344.49
344.372
344.214
344.015
343.776
343.497
343.177
342.816
342.415
341.974
341.493
340.975
340.42
339.83
339.205
338.549
337.864
337.152
336.416
335.66
334.885
334.096
333.296
332.489
331.676
330.862
330.051
329.244
328.444
327.652
326.87
326.099
325.341
324.597
323.868
323.155
322.46
321.782
321.122
320.482
319.861
319.26
318.679
318.118
317.578
317.058
316.559
316.079
315.62
315.18
314.76
314.359
313.976
313.612
313.266
312.936
312.624
312.327
312.046
311.78
311.529
311.291
311.066
310.854
310.654
310.465
310.287
310.119
309.96
309.811
309.67
309.537
309.411
309.292
309.18
309.073
308.972
308.876
308.784
308.697
308.613
308.533
308.456
308.382
308.31
308.241
308.173
308.107
308.042
307.978
307.914
307.851
307.789
307.726
307.663
307.599
307.535
307.469
307.402
307.333
307.263
307.19
307.115
307.038
306.957
306.873
306.786
306.695
318.807
319.25
319.705
320.173
320.653
321.145
321.649
322.165
322.691
323.228
323.776
324.333
324.899
325.474
326.056
326.645
327.241
327.841
328.446
329.054
329.665
330.276
330.888
331.499
332.107
332.712
333.312
333.906
334.493
335.071
335.64
336.197
336.742
337.273
337.79
338.29
338.773
339.237
339.68
340.103
340.503
340.88
341.231
341.557
341.855
342.125
342.365
342.574
342.752
342.896
343.007
343.082
343.121
343.123
343.086
343.011
342.897
342.742
342.547
342.31
342.032
341.713
341.353
340.952
340.51
340.03
339.511
338.956
338.366
337.742
337.088
336.406
335.698
334.969
334.22
333.455
332.678
331.893
331.102
330.308
329.515
328.726
327.943
327.169
326.405
325.652
324.912
324.186
323.476
322.781
322.104
321.445
320.804
320.182
319.58
318.997
318.435
317.893
317.37
316.868
316.386
315.924
315.482
315.059
314.655
314.27
313.902
313.553
313.221
312.905
312.606
312.322
312.054
311.799
311.559
311.332
311.117
310.915
310.724
310.544
310.374
310.214
310.063
309.921
309.787
309.66
309.54
309.427
309.321
309.219
309.123
309.032
308.946
308.863
308.784
308.708
308.636
308.566
308.498
308.433
308.369
308.307
308.246
308.186
308.126
308.067
308.008
307.949
307.889
307.829
307.768
307.705
307.64
307.574
307.506
307.435
307.361
307.285
307.205
307.121
307.033
317.868
318.26
318.662
319.076
319.501
319.938
320.385
320.844
321.313
321.793
322.283
322.783
323.293
323.811
324.338
324.874
325.416
325.966
326.521
327.082
327.647
328.216
328.788
329.361
329.936
330.51
331.083
331.654
332.221
332.784
333.341
333.891
334.433
334.965
335.487
335.998
336.495
336.977
337.444
337.894
338.325
338.737
339.128
339.497
339.842
340.162
340.456
340.723
340.96
341.168
341.345
341.489
341.599
341.674
341.713
341.715
341.679
341.604
341.489
341.334
341.137
340.9
340.62
340.3
339.938
339.535
339.093
338.611
338.092
337.537
336.948
336.328
335.678
335.001
334.301
333.581
332.845
332.094
331.334
330.568
329.798
329.028
328.259
327.497
326.743
325.999
325.266
324.546
323.84
323.15
322.475
321.817
321.178
320.556
319.954
319.37
318.807
318.263
317.739
317.234
316.75
316.285
315.84
315.414
315.007
314.618
314.247
313.895
313.559
313.24
312.938
312.651
312.379
312.121
311.878
311.647
311.43
311.225
311.031
310.849
310.676
310.514
310.361
310.217
310.081
309.953
309.832
309.719
309.611
309.509
309.413
309.322
309.236
309.154
309.076
309.001
308.93
308.862
308.797
308.734
308.673
308.613
308.555
308.499
308.443
308.388
308.333
308.278
308.222
308.167
308.11
308.052
307.992
307.931
307.868
307.801
307.732
307.66
307.585
307.505
307.42
317.131
317.476
317.831
318.197
318.573
318.96
319.357
319.764
320.182
320.61
321.048
321.495
321.952
322.418
322.893
323.377
323.869
324.369
324.875
325.389
325.908
326.433
326.962
327.496
328.032
328.571
329.111
329.652
330.193
330.732
331.269
331.802
332.33
332.853
333.37
333.878
334.377
334.865
335.342
335.805
336.254
336.688
337.105
337.503
337.882
338.239
338.574
338.885
339.171
339.43
339.661
339.863
340.034
340.173
340.278
340.349
340.384
340.382
340.342
340.263
340.144
339.985
339.785
339.544
339.261
338.937
338.573
338.168
337.724
337.242
336.724
336.171
335.585
334.97
334.327
333.66
332.972
332.267
331.547
330.816
330.077
329.334
328.59
327.848
327.11
326.378
325.657
324.946
324.248
323.564
322.894
322.241
321.604
320.984
320.383
319.801
319.237
318.692
318.167
317.661
317.174
316.707
316.259
315.83
315.42
315.028
314.654
314.297
313.958
313.636
313.329
313.038
312.762
312.501
312.254
312.02
311.799
311.591
311.394
311.208
311.033
310.867
310.712
310.565
310.427
310.297
310.175
310.059
309.951
309.848
309.751
309.66
309.573
309.492
309.414
309.341
309.271
309.205
309.141
309.08
309.022
308.965
308.911
308.857
308.805
308.754
308.704
308.653
308.603
308.552
308.501
308.448
308.394
308.338
308.28
308.219
308.155
308.088
308.017
307.942
307.862
316.595
316.9
317.214
317.537
317.87
318.212
318.564
318.925
319.296
319.677
320.067
320.466
320.875
321.293
321.719
322.155
322.598
323.05
323.51
323.977
324.45
324.931
325.417
325.908
326.405
326.905
327.409
327.915
328.424
328.933
329.443
329.951
330.459
330.963
331.464
331.96
332.45
332.933
333.408
333.873
334.328
334.771
335.2
335.615
336.014
336.395
336.758
337.101
337.422
337.72
337.994
338.241
338.462
338.653
338.814
338.944
339.041
339.103
339.13
339.12
339.073
338.987
338.861
338.695
338.489
338.243
337.955
337.628
337.26
336.853
336.409
335.928
335.412
334.864
334.285
333.679
333.048
332.395
331.723
331.037
330.338
329.631
328.919
328.205
327.492
326.781
326.077
325.38
324.694
324.02
323.359
322.712
322.082
321.467
320.869
320.289
319.727
319.183
318.658
318.152
317.664
317.195
316.745
316.314
315.901
315.506
315.128
314.768
314.425
314.099
313.788
313.493
313.213
312.948
312.696
312.458
312.233
312.02
311.819
311.63
311.451
311.282
311.123
310.973
310.832
310.7
310.575
310.457
310.347
310.242
310.144
310.052
309.965
309.883
309.806
309.733
309.664
309.599
309.537
309.478
309.422
309.368
309.317
309.267
309.219
309.172
309.126
309.081
309.035
308.99
308.944
308.897
308.849
308.798
308.746
308.691
308.634
308.572
308.507
308.437
308.362
316.266
316.535
316.812
317.098
317.392
317.695
318.006
318.326
318.656
318.994
319.34
319.696
320.06
320.434
320.815
321.205
321.604
322.011
322.425
322.847
323.277
323.713
324.156
324.605
325.06
325.52
325.985
326.454
326.927
327.402
327.879
328.358
328.837
329.316
329.793
330.269
330.741
331.209
331.672
332.129
332.578
333.019
333.449
333.869
334.276
334.669
335.047
335.408
335.752
336.076
336.38
336.661
336.918
337.15
337.356
337.533
337.68
337.797
337.881
337.931
337.946
337.926
337.868
337.772
337.638
337.464
337.251
336.998
336.706
336.374
336.005
335.597
335.154
334.677
334.167
333.627
333.059
332.466
331.851
331.217
330.567
329.904
329.233
328.555
327.874
327.192
326.513
325.839
325.171
324.513
323.865
323.23
322.609
322.002
321.411
320.836
320.279
319.738
319.215
318.71
318.223
317.754
317.303
316.87
316.455
316.058
315.678
315.314
314.968
314.637
314.323
314.024
313.739
313.469
313.213
312.971
312.741
312.523
312.318
312.124
311.94
311.767
311.604
311.451
311.306
311.17
311.041
310.921
310.808
310.701
310.601
310.507
310.419
310.336
310.258
310.185
310.117
310.052
309.991
309.934
309.88
309.829
309.78
309.734
309.689
309.646
309.605
309.564
309.524
309.484
309.444
309.403
309.361
309.317
309.271
309.223
309.172
309.117
309.058
308.994
308.924
316.145
316.382
316.627
316.88
317.14
317.408
317.683
317.967
318.258
318.558
318.866
319.182
319.506
319.838
320.179
320.527
320.884
321.248
321.62
321.999
322.386
322.78
323.181
323.588
324.002
324.421
324.846
325.276
325.71
326.148
326.59
327.034
327.481
327.929
328.377
328.826
329.273
329.718
330.161
330.6
331.034
331.463
331.884
332.297
332.701
333.094
333.476
333.844
334.198
334.536
334.856
335.158
335.44
335.7
335.938
336.15
336.337
336.496
336.626
336.726
336.794
336.829
336.83
336.796
336.726
336.619
336.474
336.292
336.071
335.812
335.516
335.182
334.812
334.407
333.968
333.498
332.998
332.47
331.917
331.342
330.749
330.138
329.515
328.882
328.242
327.597
326.952
326.307
325.667
325.032
324.405
323.787
323.18
322.586
322.006
321.441
320.891
320.356
319.839
319.338
318.854
318.387
317.937
317.504
317.089
316.69
316.308
315.943
315.593
315.26
314.941
314.638
314.35
314.075
313.814
313.567
313.332
313.11
312.899
312.7
312.511
312.333
312.165
312.007
311.858
311.717
311.585
311.46
311.343
311.234
311.131
311.034
310.943
310.859
310.78
310.705
310.636
310.572
310.511
310.455
310.402
310.352
310.306
310.262
310.221
310.182
310.145
310.109
310.074
310.039
310.004
309.97
309.934
309.897
309.858
309.816
309.772
309.724
309.672
309.615
309.551
316.234
316.444
316.66
316.883
317.113
317.35
317.594
317.845
318.104
318.369
318.642
318.922
319.21
319.505
319.808
320.118
320.435
320.76
321.092
321.431
321.778
322.131
322.491
322.858
323.23
323.609
323.994
324.384
324.779
325.179
325.582
325.99
326.4
326.813
327.228
327.645
328.062
328.478
328.894
329.308
329.72
330.127
330.53
330.928
331.319
331.702
332.076
332.44
332.793
333.133
333.459
333.77
334.064
334.34
334.596
334.832
335.045
335.235
335.399
335.537
335.646
335.727
335.776
335.794
335.779
335.73
335.647
335.527
335.372
335.181
334.954
334.691
334.392
334.058
333.691
333.291
332.861
332.401
331.915
331.405
330.873
330.322
329.754
329.173
328.582
327.982
327.378
326.772
326.166
325.562
324.963
324.371
323.787
323.213
322.649
322.098
321.56
321.037
320.528
320.035
319.557
319.095
318.649
318.219
317.805
317.407
317.025
316.659
316.308
315.973
315.652
315.345
315.053
314.774
314.509
314.257
314.017
313.789
313.573
313.369
313.175
312.991
312.818
312.654
312.499
312.353
312.215
312.086
311.964
311.85
311.743
311.643
311.549
311.461
311.379
311.303
311.232
311.166
311.105
311.048
310.995
310.947
310.902
310.86
310.821
310.785
310.751
310.719
310.688
310.658
310.629
310.6
310.571
310.54
310.508
310.474
310.437
310.396
310.351
310.301
310.245
316.533
316.719
316.911
317.109
317.312
317.522
317.738
317.96
318.188
318.423
318.665
318.913
319.167
319.429
319.697
319.972
320.253
320.542
320.837
321.139
321.447
321.762
322.083
322.41
322.744
323.083
323.428
323.779
324.134
324.495
324.859
325.228
325.601
325.977
326.355
326.736
327.118
327.502
327.885
328.269
328.651
329.031
329.409
329.783
330.153
330.517
330.874
331.224
331.566
331.897
332.218
332.526
332.821
333.101
333.365
333.612
333.84
334.048
334.234
334.397
334.537
334.65
334.737
334.796
334.825
334.824
334.792
334.727
334.63
334.499
334.334
334.136
333.904
333.638
333.34
333.01
332.649
332.259
331.841
331.398
330.932
330.444
329.938
329.416
328.88
328.333
327.778
327.218
326.654
326.09
325.527
324.967
324.413
323.866
323.327
322.798
322.279
321.773
321.279
320.798
320.331
319.878
319.439
319.015
318.606
318.212
317.833
317.469
317.118
316.782
316.46
316.152
315.857
315.576
315.307
315.05
314.806
314.573
314.352
314.141
313.942
313.752
313.573
313.402
313.242
313.089
312.946
312.811
312.683
312.563
312.451
312.345
312.246
312.154
312.068
311.988
311.914
311.845
311.781
311.723
311.669
311.619
311.574
311.533
311.495
311.46
311.429
311.399
311.372
311.346
311.322
311.298
311.274
311.25
311.224
311.196
311.166
311.132
311.094
311.052
311.003
317.043
317.208
317.378
317.553
317.733
317.918
318.109
318.306
318.508
318.715
318.929
319.148
319.373
319.603
319.84
320.083
320.332
320.587
320.847
321.114
321.387
321.665
321.95
322.24
322.536
322.837
323.143
323.455
323.771
324.093
324.418
324.748
325.082
325.419
325.759
326.102
326.447
326.794
327.141
327.49
327.838
328.186
328.533
328.877
329.219
329.556
329.89
330.217
330.539
330.852
331.158
331.454
331.739
332.013
332.273
332.52
332.751
332.965
333.162
333.339
333.496
333.631
333.743
333.831
333.893
333.929
333.937
333.917
333.867
333.788
333.678
333.537
333.364
333.161
332.927
332.662
332.368
332.046
331.697
331.321
330.922
330.501
330.059
329.6
329.125
328.637
328.138
327.631
327.117
326.6
326.081
325.562
325.046
324.533
324.026
323.526
323.034
322.551
322.078
321.617
321.167
320.729
320.303
319.891
319.491
319.105
318.732
318.373
318.026
317.693
317.372
317.064
316.769
316.486
316.214
315.955
315.707
315.47
315.244
315.029
314.823
314.628
314.442
314.265
314.098
313.939
313.788
313.646
313.512
313.385
313.266
313.154
313.049
312.95
312.858
312.773
312.693
312.62
312.552
312.489
312.432
312.38
312.332
312.289
312.251
312.216
312.184
312.156
312.13
312.107
312.085
312.065
312.045
312.025
312.005
311.983
311.958
311.931
311.9
311.864
311.823
317.758
317.904
318.055
318.21
318.37
318.534
318.702
318.876
319.054
319.237
319.425
319.618
319.816
320.019
320.227
320.44
320.659
320.883
321.111
321.346
321.585
321.83
322.079
322.334
322.594
322.858
323.127
323.401
323.68
323.963
324.25
324.541
324.835
325.133
325.434
325.737
326.044
326.352
326.661
326.972
327.283
327.595
327.906
328.216
328.524
328.83
329.132
329.431
329.725
330.014
330.296
330.572
330.838
331.096
331.343
331.579
331.803
332.013
332.209
332.389
332.552
332.696
332.822
332.927
333.011
333.072
333.11
333.123
333.111
333.072
333.006
332.913
332.793
332.644
332.467
332.262
332.03
331.771
331.487
331.177
330.844
330.489
330.113
329.719
329.309
328.883
328.445
327.997
327.54
327.076
326.608
326.138
325.667
325.197
324.73
324.267
323.809
323.357
322.913
322.478
322.052
321.635
321.229
320.834
320.45
320.077
319.715
319.365
319.027
318.7
318.385
318.081
317.788
317.506
317.236
316.976
316.726
316.487
316.257
316.038
315.828
315.627
315.435
315.252
315.078
314.912
314.754
314.604
314.462
314.328
314.201
314.081
313.967
313.861
313.762
313.669
313.582
313.502
313.427
313.359
313.296
313.238
313.186
313.139
313.096
313.058
313.025
312.994
312.968
312.944
312.923
312.904
312.886
312.868
312.851
312.833
312.812
312.79
312.764
312.733
312.698
318.668
318.798
318.932
319.069
319.21
319.355
319.503
319.656
319.813
319.973
320.138
320.307
320.48
320.658
320.84
321.026
321.217
321.412
321.611
321.815
322.023
322.235
322.452
322.673
322.899
323.129
323.362
323.6
323.842
324.087
324.336
324.588
324.844
325.103
325.365
325.629
325.895
326.163
326.433
326.705
326.977
327.25
327.522
327.795
328.066
328.336
328.603
328.868
329.13
329.388
329.64
329.888
330.129
330.363
330.589
330.806
331.013
331.21
331.395
331.567
331.726
331.87
331.999
332.111
332.205
332.28
332.336
332.371
332.384
332.376
332.344
332.289
332.21
332.107
331.979
331.826
331.648
331.447
331.222
330.974
330.703
330.412
330.101
329.772
329.426
329.065
328.691
328.304
327.908
327.504
327.093
326.678
326.259
325.839
325.419
325.001
324.585
324.173
323.765
323.364
322.969
322.581
322.201
321.83
321.468
321.114
320.77
320.436
320.111
319.796
319.491
319.195
318.909
318.633
318.366
318.109
317.86
317.621
317.391
317.169
316.957
316.752
316.556
316.368
316.187
316.015
315.85
315.693
315.542
315.4
315.264
315.135
315.013
314.898
314.789
314.687
314.591
314.501
314.418
314.341
314.269
314.204
314.144
314.089
314.04
313.996
313.956
313.921
313.89
313.863
313.839
313.817
313.797
313.779
313.762
313.744
313.725
313.704
313.68
313.652
313.62
319.755
319.87
319.987
320.108
320.232
320.359
320.49
320.623
320.76
320.9
321.044
321.191
321.341
321.495
321.652
321.813
321.978
322.146
322.318
322.493
322.672
322.854
323.04
323.229
323.422
323.619
323.818
324.021
324.228
324.437
324.649
324.864
325.082
325.302
325.525
325.75
325.977
326.206
326.436
326.667
326.899
327.132
327.365
327.597
327.83
328.061
328.291
328.519
328.744
328.966
329.185
329.4
329.61
329.815
330.013
330.205
330.389
330.564
330.731
330.888
331.034
331.168
331.29
331.398
331.493
331.572
331.635
331.682
331.711
331.722
331.714
331.686
331.639
331.571
331.482
331.372
331.24
331.088
330.916
330.723
330.51
330.278
330.028
329.761
329.478
329.18
328.869
328.546
328.213
327.87
327.52
327.164
326.803
326.439
326.072
325.705
325.338
324.972
324.609
324.249
323.893
323.542
323.196
322.856
322.522
322.196
321.876
321.563
321.259
320.961
320.672
320.39
320.116
319.85
319.592
319.341
319.099
318.863
318.636
318.416
318.203
317.997
317.798
317.607
317.422
317.245
317.074
316.91
316.752
316.601
316.457
316.319
316.187
316.062
315.943
315.831
315.724
315.624
315.53
315.441
315.359
315.283
315.212
315.147
315.088
315.034
314.985
314.941
314.901
314.866
314.834
314.806
314.781
314.757
314.735
314.714
314.692
314.669
314.643
314.614
314.581
320.982
321.083
321.187
321.292
321.401
321.511
321.624
321.74
321.858
321.979
322.103
322.229
322.358
322.49
322.625
322.762
322.902
323.045
323.19
323.339
323.49
323.644
323.8
323.96
324.122
324.286
324.454
324.623
324.796
324.97
325.147
325.326
325.508
325.691
325.876
326.063
326.251
326.441
326.632
326.823
327.016
327.208
327.401
327.594
327.787
327.978
328.169
328.358
328.546
328.731
328.913
329.092
329.268
329.44
329.606
329.768
329.924
330.073
330.216
330.351
330.477
330.595
330.702
330.8
330.886
330.961
331.023
331.072
331.107
331.128
331.134
331.124
331.098
331.055
330.995
330.919
330.825
330.713
330.584
330.438
330.275
330.096
329.901
329.691
329.467
329.229
328.979
328.718
328.446
328.166
327.877
327.582
327.281
326.975
326.666
326.355
326.042
325.728
325.415
325.103
324.792
324.484
324.179
323.878
323.581
323.287
322.999
322.715
322.437
322.164
321.897
321.635
321.38
321.13
320.885
320.647
320.415
320.188
319.968
319.753
319.544
319.341
319.143
318.952
318.766
318.585
318.411
318.242
318.079
317.921
317.769
317.623
317.482
317.347
317.217
317.094
316.976
316.864
316.757
316.656
316.561
316.472
316.388
316.31
316.237
316.17
316.108
316.051
315.999
315.952
315.908
315.869
315.833
315.799
315.768
315.737
315.708
315.677
315.645
315.61
315.571
322.299
322.386
322.476
322.567
322.661
322.756
322.853
322.952
323.053
323.156
323.261
323.368
323.476
323.587
323.7
323.815
323.932
324.051
324.172
324.296
324.421
324.548
324.677
324.808
324.941
325.076
325.213
325.351
325.491
325.633
325.777
325.922
326.068
326.216
326.365
326.515
326.667
326.819
326.972
327.125
327.279
327.433
327.587
327.741
327.894
328.047
328.199
328.35
328.499
328.646
328.792
328.935
329.075
329.212
329.346
329.476
329.601
329.721
329.836
329.946
330.049
330.145
330.233
330.314
330.387
330.451
330.505
330.549
330.583
330.606
330.617
330.616
330.603
330.576
330.537
330.485
330.418
330.338
330.244
330.137
330.016
329.881
329.734
329.574
329.402
329.218
329.024
328.82
328.607
328.385
328.156
327.92
327.678
327.431
327.18
326.926
326.669
326.411
326.151
325.89
325.63
325.37
325.111
324.853
324.598
324.344
324.093
323.845
323.599
323.357
323.118
322.883
322.651
322.423
322.199
321.979
321.762
321.55
321.341
321.137
320.937
320.741
320.549
320.361
320.177
319.998
319.823
319.652
319.486
319.324
319.166
319.013
318.865
318.722
318.583
318.449
318.32
318.196
318.077
317.963
317.854
317.75
317.652
317.558
317.47
317.387
317.309
317.237
317.168
317.105
317.046
316.991
316.939
316.89
316.845
316.8
316.757
316.714
316.67
316.624
316.574
323.626
323.701
323.778
323.856
323.935
324.015
324.097
324.181
324.265
324.351
324.439
324.527
324.617
324.709
324.802
324.896
324.992
325.089
325.187
325.287
325.388
325.49
325.594
325.699
325.805
325.913
326.021
326.131
326.242
326.353
326.466
326.58
326.694
326.81
326.926
327.042
327.159
327.277
327.395
327.513
327.631
327.749
327.867
327.984
328.101
328.217
328.333
328.447
328.56
328.672
328.782
328.89
328.996
329.099
329.2
329.297
329.392
329.482
329.569
329.652
329.73
329.802
329.87
329.932
329.988
330.037
330.079
330.114
330.141
330.16
330.17
330.172
330.165
330.148
330.121
330.084
330.038
329.981
329.913
329.835
329.747
329.649
329.54
329.422
329.295
329.158
329.012
328.859
328.697
328.529
328.354
328.173
327.986
327.795
327.6
327.4
327.198
326.993
326.786
326.578
326.368
326.157
325.946
325.734
325.523
325.312
325.101
324.892
324.683
324.476
324.27
324.066
323.863
323.662
323.462
323.265
323.07
322.876
322.685
322.496
322.309
322.125
321.943
321.763
321.586
321.412
321.241
321.072
320.906
320.743
320.584
320.427
320.274
320.125
319.979
319.837
319.698
319.564
319.433
319.307
319.184
319.067
318.953
318.844
318.74
318.64
318.545
318.454
318.368
318.286
318.208
318.134
318.063
317.996
317.932
317.87
317.809
317.749
317.688
317.626
317.56
324.859
324.923
324.988
325.053
325.12
325.187
325.255
325.324
325.394
325.465
325.536
325.609
325.682
325.756
325.831
325.907
325.983
326.061
326.139
326.218
326.298
326.378
326.459
326.541
326.624
326.707
326.791
326.875
326.96
327.046
327.132
327.218
327.304
327.391
327.478
327.566
327.653
327.74
327.828
327.915
328.002
328.088
328.174
328.26
328.345
328.429
328.512
328.595
328.676
328.756
328.834
328.911
328.986
329.059
329.13
329.199
329.265
329.328
329.389
329.446
329.5
329.55
329.597
329.639
329.677
329.711
329.739
329.763
329.781
329.793
329.799
329.799
329.793
329.78
329.76
329.733
329.699
329.658
329.609
329.553
329.49
329.419
329.341
329.256
329.163
329.064
328.959
328.847
328.729
328.605
328.476
328.343
328.204
328.061
327.915
327.765
327.611
327.455
327.296
327.135
326.972
326.807
326.641
326.473
326.304
326.134
325.964
325.792
325.621
325.449
325.276
325.104
324.931
324.759
324.586
324.414
324.242
324.07
323.899
323.729
323.559
323.389
323.221
323.053
322.887
322.721
322.557
322.394
322.233
322.073
321.914
321.758
321.604
321.451
321.301
321.154
321.008
320.866
320.727
320.59
320.457
320.327
320.2
320.077
319.957
319.841
319.729
319.621
319.516
319.415
319.318
319.225
319.134
319.047
318.963
318.881
318.8
318.721
318.641
318.56
318.475
325.866
325.92
325.975
326.03
326.086
326.142
326.199
326.256
326.314
326.372
326.431
326.49
326.549
326.609
326.67
326.73
326.792
326.853
326.915
326.978
327.041
327.104
327.167
327.23
327.294
327.358
327.423
327.487
327.551
327.616
327.681
327.745
327.81
327.874
327.939
328.003
328.067
328.131
328.194
328.257
328.319
328.381
328.443
328.503
328.563
328.622
328.68
328.737
328.794
328.848
328.902
328.954
329.005
329.054
329.101
329.146
329.19
329.231
329.27
329.307
329.341
329.373
329.402
329.428
329.451
329.47
329.486
329.499
329.508
329.513
329.514
329.51
329.503
329.49
329.474
329.452
329.425
329.394
329.357
329.316
329.269
329.218
329.161
329.099
329.033
328.962
328.886
328.805
328.72
328.63
328.537
328.439
328.338
328.233
328.125
328.013
327.899
327.781
327.661
327.538
327.413
327.285
327.155
327.023
326.89
326.754
326.617
326.478
326.337
326.195
326.051
325.907
325.761
325.613
325.465
325.315
325.165
325.013
324.861
324.708
324.555
324.4
324.246
324.091
323.935
323.78
323.624
323.469
323.313
323.158
323.004
322.85
322.697
322.545
322.394
322.244
322.096
321.949
321.804
321.66
321.519
321.38
321.244
321.11
320.978
320.849
320.723
320.601
320.481
320.364
320.25
320.139
320.032
319.926
319.824
319.724
319.625
319.527
319.429
319.33
319.227
326.48
326.528
326.577
326.626
326.675
326.724
326.774
326.824
326.874
326.925
326.975
327.026
327.077
327.129
327.18
327.232
327.284
327.336
327.388
327.441
327.493
327.546
327.598
327.651
327.703
327.756
327.808
327.86
327.913
327.965
328.017
328.068
328.12
328.171
328.222
328.272
328.322
328.372
328.421
328.469
328.517
328.564
328.611
328.657
328.702
328.746
328.789
328.831
328.872
328.911
328.95
328.987
329.023
329.058
329.091
329.122
329.152
329.18
329.206
329.23
329.252
329.272
329.29
329.306
329.319
329.329
329.337
329.343
329.345
329.345
329.342
329.335
329.326
329.313
329.297
329.278
329.255
329.228
329.198
329.164
329.126
329.085
329.041
328.992
328.94
328.885
328.826
328.763
328.697
328.628
328.555
328.479
328.4
328.317
328.232
328.144
328.052
327.958
327.861
327.761
327.659
327.553
327.446
327.336
327.223
327.109
326.992
326.872
326.751
326.627
326.502
326.374
326.244
326.113
325.979
325.844
325.707
325.569
325.429
325.287
325.144
325
324.854
324.708
324.56
324.412
324.263
324.113
323.962
323.811
323.66
323.509
323.358
323.207
323.056
322.906
322.757
322.608
322.46
322.314
322.168
322.025
321.883
321.742
321.604
321.468
321.334
321.202
321.073
320.946
320.822
320.701
320.582
320.465
320.351
320.239
320.129
320.019
319.909
319.798
319.682
304.685
304.368
304.037
303.696
303.352
303.009
302.672
302.346
302.034
301.741
301.47
301.224
301.004
300.812
300.647
300.509
300.395
300.303
300.23
300.173
300.129
300.095
300.07
300.051
300.036
300.026
300.018
300.013
300.009
300.006
300.004
300.003
300.002
300.001
300.001
300
300
300
300
300
300
300
300
300
300
300
300
300
300
300
300
304.686
304.369
304.038
303.697
303.353
303.01
302.673
302.346
302.035
301.742
301.471
301.225
301.005
300.812
300.648
300.509
300.395
300.303
300.23
300.173
300.129
300.095
300.07
300.051
300.036
300.026
300.018
300.013
300.009
300.006
300.004
300.003
300.002
300.001
300.001
300
300
300
300
300
300
300
300
300
300
300
300
300
300
300
300
304.688
304.371
304.04
303.699
303.355
303.012
302.675
302.348
302.037
301.743
301.472
301.226
301.006
300.813
300.648
300.51
300.395
300.303
300.23
300.173
300.129
300.095
300.07
300.051
300.036
300.026
300.018
300.013
300.009
300.006
300.004
300.003
300.002
300.001
300.001
300
300
300
300
300
300
300
300
300
300
300
300
300
300
300
300
304.691
304.375
304.044
303.703
303.358
303.015
302.678
302.351
302.04
301.746
301.475
301.228
301.008
300.815
300.649
300.51
300.396
300.304
300.231
300.174
300.129
300.096
300.07
300.051
300.036
300.026
300.018
300.013
300.009
300.006
300.004
300.003
300.002
300.001
300.001
300
300
300
300
300
300
300
300
300
300
300
300
300
300
300
300
304.697
304.381
304.05
303.709
303.364
303.021
302.684
302.357
302.044
301.751
301.479
301.231
301.01
300.817
300.651
300.512
300.397
300.305
300.232
300.174
300.13
300.096
300.07
300.051
300.037
300.026
300.018
300.013
300.009
300.006
300.004
300.003
300.002
300.001
300.001
300
300
300
300
300
300
300
300
300
300
300
300
300
300
300
300
304.706
304.39
304.059
303.718
303.373
303.029
302.692
302.364
302.051
301.757
301.484
301.236
301.014
300.82
300.654
300.514
300.399
300.306
300.232
300.175
300.13
300.096
300.07
300.051
300.037
300.026
300.019
300.013
300.009
300.006
300.004
300.003
300.002
300.001
300.001
300
300
300
300
300
300
300
300
300
300
300
300
300
300
300
300
304.718
304.402
304.071
303.73
303.385
303.041
302.703
302.374
302.061
301.765
301.491
301.242
301.02
300.825
300.657
300.517
300.401
300.308
300.234
300.176
300.131
300.097
300.071
300.051
300.037
300.026
300.019
300.013
300.009
300.006
300.004
300.003
300.002
300.001
300.001
300
300
300
300
300
300
300
300
300
300
300
300
300
300
300
300
304.734
304.419
304.088
303.747
303.402
303.057
302.718
302.388
302.073
301.776
301.501
301.251
301.027
300.83
300.662
300.52
300.404
300.31
300.235
300.177
300.132
300.097
300.071
300.052
300.037
300.026
300.019
300.013
300.009
300.006
300.004
300.003
300.002
300.001
300.001
300
300
300
300
300
300
300
300
300
300
300
300
300
300
300
300
304.755
304.441
304.11
303.769
303.423
303.078
302.737
302.406
302.09
301.791
301.514
301.261
301.036
300.838
300.668
300.525
300.407
300.312
300.237
300.178
300.133
300.098
300.072
300.052
300.037
300.027
300.019
300.013
300.009
300.006
300.004
300.003
300.002
300.001
300.001
300
300
300
300
300
300
300
300
300
300
300
300
300
300
300
300
304.783
304.469
304.139
303.797
303.451
303.104
302.762
302.429
302.11
301.809
301.53
301.275
301.047
300.847
300.675
300.53
300.411
300.315
300.239
300.18
300.134
300.099
300.072
300.052
300.038
300.027
300.019
300.013
300.009
300.006
300.004
300.003
300.002
300.001
300.001
300
300
300
300
300
300
300
300
300
300
300
300
300
300
300
300
304.818
304.505
304.175
303.833
303.485
303.137
302.793
302.458
302.136
301.832
301.55
301.292
301.061
300.858
300.684
300.537
300.417
300.319
300.242
300.182
300.136
300.1
300.073
300.053
300.038
300.027
300.019
300.013
300.009
300.006
300.004
300.003
300.002
300.001
300.001
300
300
300
300
300
300
300
300
300
300
300
300
300
300
300
300
304.862
304.55
304.219
303.877
303.528
303.178
302.832
302.494
302.169
301.861
301.575
301.313
301.078
300.872
300.695
300.546
300.423
300.324
300.246
300.185
300.137
300.101
300.074
300.054
300.039
300.027
300.019
300.014
300.009
300.006
300.004
300.003
300.002
300.001
300.001
300
300
300
300
300
300
300
300
300
300
300
300
300
300
300
300
304.916
304.605
304.275
303.931
303.581
303.229
302.879
302.537
302.208
301.896
301.605
301.338
301.099
300.889
300.708
300.556
300.431
300.33
300.25
300.188
300.14
300.103
300.075
300.054
300.039
300.028
300.02
300.014
300.01
300.007
300.004
300.003
300.002
300.001
300.001
300
300
300
300
300
300
300
300
300
300
300
300
300
300
300
300
304.982
304.672
304.342
303.998
303.645
303.29
302.936
302.59
302.256
301.938
301.641
301.369
301.125
300.91
300.724
300.568
300.44
300.337
300.255
300.192
300.143
300.105
300.077
300.055
300.04
300.028
300.02
300.014
300.01
300.007
300.004
300.003
300.002
300.001
300.001
300
300
300
300
300
300
300
300
300
300
300
300
300
300
300
300
305.062
304.753
304.423
304.077
303.723
303.364
303.006
302.654
302.313
301.989
301.685
301.406
301.155
300.934
300.744
300.583
300.451
300.345
300.261
300.196
300.146
300.107
300.078
300.057
300.04
300.029
300.02
300.014
300.01
300.007
300.005
300.003
300.002
300.001
300.001
300
300
300
300
300
300
300
300
300
300
300
300
300
300
300
300
305.158
304.85
304.52
304.173
303.816
303.452
303.088
302.73
302.382
302.049
301.737
301.45
301.192
300.964
300.767
300.601
300.464
300.355
300.269
300.202
300.15
300.11
300.08
300.058
300.041
300.029
300.021
300.014
300.01
300.007
300.005
300.003
300.002
300.001
300.001
300
300
300
300
300
300
300
300
300
300
300
300
300
300
300
300
305.272
304.966
304.636
304.287
303.926
303.558
303.187
302.821
302.464
302.121
301.8
301.503
301.235
300.998
300.794
300.622
300.48
300.367
300.277
300.208
300.154
300.113
300.082
300.059
300.042
300.03
300.021
300.015
300.01
300.007
300.005
300.003
300.002
300.001
300.001
300
300
300
300
300
300
300
300
300
300
300
300
300
300
300
300
305.408
305.104
304.773
304.423
304.057
303.682
303.304
302.928
302.561
302.207
301.874
301.566
301.287
301.04
300.827
300.647
300.499
300.381
300.288
300.215
300.159
300.117
300.085
300.061
300.044
300.031
300.022
300.015
300.01
300.007
300.005
300.003
300.002
300.001
300.001
300
300
300
300
300
300
300
300
300
300
300
300
300
300
300
300
305.569
305.266
304.935
304.582
304.212
303.83
303.442
303.055
302.675
302.309
301.961
301.639
301.347
301.089
300.865
300.676
300.521
300.397
300.3
300.224
300.165
300.121
300.088
300.063
300.045
300.032
300.022
300.016
300.011
300.007
300.005
300.003
300.002
300.001
300.001
300
300
300
300
300
300
300
300
300
300
300
300
300
300
300
300
305.757
305.457
305.126
304.769
304.393
304.003
303.605
303.205
302.81
302.428
302.065
301.727
301.419
301.146
300.91
300.711
300.547
300.416
300.314
300.234
300.173
300.126
300.091
300.065
300.047
300.033
300.023
300.016
300.011
300.008
300.005
300.003
300.002
300.001
300.001
300
300
300
300
300
300
300
300
300
300
300
300
300
300
300
300
305.978
305.679
305.348
304.989
304.606
304.206
303.795
303.38
302.969
302.568
302.186
301.829
301.504
301.214
300.963
300.751
300.577
300.439
300.33
300.246
300.181
300.132
300.095
300.068
300.048
300.034
300.024
300.017
300.011
300.008
300.005
300.003
300.002
300.001
300.001
300
300
300
300
300
300
300
300
300
300
300
300
300
300
300
300
306.234
305.938
305.607
305.244
304.854
304.443
304.018
303.586
303.155
302.733
302.329
301.95
301.603
301.294
301.026
300.799
300.613
300.466
300.35
300.26
300.191
300.138
300.1
300.071
300.05
300.035
300.025
300.017
300.012
300.008
300.005
300.004
300.002
300.001
300.001
300
300
300
300
300
300
300
300
300
300
300
300
300
300
300
300
306.53
306.238
305.907
305.54
305.141
304.718
304.277
303.825
303.371
302.925
302.496
302.091
301.72
301.388
301.1
300.855
300.656
300.497
300.372
300.276
300.202
300.146
300.105
300.075
300.053
300.037
300.026
300.018
300.012
300.008
300.006
300.004
300.002
300.001
300.001
300
300
300
300
300
300
300
300
300
300
300
300
300
300
300
300
306.872
306.584
306.253
305.881
305.474
305.037
304.577
304.103
303.624
303.15
302.691
302.257
301.857
301.499
301.186
300.922
300.706
300.534
300.399
300.295
300.215
300.155
300.111
300.079
300.055
300.039
300.027
300.019
300.013
300.009
300.006
300.004
300.002
300.002
300.001
300
300
300
300
300
300
300
300
300
300
300
300
300
300
300
300
307.264
306.981
306.651
306.274
305.857
305.404
304.924
304.425
303.917
303.411
302.919
302.451
302.018
301.628
301.288
301
300.765
300.578
300.43
300.317
300.23
300.166
300.118
300.083
300.059
300.041
300.028
300.019
300.013
300.009
300.006
300.004
300.003
300.002
300.001
300
300
300
300
300
300
300
300
300
300
300
300
300
300
300
300
307.711
307.434
307.105
306.724
306.296
305.827
305.324
304.797
304.257
303.715
303.184
302.677
302.206
301.78
301.408
301.092
300.834
300.629
300.467
300.343
300.248
300.178
300.126
300.089
300.062
300.043
300.03
300.02
300.014
300.009
300.006
300.004
300.003
300.002
300.001
300.001
300
300
300
300
300
300
300
300
300
300
300
300
300
300
300
308.218
307.948
307.62
307.236
306.797
306.31
305.783
305.226
304.649
304.067
303.493
302.941
302.426
301.959
301.548
301.2
300.916
300.689
300.51
300.373
300.269
300.192
300.136
300.095
300.066
300.046
300.031
300.021
300.015
300.01
300.007
300.004
300.003
300.002
300.001
300.001
300
300
300
300
300
300
300
300
300
300
300
300
300
300
300
308.788
308.526
308.202
307.814
307.364
306.859
306.306
305.716
305.101
304.474
303.851
303.249
302.683
302.167
301.713
301.328
301.013
300.76
300.561
300.409
300.294
300.209
300.147
300.102
300.071
300.049
300.033
300.023
300.015
300.01
300.007
300.004
300.003
300.002
300.001
300.001
300
300
300
300
300
300
300
300
300
300
300
300
300
300
300
309.424
309.173
308.853
308.463
308.003
307.48
306.9
306.275
305.617
304.942
304.265
303.606
302.983
302.412
301.907
301.479
301.126
300.843
300.621
300.45
300.322
300.228
300.159
300.111
300.076
300.052
300.035
300.024
300.016
300.011
300.007
300.005
300.003
300.002
300.001
300.001
300
300
300
300
300
300
300
300
300
300
300
300
300
300
300
310.128
309.889
309.575
309.184
308.716
308.176
307.57
306.909
306.206
305.477
304.742
304.019
303.331
302.697
302.135
301.656
301.26
300.941
300.691
300.499
300.356
300.25
300.174
300.12
300.082
300.056
300.038
300.026
300.017
300.011
300.008
300.005
300.003
300.002
300.001
300.001
300
300
300
300
300
300
300
300
300
300
300
300
300
300
300
310.898
310.672
310.368
309.978
309.504
308.949
308.318
307.621
306.872
306.088
305.288
304.496
303.736
303.03
302.403
301.866
301.418
301.057
300.773
300.556
300.394
300.276
300.191
300.131
300.089
300.06
300.041
300.027
300.018
300.012
300.008
300.005
300.003
300.002
300.001
300.001
300
300
300
300
300
300
300
300
300
300
300
300
300
300
300
311.73
311.519
311.225
310.841
310.365
309.798
309.145
308.414
307.62
306.778
305.911
305.044
304.203
303.42
302.718
302.111
301.603
301.192
300.869
300.623
300.439
300.306
300.211
300.144
300.097
300.065
300.044
300.029
300.019
300.013
300.008
300.005
300.003
300.002
300.001
300.001
300
300
300
300
300
300
300
300
300
300
300
300
300
300
300
312.615
312.419
312.138
311.763
311.29
310.717
310.047
309.288
308.45
307.552
306.616
305.67
304.744
303.874
303.085
302.398
301.82
301.35
300.982
300.7
300.492
300.34
300.233
300.158
300.106
300.071
300.047
300.031
300.021
300.014
300.009
300.006
300.004
300.002
300.001
300.001
300
300
300
300
300
300
300
300
300
300
300
300
300
300
300
313.543
313.361
313.094
312.731
312.266
311.694
311.016
310.235
309.361
308.411
307.407
306.38
305.364
304.396
303.51
302.731
302.071
301.534
301.112
300.79
300.551
300.379
300.258
300.174
300.116
300.077
300.051
300.034
300.022
300.014
300.009
300.006
300.004
300.002
300.001
300.001
300
300
300
300
300
300
300
300
300
300
300
300
300
300
300
314.503
314.33
314.075
313.727
313.276
312.712
312.034
311.241
310.341
309.347
308.28
307.173
306.062
304.99
303.997
303.114
302.362
301.746
301.261
300.892
300.619
300.424
300.286
300.191
300.127
300.084
300.055
300.036
300.024
300.015
300.01
300.006
300.004
300.003
300.001
300.001
300
300
300
300
300
300
300
300
300
300
300
300
300
300
300
315.482
315.309
315.064
314.73
314.294
313.746
313.078
312.284
311.369
310.342
309.222
308.04
306.835
305.655
304.545
303.548
302.691
301.987
301.43
301.007
300.695
300.473
300.317
300.211
300.139
300.091
300.059
300.039
300.025
300.016
300.01
300.007
300.004
300.003
300.002
300.001
300
300
300
300
300
300
300
300
300
300
300
300
300
300
300
316.462
316.279
316.033
315.71
315.292
314.763
314.113
313.331
312.414
311.367
310.207
308.96
307.667
306.379
305.15
304.03
303.059
302.254
301.618
301.134
300.779
300.526
300.35
300.231
300.151
300.099
300.064
300.041
300.027
300.017
300.011
300.007
300.004
300.003
300.002
300.001
300
300
300
300
300
300
300
300
300
300
300
300
300
300
300
317.415
317.207
316.953
316.633
316.229
315.722
315.095
314.334
313.429
312.38
311.195
309.899
308.53
307.141
305.793
304.547
303.454
302.543
301.819
301.268
300.866
300.581
300.385
300.252
300.164
300.106
300.068
300.044
300.028
300.018
300.012
300.007
300.005
300.003
300.002
300.001
300
300
300
300
300
300
300
300
300
300
300
300
300
300
300
318.289
318.047
317.775
317.451
317.056
316.569
315.969
315.235
314.354
313.316
312.125
310.798
309.37
307.895
306.439
305.072
303.857
302.836
302.022
301.403
300.952
300.635
300.417
300.272
300.176
300.113
300.072
300.046
300.03
300.019
300.012
300.008
300.005
300.003
300.002
300.001
300
300
300
300
300
300
300
300
300
300
300
300
300
300
300
319
318.724
318.43
318.098
317.708
317.236
316.66
315.955
315.102
314.086
312.904
311.566
310.103
308.565
307.021
305.55
304.226
303.104
302.206
301.523
301.028
300.681
300.445
300.288
300.185
300.119
300.076
300.048
300.031
300.02
300.012
300.008
300.005
300.003
300.002
300.001
300
300
300
300
300
300
300
300
300
300
300
300
300
300
300
319.428
319.13
318.82
318.482
318.093
317.632
317.072
316.389
315.559
314.564
313.397
312.063
310.587
309.017
307.421
305.882
304.483
303.289
302.33
301.603
301.077
300.71
300.462
300.298
300.191
300.122
300.078
300.049
300.031
300.02
300.013
300.008
300.005
300.003
300.002
300.001
300.001
300
300
300
300
300
300
300
300
300
300
300
300
300
300
)
;

boundaryField
{
    inlet
    {
        type            fixedValue;
        value           uniform 300;
    }
    outlet
    {
        type            zeroGradient;
    }
    top
    {
        type            zeroGradient;
    }
    slip-bottom
    {
        type            zeroGradient;
    }
    bottom
    {
        type            zeroGradient;
    }
    interface
    {
        type            fixedGradient;
        gradient        nonuniform List<scalar> 
161
(
2999.99
2999.99
2999.99
2999.99
2999.99
2999.99
2999.99
2999.99
2999.99
2999.99
2999.99
2999.99
2999.99
2999.99
2999.99
2999.99
2999.99
2999.99
2999.99
2999.99
-2.41585e-12
-2.41585e-12
-2.41585e-12
-2.41585e-12
-2.41585e-12
-2.41585e-12
-2.41585e-12
-2.41585e-12
-2.41585e-12
-2.41585e-12
-2.41585e-12
-2.41585e-12
-2.41585e-12
-2.41585e-12
-2.41585e-12
-2.41585e-12
-2.41585e-12
-2.41585e-12
-2.41585e-12
-2.41585e-12
-4.83169e-13
-4.83169e-13
-4.83169e-13
-4.83169e-13
-4.83169e-13
-4.83169e-13
-4.83169e-13
-4.83169e-13
-4.83169e-13
-4.83169e-13
-4.83169e-13
-4.83169e-13
-4.83169e-13
-4.83169e-13
-4.83169e-13
-4.83169e-13
-2.84217e-14
-2.84217e-14
-2.84217e-14
-2.84217e-14
-2.84217e-14
-2.84217e-14
-2.84217e-14
-2.84217e-14
-2.84217e-14
-2.84217e-14
-2.84217e-14
-2.84217e-14
-2.84217e-14
-2.84217e-14
-2.84217e-14
5.68434e-14
5.68434e-14
5.68434e-14
5.68434e-14
5.68434e-14
5.68434e-14
5.68434e-14
5.68434e-14
5.68434e-14
5.68434e-14
5.68434e-14
5.68434e-14
8.52651e-14
8.52651e-14
8.52651e-14
8.52651e-14
8.52651e-14
8.52651e-14
8.52651e-14
8.52651e-14
8.52651e-14
8.52651e-14
8.52651e-14
-2.84217e-13
-2.84217e-13
-2.84217e-13
-2.84217e-13
-2.84217e-13
-2.84217e-13
-2.84217e-13
-2.84217e-13
-2.84217e-13
-2.84217e-13
1.13687e-12
1.13687e-12
1.13687e-12
1.13687e-12
1.13687e-12
1.13687e-12
1.13687e-12
1.13687e-12
1.13687e-12
4.26326e-13
4.26326e-13
4.26326e-13
4.26326e-13
4.26326e-13
4.26326e-13
4.26326e-13
4.26326e-13
1.35003e-12
1.35003e-12
1.35003e-12
1.35003e-12
1.35003e-12
1.35003e-12
1.35003e-12
1.35003e-12
1.59162e-12
1.59162e-12
1.59162e-12
1.59162e-12
1.59162e-12
1.59162e-12
1.59162e-12
5.68434e-14
5.68434e-14
5.68434e-14
5.68434e-14
5.68434e-14
5.68434e-14
5.68434e-14
1.49214e-12
1.49214e-12
1.49214e-12
1.49214e-12
1.49214e-12
1.49214e-12
8.2423e-13
8.2423e-13
8.2423e-13
8.2423e-13
8.2423e-13
8.2423e-13
3.69482e-13
3.69482e-13
3.69482e-13
3.69482e-13
3.69482e-13
3.69482e-13
)
;
    }
    defaultFaces
    {
        type            empty;
    }
}


// ************************************************************************* //
