/*--------------------------------*- C++ -*----------------------------------*\
  =========                 |
  \\      /  F ield         | OpenFOAM: The Open Source CFD Toolbox
   \\    /   O peration     | Website:  https://openfoam.org
    \\  /    A nd           | Version:  7
     \\/     M anipulation  |
\*---------------------------------------------------------------------------*/
FoamFile
{
    version     2.0;
    format      ascii;
    class       volScalarField;
    location    "9.38";
    object      T;
}
// * * * * * * * * * * * * * * * * * * * * * * * * * * * * * * * * * * * * * //

dimensions      [0 0 0 1 0 0 0];

internalField   nonuniform List<scalar> 
12013
(
300.142
300.431
300.726
301.026
301.327
301.628
301.926
302.221
302.51
302.793
303.068
303.336
303.595
303.846
304.088
304.32
304.544
304.759
304.966
305.164
305.354
305.537
305.713
305.882
306.045
306.201
306.352
306.498
306.638
306.775
306.907
307.036
307.161
307.285
307.406
307.526
307.645
307.764
307.884
308.006
308.13
308.259
308.393
308.533
308.681
308.84
309.01
309.194
309.394
309.614
309.855
310.121
310.416
310.743
311.107
311.512
311.963
312.467
313.029
313.655
314.353
315.131
315.998
316.962
318.035
319.228
320.554
322.027
323.663
325.48
327.498
329.742
332.239
335.024
338.138
341.633
345.58
350.076
355.268
361.4
368.935
300.142
300.431
300.727
301.026
301.328
301.628
301.927
302.222
302.511
302.794
303.07
303.338
303.597
303.848
304.09
304.322
304.546
304.761
304.968
305.167
305.357
305.54
305.716
305.885
306.048
306.204
306.355
306.501
306.641
306.778
306.91
307.039
307.164
307.288
307.409
307.528
307.648
307.767
307.887
308.008
308.133
308.261
308.395
308.535
308.684
308.842
309.012
309.196
309.396
309.615
309.856
310.122
310.416
310.743
311.106
311.511
311.961
312.464
313.025
313.65
314.346
315.123
315.987
316.949
318.019
319.209
320.53
321.998
323.627
325.435
327.442
329.672
332.151
334.91
337.99
341.436
345.309
349.687
354.669
360.381
366.937
300.143
300.432
300.728
301.028
301.329
301.63
301.929
302.224
302.514
302.797
303.074
303.342
303.601
303.852
304.094
304.327
304.551
304.767
304.974
305.172
305.363
305.546
305.722
305.891
306.054
306.211
306.362
306.507
306.648
306.784
306.917
307.045
307.171
307.294
307.415
307.535
307.654
307.773
307.893
308.014
308.139
308.267
308.401
308.541
308.689
308.846
309.016
309.2
309.399
309.618
309.858
310.123
310.417
310.742
311.105
311.508
311.957
312.458
313.016
313.638
314.332
315.104
315.964
316.921
317.985
319.166
320.477
321.933
323.547
325.336
327.319
329.519
331.958
334.665
337.672
341.018
344.745
348.903
353.539
358.681
364.293
300.143
300.433
300.729
301.029
301.332
301.633
301.933
302.228
302.519
302.803
303.079
303.348
303.608
303.86
304.102
304.336
304.56
304.776
304.983
305.182
305.373
305.556
305.732
305.902
306.064
306.221
306.372
306.518
306.659
306.795
306.927
307.056
307.182
307.305
307.426
307.545
307.664
307.783
307.903
308.024
308.148
308.276
308.41
308.549
308.697
308.854
309.023
309.206
309.405
309.623
309.862
310.126
310.418
310.742
311.102
311.503
311.95
312.447
313.002
313.62
314.308
315.074
315.927
316.875
317.927
319.095
320.391
321.827
323.416
325.175
327.121
329.272
331.648
334.274
337.173
340.373
343.898
347.771
352.002
356.573
361.412
300.143
300.434
300.731
301.032
301.335
301.638
301.938
302.235
302.526
302.811
303.088
303.358
303.619
303.871
304.114
304.348
304.573
304.789
304.996
305.196
305.387
305.571
305.747
305.917
306.08
306.237
306.388
306.534
306.675
306.811
306.944
307.072
307.198
307.321
307.442
307.561
307.68
307.798
307.918
308.039
308.163
308.29
308.423
308.562
308.709
308.866
309.034
309.216
309.413
309.63
309.867
310.13
310.42
310.741
311.099
311.496
311.939
312.432
312.981
313.593
314.274
315.031
315.872
316.807
317.844
318.994
320.266
321.674
323.229
324.946
326.839
328.923
331.215
333.733
336.493
339.51
342.796
346.355
350.175
354.224
358.436
300.144
300.435
300.734
301.036
301.34
301.644
301.946
302.243
302.536
302.822
303.1
303.371
303.633
303.886
304.129
304.364
304.59
304.807
305.015
305.215
305.407
305.591
305.768
305.938
306.101
306.259
306.41
306.556
306.697
306.834
306.966
307.095
307.22
307.343
307.464
307.583
307.701
307.819
307.939
308.059
308.183
308.31
308.441
308.58
308.726
308.881
309.049
309.229
309.425
309.64
309.875
310.135
310.422
310.741
311.094
311.488
311.925
312.412
312.954
313.556
314.227
314.972
315.799
316.716
317.732
318.857
320.099
321.47
322.981
324.642
326.467
328.468
330.656
333.044
335.64
338.452
341.48
344.719
348.148
351.734
355.425
300.144
300.437
300.737
301.041
301.347
301.652
301.955
302.255
302.549
302.836
303.116
303.388
303.651
303.905
304.15
304.386
304.613
304.831
305.04
305.241
305.433
305.618
305.796
305.966
306.13
306.288
306.439
306.586
306.727
306.863
306.996
307.124
307.25
307.372
307.493
307.612
307.73
307.848
307.966
308.086
308.209
308.335
308.466
308.604
308.749
308.903
309.068
309.247
309.441
309.654
309.886
310.143
310.427
310.741
311.089
311.477
311.907
312.386
312.918
313.51
314.167
314.896
315.705
316.6
317.59
318.682
319.887
321.212
322.667
324.262
326.006
327.908
329.976
332.216
334.633
337.227
339.994
342.921
345.988
349.165
352.414
300.145
300.44
300.742
301.048
301.356
301.663
301.968
302.269
302.565
302.855
303.136
303.41
303.675
303.931
304.178
304.415
304.643
304.862
305.072
305.274
305.468
305.653
305.832
306.003
306.167
306.325
306.477
306.624
306.765
306.902
307.034
307.163
307.288
307.41
307.531
307.649
307.767
307.884
308.002
308.121
308.243
308.369
308.499
308.635
308.778
308.931
309.094
309.271
309.463
309.672
309.901
310.154
310.433
310.742
311.084
311.464
311.886
312.354
312.875
313.453
314.093
314.803
315.589
316.457
317.414
318.468
319.627
320.898
322.288
323.805
325.456
327.247
329.182
331.264
333.494
335.867
338.377
341.009
343.746
346.563
349.429
300.146
300.444
300.748
301.056
301.366
301.676
301.984
302.288
302.586
302.878
303.162
303.438
303.705
303.963
304.212
304.451
304.681
304.901
305.113
305.316
305.511
305.698
305.877
306.049
306.214
306.373
306.525
306.672
306.814
306.95
307.083
307.211
307.337
307.459
307.579
307.697
307.814
307.931
308.048
308.166
308.287
308.411
308.54
308.674
308.816
308.966
309.128
309.301
309.49
309.696
309.921
310.169
310.442
310.744
311.079
311.45
311.861
312.318
312.824
313.385
314.006
314.692
315.45
316.286
317.206
318.215
319.321
320.529
321.846
323.276
324.825
326.496
328.29
330.208
332.248
334.404
336.668
339.027
341.464
343.96
346.493
300.148
300.448
300.755
301.066
301.38
301.693
302.004
302.311
302.612
302.907
303.195
303.473
303.743
304.003
304.254
304.496
304.728
304.95
305.164
305.369
305.565
305.753
305.933
306.106
306.272
306.432
306.585
306.732
306.874
307.011
307.144
307.272
307.397
307.519
307.639
307.756
307.873
307.989
308.105
308.222
308.342
308.465
308.591
308.724
308.864
309.012
309.17
309.341
309.525
309.727
309.947
310.189
310.455
310.75
311.075
311.435
311.834
312.276
312.766
313.307
313.904
314.564
315.291
316.089
316.965
317.924
318.971
320.11
321.346
322.683
324.122
325.667
327.317
329.07
330.924
332.871
334.903
337.009
339.175
341.386
343.624
300.15
300.453
300.764
301.079
301.396
301.714
302.028
302.339
302.645
302.943
303.234
303.516
303.789
304.053
304.307
304.551
304.786
305.011
305.226
305.433
305.631
305.821
306.003
306.178
306.345
306.505
306.659
306.807
306.949
307.087
307.219
307.348
307.473
307.594
307.713
307.83
307.946
308.061
308.176
308.292
308.41
308.531
308.656
308.786
308.923
309.068
309.223
309.39
309.57
309.766
309.981
310.216
310.474
310.76
311.074
311.422
311.807
312.232
312.702
313.22
313.792
314.421
315.111
315.869
316.697
317.6
318.582
319.646
320.796
322.034
323.362
324.778
326.284
327.875
329.548
331.296
333.112
334.987
336.908
338.864
340.842
300.152
300.459
300.775
301.095
301.417
301.739
302.058
302.374
302.684
302.987
303.282
303.569
303.846
304.113
304.371
304.618
304.856
305.084
305.303
305.512
305.713
305.905
306.088
306.264
306.433
306.595
306.75
306.898
307.041
307.179
307.312
307.44
307.565
307.686
307.804
307.921
308.035
308.149
308.263
308.377
308.494
308.613
308.735
308.863
308.997
309.139
309.29
309.452
309.627
309.817
310.025
310.252
310.501
310.776
311.079
311.412
311.781
312.187
312.635
313.128
313.67
314.265
314.916
315.628
316.404
317.247
318.161
319.147
320.208
321.345
322.559
323.848
325.211
326.646
328.147
329.709
331.327
332.99
334.691
336.419
338.164
300.154
300.467
300.788
301.113
301.441
301.769
302.094
302.415
302.731
303.04
303.34
303.632
303.914
304.186
304.448
304.7
304.941
305.173
305.395
305.608
305.811
306.006
306.192
306.37
306.54
306.703
306.859
307.009
307.153
307.291
307.424
307.552
307.676
307.797
307.915
308.03
308.144
308.257
308.369
308.482
308.596
308.712
308.832
308.957
309.087
309.225
309.372
309.529
309.698
309.882
310.081
310.3
310.539
310.802
311.091
311.409
311.759
312.144
312.568
313.033
313.543
314.102
314.711
315.375
316.096
316.876
317.718
318.624
319.595
320.631
321.732
322.896
324.123
325.408
326.748
328.138
329.572
331.044
332.546
334.07
335.608
300.157
300.477
300.804
301.136
301.47
301.805
302.137
302.465
302.788
303.103
303.41
303.708
303.996
304.273
304.541
304.798
305.044
305.28
305.507
305.723
305.93
306.128
306.316
306.497
306.669
306.834
306.991
307.142
307.287
307.425
307.559
307.687
307.811
307.931
308.049
308.163
308.275
308.386
308.497
308.608
308.719
308.833
308.95
309.071
309.198
309.331
309.473
309.624
309.787
309.963
310.154
310.362
310.59
310.84
311.114
311.415
311.746
312.108
312.506
312.941
313.417
313.937
314.502
315.115
315.779
316.495
317.266
318.091
318.972
319.908
320.899
321.944
323.04
324.185
325.376
326.607
327.874
329.172
330.495
331.836
333.189
300.161
300.488
300.822
301.163
301.505
301.848
302.188
302.525
302.855
303.178
303.493
303.798
304.093
304.378
304.651
304.915
305.167
305.409
305.64
305.861
306.072
306.273
306.465
306.649
306.824
306.99
307.15
307.302
307.447
307.587
307.72
307.849
307.973
308.092
308.208
308.322
308.433
308.542
308.651
308.759
308.868
308.979
309.093
309.21
309.332
309.461
309.596
309.741
309.897
310.064
310.246
310.444
310.66
310.895
311.153
311.436
311.745
312.084
312.454
312.858
313.299
313.778
314.297
314.859
315.466
316.117
316.816
317.561
318.354
319.195
320.081
321.012
321.986
323.001
324.053
325.139
326.255
327.396
328.558
329.735
330.924
300.165
300.501
300.845
301.194
301.547
301.899
302.249
302.595
302.935
303.268
303.591
303.905
304.209
304.502
304.783
305.054
305.313
305.561
305.798
306.025
306.241
306.447
306.643
306.829
307.007
307.177
307.338
307.492
307.638
307.778
307.912
308.041
308.164
308.284
308.399
308.511
308.62
308.728
308.834
308.94
309.046
309.154
309.263
309.376
309.494
309.617
309.747
309.884
310.032
310.191
310.362
310.549
310.751
310.972
311.213
311.476
311.763
312.077
312.419
312.791
313.195
313.633
314.106
314.617
315.166
315.755
316.383
317.051
317.76
318.509
319.296
320.121
320.982
321.876
322.802
323.756
324.734
325.734
326.752
327.784
328.825
300.17
300.516
300.871
301.232
301.596
301.959
302.321
302.679
303.03
303.374
303.708
304.032
304.346
304.648
304.939
305.218
305.486
305.742
305.986
306.219
306.441
306.652
306.852
307.043
307.224
307.397
307.56
307.716
307.864
308.005
308.14
308.268
308.391
308.51
308.624
308.735
308.842
308.948
309.051
309.154
309.257
309.361
309.467
309.575
309.687
309.805
309.928
310.058
310.197
310.347
310.507
310.681
310.87
311.075
311.299
311.542
311.806
312.094
312.407
312.747
313.114
313.512
313.94
314.4
314.893
315.42
315.981
316.576
317.205
317.868
318.563
319.29
320.046
320.831
321.642
322.476
323.331
324.205
325.094
325.995
326.905
300.176
300.535
300.902
301.276
301.653
302.031
302.406
302.777
303.142
303.498
303.845
304.182
304.508
304.822
305.123
305.413
305.69
305.955
306.207
306.448
306.676
306.893
307.099
307.295
307.48
307.656
307.822
307.98
308.129
308.271
308.407
308.535
308.658
308.776
308.889
308.998
309.103
309.207
309.308
309.407
309.507
309.607
309.708
309.811
309.918
310.029
310.145
310.267
310.398
310.537
310.687
310.848
311.022
311.212
311.417
311.639
311.881
312.143
312.427
312.735
313.066
313.424
313.808
314.219
314.659
315.127
315.624
316.15
316.705
317.288
317.898
318.535
319.196
319.881
320.588
321.315
322.06
322.821
323.595
324.379
325.173
300.184
300.556
300.939
301.328
301.721
302.114
302.506
302.892
303.273
303.645
304.007
304.358
304.698
305.025
305.34
305.641
305.93
306.205
306.467
306.716
306.952
307.176
307.388
307.589
307.779
307.958
308.128
308.288
308.439
308.583
308.718
308.847
308.97
309.086
309.198
309.305
309.409
309.509
309.608
309.704
309.8
309.895
309.991
310.089
310.19
310.294
310.403
310.517
310.638
310.767
310.905
311.054
311.214
311.387
311.574
311.776
311.995
312.232
312.488
312.763
313.06
313.379
313.721
314.086
314.475
314.889
315.326
315.788
316.274
316.784
317.317
317.872
318.447
319.043
319.657
320.288
320.934
321.594
322.266
322.947
323.637
300.192
300.582
300.982
301.389
301.8
302.212
302.622
303.028
303.426
303.816
304.196
304.564
304.92
305.263
305.593
305.908
306.21
306.497
306.77
307.029
307.274
307.506
307.725
307.932
308.127
308.31
308.483
308.646
308.799
308.944
309.08
309.209
309.331
309.447
309.557
309.663
309.764
309.861
309.956
310.049
310.141
310.231
310.323
310.415
310.509
310.606
310.707
310.813
310.925
311.043
311.17
311.305
311.451
311.607
311.776
311.959
312.156
312.368
312.596
312.842
313.105
313.388
313.69
314.011
314.353
314.716
315.099
315.502
315.926
316.369
316.832
317.313
317.812
318.328
318.859
319.405
319.963
320.534
321.115
321.705
322.302
300.202
300.611
301.032
301.46
301.893
302.327
302.759
303.186
303.605
304.016
304.417
304.805
305.18
305.541
305.888
306.22
306.536
306.836
307.122
307.392
307.647
307.888
308.115
308.328
308.529
308.717
308.893
309.059
309.214
309.36
309.497
309.626
309.748
309.863
309.971
310.074
310.173
310.268
310.359
310.448
310.535
310.621
310.707
310.793
310.881
310.971
311.064
311.161
311.263
311.371
311.485
311.608
311.739
311.88
312.032
312.194
312.37
312.558
312.761
312.978
313.21
313.459
313.724
314.005
314.304
314.62
314.953
315.303
315.67
316.054
316.454
316.869
317.3
317.745
318.203
318.673
319.154
319.646
320.148
320.657
321.173
300.213
300.646
301.091
301.544
302.001
302.46
302.918
303.37
303.815
304.25
304.674
305.085
305.483
305.865
306.231
306.58
306.913
307.229
307.529
307.811
308.078
308.328
308.563
308.784
308.99
309.184
309.364
309.533
309.691
309.838
309.975
310.104
310.225
310.338
310.445
310.546
310.642
310.733
310.821
310.905
310.987
311.068
311.148
311.229
311.309
311.392
311.477
311.565
311.658
311.755
311.858
311.968
312.085
312.211
312.345
312.49
312.645
312.811
312.989
313.179
313.383
313.6
313.831
314.076
314.335
314.609
314.897
315.199
315.516
315.847
316.191
316.549
316.919
317.301
317.694
318.098
318.512
318.935
319.366
319.804
320.248
300.226
300.686
301.159
301.641
302.128
302.616
303.103
303.584
304.058
304.522
304.973
305.411
305.833
306.239
306.627
306.997
307.349
307.682
307.996
308.293
308.571
308.832
309.077
309.305
309.518
309.716
309.901
310.073
310.233
310.381
310.519
310.648
310.768
310.879
310.984
311.082
311.175
311.262
311.346
311.426
311.503
311.578
311.653
311.726
311.8
311.875
311.952
312.032
312.115
312.201
312.293
312.391
312.494
312.605
312.724
312.851
312.986
313.132
313.287
313.453
313.63
313.818
314.018
314.23
314.454
314.69
314.938
315.198
315.471
315.754
316.05
316.356
316.673
317.001
317.337
317.683
318.038
318.4
318.77
319.146
319.527
300.242
300.734
301.239
301.754
302.275
302.797
303.318
303.834
304.341
304.837
305.32
305.787
306.238
306.67
307.083
307.476
307.848
308.2
308.531
308.842
309.134
309.406
309.66
309.897
310.116
310.32
310.509
310.683
310.845
310.995
311.133
311.261
311.38
311.489
311.592
311.687
311.776
311.859
311.938
312.014
312.086
312.155
312.223
312.29
312.357
312.425
312.494
312.564
312.638
312.714
312.795
312.881
312.972
313.068
313.172
313.282
313.4
313.527
313.661
313.805
313.958
314.12
314.292
314.475
314.667
314.869
315.082
315.305
315.538
315.781
316.033
316.295
316.566
316.846
317.134
317.429
317.732
318.042
318.358
318.68
319.007
300.26
300.788
301.332
301.885
302.446
303.008
303.568
304.123
304.668
305.201
305.72
306.221
306.704
307.165
307.606
308.023
308.418
308.79
309.14
309.466
309.772
310.056
310.319
310.564
310.79
310.999
311.192
311.369
311.533
311.683
311.821
311.948
312.065
312.172
312.271
312.363
312.448
312.527
312.602
312.672
312.738
312.802
312.863
312.924
312.984
313.044
313.104
313.166
313.231
313.297
313.368
313.442
313.521
313.604
313.694
313.789
313.891
313.999
314.115
314.239
314.37
314.509
314.657
314.813
314.977
315.151
315.332
315.523
315.722
315.929
316.144
316.367
316.598
316.836
317.082
317.334
317.592
317.857
318.126
318.401
318.681
300.281
300.852
301.439
302.038
302.644
303.252
303.858
304.457
305.046
305.622
306.18
306.719
307.237
307.732
308.202
308.646
309.065
309.459
309.827
310.17
310.49
310.785
311.059
311.312
311.544
311.758
311.954
312.134
312.298
312.448
312.585
312.711
312.825
312.93
313.025
313.113
313.194
313.268
313.337
313.402
313.462
313.52
313.575
313.629
313.682
313.734
313.787
313.84
313.896
313.953
314.013
314.077
314.144
314.216
314.292
314.374
314.461
314.554
314.653
314.758
314.87
314.989
315.115
315.248
315.388
315.536
315.691
315.853
316.022
316.198
316.381
316.571
316.768
316.971
317.18
317.394
317.614
317.84
318.07
318.304
318.543
300.305
300.926
301.564
302.215
302.874
303.535
304.193
304.843
305.482
306.105
306.708
307.289
307.846
308.376
308.878
309.351
309.796
310.212
310.6
310.959
311.293
311.6
311.883
312.143
312.381
312.599
312.797
312.978
313.143
313.292
313.428
313.551
313.662
313.763
313.855
313.938
314.013
314.083
314.146
314.205
314.259
314.311
314.359
314.406
314.452
314.497
314.542
314.587
314.634
314.683
314.734
314.788
314.845
314.905
314.97
315.039
315.112
315.191
315.275
315.365
315.46
315.561
315.668
315.781
315.9
316.026
316.157
316.295
316.439
316.589
316.745
316.906
317.073
317.246
317.424
317.607
317.794
317.986
318.182
318.382
318.586
300.334
301.012
301.71
302.421
303.14
303.861
304.579
305.288
305.982
306.658
307.311
307.939
308.537
309.105
309.642
310.145
310.616
311.055
311.462
311.838
312.184
312.503
312.794
313.06
313.303
313.523
313.723
313.904
314.067
314.215
314.348
314.467
314.575
314.671
314.758
314.836
314.906
314.97
315.027
315.08
315.128
315.173
315.215
315.255
315.294
315.332
315.369
315.407
315.446
315.487
315.529
315.574
315.621
315.672
315.726
315.784
315.846
315.912
315.983
316.059
316.14
316.225
316.316
316.412
316.513
316.62
316.732
316.849
316.971
317.099
317.232
317.369
317.511
317.658
317.81
317.965
318.125
318.289
318.456
318.627
318.801
300.367
301.112
301.878
302.659
303.448
304.239
305.024
305.799
306.556
307.29
307.998
308.675
309.319
309.927
310.499
311.033
311.531
311.992
312.417
312.808
313.167
313.494
313.792
314.063
314.308
314.529
314.729
314.908
315.069
315.213
315.342
315.457
315.56
315.651
315.732
315.804
315.869
315.926
315.977
316.024
316.066
316.104
316.14
316.174
316.206
316.237
316.268
316.299
316.331
316.364
316.399
316.435
316.475
316.516
316.562
316.61
316.662
316.718
316.777
316.841
316.909
316.982
317.059
317.141
317.227
317.318
317.413
317.513
317.617
317.726
317.839
317.956
318.078
318.203
318.333
318.466
318.602
318.742
318.885
319.031
319.18
300.405
301.228
302.073
302.934
303.803
304.673
305.536
306.384
307.21
308.01
308.776
309.507
310.198
310.848
311.455
312.02
312.543
313.025
313.467
313.871
314.239
314.573
314.875
315.148
315.393
315.613
315.811
315.987
316.144
316.283
316.406
316.516
316.612
316.697
316.772
316.838
316.896
316.947
316.993
317.033
317.069
317.101
317.131
317.158
317.184
317.21
317.235
317.26
317.285
317.312
317.34
317.37
317.402
317.437
317.475
317.515
317.559
317.606
317.656
317.71
317.768
317.83
317.896
317.966
318.039
318.117
318.199
318.284
318.374
318.467
318.564
318.665
318.769
318.877
318.988
319.102
319.219
319.339
319.462
319.587
319.715
300.449
301.361
302.298
303.252
304.213
305.173
306.122
307.052
307.955
308.824
309.654
310.44
311.18
311.872
312.514
313.108
313.654
314.153
314.609
315.022
315.397
315.734
316.037
316.309
316.552
316.769
316.961
317.132
317.282
317.415
317.532
317.635
317.724
317.803
317.871
317.93
317.982
318.027
318.066
318.1
318.131
318.158
318.182
318.204
318.225
318.246
318.266
318.286
318.307
318.328
318.351
318.376
318.403
318.432
318.463
318.498
318.535
318.575
318.618
318.665
318.715
318.768
318.825
318.886
318.949
319.017
319.088
319.162
319.239
319.32
319.404
319.491
319.582
319.675
319.771
319.869
319.971
320.074
320.18
320.289
320.399
300.5
301.516
302.559
303.618
304.684
305.745
306.791
307.812
308.798
309.742
310.638
311.481
312.269
313
313.675
314.294
314.859
315.373
315.837
316.256
316.632
316.968
317.269
317.536
317.774
317.984
318.169
318.332
318.475
318.6
318.709
318.804
318.886
318.957
319.019
319.072
319.117
319.157
319.19
319.22
319.245
319.268
319.288
319.306
319.324
319.34
319.357
319.374
319.391
319.409
319.429
319.45
319.473
319.499
319.526
319.556
319.589
319.624
319.663
319.704
319.748
319.795
319.845
319.899
319.955
320.014
320.077
320.142
320.21
320.281
320.355
320.432
320.511
320.592
320.676
320.763
320.851
320.941
321.034
321.128
321.224
300.559
301.695
302.859
304.039
305.224
306.4
307.553
308.672
309.747
310.769
311.732
312.631
313.465
314.232
314.934
315.573
316.151
316.672
317.139
317.558
317.93
318.261
318.555
318.814
319.042
319.243
319.418
319.572
319.706
319.822
319.923
320.01
320.085
320.149
320.204
320.252
320.292
320.327
320.356
320.382
320.404
320.424
320.442
320.458
320.474
320.488
320.503
320.519
320.535
320.552
320.57
320.589
320.611
320.635
320.66
320.688
320.718
320.751
320.786
320.824
320.865
320.908
320.954
321.002
321.054
321.107
321.164
321.223
321.284
321.348
321.414
321.482
321.552
321.625
321.699
321.776
321.854
321.934
322.015
322.098
322.182
300.628
301.901
303.204
304.523
305.842
307.144
308.415
309.64
310.808
311.908
312.936
313.888
314.761
315.558
316.279
316.93
317.513
318.034
318.497
318.908
319.272
319.593
319.874
320.122
320.338
320.527
320.691
320.834
320.958
321.065
321.158
321.237
321.306
321.365
321.415
321.458
321.495
321.527
321.555
321.579
321.6
321.619
321.636
321.653
321.668
321.684
321.7
321.716
321.732
321.75
321.769
321.79
321.812
321.836
321.862
321.89
321.92
321.952
321.987
322.023
322.062
322.104
322.147
322.193
322.241
322.291
322.344
322.398
322.455
322.513
322.573
322.636
322.699
322.765
322.832
322.901
322.971
323.042
323.114
323.188
323.263
300.706
302.138
303.6
305.076
306.545
307.987
309.384
310.72
311.981
313.158
314.246
315.242
316.146
316.961
317.691
318.342
318.921
319.433
319.884
320.282
320.631
320.936
321.202
321.434
321.637
321.812
321.965
322.097
322.211
322.31
322.396
322.47
322.533
322.588
322.636
322.678
322.714
322.745
322.774
322.799
322.822
322.843
322.863
322.882
322.901
322.919
322.938
322.958
322.978
322.999
323.022
323.045
323.07
323.097
323.125
323.155
323.187
323.221
323.256
323.294
323.333
323.374
323.417
323.462
323.509
323.557
323.607
323.659
323.712
323.767
323.823
323.881
323.94
324
324.062
324.124
324.188
324.252
324.317
324.384
324.45
300.796
302.409
304.053
305.705
307.34
308.935
310.465
311.913
313.264
314.51
315.645
316.672
317.594
318.414
319.139
319.778
320.34
320.833
321.264
321.641
321.97
322.256
322.504
322.721
322.908
323.072
323.213
323.336
323.443
323.536
323.617
323.688
323.75
323.805
323.853
323.896
323.934
323.969
324.001
324.03
324.058
324.084
324.109
324.134
324.159
324.183
324.208
324.234
324.259
324.286
324.314
324.343
324.373
324.404
324.436
324.47
324.505
324.542
324.58
324.62
324.661
324.703
324.747
324.792
324.839
324.887
324.936
324.986
325.037
325.09
325.143
325.197
325.253
325.309
325.366
325.423
325.481
325.54
325.599
325.659
325.719
300.899
302.719
304.568
306.417
308.235
309.99
311.656
313.212
314.646
315.943
317.105
318.139
319.054
319.859
320.566
321.183
321.72
322.189
322.595
322.948
323.255
323.521
323.752
323.953
324.128
324.28
324.413
324.529
324.632
324.722
324.802
324.873
324.936
324.994
325.046
325.093
325.137
325.178
325.217
325.254
325.289
325.323
325.357
325.39
325.422
325.455
325.488
325.521
325.554
325.588
325.623
325.658
325.695
325.731
325.769
325.808
325.848
325.888
325.93
325.972
326.016
326.06
326.106
326.152
326.199
326.247
326.295
326.344
326.394
326.445
326.496
326.548
326.6
326.652
326.705
326.758
326.812
326.865
326.919
326.973
327.028
301.016
303.07
305.151
307.219
309.233
311.157
312.951
314.588
316.064
317.381
318.547
319.572
320.468
321.249
321.926
322.513
323.021
323.459
323.838
324.166
324.45
324.697
324.911
325.098
325.262
325.406
325.533
325.646
325.747
325.837
325.919
325.994
326.062
326.126
326.185
326.24
326.292
326.342
326.39
326.436
326.481
326.525
326.568
326.611
326.653
326.695
326.737
326.779
326.821
326.863
326.905
326.947
326.99
327.033
327.077
327.12
327.165
327.209
327.254
327.3
327.346
327.392
327.439
327.486
327.534
327.581
327.629
327.678
327.726
327.775
327.824
327.872
327.921
327.97
328.019
328.068
328.117
328.166
328.215
328.263
328.312
301.147
303.467
305.807
308.114
310.329
312.385
314.26
315.946
317.445
318.763
319.915
320.915
321.779
322.524
323.164
323.714
324.186
324.593
324.943
325.245
325.508
325.736
325.936
326.111
326.267
326.405
326.529
326.642
326.744
326.837
326.924
327.004
327.079
327.15
327.218
327.282
327.344
327.404
327.462
327.518
327.573
327.627
327.68
327.733
327.785
327.836
327.886
327.937
327.986
328.036
328.085
328.134
328.183
328.231
328.28
328.328
328.376
328.424
328.472
328.52
328.568
328.616
328.663
328.711
328.758
328.805
328.853
328.899
328.946
328.992
329.039
329.085
329.13
329.176
329.221
329.265
329.31
329.354
329.397
329.44
329.483
301.29
303.901
306.526
309.056
311.414
313.565
315.496
317.204
318.699
319.996
321.115
322.075
322.895
323.595
324.193
324.703
325.139
325.513
325.835
326.114
326.357
326.569
326.757
326.923
327.073
327.208
327.331
327.443
327.548
327.645
327.737
327.823
327.905
327.984
328.059
328.132
328.202
328.271
328.337
328.402
328.466
328.529
328.59
328.65
328.71
328.768
328.826
328.882
328.938
328.994
329.048
329.102
329.155
329.208
329.26
329.311
329.362
329.413
329.462
329.512
329.561
329.609
329.657
329.704
329.751
329.797
329.843
329.888
329.933
329.977
330.021
330.064
330.106
330.148
330.189
330.23
330.27
330.31
330.349
330.388
330.426
301.426
304.325
307.179
309.858
312.31
314.511
316.455
318.153
319.621
320.881
321.956
322.871
323.647
324.306
324.865
325.341
325.747
326.095
326.395
326.656
326.884
327.085
327.263
327.424
327.569
327.701
327.823
327.936
328.042
328.141
328.236
328.326
328.412
328.495
328.575
328.652
328.728
328.801
328.873
328.943
329.012
329.079
329.145
329.21
329.273
329.336
329.397
329.457
329.517
329.575
329.633
329.689
329.745
329.8
329.854
329.907
329.96
330.011
330.062
330.112
330.161
330.21
330.258
330.305
330.351
330.396
330.441
330.485
330.529
330.571
330.613
330.654
330.694
330.734
330.773
330.811
330.849
330.886
330.922
330.958
330.992
379.05
386.976
393.659
399.5
404.699
409.361
413.548
417.292
420.609
423.497
425.946
427.931
429.419
430.359
430.686
430.306
429.091
426.843
423.231
417.597
408.294
402.011
397.206
393.279
389.942
387.033
384.451
382.128
380.016
378.077
376.285
374.618
373.058
371.591
370.206
368.892
367.642
366.448
365.304
364.205
363.146
362.124
361.134
360.173
359.239
358.329
357.442
356.574
355.724
354.891
354.073
353.268
352.477
351.696
350.927
350.167
349.417
348.674
347.94
347.213
346.493
345.78
345.073
344.373
343.678
342.99
342.308
341.631
340.961
340.296
339.638
338.985
338.338
337.698
337.064
336.436
335.815
335.201
334.593
333.993
333.4
332.814
332.235
331.664
331.101
330.547
330
329.463
328.934
328.413
327.903
327.401
326.909
326.427
325.955
325.493
325.041
324.599
324.168
323.748
323.338
322.938
322.55
322.172
321.804
321.448
321.101
320.765
320.44
320.125
319.819
319.524
319.238
318.961
318.694
318.436
318.186
317.945
317.712
317.487
317.269
317.059
316.856
316.659
316.469
316.285
316.106
315.933
315.766
315.603
315.444
315.29
315.141
314.995
314.852
314.713
314.577
314.444
314.313
314.185
314.059
313.935
313.814
313.694
313.575
313.458
313.343
313.228
313.115
313.003
312.892
312.782
312.672
312.563
312.455
312.348
312.241
312.136
312.031
311.927
311.825
374.319
381.2
387.411
393.005
398.06
402.634
406.764
410.473
413.769
416.648
419.097
421.092
422.599
423.569
423.941
423.63
422.522
420.462
417.232
412.563
406.41
401.094
396.666
392.92
389.684
386.838
384.299
382.006
379.916
377.994
376.215
374.559
373.007
371.547
370.168
368.859
367.613
366.422
365.281
364.185
363.128
362.108
361.119
360.16
359.227
358.319
357.432
356.565
355.716
354.883
354.066
353.262
352.471
351.691
350.922
350.163
349.412
348.67
347.936
347.21
346.49
345.777
345.07
344.37
343.676
342.988
342.305
341.629
340.958
340.294
339.635
338.983
338.336
337.696
337.062
336.434
335.813
335.199
334.592
333.991
333.398
332.812
332.233
331.662
331.1
330.545
329.999
329.461
328.932
328.412
327.901
327.4
326.908
326.426
325.953
325.491
325.039
324.598
324.167
323.746
323.336
322.937
322.548
322.17
321.803
321.446
321.1
320.764
320.439
320.124
319.818
319.523
319.237
318.961
318.694
318.435
318.186
317.945
317.712
317.487
317.269
317.059
316.856
316.659
316.469
316.285
316.106
315.933
315.766
315.603
315.444
315.291
315.141
314.995
314.852
314.713
314.577
314.444
314.313
314.185
314.059
313.936
313.814
313.694
313.575
313.459
313.343
313.229
313.115
313.003
312.892
312.782
312.672
312.564
312.456
312.348
312.242
312.136
312.031
311.927
311.825
370.248
376.129
381.704
386.892
391.679
396.071
400.077
403.702
406.943
409.792
412.231
414.237
415.774
416.799
417.257
417.077
416.172
414.438
411.771
408.125
403.714
399.435
395.576
392.156
389.122
386.408
383.961
381.734
379.693
377.809
376.06
374.427
372.895
371.451
370.085
368.787
367.55
366.367
365.232
364.142
363.09
362.073
361.089
360.133
359.203
358.297
357.412
356.547
355.699
354.868
354.052
353.25
352.46
351.681
350.912
350.154
349.404
348.663
347.929
347.203
346.484
345.771
345.065
344.365
343.671
342.983
342.301
341.624
340.954
340.29
339.631
338.979
338.332
337.692
337.058
336.431
335.81
335.195
334.588
333.987
333.394
332.808
332.23
331.659
331.096
330.542
329.995
329.458
328.929
328.409
327.898
327.396
326.904
326.422
325.95
325.488
325.036
324.595
324.164
323.743
323.334
322.934
322.546
322.168
321.801
321.444
321.098
320.762
320.437
320.122
319.817
319.521
319.236
318.959
318.692
318.434
318.185
317.944
317.711
317.486
317.268
317.058
316.855
316.659
316.468
316.284
316.106
315.933
315.765
315.603
315.444
315.291
315.141
314.995
314.852
314.713
314.577
314.444
314.314
314.186
314.06
313.936
313.814
313.694
313.576
313.459
313.344
313.229
313.116
313.004
312.893
312.783
312.673
312.564
312.456
312.349
312.242
312.137
312.032
311.928
311.826
366.439
371.505
376.447
381.166
385.609
389.75
393.572
397.065
400.215
403.008
405.422
407.432
409.005
410.102
410.676
410.672
410.031
408.694
406.625
403.861
400.59
397.215
393.978
390.974
388.222
385.707
383.401
381.281
379.32
377.499
375.8
374.207
372.707
371.29
369.946
368.667
367.445
366.276
365.152
364.071
363.027
362.018
361.039
360.089
359.164
358.261
357.38
356.518
355.674
354.845
354.031
353.231
352.442
351.665
350.898
350.14
349.392
348.651
347.919
347.193
346.474
345.762
345.056
344.357
343.663
342.976
342.294
341.618
340.948
340.284
339.625
338.973
338.327
337.687
337.053
336.425
335.805
335.19
334.583
333.982
333.389
332.803
332.225
331.654
331.091
330.537
329.99
329.453
328.924
328.404
327.893
327.392
326.9
326.418
325.946
325.484
325.032
324.591
324.16
323.739
323.33
322.93
322.542
322.164
321.797
321.441
321.095
320.759
320.434
320.119
319.814
319.519
319.233
318.957
318.69
318.432
318.183
317.942
317.71
317.485
317.267
317.057
316.854
316.658
316.468
316.284
316.106
315.933
315.765
315.603
315.445
315.291
315.141
314.995
314.853
314.714
314.578
314.445
314.314
314.186
314.061
313.937
313.815
313.695
313.577
313.46
313.345
313.23
313.117
313.005
312.894
312.784
312.674
312.566
312.458
312.35
312.244
312.138
312.033
311.929
311.827
362.771
367.175
371.543
375.791
379.859
383.706
387.301
390.623
393.65
396.36
398.731
400.735
402.342
403.518
404.225
404.422
404.071
403.143
401.637
399.604
397.176
394.56
391.927
389.379
386.965
384.701
382.587
380.613
378.767
377.036
375.41
373.876
372.425
371.048
369.738
368.487
367.289
366.14
365.034
363.968
362.937
361.938
360.969
360.026
359.108
358.212
357.336
356.478
355.638
354.813
354.002
353.204
352.418
351.643
350.878
350.122
349.375
348.636
347.905
347.18
346.462
345.751
345.046
344.347
343.654
342.967
342.286
341.61
340.94
340.276
339.618
338.966
338.32
337.68
337.046
336.419
335.798
335.184
334.577
333.976
333.383
332.797
332.219
331.648
331.085
330.53
329.984
329.446
328.917
328.397
327.887
327.385
326.893
326.411
325.939
325.477
325.026
324.585
324.154
323.734
323.324
322.925
322.537
322.159
321.792
321.436
321.09
320.755
320.43
320.115
319.81
319.516
319.23
318.954
318.688
318.43
318.181
317.94
317.708
317.483
317.266
317.056
316.853
316.657
316.467
316.284
316.106
315.933
315.766
315.603
315.445
315.292
315.142
314.996
314.854
314.715
314.579
314.446
314.316
314.188
314.062
313.939
313.817
313.697
313.579
313.462
313.346
313.232
313.119
313.007
312.896
312.786
312.676
312.567
312.459
312.352
312.246
312.14
312.035
311.93
311.828
359.206
363.061
366.923
370.726
374.416
377.95
381.294
384.417
387.294
389.9
392.208
394.194
395.828
397.081
397.923
398.324
398.261
397.722
396.716
395.289
393.528
391.552
389.477
387.388
385.342
383.37
381.487
379.697
377.999
376.389
374.861
373.408
372.025
370.704
369.442
368.231
367.068
365.948
364.868
363.823
362.81
361.828
360.872
359.94
359.032
358.145
357.276
356.425
355.591
354.771
353.964
353.17
352.387
351.615
350.853
350.1
349.355
348.617
347.888
347.164
346.448
345.738
345.034
344.336
343.643
342.957
342.276
341.601
340.932
340.268
339.61
338.959
338.313
337.673
337.039
336.412
335.791
335.177
334.57
333.969
333.376
332.79
332.211
331.641
331.078
330.523
329.976
329.439
328.91
328.39
327.879
327.377
326.886
326.404
325.932
325.47
325.018
324.577
324.146
323.726
323.317
322.918
322.53
322.153
321.786
321.43
321.085
320.75
320.425
320.11
319.806
319.511
319.226
318.951
318.684
318.427
318.178
317.938
317.706
317.481
317.265
317.055
316.853
316.657
316.467
316.283
316.106
315.933
315.766
315.604
315.446
315.293
315.143
314.998
314.855
314.717
314.581
314.448
314.318
314.19
314.064
313.941
313.819
313.699
313.581
313.464
313.349
313.235
313.122
313.01
312.899
312.788
312.679
312.57
312.462
312.355
312.248
312.142
312.037
311.933
311.83
355.733
359.123
362.54
365.934
369.262
372.483
375.564
378.473
381.182
383.664
385.895
387.848
389.497
390.818
391.786
392.379
392.582
392.392
391.818
390.896
389.681
388.249
386.677
385.03
383.36
381.703
380.08
378.506
376.987
375.526
374.122
372.774
371.479
370.234
369.036
367.88
366.764
365.685
364.639
363.624
362.638
361.677
360.741
359.827
358.933
358.057
357.199
356.357
355.53
354.717
353.916
353.128
352.349
351.581
350.823
350.072
349.33
348.595
347.868
347.146
346.432
345.723
345.02
344.323
343.632
342.946
342.266
341.592
340.923
340.26
339.603
338.951
338.305
337.666
337.032
336.405
335.784
335.17
334.563
333.962
333.368
332.782
332.204
331.633
331.07
330.515
329.968
329.43
328.901
328.381
327.87
327.368
326.876
326.394
325.922
325.461
325.009
324.568
324.137
323.718
323.308
322.91
322.522
322.145
321.779
321.423
321.078
320.743
320.419
320.105
319.801
319.506
319.222
318.947
318.681
318.424
318.175
317.935
317.704
317.48
317.263
317.054
316.852
316.656
316.467
316.284
316.106
315.934
315.767
315.605
315.448
315.294
315.145
315
314.858
314.719
314.584
314.451
314.321
314.193
314.068
313.944
313.823
313.703
313.585
313.468
313.353
313.239
313.126
313.014
312.903
312.792
312.683
312.574
312.466
312.359
312.252
312.146
312.041
311.937
311.834
352.353
355.342
358.368
361.392
364.381
367.301
370.119
372.807
375.337
377.684
379.823
381.729
383.38
384.753
385.828
386.59
387.027
387.137
386.93
386.428
385.669
384.701
383.574
382.339
381.037
379.702
378.357
377.022
375.707
374.42
373.166
371.946
370.761
369.611
368.494
367.409
366.355
365.329
364.33
363.356
362.405
361.476
360.566
359.675
358.801
357.943
357.1
356.27
355.454
354.65
353.857
353.075
352.303
351.54
350.786
350.04
349.301
348.57
347.845
347.126
346.414
345.707
345.006
344.31
343.62
342.936
342.257
341.583
340.915
340.252
339.595
338.944
338.299
337.659
337.026
336.398
335.778
335.163
334.556
333.955
333.361
332.775
332.196
331.624
331.061
330.506
329.959
329.421
328.891
328.371
327.86
327.358
326.866
326.384
325.912
325.45
324.999
324.558
324.127
323.708
323.299
322.9
322.513
322.136
321.77
321.415
321.07
320.736
320.412
320.098
319.794
319.501
319.217
318.942
318.676
318.42
318.172
317.933
317.701
317.478
317.262
317.053
316.851
316.656
316.467
316.284
316.107
315.936
315.769
315.607
315.45
315.297
315.148
315.003
314.861
314.723
314.587
314.455
314.325
314.197
314.072
313.949
313.828
313.708
313.59
313.473
313.358
313.244
313.131
313.019
312.908
312.798
312.688
312.58
312.472
312.364
312.258
312.152
312.047
311.942
311.838
349.072
351.713
354.393
357.085
359.762
362.396
364.961
367.429
369.777
371.98
374.016
375.862
377.498
378.905
380.065
380.966
381.598
381.96
382.057
381.905
381.526
380.951
380.216
379.355
378.401
377.382
376.322
375.238
374.145
373.052
371.968
370.897
369.843
368.807
367.791
366.794
365.818
364.86
363.921
363
362.095
361.207
360.333
359.473
358.627
357.793
356.97
356.159
355.357
354.566
353.784
353.011
352.247
351.491
350.743
350.002
349.268
348.541
347.82
347.104
346.394
345.69
344.991
344.298
343.609
342.926
342.248
341.575
340.908
340.246
339.589
338.938
338.293
337.654
337.02
336.393
335.772
335.158
334.55
333.948
333.354
332.768
332.188
331.616
331.053
330.497
329.95
329.411
328.881
328.36
327.849
327.347
326.855
326.373
325.901
325.439
324.987
324.546
324.116
323.696
323.288
322.89
322.502
322.126
321.76
321.405
321.061
320.727
320.404
320.091
319.788
319.495
319.211
318.937
318.672
318.416
318.169
317.93
317.699
317.476
317.261
317.053
316.852
316.657
316.469
316.286
316.109
315.938
315.772
315.611
315.454
315.301
315.153
315.008
314.866
314.728
314.593
314.461
314.331
314.204
314.078
313.955
313.834
313.715
313.597
313.48
313.365
313.251
313.138
313.026
312.915
312.805
312.696
312.587
312.479
312.372
312.265
312.159
312.054
311.949
311.845
345.902
348.236
350.61
353.004
355.396
357.766
360.089
362.345
364.512
366.567
368.492
370.267
371.872
373.292
374.512
375.52
376.308
376.874
377.219
377.353
377.289
377.047
376.65
376.123
375.489
374.771
373.989
373.16
372.297
371.412
370.514
369.609
368.703
367.8
366.901
366.01
365.127
364.253
363.388
362.533
361.688
360.851
360.024
359.206
358.395
357.593
356.799
356.012
355.232
354.459
353.692
352.932
352.179
351.432
350.692
349.958
349.23
348.508
347.792
347.08
346.374
345.673
344.976
344.285
343.599
342.917
342.241
341.569
340.903
340.241
339.585
338.935
338.29
337.651
337.017
336.39
335.768
335.154
334.545
333.944
333.349
332.762
332.182
331.609
331.045
330.489
329.941
329.402
328.871
328.35
327.838
327.336
326.843
326.361
325.889
325.427
324.975
324.534
324.104
323.685
323.276
322.878
322.491
322.115
321.75
321.396
321.052
320.719
320.396
320.084
319.781
319.489
319.206
318.932
318.668
318.413
318.166
317.928
317.698
317.476
317.261
317.054
316.853
316.659
316.471
316.289
316.113
315.942
315.777
315.616
315.459
315.307
315.159
315.014
314.873
314.735
314.601
314.469
314.339
314.212
314.087
313.964
313.843
313.724
313.606
313.49
313.375
313.261
313.148
313.036
312.925
312.815
312.706
312.597
312.489
312.382
312.275
312.169
312.063
311.958
311.854
342.853
344.916
347.018
349.145
351.28
353.405
355.504
357.557
359.547
361.455
363.263
364.956
366.516
367.93
369.184
370.268
371.174
371.898
372.44
372.805
372.999
373.034
372.926
372.69
372.344
371.904
371.386
370.805
370.173
369.501
368.798
368.071
367.327
366.57
365.805
365.034
364.26
363.485
362.709
361.934
361.161
360.389
359.62
358.854
358.09
357.33
356.572
355.818
355.066
354.318
353.573
352.832
352.094
351.361
350.631
349.906
349.186
348.471
347.76
347.054
346.352
345.655
344.962
344.273
343.59
342.91
342.235
341.565
340.9
340.24
339.584
338.934
338.29
337.65
337.017
336.389
335.768
335.152
334.543
333.941
333.346
332.758
332.177
331.604
331.039
330.481
329.933
329.393
328.862
328.34
327.828
327.325
326.832
326.349
325.877
325.414
324.963
324.522
324.092
323.672
323.264
322.867
322.48
322.105
321.74
321.386
321.043
320.71
320.388
320.077
319.775
319.483
319.201
318.929
318.665
318.411
318.165
317.928
317.698
317.477
317.263
317.056
316.856
316.663
316.476
316.295
316.119
315.949
315.784
315.623
315.467
315.316
315.168
315.024
314.883
314.746
314.611
314.479
314.35
314.223
314.099
313.976
313.855
313.736
313.618
313.502
313.387
313.273
313.161
313.049
312.938
312.828
312.719
312.61
312.502
312.395
312.288
312.182
312.076
311.971
311.866
339.939
341.761
343.621
345.509
347.411
349.314
351.204
353.066
354.886
356.648
358.337
359.94
361.442
362.831
364.095
365.226
366.214
367.057
367.75
368.295
368.696
368.959
369.092
369.105
369.012
368.822
368.548
368.202
367.793
367.331
366.826
366.283
365.709
365.109
364.489
363.851
363.2
362.536
361.862
361.181
360.493
359.799
359.1
358.398
357.692
356.984
356.273
355.56
354.846
354.131
353.415
352.699
351.984
351.269
350.555
349.843
349.134
348.427
347.724
347.025
346.329
345.636
344.948
344.263
343.582
342.905
342.233
341.564
340.901
340.241
339.587
338.937
338.293
337.654
337.02
336.392
335.77
335.154
334.545
333.942
333.345
332.756
332.175
331.601
331.034
330.476
329.927
329.386
328.854
328.331
327.818
327.315
326.821
326.338
325.865
325.403
324.951
324.51
324.08
323.661
323.252
322.855
322.469
322.094
321.73
321.377
321.035
320.703
320.381
320.071
319.77
319.479
319.198
318.926
318.664
318.41
318.165
317.929
317.701
317.48
317.267
317.061
316.862
316.669
316.483
316.303
316.128
315.958
315.794
315.634
315.479
315.327
315.18
315.036
314.896
314.759
314.625
314.494
314.365
314.238
314.114
313.991
313.871
313.752
313.634
313.518
313.404
313.29
313.177
313.066
312.955
312.845
312.736
312.627
312.519
312.412
312.305
312.199
312.093
311.987
311.882
337.173
338.781
340.425
342.098
343.79
345.49
347.188
348.872
350.53
352.15
353.72
355.226
356.659
358.008
359.261
360.411
361.451
362.374
363.178
363.86
364.422
364.866
365.196
365.419
365.541
365.571
365.516
365.385
365.186
364.926
364.613
364.253
363.852
363.416
362.948
362.452
361.932
361.392
360.832
360.256
359.665
359.061
358.445
357.818
357.181
356.536
355.883
355.222
354.555
353.882
353.204
352.521
351.835
351.146
350.455
349.762
349.068
348.374
347.682
346.991
346.302
345.616
344.933
344.253
343.576
342.903
342.233
341.567
340.905
340.247
339.594
338.945
338.301
337.662
337.028
336.4
335.777
335.161
334.55
333.946
333.349
332.759
332.176
331.601
331.033
330.474
329.923
329.381
328.849
328.325
327.811
327.307
326.813
326.329
325.855
325.393
324.94
324.499
324.069
323.65
323.242
322.846
322.46
322.085
321.722
321.37
321.028
320.697
320.377
320.067
319.767
319.477
319.197
318.926
318.665
318.413
318.169
317.933
317.706
317.486
317.274
317.069
316.871
316.68
316.494
316.314
316.14
315.972
315.808
315.649
315.494
315.343
315.197
315.054
314.914
314.777
314.644
314.513
314.384
314.258
314.134
314.012
313.891
313.773
313.655
313.54
313.425
313.311
313.199
313.087
312.977
312.867
312.758
312.649
312.541
312.434
312.327
312.22
312.114
312.008
311.903
334.567
335.984
337.436
338.917
340.419
341.935
343.457
344.975
346.481
347.963
349.413
350.82
352.176
353.47
354.694
355.841
356.903
357.876
358.754
359.535
360.217
360.801
361.288
361.68
361.983
362.199
362.335
362.396
362.387
362.315
362.185
362.002
361.772
361.497
361.184
360.835
360.454
360.044
359.607
359.145
358.662
358.158
357.635
357.095
356.539
355.967
355.382
354.784
354.174
353.554
352.923
352.283
351.635
350.979
350.318
349.651
348.979
348.305
347.628
346.95
346.271
345.593
344.917
344.243
343.572
342.902
342.236
341.573
340.914
340.258
339.606
338.958
338.314
337.676
337.042
336.413
335.79
335.173
334.561
333.956
333.358
332.767
332.182
331.606
331.037
330.476
329.924
329.381
328.847
328.322
327.807
327.302
326.807
326.322
325.848
325.385
324.933
324.492
324.062
323.643
323.235
322.839
322.453
322.08
321.717
321.365
321.024
320.694
320.375
320.066
319.767
319.479
319.2
318.93
318.67
318.419
318.176
317.942
317.716
317.497
317.286
317.083
316.885
316.695
316.51
316.332
316.158
315.99
315.827
315.669
315.515
315.365
315.219
315.077
314.937
314.801
314.668
314.538
314.41
314.284
314.16
314.038
313.918
313.8
313.683
313.567
313.452
313.339
313.227
313.115
313.005
312.895
312.786
312.677
312.569
312.462
312.355
312.248
312.142
312.036
311.93
332.135
333.381
334.661
335.969
337.301
338.65
340.01
341.375
342.736
344.087
345.419
346.725
347.996
349.226
350.406
351.53
352.592
353.586
354.507
355.353
356.119
356.806
357.412
357.938
358.386
358.757
359.054
359.281
359.441
359.538
359.575
359.558
359.489
359.372
359.211
359.009
358.768
358.492
358.183
357.843
357.474
357.079
356.658
356.214
355.748
355.261
354.754
354.229
353.687
353.128
352.554
351.966
351.366
350.753
350.13
349.497
348.855
348.207
347.552
346.893
346.23
345.565
344.898
344.232
343.567
342.904
342.242
341.583
340.926
340.273
339.623
338.976
338.334
337.696
337.062
336.433
335.81
335.192
334.579
333.973
333.373
332.781
332.195
331.617
331.046
330.484
329.931
329.386
328.85
328.324
327.808
327.302
326.806
326.321
325.846
325.382
324.93
324.488
324.058
323.639
323.232
322.836
322.451
322.078
321.716
321.365
321.025
320.696
320.378
320.07
319.773
319.485
319.208
318.94
318.681
318.431
318.19
317.957
317.732
317.515
317.305
317.102
316.906
316.716
316.533
316.355
316.183
316.016
315.854
315.697
315.543
315.394
315.249
315.107
314.968
314.833
314.7
314.57
314.442
314.317
314.194
314.072
313.952
313.834
313.717
313.602
313.487
313.374
313.262
313.151
313.04
312.93
312.821
312.713
312.605
312.497
312.39
312.283
312.177
312.071
311.964
329.887
330.982
332.107
333.261
334.438
335.636
336.848
338.071
339.297
340.522
341.74
342.943
344.127
345.284
346.408
347.493
348.534
349.527
350.465
351.346
352.166
352.923
353.615
354.24
354.8
355.294
355.723
356.088
356.392
356.636
356.823
356.955
357.035
357.066
357.05
356.99
356.887
356.745
356.565
356.349
356.1
355.818
355.507
355.166
354.798
354.403
353.984
353.541
353.075
352.588
352.081
351.555
351.011
350.451
349.875
349.285
348.682
348.068
347.443
346.81
346.169
345.523
344.872
344.217
343.561
342.905
342.25
341.595
340.943
340.293
339.645
339.001
338.36
337.723
337.09
336.461
335.837
335.218
334.605
333.998
333.397
332.803
332.215
331.636
331.064
330.5
329.945
329.398
328.861
328.334
327.816
327.309
326.812
326.326
325.851
325.386
324.933
324.492
324.062
323.643
323.236
322.84
322.456
322.084
321.722
321.372
321.034
320.706
320.389
320.082
319.786
319.5
319.223
318.957
318.699
318.451
318.211
317.979
317.756
317.54
317.331
317.13
316.935
316.747
316.564
316.388
316.217
316.051
315.89
315.733
315.581
315.432
315.288
315.146
315.008
314.873
314.741
314.612
314.485
314.359
314.236
314.115
313.996
313.878
313.761
313.646
313.532
313.419
313.307
313.196
313.085
312.975
312.866
312.758
312.65
312.542
312.435
312.328
312.221
312.115
312.008
327.834
328.793
329.781
330.795
331.834
332.894
333.971
335.062
336.163
337.269
338.376
339.478
340.571
341.649
342.708
343.743
344.748
345.719
346.653
347.544
348.39
349.189
349.936
350.631
351.272
351.859
352.39
352.866
353.288
353.656
353.971
354.234
354.448
354.613
354.73
354.803
354.832
354.819
354.765
354.673
354.544
354.378
354.179
353.946
353.681
353.385
353.06
352.707
352.326
351.92
351.488
351.033
350.555
350.056
349.537
348.999
348.443
347.872
347.286
346.687
346.076
345.455
344.826
344.19
343.549
342.904
342.257
341.61
340.963
340.317
339.674
339.032
338.393
337.757
337.125
336.497
335.873
335.254
334.64
334.032
333.43
332.834
332.246
331.664
331.091
330.525
329.968
329.42
328.882
328.353
327.834
327.326
326.828
326.34
325.864
325.4
324.946
324.504
324.074
323.655
323.249
322.854
322.47
322.098
321.738
321.389
321.051
320.724
320.409
320.103
319.809
319.524
319.249
318.984
318.728
318.481
318.242
318.012
317.79
317.576
317.369
317.169
316.975
316.788
316.607
316.431
316.261
316.096
315.936
315.781
315.629
315.482
315.338
315.197
315.06
314.926
314.794
314.665
314.538
314.413
314.291
314.17
314.051
313.933
313.817
313.702
313.588
313.475
313.363
313.252
313.141
313.032
312.922
312.814
312.706
312.598
312.491
312.384
312.277
312.17
312.063
325.983
326.821
327.686
328.576
329.49
330.425
331.379
332.35
333.333
334.327
335.327
336.33
337.332
338.328
339.316
340.29
341.246
342.182
343.092
343.974
344.824
345.639
346.416
347.153
347.848
348.499
349.106
349.666
350.18
350.648
351.068
351.442
351.769
352.051
352.288
352.481
352.631
352.739
352.806
352.832
352.819
352.769
352.681
352.557
352.398
352.205
351.979
351.72
351.431
351.112
350.763
350.386
349.983
349.554
349.1
348.623
348.123
347.604
347.065
346.508
345.936
345.349
344.749
344.139
343.52
342.893
342.26
341.623
340.984
340.345
339.707
339.069
338.433
337.8
337.17
336.543
335.919
335.301
334.686
334.078
333.475
332.878
332.288
331.705
331.13
330.563
330.004
329.455
328.915
328.384
327.864
327.354
326.855
326.367
325.89
325.425
324.971
324.529
324.099
323.68
323.274
322.879
322.497
322.125
321.766
321.418
321.081
320.756
320.442
320.138
319.844
319.561
319.288
319.024
318.77
318.524
318.287
318.059
317.838
317.625
317.42
317.221
317.029
316.843
316.663
316.489
316.32
316.156
315.997
315.842
315.691
315.545
315.402
315.262
315.125
314.992
314.86
314.732
314.606
314.481
314.359
314.239
314.12
314.002
313.886
313.771
313.658
313.545
313.433
313.322
313.211
313.102
312.992
312.884
312.775
312.668
312.56
312.453
312.346
312.239
312.132
324.342
325.072
325.827
326.605
327.407
328.229
329.071
329.931
330.806
331.694
332.593
333.5
334.411
335.325
336.236
337.143
338.043
338.93
339.804
340.659
341.494
342.305
343.089
343.845
344.569
345.261
345.916
346.536
347.117
347.66
348.162
348.624
349.046
349.426
349.765
350.063
350.321
350.537
350.714
350.851
350.948
351.007
351.028
351.011
350.957
350.867
350.741
350.581
350.386
350.158
349.898
349.606
349.283
348.931
348.55
348.142
347.707
347.248
346.764
346.259
345.734
345.189
344.628
344.051
343.461
342.859
342.248
341.628
341.003
340.374
339.742
339.111
338.48
337.851
337.223
336.598
335.977
335.359
334.745
334.136
333.533
332.935
332.344
331.76
331.184
330.616
330.056
329.505
328.963
328.431
327.91
327.399
326.899
326.41
325.932
325.467
325.012
324.57
324.14
323.722
323.315
322.921
322.539
322.169
321.811
321.464
321.128
320.804
320.491
320.189
319.897
319.615
319.343
319.081
318.828
318.584
318.349
318.122
317.903
317.692
317.487
317.29
317.099
316.915
316.736
316.563
316.395
316.233
316.074
315.921
315.771
315.625
315.483
315.344
315.208
315.074
314.944
314.816
314.69
314.566
314.444
314.324
314.205
314.088
313.972
313.858
313.744
313.631
313.519
313.408
313.298
313.188
313.079
312.97
312.861
312.753
312.646
312.538
312.431
312.324
312.217
322.914
323.548
324.205
324.884
325.584
326.305
327.045
327.803
328.578
329.369
330.172
330.986
331.81
332.64
333.474
334.311
335.146
335.978
336.803
337.619
338.424
339.214
339.988
340.742
341.475
342.183
342.866
343.521
344.146
344.741
345.303
345.831
346.325
346.784
347.207
347.592
347.941
348.252
348.526
348.761
348.959
349.119
349.242
349.326
349.374
349.384
349.357
349.294
349.196
349.061
348.892
348.688
348.451
348.181
347.879
347.546
347.182
346.791
346.371
345.925
345.455
344.961
344.446
343.912
343.359
342.79
342.208
341.613
341.008
340.396
339.778
339.155
338.532
337.908
337.285
336.664
336.045
335.429
334.817
334.209
333.606
333.009
332.417
331.833
331.255
330.686
330.125
329.573
329.03
328.498
327.975
327.463
326.962
326.473
325.994
325.528
325.074
324.631
324.201
323.783
323.377
322.984
322.602
322.233
321.876
321.53
321.196
320.873
320.561
320.26
319.97
319.69
319.419
319.159
318.908
318.665
318.432
318.206
317.989
317.779
317.576
317.38
317.191
317.007
316.83
316.658
316.491
316.33
316.172
316.02
315.871
315.726
315.584
315.446
315.31
315.178
315.048
314.92
314.795
314.671
314.549
314.43
314.311
314.194
314.078
313.964
313.85
313.737
313.625
313.514
313.404
313.294
313.184
313.075
312.967
312.858
312.75
312.643
312.535
312.428
312.32
321.702
322.251
322.82
323.41
324.02
324.649
325.298
325.964
326.647
327.346
328.06
328.787
329.526
330.275
331.032
331.795
332.563
333.333
334.103
334.871
335.634
336.391
337.138
337.875
338.598
339.305
339.994
340.664
341.313
341.938
342.538
343.112
343.658
344.174
344.66
345.115
345.538
345.927
346.282
346.603
346.888
347.138
347.352
347.53
347.671
347.776
347.844
347.875
347.87
347.828
347.749
347.635
347.485
347.3
347.081
346.828
346.541
346.223
345.874
345.494
345.087
344.652
344.191
343.706
343.199
342.672
342.126
341.564
340.988
340.4
339.802
339.196
338.585
337.969
337.354
336.738
336.124
335.512
334.902
334.297
333.695
333.099
332.508
331.924
331.347
330.777
330.216
329.663
329.12
328.586
328.063
327.551
327.049
326.559
326.081
325.614
325.16
324.717
324.287
323.87
323.465
323.072
322.691
322.323
321.966
321.622
321.289
320.967
320.657
320.357
320.068
319.79
319.521
319.262
319.012
318.772
318.54
318.316
318.1
317.891
317.69
317.495
317.307
317.125
316.949
316.778
316.612
316.451
316.295
316.143
315.995
315.851
315.71
315.572
315.437
315.305
315.175
315.048
314.923
314.8
314.679
314.559
314.44
314.324
314.208
314.093
313.98
313.867
313.755
313.643
313.533
313.423
313.313
313.204
313.095
312.986
312.878
312.77
312.662
312.554
312.446
320.704
321.178
321.671
322.182
322.711
323.259
323.824
324.406
325.006
325.621
326.252
326.897
327.556
328.227
328.908
329.599
330.298
331.003
331.713
332.426
333.14
333.853
334.563
335.268
335.967
336.657
337.337
338.004
338.657
339.294
339.912
340.511
341.089
341.644
342.175
342.68
343.157
343.607
344.028
344.417
344.776
345.102
345.396
345.655
345.88
346.071
346.225
346.344
346.427
346.474
346.484
346.457
346.394
346.294
346.159
345.988
345.781
345.54
345.266
344.958
344.619
344.249
343.849
343.422
342.968
342.49
341.99
341.469
340.929
340.373
339.802
339.22
338.629
338.03
337.426
336.819
336.212
335.606
335.001
334.4
333.802
333.208
332.619
332.037
331.461
330.892
330.331
329.778
329.235
328.702
328.178
327.666
327.164
326.674
326.196
325.729
325.275
324.833
324.404
323.987
323.582
323.19
322.81
322.443
322.087
321.744
321.412
321.092
320.783
320.485
320.198
319.921
319.653
319.396
319.148
318.908
318.678
318.455
318.241
318.033
317.833
317.64
317.453
317.272
317.097
316.927
316.762
316.602
316.447
316.296
316.148
316.005
315.864
315.727
315.593
315.461
315.332
315.205
315.08
314.957
314.836
314.716
314.598
314.481
314.365
314.25
314.137
314.024
313.911
313.8
313.689
313.579
313.469
313.359
313.25
313.141
313.032
312.923
312.815
312.706
312.598
319.919
320.327
320.752
321.193
321.651
322.126
322.617
323.124
323.648
324.187
324.742
325.311
325.894
326.491
327.099
327.719
328.35
328.989
329.637
330.291
330.95
331.613
332.277
332.942
333.606
334.267
334.923
335.573
336.215
336.846
337.466
338.073
338.665
339.24
339.796
340.333
340.848
341.341
341.809
342.251
342.667
343.054
343.413
343.741
344.037
344.302
344.533
344.731
344.894
345.022
345.114
345.17
345.19
345.174
345.121
345.031
344.905
344.743
344.546
344.313
344.046
343.746
343.413
343.049
342.655
342.234
341.785
341.313
340.817
340.301
339.766
339.216
338.652
338.076
337.492
336.901
336.306
335.709
335.112
334.517
333.925
333.336
332.751
332.171
331.598
331.031
330.472
329.921
329.379
328.847
328.324
327.813
327.312
326.822
326.344
325.879
325.425
324.984
324.555
324.139
323.735
323.344
322.965
322.599
322.245
321.903
321.572
321.253
320.946
320.649
320.363
320.088
319.822
319.566
319.319
319.081
318.852
318.63
318.417
318.211
318.012
317.82
317.634
317.454
317.28
317.111
316.947
316.788
316.633
316.483
316.336
316.192
316.053
315.916
315.782
315.65
315.521
315.394
315.27
315.147
315.025
314.906
314.787
314.67
314.555
314.44
314.326
314.212
314.1
313.988
313.877
313.766
313.655
313.545
313.436
313.326
313.217
313.107
312.998
312.889
312.78
319.343
319.693
320.058
320.438
320.833
321.243
321.668
322.108
322.564
323.034
323.519
324.019
324.532
325.059
325.599
326.152
326.716
327.291
327.875
328.469
329.071
329.679
330.293
330.911
331.532
332.154
332.777
333.398
334.015
334.629
335.235
335.835
336.424
337.003
337.568
338.12
338.655
339.173
339.672
340.15
340.606
341.039
341.447
341.829
342.183
342.508
342.804
343.069
343.301
343.501
343.668
343.8
343.897
343.958
343.983
343.972
343.924
343.84
343.719
343.562
343.369
343.141
342.878
342.582
342.253
341.893
341.503
341.085
340.641
340.172
339.681
339.17
338.641
338.097
337.54
336.972
336.397
335.816
335.231
334.646
334.062
333.481
332.902
332.329
331.76
331.197
330.642
330.094
329.555
329.025
328.504
327.994
327.495
327.007
326.531
326.066
325.614
325.174
324.747
324.332
323.929
323.54
323.162
322.797
322.444
322.104
321.775
321.457
321.151
320.856
320.571
320.297
320.032
319.778
319.532
319.296
319.067
318.847
318.635
318.43
318.232
318.041
317.856
317.677
317.504
317.335
317.172
317.014
316.859
316.709
316.563
316.42
316.28
316.143
316.01
315.878
315.749
315.623
315.498
315.375
315.253
315.134
315.015
314.898
314.782
314.666
314.552
314.438
314.325
314.213
314.101
313.99
313.879
313.768
313.658
313.547
313.437
313.327
313.217
313.108
312.998
318.969
319.269
319.582
319.908
320.247
320.601
320.968
321.348
321.743
322.152
322.574
323.01
323.46
323.923
324.399
324.888
325.389
325.901
326.425
326.959
327.502
328.055
328.615
329.182
329.755
330.333
330.914
331.497
332.082
332.666
333.248
333.827
334.401
334.969
335.53
336.08
336.621
337.148
337.662
338.159
338.64
339.102
339.544
339.964
340.36
340.732
341.079
341.397
341.688
341.948
342.178
342.375
342.54
342.671
342.767
342.829
342.854
342.844
342.797
342.714
342.594
342.438
342.247
342.02
341.759
341.464
341.137
340.779
340.392
339.977
339.536
339.071
338.585
338.08
337.557
337.021
336.473
335.915
335.351
334.782
334.211
333.64
333.072
332.506
331.945
331.39
330.84
330.298
329.763
329.237
328.721
328.214
327.718
327.233
326.759
326.297
325.847
325.409
324.984
324.571
324.17
323.782
323.406
323.043
322.692
322.353
322.025
321.709
321.405
321.111
320.828
320.555
320.292
320.038
319.794
319.558
319.331
319.112
318.901
318.697
318.5
318.31
318.125
317.947
317.774
317.607
317.444
317.286
317.132
316.982
316.836
316.693
316.553
316.417
316.283
316.151
316.022
315.895
315.77
315.647
315.525
315.405
315.286
315.169
315.052
314.936
314.821
314.707
314.594
314.481
314.368
314.256
314.144
314.033
313.921
313.81
313.699
313.588
313.477
313.367
313.256
318.789
319.046
319.313
319.593
319.885
320.188
320.504
320.832
321.173
321.527
321.894
322.273
322.665
323.07
323.487
323.917
324.359
324.812
325.278
325.754
326.241
326.737
327.243
327.758
328.28
328.809
329.345
329.885
330.429
330.977
331.525
332.075
332.623
333.169
333.712
334.249
334.78
335.304
335.817
336.32
336.81
337.286
337.746
338.189
338.614
339.017
339.4
339.758
340.092
340.4
340.681
340.932
341.154
341.345
341.503
341.628
341.72
341.777
341.799
341.785
341.735
341.649
341.527
341.369
341.176
340.948
340.686
340.391
340.064
339.708
339.322
338.91
338.473
338.013
337.533
337.035
336.521
335.994
335.458
334.913
334.363
333.81
333.255
332.702
332.152
331.607
331.066
330.532
330.005
329.485
328.975
328.474
327.982
327.502
327.032
326.574
326.127
325.693
325.27
324.86
324.462
324.077
323.703
323.342
322.993
322.656
322.33
322.016
321.713
321.421
321.139
320.868
320.606
320.354
320.111
319.876
319.65
319.432
319.222
319.019
318.822
318.633
318.449
318.271
318.099
317.931
317.769
317.611
317.457
317.307
317.161
317.018
316.878
316.742
316.608
316.476
316.347
316.219
316.094
315.97
315.848
315.727
315.608
315.49
315.372
315.256
315.14
315.025
314.911
314.797
314.683
314.57
314.458
314.345
314.233
314.121
314.009
313.897
313.785
313.673
313.561
318.796
319.015
319.244
319.483
319.733
319.994
320.265
320.548
320.842
321.147
321.464
321.793
322.133
322.486
322.85
323.226
323.614
324.013
324.424
324.845
325.278
325.72
326.173
326.635
327.107
327.586
328.073
328.567
329.067
329.572
330.082
330.594
331.109
331.625
332.14
332.654
333.165
333.672
334.173
334.668
335.154
335.63
336.095
336.547
336.984
337.405
337.809
338.193
338.557
338.898
339.216
339.509
339.775
340.014
340.223
340.402
340.55
340.665
340.748
340.796
340.81
340.789
340.732
340.64
340.513
340.351
340.154
339.923
339.659
339.363
339.036
338.68
338.297
337.889
337.456
337.003
336.531
336.043
335.541
335.028
334.505
333.977
333.445
332.91
332.376
331.844
331.317
330.794
330.278
329.768
329.266
328.773
328.289
327.815
327.352
326.899
326.458
326.028
325.61
325.204
324.81
324.428
324.058
323.7
323.354
323.019
322.696
322.384
322.083
321.793
321.513
321.243
320.983
320.732
320.49
320.257
320.032
319.814
319.605
319.402
319.206
319.017
318.834
318.656
318.484
318.317
318.154
317.996
317.843
317.693
317.546
317.403
317.263
317.126
316.991
316.859
316.729
316.602
316.476
316.351
316.228
316.107
315.987
315.867
315.749
315.632
315.515
315.399
315.284
315.169
315.054
314.94
314.826
314.713
314.599
314.486
314.372
314.259
314.146
314.032
313.919
318.98
319.167
319.363
319.568
319.782
320.006
320.239
320.482
320.735
320.998
321.272
321.556
321.851
322.157
322.473
322.801
323.14
323.489
323.849
324.22
324.602
324.994
325.396
325.808
326.229
326.659
327.097
327.544
327.998
328.458
328.924
329.396
329.871
330.35
330.831
331.313
331.796
332.277
332.757
333.232
333.703
334.167
334.624
335.072
335.509
335.934
336.345
336.742
337.121
337.483
337.824
338.145
338.442
338.716
338.964
339.185
339.377
339.541
339.674
339.775
339.844
339.881
339.883
339.851
339.786
339.685
339.55
339.382
339.18
338.945
338.678
338.381
338.055
337.701
337.322
336.919
336.494
336.051
335.59
335.115
334.628
334.131
333.628
333.12
332.609
332.098
331.588
331.081
330.579
330.083
329.593
329.112
328.638
328.174
327.719
327.275
326.841
326.418
326.006
325.606
325.217
324.84
324.475
324.121
323.778
323.447
323.127
322.818
322.52
322.232
321.954
321.686
321.428
321.178
320.938
320.706
320.482
320.266
320.057
319.855
319.66
319.471
319.288
319.11
318.938
318.771
318.609
318.45
318.296
318.146
317.999
317.856
317.715
317.577
317.442
317.309
317.179
317.05
316.923
316.798
316.674
316.552
316.43
316.31
316.191
316.072
315.954
315.837
315.721
315.604
315.489
315.373
315.258
315.143
315.028
314.913
314.798
314.683
314.568
314.453
314.338
319.333
319.494
319.661
319.837
320.021
320.212
320.413
320.621
320.839
321.066
321.302
321.547
321.802
322.067
322.342
322.626
322.921
323.226
323.54
323.865
324.2
324.545
324.899
325.263
325.636
326.019
326.41
326.809
327.217
327.631
328.053
328.481
328.914
329.353
329.795
330.24
330.688
331.137
331.586
332.034
332.481
332.923
333.362
333.795
334.22
334.637
335.044
335.439
335.822
336.19
336.542
336.876
337.192
337.488
337.761
338.011
338.237
338.436
338.609
338.753
338.867
338.951
339.004
339.025
339.014
338.969
338.892
338.781
338.638
338.462
338.255
338.016
337.748
337.451
337.127
336.777
336.404
336.01
335.596
335.165
334.72
334.262
333.794
333.319
332.839
332.355
331.87
331.386
330.903
330.425
329.952
329.486
329.027
328.575
328.133
327.699
327.276
326.862
326.459
326.067
325.686
325.316
324.956
324.608
324.271
323.944
323.629
323.324
323.029
322.744
322.469
322.204
321.948
321.701
321.462
321.231
321.009
320.794
320.586
320.384
320.19
320.001
319.819
319.641
319.469
319.302
319.139
318.981
318.826
318.675
318.528
318.384
318.242
318.104
317.968
317.834
317.703
317.573
317.445
317.318
317.193
317.07
316.947
316.826
316.705
316.585
316.466
316.347
316.229
316.111
315.994
315.876
315.759
315.643
315.526
315.409
315.292
315.176
315.059
314.942
314.825
319.847
319.984
320.129
320.279
320.437
320.602
320.774
320.954
321.142
321.337
321.54
321.752
321.973
322.202
322.439
322.686
322.942
323.207
323.481
323.764
324.056
324.358
324.668
324.988
325.317
325.654
326
326.354
326.716
327.086
327.463
327.847
328.237
328.633
329.034
329.439
329.848
330.259
330.673
331.088
331.502
331.916
332.328
332.736
333.141
333.539
333.931
334.314
334.688
335.051
335.401
335.738
336.059
336.364
336.65
336.917
337.163
337.386
337.586
337.76
337.909
338.03
338.123
338.188
338.222
338.225
338.198
338.139
338.05
337.928
337.776
337.594
337.382
337.141
336.873
336.578
336.259
335.917
335.554
335.172
334.773
334.359
333.934
333.498
333.054
332.604
332.151
331.696
331.241
330.787
330.337
329.89
329.449
329.015
328.589
328.17
327.761
327.36
326.969
326.587
326.216
325.855
325.504
325.164
324.834
324.514
324.204
323.904
323.614
323.334
323.063
322.801
322.548
322.304
322.067
321.839
321.618
321.405
321.198
320.998
320.804
320.616
320.434
320.257
320.084
319.917
319.754
319.595
319.44
319.289
319.141
318.996
318.853
318.714
318.577
318.442
318.309
318.178
318.049
317.921
317.794
317.669
317.545
317.422
317.3
317.178
317.057
316.937
316.817
316.697
316.578
316.459
316.34
316.221
316.102
315.983
315.864
315.745
315.626
315.507
315.388
320.512
320.631
320.756
320.886
321.022
321.164
321.313
321.468
321.63
321.798
321.974
322.157
322.348
322.546
322.751
322.965
323.186
323.416
323.654
323.9
324.154
324.417
324.688
324.967
325.255
325.55
325.854
326.165
326.484
326.811
327.144
327.485
327.832
328.184
328.543
328.906
329.274
329.645
330.02
330.397
330.776
331.155
331.534
331.911
332.287
332.659
333.027
333.389
333.744
334.092
334.43
334.757
335.072
335.374
335.661
335.932
336.186
336.421
336.636
336.829
337
337.147
337.27
337.366
337.436
337.478
337.492
337.477
337.433
337.361
337.258
337.127
336.968
336.781
336.566
336.326
336.06
335.772
335.461
335.131
334.782
334.417
334.038
333.646
333.245
332.836
332.42
332
331.579
331.156
330.734
330.315
329.899
329.488
329.082
328.683
328.291
327.907
327.531
327.164
326.806
326.457
326.118
325.788
325.467
325.156
324.854
324.562
324.278
324.004
323.738
323.481
323.233
322.992
322.759
322.534
322.315
322.104
321.899
321.701
321.508
321.321
321.139
320.963
320.791
320.623
320.46
320.301
320.146
319.993
319.845
319.699
319.555
319.415
319.276
319.14
319.006
318.874
318.743
318.613
318.485
318.358
318.232
318.107
317.983
317.86
317.737
317.614
317.492
317.37
317.249
317.127
317.006
316.885
316.764
316.642
316.521
316.4
316.278
316.157
316.035
321.323
321.426
321.534
321.647
321.765
321.888
322.017
322.151
322.291
322.437
322.589
322.748
322.912
323.084
323.262
323.447
323.638
323.837
324.043
324.256
324.477
324.704
324.939
325.182
325.432
325.689
325.954
326.225
326.504
326.789
327.082
327.38
327.685
327.996
328.312
328.633
328.959
329.29
329.623
329.96
330.299
330.64
330.982
331.324
331.665
332.005
332.342
332.676
333.005
333.328
333.644
333.953
334.252
334.541
334.819
335.083
335.333
335.568
335.787
335.987
336.169
336.33
336.47
336.588
336.682
336.753
336.798
336.818
336.812
336.779
336.719
336.633
336.521
336.382
336.217
336.028
335.815
335.578
335.32
335.042
334.745
334.431
334.101
333.758
333.404
333.039
332.667
332.289
331.906
331.52
331.133
330.747
330.361
329.979
329.6
329.226
328.858
328.495
328.14
327.791
327.451
327.118
326.793
326.476
326.168
325.868
325.577
325.295
325.02
324.754
324.496
324.246
324.003
323.767
323.539
323.318
323.103
322.895
322.693
322.497
322.306
322.121
321.94
321.765
321.593
321.426
321.263
321.104
320.948
320.795
320.646
320.499
320.355
320.213
320.073
319.936
319.8
319.666
319.533
319.402
319.272
319.143
319.015
318.888
318.762
318.636
318.511
318.386
318.262
318.137
318.013
317.89
317.766
317.642
317.518
317.394
317.269
317.145
317.021
316.896
316.772
322.269
322.359
322.453
322.552
322.655
322.763
322.875
322.991
323.113
323.24
323.372
323.509
323.652
323.8
323.954
324.114
324.28
324.451
324.629
324.813
325.003
325.2
325.403
325.613
325.828
326.051
326.279
326.514
326.755
327.002
327.255
327.514
327.779
328.049
328.324
328.605
328.889
329.178
329.47
329.766
330.064
330.365
330.667
330.97
331.273
331.576
331.878
332.178
332.474
332.767
333.055
333.337
333.612
333.88
334.138
334.386
334.624
334.849
335.06
335.257
335.438
335.603
335.75
335.878
335.986
336.074
336.141
336.185
336.206
336.205
336.179
336.13
336.057
335.961
335.84
335.697
335.532
335.344
335.136
334.909
334.663
334.4
334.121
333.829
333.524
333.208
332.883
332.55
332.211
331.868
331.521
331.173
330.825
330.477
330.13
329.787
329.447
329.112
328.781
328.457
328.138
327.826
327.52
327.221
326.93
326.645
326.368
326.098
325.836
325.58
325.332
325.091
324.856
324.628
324.406
324.191
323.981
323.778
323.58
323.387
323.199
323.016
322.838
322.664
322.494
322.328
322.165
322.006
321.85
321.698
321.547
321.4
321.255
321.112
320.971
320.832
320.695
320.559
320.425
320.291
320.159
320.028
319.898
319.769
319.64
319.512
319.384
319.257
319.13
319.003
318.876
318.749
318.622
318.495
318.368
318.241
318.113
317.985
317.857
317.729
317.602
323.339
323.419
323.502
323.589
323.68
323.774
323.872
323.974
324.08
324.19
324.305
324.424
324.548
324.676
324.809
324.947
325.09
325.238
325.391
325.549
325.712
325.881
326.055
326.235
326.42
326.61
326.805
327.006
327.213
327.424
327.641
327.863
328.089
328.321
328.557
328.797
329.041
329.289
329.54
329.795
330.052
330.312
330.573
330.835
331.099
331.362
331.625
331.887
332.147
332.405
332.659
332.909
333.154
333.393
333.626
333.85
334.066
334.273
334.469
334.653
334.825
334.983
335.127
335.255
335.368
335.463
335.54
335.599
335.639
335.658
335.658
335.637
335.596
335.534
335.451
335.347
335.224
335.081
334.919
334.739
334.542
334.328
334.1
333.857
333.602
333.336
333.061
332.776
332.485
332.188
331.886
331.581
331.274
330.965
330.657
330.35
330.044
329.741
329.441
329.145
328.854
328.567
328.285
328.008
327.738
327.472
327.213
326.96
326.713
326.471
326.236
326.007
325.783
325.565
325.352
325.145
324.943
324.746
324.553
324.366
324.182
324.003
323.828
323.657
323.489
323.325
323.164
323.006
322.851
322.698
322.548
322.4
322.254
322.111
321.969
321.829
321.69
321.553
321.416
321.281
321.147
321.014
320.882
320.75
320.619
320.488
320.358
320.227
320.097
319.968
319.838
319.708
319.578
319.447
319.316
319.185
319.054
318.922
318.789
318.656
318.523
324.519
324.59
324.664
324.74
324.82
324.903
324.989
325.078
325.171
325.267
325.367
325.47
325.577
325.687
325.802
325.921
326.043
326.17
326.3
326.435
326.575
326.718
326.866
327.018
327.175
327.336
327.501
327.671
327.845
328.023
328.206
328.393
328.584
328.778
328.977
329.179
329.384
329.593
329.804
330.019
330.235
330.454
330.674
330.896
331.118
331.341
331.564
331.786
332.008
332.227
332.445
332.659
332.869
333.076
333.277
333.473
333.661
333.843
334.016
334.181
334.335
334.479
334.612
334.732
334.839
334.933
335.012
335.077
335.125
335.158
335.173
335.172
335.154
335.118
335.065
334.994
334.906
334.8
334.679
334.541
334.388
334.221
334.039
333.845
333.639
333.422
333.196
332.96
332.718
332.469
332.214
331.956
331.693
331.429
331.163
330.896
330.63
330.364
330.1
329.837
329.578
329.321
329.068
328.818
328.573
328.331
328.094
327.862
327.634
327.41
327.191
326.977
326.767
326.562
326.361
326.165
325.973
325.784
325.6
325.419
325.243
325.069
324.899
324.732
324.568
324.407
324.248
324.092
323.939
323.788
323.638
323.491
323.345
323.201
323.059
322.918
322.778
322.639
322.502
322.365
322.229
322.094
321.959
321.825
321.691
321.558
321.425
321.291
321.159
321.025
320.892
320.759
320.625
320.491
320.357
320.222
320.086
319.949
319.811
319.672
319.532
325.781
325.844
325.91
325.978
326.048
326.121
326.197
326.275
326.356
326.439
326.525
326.614
326.706
326.801
326.899
327
327.104
327.212
327.322
327.436
327.553
327.674
327.798
327.925
328.055
328.189
328.327
328.468
328.612
328.759
328.91
329.064
329.221
329.381
329.544
329.709
329.878
330.049
330.222
330.397
330.574
330.753
330.933
331.115
331.297
331.479
331.662
331.845
332.026
332.207
332.386
332.563
332.737
332.908
333.076
333.239
333.397
333.549
333.695
333.835
333.967
334.091
334.206
334.311
334.407
334.492
334.566
334.628
334.678
334.715
334.739
334.749
334.746
334.728
334.696
334.65
334.59
334.516
334.428
334.327
334.212
334.085
333.947
333.796
333.636
333.465
333.286
333.098
332.904
332.702
332.496
332.284
332.068
331.85
331.628
331.405
331.181
330.956
330.731
330.507
330.283
330.061
329.841
329.623
329.407
329.193
328.982
328.775
328.57
328.368
328.17
327.974
327.782
327.593
327.408
327.225
327.046
326.869
326.695
326.524
326.356
326.191
326.027
325.867
325.708
325.552
325.398
325.245
325.095
324.946
324.798
324.652
324.508
324.364
324.222
324.081
323.941
323.801
323.662
323.524
323.387
323.25
323.113
322.977
322.841
322.705
322.569
322.433
322.297
322.161
322.025
321.888
321.751
321.613
321.475
321.335
321.195
321.053
320.91
320.765
320.617
327.083
327.139
327.197
327.258
327.32
327.383
327.449
327.517
327.587
327.658
327.732
327.808
327.887
327.967
328.05
328.135
328.222
328.312
328.404
328.498
328.595
328.694
328.796
328.9
329.007
329.116
329.228
329.342
329.458
329.577
329.699
329.822
329.948
330.076
330.206
330.337
330.471
330.607
330.744
330.883
331.023
331.164
331.306
331.449
331.593
331.736
331.88
332.024
332.167
332.309
332.45
332.589
332.727
332.862
332.994
333.123
333.249
333.37
333.487
333.599
333.706
333.807
333.901
333.988
334.067
334.139
334.202
334.256
334.301
334.337
334.362
334.377
334.382
334.375
334.358
334.33
334.291
334.24
334.179
334.107
334.025
333.932
333.83
333.719
333.598
333.469
333.333
333.189
333.039
332.883
332.722
332.556
332.386
332.212
332.035
331.856
331.675
331.492
331.308
331.123
330.939
330.754
330.569
330.385
330.202
330.02
329.839
329.66
329.482
329.306
329.131
328.958
328.787
328.618
328.45
328.285
328.121
327.959
327.799
327.64
327.483
327.328
327.174
327.022
326.871
326.722
326.573
326.426
326.28
326.135
325.992
325.848
325.706
325.565
325.424
325.283
325.143
325.004
324.865
324.726
324.588
324.45
324.312
324.174
324.036
323.898
323.76
323.621
323.483
323.344
323.204
323.065
322.924
322.783
322.641
322.497
322.352
322.206
322.057
321.905
321.75
328.361
328.411
328.462
328.515
328.568
328.624
328.68
328.738
328.798
328.859
328.921
328.985
329.051
329.118
329.186
329.256
329.328
329.402
329.477
329.553
329.631
329.711
329.793
329.876
329.961
330.048
330.136
330.226
330.317
330.41
330.505
330.601
330.698
330.797
330.897
330.998
331.101
331.204
331.309
331.414
331.521
331.628
331.735
331.843
331.951
332.059
332.167
332.275
332.382
332.488
332.593
332.698
332.8
332.901
333
333.097
333.191
333.282
333.37
333.454
333.534
333.61
333.682
333.748
333.81
333.865
333.915
333.958
333.995
334.024
334.047
334.061
334.069
334.068
334.059
334.043
334.018
333.985
333.943
333.894
333.837
333.772
333.7
333.62
333.534
333.441
333.341
333.236
333.125
333.01
332.889
332.764
332.636
332.504
332.369
332.231
332.091
331.948
331.804
331.659
331.512
331.364
331.216
331.067
330.918
330.768
330.619
330.469
330.32
330.171
330.022
329.874
329.726
329.579
329.432
329.286
329.141
328.996
328.852
328.708
328.565
328.422
328.28
328.139
327.998
327.857
327.717
327.577
327.437
327.298
327.159
327.021
326.882
326.744
326.606
326.467
326.329
326.191
326.053
325.915
325.776
325.638
325.499
325.36
325.221
325.082
324.942
324.802
324.661
324.52
324.378
324.235
324.092
323.948
323.802
323.655
323.507
323.356
323.202
323.045
322.882
329.526
329.57
329.615
329.66
329.706
329.754
329.802
329.851
329.901
329.952
330.004
330.057
330.11
330.165
330.221
330.278
330.336
330.395
330.454
330.515
330.577
330.64
330.704
330.769
330.835
330.901
330.969
331.038
331.107
331.178
331.249
331.321
331.394
331.468
331.542
331.617
331.693
331.769
331.845
331.922
332
332.077
332.155
332.232
332.31
332.387
332.464
332.541
332.617
332.692
332.767
332.84
332.913
332.984
333.053
333.121
333.187
333.251
333.312
333.371
333.428
333.481
333.531
333.578
333.621
333.661
333.696
333.727
333.754
333.775
333.792
333.804
333.811
333.812
333.807
333.797
333.781
333.76
333.733
333.7
333.662
333.618
333.568
333.514
333.454
333.389
333.32
333.246
333.168
333.085
332.999
332.909
332.816
332.72
332.621
332.519
332.415
332.308
332.199
332.089
331.977
331.863
331.747
331.631
331.513
331.394
331.274
331.153
331.031
330.909
330.786
330.662
330.537
330.412
330.287
330.16
330.034
329.907
329.779
329.651
329.523
329.394
329.265
329.135
329.005
328.875
328.744
328.613
328.481
328.349
328.216
328.083
327.95
327.816
327.682
327.547
327.412
327.276
327.14
327.003
326.866
326.728
326.59
326.451
326.312
326.172
326.031
325.89
325.748
325.605
325.462
325.317
325.172
325.025
324.877
324.728
324.576
324.422
324.264
324.102
323.933
330.463
330.502
330.54
330.58
330.62
330.66
330.701
330.743
330.785
330.827
330.871
330.914
330.959
331.004
331.049
331.095
331.142
331.189
331.236
331.285
331.333
331.383
331.432
331.483
331.533
331.584
331.636
331.688
331.741
331.793
331.847
331.9
331.954
332.008
332.062
332.117
332.172
332.226
332.281
332.336
332.391
332.446
332.5
332.555
332.609
332.662
332.716
332.769
332.821
332.872
332.923
332.973
333.022
333.069
333.116
333.161
333.205
333.248
333.289
333.328
333.365
333.4
333.433
333.464
333.492
333.517
333.54
333.561
333.578
333.592
333.603
333.611
333.615
333.615
333.612
333.606
333.595
333.581
333.563
333.541
333.515
333.485
333.452
333.415
333.374
333.33
333.283
333.232
333.177
333.12
333.06
332.996
332.93
332.861
332.789
332.715
332.639
332.56
332.479
332.396
332.311
332.223
332.134
332.044
331.951
331.857
331.761
331.663
331.564
331.464
331.362
331.258
331.153
331.047
330.939
330.83
330.72
330.609
330.496
330.382
330.267
330.15
330.033
329.914
329.794
329.673
329.552
329.428
329.304
329.179
329.053
328.926
328.798
328.669
328.539
328.408
328.276
328.143
328.009
327.875
327.739
327.603
327.466
327.328
327.189
327.049
326.908
326.767
326.624
326.481
326.336
326.191
326.045
325.897
325.747
325.596
325.443
325.287
325.126
324.961
324.787
331.027
331.062
331.097
331.133
331.169
331.205
331.241
331.278
331.315
331.353
331.391
331.429
331.468
331.506
331.546
331.585
331.625
331.665
331.705
331.746
331.786
331.827
331.869
331.91
331.952
331.994
332.036
332.078
332.12
332.163
332.205
332.248
332.29
332.333
332.375
332.418
332.46
332.502
332.544
332.586
332.628
332.669
332.71
332.751
332.791
332.831
332.87
332.909
332.947
332.985
333.021
333.057
333.092
333.126
333.159
333.191
333.222
333.252
333.28
333.307
333.333
333.357
333.379
333.4
333.419
333.436
333.452
333.465
333.476
333.485
333.492
333.496
333.498
333.498
333.495
333.49
333.481
333.471
333.457
333.441
333.422
333.4
333.376
333.348
333.319
333.286
333.251
333.213
333.172
333.129
333.084
333.035
332.985
332.932
332.876
332.818
332.758
332.695
332.631
332.564
332.494
332.423
332.35
332.274
332.197
332.117
332.035
331.952
331.866
331.779
331.689
331.598
331.505
331.41
331.313
331.215
331.115
331.013
330.909
330.804
330.697
330.588
330.478
330.366
330.253
330.138
330.022
329.904
329.785
329.665
329.543
329.42
329.295
329.169
329.042
328.914
328.784
328.654
328.522
328.389
328.255
328.12
327.983
327.846
327.708
327.568
327.428
327.286
327.144
327
326.856
326.71
326.563
326.415
326.265
326.113
325.959
325.801
325.64
325.472
325.296
311.624
311.332
311.044
310.762
310.486
310.217
309.955
309.7
309.453
309.213
308.981
308.756
308.537
308.325
308.119
307.918
307.722
307.531
307.345
307.161
306.981
306.804
306.628
306.454
306.282
306.11
305.938
305.767
305.596
305.424
305.252
305.079
304.906
304.732
304.559
304.385
304.213
304.042
303.873
303.708
303.549
303.395
303.25
303.115
302.992
302.883
302.789
302.714
302.657
302.62
302.601
311.625
311.332
311.045
310.763
310.486
310.217
309.955
309.7
309.453
309.214
308.981
308.756
308.537
308.325
308.119
307.918
307.723
307.532
307.345
307.162
306.981
306.804
306.628
306.455
306.282
306.11
305.939
305.767
305.596
305.424
305.252
305.079
304.906
304.733
304.559
304.386
304.213
304.042
303.874
303.709
303.549
303.396
303.251
303.115
302.992
302.883
302.79
302.715
302.658
302.621
302.602
311.625
311.333
311.046
310.763
310.487
310.218
309.956
309.701
309.454
309.214
308.982
308.756
308.538
308.326
308.12
307.919
307.723
307.532
307.346
307.162
306.982
306.805
306.629
306.455
306.283
306.111
305.939
305.768
305.597
305.425
305.253
305.08
304.907
304.734
304.56
304.387
304.214
304.043
303.875
303.71
303.551
303.397
303.252
303.117
302.994
302.885
302.792
302.716
302.66
302.622
302.604
311.627
311.334
311.047
310.765
310.489
310.219
309.957
309.702
309.455
309.215
308.983
308.758
308.539
308.327
308.121
307.92
307.725
307.534
307.347
307.164
306.983
306.806
306.63
306.457
306.284
306.112
305.941
305.77
305.598
305.427
305.255
305.082
304.909
304.735
304.562
304.389
304.216
304.046
303.877
303.713
303.553
303.4
303.254
303.119
302.996
302.888
302.795
302.719
302.663
302.625
302.607
311.629
311.336
311.049
310.767
310.491
310.221
309.959
309.704
309.457
309.217
308.985
308.76
308.541
308.329
308.123
307.922
307.726
307.535
307.349
307.165
306.985
306.808
306.632
306.459
306.286
306.114
305.943
305.772
305.601
305.429
305.257
305.085
304.912
304.738
304.565
304.392
304.219
304.049
303.881
303.716
303.556
303.403
303.258
303.123
303.001
302.892
302.799
302.724
302.667
302.63
302.612
311.632
311.34
311.052
310.77
310.494
310.224
309.962
309.707
309.46
309.22
308.988
308.762
308.544
308.331
308.125
307.925
307.729
307.538
307.351
307.168
306.988
306.811
306.635
306.462
306.289
306.118
305.946
305.775
305.604
305.433
305.261
305.089
304.916
304.743
304.569
304.396
304.224
304.054
303.886
303.721
303.562
303.409
303.264
303.129
303.006
302.898
302.805
302.73
302.673
302.636
302.618
311.636
311.344
311.056
310.774
310.498
310.228
309.966
309.711
309.464
309.224
308.992
308.766
308.548
308.335
308.129
307.928
307.733
307.542
307.355
307.172
306.992
306.815
306.64
306.466
306.294
306.122
305.951
305.78
305.609
305.438
305.266
305.094
304.921
304.749
304.575
304.403
304.231
304.06
303.893
303.728
303.569
303.416
303.271
303.137
303.014
302.905
302.813
302.738
302.681
302.644
302.626
311.642
311.35
311.062
310.78
310.503
310.234
309.971
309.717
309.469
309.229
308.997
308.771
308.553
308.341
308.134
307.934
307.738
307.547
307.361
307.178
306.998
306.821
306.645
306.472
306.3
306.128
305.958
305.787
305.616
305.445
305.274
305.102
304.929
304.757
304.584
304.411
304.24
304.07
303.902
303.738
303.579
303.426
303.282
303.147
303.024
302.916
302.823
302.748
302.692
302.655
302.637
311.649
311.358
311.07
310.788
310.511
310.241
309.979
309.724
309.477
309.237
309.004
308.779
308.56
308.348
308.142
307.941
307.746
307.555
307.368
307.185
307.005
306.828
306.653
306.48
306.308
306.137
305.966
305.796
305.626
305.455
305.284
305.112
304.94
304.768
304.595
304.423
304.252
304.082
303.914
303.751
303.592
303.439
303.295
303.16
303.038
302.929
302.837
302.762
302.705
302.669
302.651
311.659
311.368
311.08
310.798
310.521
310.251
309.989
309.734
309.486
309.246
309.014
308.788
308.569
308.357
308.151
307.95
307.755
307.564
307.378
307.195
307.016
306.839
306.664
306.491
306.319
306.148
305.978
305.808
305.638
305.468
305.297
305.126
304.954
304.782
304.61
304.438
304.267
304.097
303.93
303.767
303.608
303.456
303.311
303.177
303.054
302.946
302.853
302.779
302.722
302.686
302.668
311.673
311.382
311.094
310.811
310.534
310.264
310.002
309.747
309.499
309.259
309.026
308.801
308.582
308.37
308.163
307.963
307.768
307.577
307.391
307.208
307.029
306.852
306.678
306.505
306.333
306.163
305.993
305.823
305.654
305.484
305.314
305.143
304.972
304.8
304.628
304.457
304.286
304.117
303.95
303.787
303.629
303.476
303.332
303.198
303.075
302.967
302.874
302.799
302.743
302.706
302.688
311.69
311.399
311.111
310.828
310.551
310.281
310.018
309.763
309.515
309.275
309.042
308.817
308.598
308.386
308.179
307.979
307.784
307.593
307.407
307.225
307.046
306.869
306.695
306.523
306.352
306.182
306.012
305.843
305.674
305.505
305.335
305.165
304.994
304.823
304.652
304.481
304.311
304.142
303.976
303.813
303.654
303.502
303.358
303.224
303.101
302.992
302.9
302.825
302.769
302.732
302.714
311.712
311.422
311.134
310.85
310.573
310.303
310.04
309.784
309.536
309.296
309.063
308.837
308.618
308.406
308.2
308
307.804
307.614
307.428
307.246
307.067
306.891
306.717
306.545
306.375
306.205
306.036
305.868
305.699
305.531
305.362
305.192
305.022
304.852
304.681
304.511
304.341
304.173
304.007
303.844
303.686
303.534
303.389
303.255
303.132
303.024
302.931
302.856
302.8
302.763
302.745
311.74
311.45
311.162
310.878
310.601
310.33
310.067
309.811
309.563
309.323
309.089
308.864
308.645
308.432
308.226
308.026
307.83
307.64
307.454
307.273
307.094
306.918
306.745
306.574
306.404
306.235
306.067
305.899
305.731
305.563
305.395
305.226
305.057
304.887
304.717
304.547
304.378
304.21
304.045
303.882
303.724
303.572
303.428
303.293
303.17
303.061
302.968
302.893
302.837
302.8
302.782
311.776
311.486
311.198
310.914
310.636
310.365
310.101
309.845
309.597
309.356
309.122
308.896
308.677
308.465
308.258
308.058
307.863
307.673
307.487
307.306
307.128
306.952
306.779
306.609
306.439
306.271
306.104
305.937
305.77
305.603
305.435
305.267
305.099
304.93
304.761
304.592
304.423
304.256
304.091
303.928
303.77
303.618
303.474
303.339
303.216
303.106
303.013
302.938
302.881
302.844
302.826
311.821
311.531
311.242
310.958
310.679
310.408
310.144
309.887
309.639
309.397
309.164
308.937
308.718
308.505
308.299
308.098
307.903
307.713
307.528
307.347
307.169
306.994
306.822
306.652
306.483
306.316
306.149
305.983
305.817
305.651
305.484
305.317
305.15
304.982
304.814
304.645
304.478
304.311
304.146
303.984
303.826
303.674
303.529
303.394
303.27
303.16
303.066
302.99
302.934
302.897
302.878
311.877
311.586
311.297
311.012
310.734
310.461
310.197
309.94
309.69
309.449
309.215
308.988
308.768
308.555
308.348
308.148
307.953
307.763
307.578
307.397
307.219
307.045
306.873
306.704
306.536
306.37
306.204
306.039
305.874
305.709
305.543
305.378
305.211
305.044
304.877
304.71
304.542
304.376
304.212
304.05
303.892
303.739
303.594
303.458
303.334
303.223
303.129
303.053
302.996
302.959
302.94
311.946
311.655
311.365
311.08
310.8
310.527
310.262
310.004
309.754
309.512
309.277
309.05
308.829
308.616
308.409
308.208
308.013
307.823
307.638
307.458
307.28
307.107
306.936
306.767
306.6
306.434
306.27
306.106
305.942
305.778
305.614
305.45
305.285
305.119
304.953
304.786
304.62
304.454
304.29
304.128
303.97
303.817
303.672
303.535
303.41
303.298
303.203
303.126
303.069
303.031
303.013
312.03
311.739
311.449
311.162
310.882
310.608
310.342
310.083
309.832
309.589
309.353
309.125
308.904
308.69
308.483
308.282
308.086
307.896
307.711
307.531
307.354
307.181
307.011
306.843
306.677
306.512
306.349
306.186
306.023
305.861
305.698
305.535
305.371
305.207
305.042
304.876
304.711
304.546
304.382
304.22
304.062
303.909
303.762
303.625
303.498
303.386
303.289
303.211
303.153
303.116
303.097
312.133
311.842
311.55
311.262
310.98
310.706
310.438
310.178
309.926
309.682
309.445
309.216
308.994
308.78
308.572
308.37
308.174
307.984
307.799
307.619
307.442
307.27
307.1
306.933
306.768
306.604
306.442
306.281
306.12
305.959
305.798
305.636
305.474
305.311
305.147
304.983
304.818
304.654
304.49
304.329
304.17
304.016
303.869
303.73
303.602
303.488
303.39
303.311
303.252
303.214
303.195
312.259
311.965
311.672
311.383
311.1
310.824
310.555
310.293
310.04
309.794
309.556
309.326
309.103
308.887
308.678
308.476
308.279
308.089
307.904
307.723
307.547
307.375
307.206
307.04
306.876
306.714
306.553
306.393
306.233
306.074
305.915
305.755
305.594
305.433
305.271
305.107
304.944
304.78
304.617
304.455
304.296
304.141
303.992
303.852
303.722
303.606
303.506
303.426
303.366
303.327
303.308
312.409
312.114
311.819
311.529
311.243
310.965
310.694
310.431
310.176
309.928
309.689
309.457
309.232
309.015
308.805
308.602
308.405
308.214
308.028
307.848
307.672
307.5
307.331
307.166
307.003
306.842
306.683
306.525
306.367
306.209
306.052
305.894
305.735
305.575
305.414
305.252
305.09
304.927
304.764
304.602
304.442
304.286
304.136
303.993
303.861
303.742
303.64
303.558
303.497
303.457
303.437
312.59
312.293
311.995
311.702
311.415
311.134
310.861
310.596
310.338
310.089
309.847
309.613
309.386
309.168
308.956
308.751
308.553
308.361
308.175
307.994
307.818
307.647
307.479
307.314
307.153
306.993
306.835
306.679
306.523
306.367
306.212
306.056
305.899
305.741
305.582
305.421
305.259
305.097
304.934
304.772
304.611
304.454
304.301
304.156
304.021
303.899
303.794
303.709
303.646
303.606
303.585
312.805
312.505
312.205
311.909
311.619
311.335
311.059
310.791
310.531
310.279
310.034
309.798
309.569
309.348
309.134
308.928
308.728
308.535
308.348
308.167
307.991
307.819
307.652
307.488
307.327
307.169
307.013
306.858
306.704
306.551
306.397
306.243
306.089
305.932
305.775
305.615
305.455
305.293
305.13
304.968
304.806
304.647
304.492
304.343
304.205
304.079
303.97
303.881
303.816
303.773
303.751
313.06
312.756
312.452
312.153
311.86
311.573
311.294
311.022
310.759
310.503
310.256
310.016
309.785
309.561
309.345
309.136
308.935
308.74
308.552
308.369
308.193
308.021
307.854
307.691
307.531
307.374
307.219
307.066
306.914
306.763
306.611
306.46
306.307
306.153
305.997
305.839
305.679
305.518
305.355
305.192
305.029
304.867
304.709
304.557
304.414
304.283
304.169
304.076
304.007
303.962
303.939
313.361
313.052
312.744
312.441
312.144
311.853
311.57
311.295
311.027
310.768
310.516
310.273
310.038
309.811
309.592
309.38
309.176
308.979
308.789
308.606
308.428
308.256
308.089
307.926
307.767
307.611
307.458
307.306
307.156
307.007
306.858
306.709
306.558
306.406
306.251
306.095
305.936
305.775
305.612
305.448
305.283
305.119
304.957
304.8
304.651
304.515
304.394
304.295
304.221
304.173
304.148
313.714
313.4
313.087
312.779
312.477
312.182
311.894
311.614
311.342
311.077
310.822
310.574
310.335
310.103
309.88
309.666
309.458
309.259
309.067
308.881
308.702
308.529
308.361
308.198
308.04
307.884
307.732
307.582
307.434
307.287
307.14
306.992
306.844
306.693
306.541
306.385
306.228
306.067
305.903
305.738
305.571
305.403
305.237
305.075
304.92
304.775
304.647
304.541
304.46
304.407
304.379
314.127
313.806
313.487
313.173
312.866
312.565
312.272
311.987
311.709
311.439
311.178
310.925
310.681
310.445
310.217
309.998
309.787
309.584
309.388
309.2
309.019
308.844
308.676
308.512
308.353
308.198
308.047
307.898
307.751
307.605
307.461
307.315
307.168
307.019
306.868
306.714
306.557
306.396
306.232
306.065
305.895
305.724
305.553
305.384
305.221
305.068
304.93
304.813
304.724
304.665
304.633
314.607
314.277
313.952
313.632
313.318
313.011
312.712
312.42
312.136
311.86
311.593
311.334
311.083
310.841
310.608
310.384
310.168
309.96
309.761
309.569
309.385
309.208
309.037
308.872
308.712
308.557
308.406
308.257
308.111
307.967
307.823
307.679
307.534
307.386
307.236
307.083
306.926
306.765
306.6
306.431
306.258
306.083
305.906
305.729
305.557
305.393
305.244
305.115
305.015
304.947
304.91
315.162
314.823
314.489
314.162
313.841
313.527
313.22
312.921
312.63
312.347
312.072
311.806
311.548
311.3
311.06
310.829
310.607
310.394
310.189
309.993
309.805
309.624
309.45
309.282
309.121
308.964
308.812
308.664
308.518
308.374
308.231
308.088
307.943
307.796
307.647
307.494
307.337
307.175
307.009
306.838
306.661
306.481
306.297
306.113
305.93
305.754
305.59
305.447
305.332
305.252
305.21
315.799
315.449
315.106
314.77
314.441
314.119
313.805
313.498
313.198
312.907
312.624
312.349
312.084
311.827
311.579
311.341
311.111
310.891
310.68
310.478
310.284
310.098
309.92
309.749
309.584
309.425
309.271
309.12
308.973
308.829
308.686
308.542
308.397
308.251
308.101
307.948
307.79
307.627
307.459
307.285
307.105
306.919
306.729
306.535
306.34
306.15
305.97
305.809
305.677
305.583
305.531
316.524
316.162
315.809
315.464
315.126
314.795
314.471
314.155
313.846
313.546
313.254
312.97
312.695
312.429
312.172
311.924
311.686
311.458
311.238
311.028
310.827
310.635
310.451
310.274
310.104
309.941
309.783
309.63
309.481
309.334
309.189
309.044
308.898
308.75
308.599
308.444
308.285
308.121
307.951
307.773
307.589
307.397
307.199
306.995
306.788
306.582
306.384
306.203
306.05
305.937
305.875
317.34
316.966
316.602
316.247
315.899
315.558
315.224
314.898
314.579
314.269
313.966
313.672
313.386
313.109
312.842
312.584
312.336
312.097
311.868
311.649
311.439
311.238
311.046
310.862
310.685
310.516
310.352
310.194
310.04
309.889
309.74
309.592
309.443
309.292
309.139
308.982
308.821
308.654
308.48
308.299
308.11
307.912
307.706
307.491
307.271
307.05
306.832
306.628
306.45
306.316
306.24
318.247
317.862
317.487
317.121
316.762
316.41
316.065
315.728
315.398
315.076
314.762
314.456
314.159
313.871
313.592
313.322
313.062
312.812
312.571
312.341
312.12
311.908
311.706
311.512
311.326
311.148
310.977
310.811
310.65
310.493
310.338
310.184
310.03
309.875
309.718
309.557
309.391
309.22
309.043
308.857
308.663
308.459
308.244
308.02
307.787
307.548
307.31
307.082
306.878
306.718
306.625
319.24
318.845
318.458
318.08
317.709
317.346
316.989
316.64
316.299
315.965
315.638
315.32
315.01
314.709
314.417
314.135
313.861
313.598
313.344
313.101
312.867
312.642
312.427
312.222
312.024
311.835
311.652
311.477
311.306
311.14
310.977
310.815
310.654
310.492
310.328
310.161
309.99
309.814
309.632
309.441
309.24
309.029
308.807
308.572
308.326
308.072
307.813
307.56
307.328
307.14
307.029
320.308
319.9
319.502
319.111
318.728
318.352
317.984
317.622
317.268
316.921
316.582
316.251
315.928
315.613
315.307
315.01
314.723
314.445
314.177
313.918
313.669
313.43
313.201
312.981
312.769
312.566
312.37
312.181
311.999
311.821
311.647
311.474
311.303
311.132
310.96
310.785
310.607
310.424
310.234
310.037
309.83
309.612
309.382
309.138
308.88
308.61
308.332
308.055
307.795
307.578
307.445
321.422
321.002
320.591
320.188
319.792
319.403
319.022
318.647
318.28
317.921
317.568
317.224
316.887
316.558
316.238
315.927
315.624
315.331
315.047
314.773
314.508
314.253
314.007
313.77
313.543
313.323
313.112
312.908
312.711
312.519
312.331
312.145
311.962
311.779
311.596
311.411
311.224
311.032
310.835
310.63
310.416
310.191
309.953
309.7
309.432
309.148
308.852
308.553
308.266
308.021
307.865
322.535
322.102
321.678
321.262
320.853
320.452
320.058
319.671
319.292
318.919
318.554
318.197
317.847
317.504
317.17
316.844
316.527
316.218
315.919
315.628
315.347
315.074
314.812
314.558
314.313
314.076
313.848
313.627
313.413
313.205
313.001
312.801
312.603
312.407
312.212
312.016
311.817
311.616
311.41
311.197
310.975
310.742
310.497
310.236
309.959
309.664
309.354
309.036
308.725
308.453
308.274
323.568
323.123
322.687
322.259
321.839
321.426
321.021
320.623
320.232
319.848
319.471
319.101
318.739
318.385
318.038
317.699
317.368
317.045
316.73
316.425
316.128
315.84
315.56
315.29
315.028
314.774
314.529
314.291
314.06
313.836
313.616
313.401
313.188
312.978
312.77
312.561
312.352
312.14
311.925
311.703
311.474
311.235
310.983
310.716
310.431
310.128
309.807
309.474
309.144
308.849
308.648
324.407
323.953
323.508
323.07
322.641
322.218
321.804
321.396
320.996
320.603
320.217
319.839
319.467
319.102
318.745
318.396
318.054
317.72
317.394
317.076
316.766
316.464
316.172
315.887
315.611
315.343
315.083
314.831
314.585
314.346
314.113
313.884
313.658
313.436
313.216
312.997
312.778
312.557
312.333
312.105
311.869
311.624
311.368
311.096
310.807
310.499
310.172
309.829
309.485
309.172
308.954
324.908
324.448
323.997
323.554
323.119
322.691
322.271
321.859
321.453
321.055
320.663
320.279
319.902
319.532
319.169
318.813
318.465
318.124
317.791
317.465
317.148
316.839
316.538
316.245
315.96
315.683
315.414
315.152
314.898
314.65
314.408
314.17
313.937
313.707
313.48
313.255
313.029
312.803
312.574
312.342
312.102
311.854
311.595
311.322
311.031
310.721
310.39
310.043
309.693
309.37
309.141
)
;

boundaryField
{
    inlet
    {
        type            fixedValue;
        value           uniform 300;
    }
    outlet
    {
        type            zeroGradient;
    }
    top
    {
        type            zeroGradient;
    }
    slip-bottom
    {
        type            zeroGradient;
    }
    bottom
    {
        type            zeroGradient;
    }
    interface
    {
        type            fixedGradient;
        gradient        nonuniform List<scalar> 
161
(
2999.99
2999.99
2999.99
2999.99
2999.99
2999.99
2999.99
2999.99
2999.99
2999.99
2999.99
2999.99
2999.99
2999.99
2999.99
2999.99
2999.99
2999.99
2999.99
2999.99
2.13163e-12
2.13163e-12
2.13163e-12
2.13163e-12
2.13163e-12
2.13163e-12
2.13163e-12
2.13163e-12
2.13163e-12
2.13163e-12
2.13163e-12
2.13163e-12
2.13163e-12
2.13163e-12
2.13163e-12
2.13163e-12
2.13163e-12
2.13163e-12
2.13163e-12
2.13163e-12
6.53699e-13
6.53699e-13
6.53699e-13
6.53699e-13
6.53699e-13
6.53699e-13
6.53699e-13
6.53699e-13
6.53699e-13
6.53699e-13
6.53699e-13
6.53699e-13
6.53699e-13
6.53699e-13
6.53699e-13
6.53699e-13
-2.84217e-14
-2.84217e-14
-2.84217e-14
-2.84217e-14
-2.84217e-14
-2.84217e-14
-2.84217e-14
-2.84217e-14
-2.84217e-14
-2.84217e-14
-2.84217e-14
-2.84217e-14
-2.84217e-14
-2.84217e-14
-2.84217e-14
5.68434e-14
5.68434e-14
5.68434e-14
5.68434e-14
5.68434e-14
5.68434e-14
5.68434e-14
5.68434e-14
5.68434e-14
5.68434e-14
5.68434e-14
5.68434e-14
8.52651e-14
8.52651e-14
8.52651e-14
8.52651e-14
8.52651e-14
8.52651e-14
8.52651e-14
8.52651e-14
8.52651e-14
8.52651e-14
8.52651e-14
-2.84217e-13
-2.84217e-13
-2.84217e-13
-2.84217e-13
-2.84217e-13
-2.84217e-13
-2.84217e-13
-2.84217e-13
-2.84217e-13
-2.84217e-13
1.13687e-12
1.13687e-12
1.13687e-12
1.13687e-12
1.13687e-12
1.13687e-12
1.13687e-12
1.13687e-12
1.13687e-12
4.26326e-13
4.26326e-13
4.26326e-13
4.26326e-13
4.26326e-13
4.26326e-13
4.26326e-13
4.26326e-13
1.16529e-12
1.16529e-12
1.16529e-12
1.16529e-12
1.16529e-12
1.16529e-12
1.16529e-12
1.16529e-12
1.47793e-12
1.47793e-12
1.47793e-12
1.47793e-12
1.47793e-12
1.47793e-12
1.47793e-12
5.68434e-14
5.68434e-14
5.68434e-14
5.68434e-14
5.68434e-14
5.68434e-14
5.68434e-14
2.359e-12
2.359e-12
2.359e-12
2.359e-12
2.359e-12
2.359e-12
1.33582e-12
1.33582e-12
1.33582e-12
1.33582e-12
1.33582e-12
1.33582e-12
-7.67386e-13
-7.67386e-13
-7.67386e-13
-7.67386e-13
-7.67386e-13
-7.67386e-13
)
;
    }
    defaultFaces
    {
        type            empty;
    }
}


// ************************************************************************* //
