/*--------------------------------*- C++ -*----------------------------------*\
  =========                 |
  \\      /  F ield         | OpenFOAM: The Open Source CFD Toolbox
   \\    /   O peration     | Website:  https://openfoam.org
    \\  /    A nd           | Version:  7
     \\/     M anipulation  |
\*---------------------------------------------------------------------------*/
FoamFile
{
    version     2.0;
    format      ascii;
    class       volVectorField;
    location    "3.9";
    object      U;
}
// * * * * * * * * * * * * * * * * * * * * * * * * * * * * * * * * * * * * * //

dimensions      [0 1 -1 0 0 0 0];

internalField   nonuniform List<vector> 
2790
(
(9.94399 0.0205231 0)
(9.87572 0.0295875 0)
(9.77521 0.0359893 0)
(9.64944 0.0425559 0)
(9.50409 0.049385 0)
(9.34007 0.0564279 0)
(9.15655 0.0638153 0)
(8.95264 0.0717109 0)
(8.72748 0.0802544 0)
(8.4801 0.0895726 0)
(8.2093 0.0997925 0)
(7.91368 0.111044 0)
(7.59172 0.123459 0)
(7.24182 0.137164 0)
(6.86238 0.152272 0)
(6.45185 0.16887 0)
(6.00894 0.186997 0)
(5.53276 0.206619 0)
(5.02305 0.227591 0)
(4.48053 0.249612 0)
(3.90725 0.272178 0)
(3.30693 0.294527 0)
(2.68539 0.315623 0)
(2.05072 0.334292 0)
(1.4119 0.350611 0)
(0.798126 0.372887 0)
(0.110837 0.325107 0)
(-0.469552 -0.114837 0)
(-0.453761 -0.29717 0)
(-0.231161 -0.423863 0)
(9.9985 0.0407027 0)
(9.98146 0.0623823 0)
(9.93575 0.0791394 0)
(9.86417 0.0966238 0)
(9.77098 0.115123 0)
(9.65716 0.134487 0)
(9.52207 0.154973 0)
(9.36487 0.176941 0)
(9.18473 0.200705 0)
(8.98069 0.226547 0)
(8.75155 0.254741 0)
(8.49592 0.285557 0)
(8.21224 0.319245 0)
(7.89887 0.356019 0)
(7.55409 0.396016 0)
(7.17626 0.439259 0)
(6.76386 0.485589 0)
(6.31574 0.534584 0)
(5.83134 0.58546 0)
(5.31098 0.636953 0)
(4.75626 0.687204 0)
(4.17053 0.733649 0)
(3.55941 0.772959 0)
(2.93167 0.801102 0)
(2.30006 0.813762 0)
(1.69306 0.807271 0)
(1.10726 0.747285 0)
(0.65896 0.547971 0)
(0.186553 0.224676 0)
(-0.0081989 -0.453702 0)
(9.99559 0.0432065 0)
(9.97556 0.0752708 0)
(9.9318 0.103345 0)
(9.8649 0.132369 0)
(9.77779 0.163057 0)
(9.67155 0.195396 0)
(9.54589 0.229739 0)
(9.40015 0.266599 0)
(9.23367 0.306465 0)
(9.04566 0.349801 0)
(8.83511 0.397065 0)
(8.60084 0.448714 0)
(8.34148 0.505183 0)
(8.05554 0.566854 0)
(7.74143 0.634 0)
(7.3975 0.706719 0)
(7.02218 0.784825 0)
(6.61403 0.867712 0)
(6.17203 0.954183 0)
(5.69574 1.04224 0)
(5.18574 1.12888 0)
(4.64407 1.20979 0)
(4.07491 1.27916 0)
(3.48549 1.32934 0)
(2.88696 1.35011 0)
(2.29957 1.32646 0)
(1.73194 1.22082 0)
(1.21633 0.973066 0)
(0.701197 0.570217 0)
(0.358072 -0.156461 0)
(9.99403 0.0494986 0)
(9.97181 0.0932052 0)
(9.92788 0.13357 0)
(9.86225 0.174207 0)
(9.77694 0.216431 0)
(9.67299 0.260657 0)
(9.55032 0.307425 0)
(9.4085 0.357409 0)
(9.24704 0.411284 0)
(9.06535 0.469697 0)
(8.86271 0.533292 0)
(8.63822 0.602712 0)
(8.39088 0.678578 0)
(8.11956 0.761459 0)
(7.82305 0.851803 0)
(7.50006 0.949855 0)
(7.14931 1.05553 0)
(6.76952 1.16822 0)
(6.35958 1.28658 0)
(5.91869 1.40825 0)
(5.44663 1.52945 0)
(4.94411 1.64467 0)
(4.41328 1.74614 0)
(3.85839 1.82323 0)
(3.28594 1.86139 0)
(2.70651 1.84037 0)
(2.12574 1.72607 0)
(1.55433 1.47795 0)
(0.957996 1.08379 0)
(0.509441 0.502429 0)
(9.99331 0.0572129 0)
(9.96994 0.110957 0)
(9.92593 0.162102 0)
(9.86146 0.213345 0)
(9.77799 0.266353 0)
(9.67635 0.32191 0)
(9.55655 0.380696 0)
(9.41822 0.443481 0)
(9.26098 0.511047 0)
(9.08435 0.584159 0)
(8.88772 0.663574 0)
(8.67041 0.750047 0)
(8.43162 0.844316 0)
(8.17049 0.947062 0)
(7.88612 1.05885 0)
(7.57753 1.18005 0)
(7.24372 1.31066 0)
(6.88368 1.45015 0)
(6.49636 1.59719 0)
(6.08082 1.74929 0)
(5.63626 1.90239 0)
(5.16223 2.0503 0)
(4.65889 2.18417 0)
(4.12734 2.29175 0)
(3.56952 2.35659 0)
(2.989 2.35737 0)
(2.38693 2.26504 0)
(1.76647 2.04775 0)
(1.09004 1.69153 0)
(0.536673 1.15429 0)
(9.99302 0.0655378 0)
(9.96923 0.1287 0)
(9.92556 0.190111 0)
(9.86253 0.25184 0)
(9.78129 0.315574 0)
(9.68245 0.382314 0)
(9.56601 0.452868 0)
(9.43172 0.528093 0)
(9.27921 0.60887 0)
(9.10807 0.696071 0)
(8.91779 0.790563 0)
(8.70776 0.893205 0)
(8.47731 1.00483 0)
(8.22571 1.12623 0)
(7.95219 1.25806 0)
(7.65593 1.40078 0)
(7.33609 1.5545 0)
(6.99171 1.71882 0)
(6.62176 1.89251 0)
(6.2251 2.07318 0)
(5.80038 2.25681 0)
(5.34615 2.43718 0)
(4.86083 2.60518 0)
(4.34283 2.74823 0)
(3.79052 2.84958 0)
(3.2027 2.88826 0)
(2.57668 2.83832 0)
(1.91355 2.67174 0)
(1.1728 2.37416 0)
(0.549991 1.89457 0)
(9.99297 0.0740739 0)
(9.96927 0.146312 0)
(9.92637 0.217481 0)
(9.86509 0.289288 0)
(9.78643 0.363351 0)
(9.69085 0.440821 0)
(9.57835 0.522653 0)
(9.44872 0.609802 0)
(9.30166 0.703243 0)
(9.13679 0.80395 0)
(8.95366 0.912882 0)
(8.75172 1.03099 0)
(8.53036 1.15919 0)
(8.2889 1.29837 0)
(8.02662 1.44926 0)
(7.74273 1.61244 0)
(7.43635 1.78814 0)
(7.10647 1.97611 0)
(6.75188 2.17535 0)
(6.3711 2.38377 0)
(5.96221 2.59769 0)
(5.52276 2.81135 0)
(5.04966 3.01613 0)
(4.53915 3.19997 0)
(3.9868 3.34671 0)
(3.38805 3.43604 0)
(2.73737 3.44342 0)
(2.03634 3.34165 0)
(1.24181 3.11376 0)
(0.563543 2.69336 0)
(9.99306 0.082587 0)
(9.96981 0.163604 0)
(9.92807 0.244047 0)
(9.86885 0.325476 0)
(9.79313 0.409441 0)
(9.70126 0.4972 0)
(9.59323 0.589831 0)
(9.46888 0.688386 0)
(9.32796 0.793927 0)
(9.17015 0.907513 0)
(8.99503 1.03019 0)
(8.80212 1.16301 0)
(8.59083 1.30698 0)
(8.36053 1.46305 0)
(8.11048 1.6321 0)
(7.83984 1.81482 0)
(7.54766 2.01161 0)
(7.23273 2.22245 0)
(6.89358 2.44667 0)
(6.52826 2.68263 0)
(6.1342 2.9273 0)
(5.70798 3.17572 0)
(5.24511 3.42033 0)
(4.73994 3.65019 0)
(4.18564 3.85027 0)
(3.57492 4.00097 0)
(2.89967 4.07803 0)
(2.16223 4.05256 0)
(1.3162 3.90192 0)
(0.583254 3.54041 0)
(9.99326 0.0909272 0)
(9.97072 0.180407 0)
(9.93046 0.269665 0)
(9.87362 0.360238 0)
(9.80118 0.453642 0)
(9.71344 0.551203 0)
(9.61038 0.654103 0)
(9.49188 0.763485 0)
(9.35776 0.880491 0)
(9.20774 1.00626 0)
(9.04146 1.14193 0)
(8.85848 1.28864 0)
(8.65828 1.44748 0)
(8.44023 1.61955 0)
(8.2036 1.80581 0)
(7.94749 2.00715 0)
(7.67083 2.22418 0)
(7.37222 2.4572 0)
(7.04987 2.70598 0)
(6.70136 2.96949 0)
(6.32346 3.24559 0)
(5.91178 3.53047 0)
(5.46052 3.81802 0)
(4.96219 4.09897 0)
(4.4076 4.35989 0)
(3.78659 4.58218 0)
(3.08774 4.74122 0)
(2.31285 4.80467 0)
(1.41074 4.74136 0)
(0.614353 4.44224 0)
(9.99352 0.098991 0)
(9.97191 0.196577 0)
(9.9334 0.294192 0)
(9.87924 0.393413 0)
(9.8104 0.49575 0)
(9.72717 0.602582 0)
(9.62953 0.715174 0)
(9.51741 0.83475 0)
(9.39068 0.962529 0)
(9.24913 1.09973 0)
(9.09246 1.24757 0)
(8.92028 1.40726 0)
(8.73214 1.58003 0)
(8.52743 1.76706 0)
(8.30545 1.9695 0)
(8.06528 2.18842 0)
(7.80576 2.42472 0)
(7.52535 2.67908 0)
(7.22198 2.95183 0)
(6.89286 3.24273 0)
(6.53414 3.5507 0)
(6.14062 3.87341 0)
(5.70522 4.20664 0)
(5.21868 4.54335 0)
(4.66921 4.87245 0)
(4.04309 5.17704 0)
(3.32391 5.43246 0)
(2.50996 5.60221 0)
(1.542 5.64383 0)
(0.664116 5.41843 0)
(9.99384 0.106703 0)
(9.9733 0.211998 0)
(9.9368 0.317499 0)
(9.88558 0.424852 0)
(9.82063 0.535584 0)
(9.74225 0.651114 0)
(9.65044 0.772778 0)
(9.54517 0.901873 0)
(9.42637 1.03968 0)
(9.2939 1.1875 0)
(9.14752 1.34661 0)
(8.98694 1.51832 0)
(8.81175 1.70395 0)
(8.62143 1.90482 0)
(8.41532 2.12225 0)
(8.19254 2.35752 0)
(7.95191 2.61188 0)
(7.69183 2.88645 0)
(7.41011 3.18218 0)
(7.10372 3.49975 0)
(6.76846 3.83936 0)
(6.39848 4.20043 0)
(5.98574 4.58109 0)
(5.5193 4.97727 0)
(4.98463 5.38131 0)
(4.36354 5.77962 0)
(3.63218 6.1493 0)
(2.78037 6.45095 0)
(1.73363 6.62892 0)
(0.744918 6.5036 0)
(9.9942 0.114005 0)
(9.97487 0.226573 0)
(9.94055 0.33947 0)
(9.89252 0.45442 0)
(9.83173 0.572978 0)
(9.75851 0.696603 0)
(9.67288 0.826685 0)
(9.57487 0.964581 0)
(9.46448 1.11164 0)
(9.34161 1.2692 0)
(9.20615 1.43862 0)
(9.05786 1.6213 0)
(8.89644 1.81864 0)
(8.72147 2.0321 0)
(8.53237 2.26317 0)
(8.32837 2.51336 0)
(8.10837 2.78425 0)
(7.87084 3.07745 0)
(7.61366 3.3946 0)
(7.3338 3.73736 0)
(7.02702 4.10731 0)
(6.68728 4.50589 0)
(6.30606 4.93398 0)
(5.87131 5.39135 0)
(5.36605 5.87531 0)
(4.76722 6.37828 0)
(4.04106 6.88338 0)
(3.1618 7.35383 0)
(2.02501 7.72372 0)
(0.880867 7.75777 0)
(9.99459 0.120852 0)
(9.97657 0.240223 0)
(9.94461 0.360005 0)
(9.89995 0.481997 0)
(9.84356 0.607791 0)
(9.77575 0.738876 0)
(9.69662 0.876689 0)
(9.60622 1.02263 0)
(9.50463 1.1781 0)
(9.39184 1.34449 0)
(9.2678 1.52322 0)
(9.13241 1.71575 0)
(8.98546 1.92356 0)
(8.82667 2.14823 0)
(8.65562 2.39141 0)
(8.47167 2.65485 0)
(8.27392 2.94043 0)
(8.06109 3.25022 0)
(7.83129 3.58655 0)
(7.58184 3.95202 0)
(7.30887 4.34967 0)
(7.00677 4.78298 0)
(6.66738 5.25593 0)
(6.2787 5.7728 0)
(5.82275 6.33759 0)
(5.27285 6.95239 0)
(4.58497 7.61376 0)
(3.71044 8.30127 0)
(2.48859 8.95888 0)
(1.12471 9.2942 0)
(9.99501 0.12721 0)
(9.97838 0.252883 0)
(9.94891 0.379019 0)
(9.90779 0.507484 0)
(9.85598 0.639904 0)
(9.79381 0.777797 0)
(9.72142 0.922631 0)
(9.63892 1.07585 0)
(9.54646 1.23888 0)
(9.44411 1.41315 0)
(9.33193 1.60013 0)
(9.20993 1.80132 0)
(9.07803 2.01829 0)
(8.93612 2.25269 0)
(8.78395 2.50631 0)
(8.62114 2.78109 0)
(8.44707 3.07918 0)
(8.2608 3.40306 0)
(8.06095 3.75562 0)
(7.84547 4.14033 0)
(7.61136 4.56148 0)
(7.35416 5.0245 0)
(7.06728 5.53631 0)
(6.74061 6.10593 0)
(6.35822 6.74507 0)
(5.89449 7.46882 0)
(5.30134 8.29637 0)
(4.50955 9.2483 0)
(3.26953 10.3427 0)
(1.60547 11.3607 0)
(9.99545 0.13305 0)
(9.98026 0.264503 0)
(9.95339 0.396441 0)
(9.91595 0.530787 0)
(9.86887 0.669196 0)
(9.81252 0.813208 0)
(9.74707 0.964316 0)
(9.6727 1.12398 0)
(9.58961 1.29367 0)
(9.498 1.47482 0)
(9.398 1.66893 0)
(9.28975 1.87753 0)
(9.17334 2.10225 0)
(9.04882 2.34478 0)
(8.9162 2.60702 0)
(8.77535 2.89102 0)
(8.62603 3.19916 0)
(8.4678 3.53417 0)
(8.29992 3.89938 0)
(8.12128 4.29887 0)
(7.93015 4.73787 0)
(7.724 5.22321 0)
(7.49898 5.76413 0)
(7.24922 6.37346 0)
(6.96523 7.06963 0)
(6.6315 7.8805 0)
(6.21524 8.85156 0)
(5.66703 10.0659 0)
(4.69169 11.7318 0)
(2.68859 14.5952 0)
(0.130879 -0.133883 0)
(0.303743 -0.120651 0)
(0.4824 -0.096402 0)
(0.635058 -0.0743782 0)
(0.757288 -0.0567304 0)
(0.854426 -0.0430352 0)
(0.932655 -0.0325639 0)
(0.996767 -0.0246878 0)
(1.05031 -0.0188659 0)
(1.09605 -0.0146251 0)
(1.13611 -0.0115564 0)
(1.1721 -0.00930387 0)
(1.20504 -0.00755374 0)
(1.23543 -0.00603858 0)
(1.26326 -0.00456076 0)
(1.28823 -0.00302073 0)
(1.30991 -0.00141515 0)
(1.32794 0.000230212 0)
(1.34205 0.00197424 0)
(1.35175 0.00399255 0)
(1.35616 0.0063343 0)
(1.35465 0.00848891 0)
(1.34687 0.0100554 0)
(1.33442 0.0105273 0)
(1.32068 0.00972236 0)
(1.30881 0.00806759 0)
(1.30024 0.00601447 0)
(1.29513 0.00366995 0)
(1.29413 0.00118889 0)
(1.29975 -0.00130449 0)
(0.106852 -0.300908 0)
(0.272975 -0.281641 0)
(0.436409 -0.231676 0)
(0.578515 -0.184718 0)
(0.69611 -0.146879 0)
(0.793857 -0.117478 0)
(0.876742 -0.0949851 0)
(0.948519 -0.0780449 0)
(1.01194 -0.0654843 0)
(1.06913 -0.056284 0)
(1.12174 -0.0495676 0)
(1.17102 -0.0445719 0)
(1.21783 -0.0406198 0)
(1.26267 -0.0371279 0)
(1.30566 -0.0336574 0)
(1.34667 -0.0299861 0)
(1.38545 -0.0261259 0)
(1.42183 -0.0222017 0)
(1.45585 -0.0181949 0)
(1.48764 -0.0137927 0)
(1.51698 -0.00870586 0)
(1.54248 -0.00335911 0)
(1.56318 0.00113992 0)
(1.57942 0.00365992 0)
(1.59339 0.00395728 0)
(1.60766 0.00299225 0)
(1.62336 0.00166402 0)
(1.64054 -3.10791e-06 0)
(1.65837 -0.0019872 0)
(1.67907 -0.00340541 0)
(0.0812732 -0.468713 0)
(0.22042 -0.44044 0)
(0.346687 -0.365201 0)
(0.456291 -0.294617 0)
(0.546412 -0.237938 0)
(0.621709 -0.193795 0)
(0.685918 -0.159841 0)
(0.741729 -0.134024 0)
(0.791151 -0.114616 0)
(0.835749 -0.100151 0)
(0.876762 -0.0893823 0)
(0.915143 -0.081224 0)
(0.951577 -0.0747057 0)
(0.986479 -0.0689768 0)
(1.01999 -0.0633759 0)
(1.052 -0.0575495 0)
(1.0822 -0.051525 0)
(1.11036 -0.0455896 0)
(1.13653 -0.0398812 0)
(1.16124 -0.0339191 0)
(1.18499 -0.0266628 0)
(1.20754 -0.0177942 0)
(1.22744 -0.00963268 0)
(1.24328 -0.00555112 0)
(1.2557 -0.00610738 0)
(1.26687 -0.00918619 0)
(1.27754 -0.0127778 0)
(1.28713 -0.0161003 0)
(1.29542 -0.0186451 0)
(1.30519 -0.0183285 0)
(0.0573549 -0.595358 0)
(0.162162 -0.552296 0)
(0.243372 -0.454615 0)
(0.314659 -0.365938 0)
(0.370677 -0.295998 0)
(0.417157 -0.241793 0)
(0.456207 -0.200158 0)
(0.489405 -0.168441 0)
(0.518005 -0.144497 0)
(0.543013 -0.126565 0)
(0.565235 -0.113158 0)
(0.585316 -0.10298 0)
(0.603772 -0.0948686 0)
(0.621 -0.0877885 0)
(0.637247 -0.0808968 0)
(0.652545 -0.0736893 0)
(0.666541 -0.0661428 0)
(0.678673 -0.0586874 0)
(0.688472 -0.0518125 0)
(0.696643 -0.0455568 0)
(0.704825 -0.0391935 0)
(0.714428 -0.0317414 0)
(0.722677 -0.023169 0)
(0.721909 -0.0150887 0)
(0.709941 -0.00970184 0)
(0.69339 -0.00691536 0)
(0.675947 -0.00524247 0)
(0.656971 -0.00500861 0)
(0.637531 -0.00691564 0)
(0.61828 -0.00788229 0)
(0.0329629 -0.683357 0)
(0.0971533 -0.620409 0)
(0.127677 -0.503559 0)
(0.157713 -0.402636 0)
(0.175056 -0.324472 0)
(0.188171 -0.264073 0)
(0.196878 -0.217672 0)
(0.202003 -0.182219 0)
(0.204229 -0.155336 0)
(0.204137 -0.13511 0)
(0.202169 -0.119946 0)
(0.198703 -0.108467 0)
(0.194145 -0.0994229 0)
(0.188939 -0.0916683 0)
(0.183516 -0.0842156 0)
(0.178198 -0.0763589 0)
(0.172597 -0.0678592 0)
(0.166176 -0.0589896 0)
(0.15668 -0.0501656 0)
(0.143702 -0.0412618 0)
(0.125621 -0.0311282 0)
(0.106242 -0.0186531 0)
(0.0846827 -0.00522939 0)
(0.0673294 0.00453226 0)
(0.0544934 0.00758596 0)
(0.0436186 0.00606474 0)
(0.0390022 0.0033655 0)
(0.0363163 7.49578e-05 0)
(0.0329961 -0.00368826 0)
(0.0237166 -0.0124458 0)
(0.00694792 -0.726304 0)
(0.0250621 -0.639545 0)
(0.00250264 -0.506766 0)
(-0.0114718 -0.398753 0)
(-0.0356856 -0.316127 0)
(-0.0596445 -0.252943 0)
(-0.0854626 -0.204745 0)
(-0.112214 -0.168215 0)
(-0.139439 -0.140715 0)
(-0.166732 -0.120146 0)
(-0.193832 -0.10482 0)
(-0.220503 -0.0933121 0)
(-0.246478 -0.0843363 0)
(-0.271481 -0.0767491 0)
(-0.29523 -0.0696151 0)
(-0.317393 -0.062272 0)
(-0.337643 -0.0543972 0)
(-0.35578 -0.0460103 0)
(-0.371829 -0.0373633 0)
(-0.385871 -0.0286612 0)
(-0.398014 -0.0199494 0)
(-0.407769 -0.0112794 0)
(-0.414889 -0.00342437 0)
(-0.419853 0.00202406 0)
(-0.425724 0.00418368 0)
(-0.432706 0.00325647 0)
(-0.438899 0.00170863 0)
(-0.444375 0.00101335 0)
(-0.450459 -0.000690855 0)
(-0.458309 -0.00583779 0)
(-0.0230675 -0.717063 0)
(-0.0557432 -0.603149 0)
(-0.129482 -0.46372 0)
(-0.190495 -0.356722 0)
(-0.255274 -0.274477 0)
(-0.317272 -0.212942 0)
(-0.376162 -0.16701 0)
(-0.431098 -0.13306 0)
(-0.481629 -0.108306 0)
(-0.527565 -0.0905569 0)
(-0.569005 -0.0780138 0)
(-0.606263 -0.0691827 0)
(-0.639743 -0.0627489 0)
(-0.669848 -0.0575828 0)
(-0.696889 -0.0528172 0)
(-0.721006 -0.0478662 0)
(-0.742188 -0.0424098 0)
(-0.760401 -0.036317 0)
(-0.77573 -0.0295402 0)
(-0.788431 -0.0220794 0)
(-0.798833 -0.0140146 0)
(-0.807012 -0.00567429 0)
(-0.813404 0.00193921 0)
(-0.817908 0.00704861 0)
(-0.823032 0.00910354 0)
(-0.829208 0.00871261 0)
(-0.835902 0.00712232 0)
(-0.842596 0.00461343 0)
(-0.849188 0.000262122 0)
(-0.853886 -0.00527347 0)
(-0.0591755 -0.6519 0)
(-0.142625 -0.518472 0)
(-0.265239 -0.379742 0)
(-0.371094 -0.276041 0)
(-0.473077 -0.20015 0)
(-0.565539 -0.146199 0)
(-0.647698 -0.108317 0)
(-0.719587 -0.0820883 0)
(-0.78199 -0.0643468 0)
(-0.836095 -0.052846 0)
(-0.883073 -0.045711 0)
(-0.924033 -0.0414502 0)
(-0.959929 -0.0388309 0)
(-0.991572 -0.0368572 0)
(-1.01962 -0.0348453 0)
(-1.04449 -0.032393 0)
(-1.06637 -0.0293236 0)
(-1.08527 -0.0255572 0)
(-1.10122 -0.020982 0)
(-1.11439 -0.0154677 0)
(-1.12514 -0.00903138 0)
(-1.1339 -0.00203859 0)
(-1.1406 0.0044717 0)
(-1.14638 0.00938261 0)
(-1.15224 0.0117832 0)
(-1.15861 0.0118586 0)
(-1.16559 0.0105398 0)
(-1.17315 0.00810193 0)
(-1.18059 0.00391314 0)
(-1.18432 -0.000776769 0)
(-0.101814 -0.528509 0)
(-0.238284 -0.38402 0)
(-0.410832 -0.255716 0)
(-0.555689 -0.166529 0)
(-0.686347 -0.104704 0)
(-0.799709 -0.0637981 0)
(-0.896368 -0.038237 0)
(-0.977861 -0.0233191 0)
(-1.04465 -0.0157536 0)
(-1.10032 -0.0124523 0)
(-1.14755 -0.011695 0)
(-1.18846 -0.0124221 0)
(-1.2246 -0.0138355 0)
(-1.25664 -0.015254 0)
(-1.28507 -0.0160978 0)
(-1.31043 -0.0161035 0)
(-1.33295 -0.0153017 0)
(-1.35258 -0.01374 0)
(-1.36923 -0.0112685 0)
(-1.38304 -0.00760987 0)
(-1.39442 -0.00269139 0)
(-1.40381 0.00302711 0)
(-1.41155 0.00856428 0)
(-1.41885 0.0129162 0)
(-1.42606 0.0152195 0)
(-1.43349 0.0154393 0)
(-1.44141 0.0141848 0)
(-1.45011 0.0116824 0)
(-1.45868 0.00774243 0)
(-1.46341 0.00392637 0)
(-0.156796 -0.346393 0)
(-0.359472 -0.20471 0)
(-0.597942 -0.0882321 0)
(-0.786189 -0.0165085 0)
(-0.936197 0.018989 0)
(-1.05521 0.0347544 0)
(-1.14957 0.0392909 0)
(-1.22502 0.0375391 0)
(-1.28756 0.0329643 0)
(-1.33981 0.0272959 0)
(-1.38409 0.0213892 0)
(-1.42209 0.015575 0)
(-1.45495 0.0101038 0)
(-1.48393 0.0054304 0)
(-1.51009 0.00197398 0)
(-1.53397 -0.000248094 0)
(-1.55567 -0.00153511 0)
(-1.57492 -0.00209255 0)
(-1.59142 -0.00171152 0)
(-1.6052 9.68999e-05 0)
(-1.61665 0.00359895 0)
(-1.62649 0.00839246 0)
(-1.63578 0.0134645 0)
(-1.64487 0.0175629 0)
(-1.65387 0.019748 0)
(-1.66284 0.0199349 0)
(-1.6721 0.0186417 0)
(-1.68203 0.0161722 0)
(-1.69139 0.0126001 0)
(-1.69623 0.00936363 0)
(-0.233918 -0.0781219 0)
(-0.49119 0.0807818 0)
(-0.746462 0.131499 0)
(-0.938045 0.142317 0)
(-1.09238 0.138029 0)
(-1.21566 0.125826 0)
(-1.31448 0.110451 0)
(-1.39426 0.0943571 0)
(-1.45926 0.0788617 0)
(-1.51304 0.0648455 0)
(-1.55858 0.05266 0)
(-1.59789 0.0420467 0)
(-1.63215 0.0327975 0)
(-1.66219 0.0251495 0)
(-1.68899 0.0193874 0)
(-1.71339 0.0153065 0)
(-1.7357 0.0122415 0)
(-1.75552 0.0097169 0)
(-1.77234 0.00801146 0)
(-1.78623 0.0079731 0)
(-1.79801 0.0102053 0)
(-1.80883 0.014383 0)
(-1.81958 0.0192516 0)
(-1.83052 0.0232393 0)
(-1.84141 0.0252574 0)
(-1.85197 0.0251861 0)
(-1.86242 0.0236216 0)
(-1.87321 0.0210877 0)
(-1.88303 0.0178752 0)
(-1.88786 0.0151818 0)
(-0.283187 0.306885 0)
(-0.569144 0.362221 0)
(-0.857232 0.346245 0)
(-1.07119 0.30931 0)
(-1.23659 0.266838 0)
(-1.36391 0.225088 0)
(-1.4632 0.187496 0)
(-1.54199 0.154861 0)
(-1.60541 0.126944 0)
(-1.65755 0.103865 0)
(-1.70189 0.0853007 0)
(-1.74066 0.0699227 0)
(-1.7747 0.0566352 0)
(-1.80452 0.0455657 0)
(-1.83123 0.0372678 0)
(-1.85607 0.031411 0)
(-1.87941 0.0267195 0)
(-1.90047 0.022188 0)
(-1.91815 0.0181636 0)
(-1.93234 0.0160966 0)
(-1.94422 0.0171365 0)
(-1.9555 0.0209714 0)
(-1.96738 0.0259307 0)
(-1.98 0.0299745 0)
(-1.9927 0.0317473 0)
(-2.00475 0.0311386 0)
(-2.01622 0.0290144 0)
(-2.02764 0.0262842 0)
(-2.03778 0.023419 0)
(-2.04262 0.0212591 0)
(-0.336427 0.710878 0)
(-0.680415 0.701735 0)
(-1.00726 0.593807 0)
(-1.22936 0.486922 0)
(-1.39135 0.397046 0)
(-1.51144 0.321398 0)
(-1.60278 0.260305 0)
(-1.67467 0.211625 0)
(-1.73229 0.171907 0)
(-1.77943 0.140324 0)
(-1.82015 0.116352 0)
(-1.85702 0.0971943 0)
(-1.89006 0.0802305 0)
(-1.91885 0.0656603 0)
(-1.94457 0.0549235 0)
(-1.96923 0.047761 0)
(-1.99347 0.0419061 0)
(-2.01578 0.0353871 0)
(-2.03409 0.0286127 0)
(-2.04791 0.0240723 0)
(-2.05903 0.0238916 0)
(-2.0701 0.0277712 0)
(-2.08282 0.0333093 0)
(-2.09715 0.037709 0)
(-2.11181 0.0392209 0)
(-2.12544 0.0377998 0)
(-2.13784 0.0347945 0)
(-2.1497 0.0317071 0)
(-2.16 0.029175 0)
(-2.16483 0.0275403 0)
(-0.441691 1.21172 0)
(-0.871364 1.1009 0)
(-1.22662 0.855601 0)
(-1.42751 0.653821 0)
(-1.56376 0.514529 0)
(-1.66265 0.404342 0)
(-1.73572 0.321973 0)
(-1.79413 0.26161 0)
(-1.84202 0.212315 0)
(-1.88088 0.172358 0)
(-1.9155 0.143875 0)
(-1.94948 0.122444 0)
(-1.98123 0.102376 0)
(-2.00818 0.0841566 0)
(-2.03158 0.0712916 0)
(-2.05512 0.0639655 0)
(-2.08016 0.0580611 0)
(-2.10408 0.0497452 0)
(-2.12292 0.0394828 0)
(-2.13552 0.0316203 0)
(-2.14472 0.0301073 0)
(-2.15477 0.0346146 0)
(-2.16812 0.0414439 0)
(-2.18438 0.0466094 0)
(-2.20136 0.0478314 0)
(-2.21676 0.0452119 0)
(-2.22995 0.0408557 0)
(-2.2419 0.0371717 0)
(-2.25213 0.034978 0)
(-2.25691 0.0338679 0)
(-0.654116 2.14885 0)
(-1.18301 1.7376 0)
(-1.55623 1.14599 0)
(-1.68149 0.751251 0)
(-1.75417 0.594237 0)
(-1.81648 0.468991 0)
(-1.85862 0.373269 0)
(-1.89766 0.306016 0)
(-1.93509 0.245736 0)
(-1.96346 0.194046 0)
(-1.98849 0.16419 0)
(-2.01846 0.146617 0)
(-2.04935 0.126168 0)
(-2.07375 0.103676 0)
(-2.09293 0.0876591 0)
(-2.11409 0.0807954 0)
(-2.1404 0.0756364 0)
(-2.16714 0.0650492 0)
(-2.18693 0.0496236 0)
(-2.19726 0.0369272 0)
(-2.20283 0.0340836 0)
(-2.21079 0.0404649 0)
(-2.22466 0.0499254 0)
(-2.24335 0.0566171 0)
(-2.26323 0.0576349 0)
(-2.28067 0.0533659 0)
(-2.29443 0.0470227 0)
(-2.30595 0.0424282 0)
(-2.31575 0.0406921 0)
(-2.32042 0.0401804 0)
(9.9959 0.138445 0)
(9.98225 0.275238 0)
(9.9581 0.412524 0)
(9.92453 0.552272 0)
(9.88241 0.696159 0)
(9.83215 0.845737 0)
(9.77397 1.00251 0)
(9.70813 1.16796 0)
(9.6349 1.34354 0)
(9.55455 1.53073 0)
(9.46736 1.731 0)
(9.37359 1.94592 0)
(9.27351 2.1771 0)
(9.16737 2.42629 0)
(9.05543 2.69541 0)
(8.9379 2.98658 0)
(8.81498 3.30226 0)
(8.6868 3.64534 0)
(8.55344 4.01934 0)
(8.41491 4.42863 0)
(8.27112 4.87884 0)
(8.12198 5.37745 0)
(7.96743 5.93463 0)
(7.80776 6.56472 0)
(7.64419 7.28882 0)
(7.48173 8.13951 0)
(7.33371 9.1708 0)
(7.29039 10.4763 0)
(7.75051 12.2009 0)
(7.93619 14.9205 0)
(9.99638 0.143405 0)
(9.98434 0.285093 0)
(9.96305 0.427253 0)
(9.93351 0.571883 0)
(9.89655 0.720676 0)
(9.85261 0.875187 0)
(9.80195 1.03693 0)
(9.7449 1.20737 0)
(9.68181 1.38797 0)
(9.61305 1.58018 0)
(9.53902 1.78549 0)
(9.46013 2.00543 0)
(9.37681 2.24159 0)
(9.28956 2.49572 0)
(9.19888 2.76969 0)
(9.10536 3.06562 0)
(9.00965 3.38593 0)
(8.91251 3.73348 0)
(8.81484 4.11171 0)
(8.71783 4.52489 0)
(8.62309 4.97842 0)
(8.53299 5.47934 0)
(8.45126 6.03697 0)
(8.38416 6.66388 0)
(8.34289 7.3773 0)
(8.34956 8.20061 0)
(8.44308 9.16395 0)
(8.67944 10.3005 0)
(9.32759 11.5547 0)
(9.81953 12.641 0)
(9.99688 0.147843 0)
(9.9865 0.293906 0)
(9.96819 0.440405 0)
(9.94282 0.589355 0)
(9.9112 0.742451 0)
(9.87376 0.901244 0)
(9.83083 1.06723 0)
(9.7828 1.24187 0)
(9.73009 1.42659 0)
(9.67318 1.62283 0)
(9.61257 1.83201 0)
(9.54881 2.05564 0)
(9.48253 2.29526 0)
(9.41442 2.55252 0)
(9.34529 2.82924 0)
(9.27605 3.1274 0)
(9.2078 3.44929 0)
(9.14188 3.79753 0)
(9.07998 4.17524 0)
(9.02432 4.58618 0)
(8.97792 5.03494 0)
(8.94505 5.52721 0)
(8.93202 6.06995 0)
(8.94835 6.67155 0)
(9.00854 7.34143 0)
(9.13475 8.08821 0)
(9.35799 8.91369 0)
(9.68773 9.80664 0)
(10.2536 10.7155 0)
(10.9413 11.4298 0)
(9.9974 0.151705 0)
(9.98873 0.301568 0)
(9.97346 0.451813 0)
(9.95238 0.604456 0)
(9.92621 0.761184 0)
(9.89542 0.923532 0)
(9.86038 1.09297 0)
(9.82153 1.27093 0)
(9.77937 1.4588 0)
(9.73446 1.65796 0)
(9.6874 1.86979 0)
(9.63889 2.0957 0)
(9.58972 2.33714 0)
(9.54079 2.59567 0)
(9.49314 2.87293 0)
(9.44801 3.17072 0)
(9.40688 3.49104 0)
(9.37159 3.83617 0)
(9.34442 4.20866 0)
(9.32836 4.61151 0)
(9.32733 5.04809 0)
(9.34664 5.52226 0)
(9.39353 6.03812 0)
(9.47791 6.59964 0)
(9.61299 7.20956 0)
(9.81558 7.86753 0)
(10.1084 8.5664 0)
(10.5002 9.29146 0)
(11.0576 10.0325 0)
(11.8505 10.6765 0)
(9.99792 0.154945 0)
(9.99101 0.307988 0)
(9.97884 0.461342 0)
(9.96211 0.61701 0)
(9.94148 0.776657 0)
(9.91743 0.941791 0)
(9.89036 1.11385 0)
(9.86077 1.2942 0)
(9.82922 1.4842 0)
(9.79633 1.68514 0)
(9.76283 1.89833 0)
(9.72952 2.12507 0)
(9.69733 2.36669 0)
(9.66733 2.62457 0)
(9.64077 2.90015 0)
(9.61915 3.19498 0)
(9.60423 3.5107 0)
(9.59819 3.84909 0)
(9.60374 4.21207 0)
(9.62425 4.60168 0)
(9.66405 5.02002 0)
(9.72866 5.46909 0)
(9.82516 5.95051 0)
(9.96249 6.46495 0)
(10.1517 7.01133 0)
(10.4059 7.58576 0)
(10.7423 8.18009 0)
(11.1725 8.77962 0)
(11.7196 9.37276 0)
(12.4722 9.88466 0)
(9.99845 0.157519 0)
(9.9933 0.31308 0)
(9.98426 0.468865 0)
(9.97193 0.62685 0)
(9.95688 0.788666 0)
(9.93958 0.955781 0)
(9.9205 1.12958 0)
(9.90016 1.31138 0)
(9.87918 1.50245 0)
(9.85824 1.70402 0)
(9.83814 1.91726 0)
(9.81979 2.14337 0)
(9.80423 2.38351 0)
(9.79265 2.63887 0)
(9.78646 2.91066 0)
(9.78731 3.20008 0)
(9.79718 3.50838 0)
(9.81843 3.83682 0)
(9.85392 4.18661 0)
(9.90714 4.55886 0)
(9.98237 4.95449 0)
(10.0848 5.37395 0)
(10.2209 5.81697 0)
(10.398 6.2821 0)
(10.6251 6.76607 0)
(10.9117 7.2631 0)
(11.2692 7.76397 0)
(11.7054 8.2531 0)
(12.2211 8.71381 0)
(12.8963 9.1046 0)
(9.99898 0.159389 0)
(9.9956 0.316767 0)
(9.9897 0.47427 0)
(9.98175 0.633829 0)
(9.97226 0.797031 0)
(9.9617 0.965291 0)
(9.95055 1.13993 0)
(9.93936 1.3222 0)
(9.92879 1.51329 0)
(9.91958 1.7143 0)
(9.91259 1.92631 0)
(9.90878 2.15035 0)
(9.90927 2.38742 0)
(9.91534 2.63848 0)
(9.92849 2.90446 0)
(9.95045 3.18625 0)
(9.98327 3.48467 0)
(10.0294 3.80044 0)
(10.0915 4.13411 0)
(10.1731 4.48599 0)
(10.2781 4.85596 0)
(10.4111 5.24333 0)
(10.5774 5.64652 0)
(10.7828 6.06271 0)
(11.0339 6.48741 0)
(11.337 6.91394 0)
(11.6982 7.33293 0)
(12.1217 7.73098 0)
(12.6012 8.09352 0)
(13.2061 8.40006 0)
(9.99951 0.160521 0)
(9.99788 0.318983 0)
(9.99509 0.477459 0)
(9.99149 0.637821 0)
(9.9875 0.8016 0)
(9.98358 0.970149 0)
(9.98022 1.14472 0)
(9.978 1.32648 0)
(9.97759 1.5165 0)
(9.97978 1.7158 0)
(9.98543 1.92531 0)
(9.99557 2.1459 0)
(10.0113 2.37838 0)
(10.0341 2.62349 0)
(10.0653 2.88187 0)
(10.1067 3.15409 0)
(10.1603 3.44055 0)
(10.2285 3.7415 0)
(10.3138 4.05691 0)
(10.4193 4.38641 0)
(10.5485 4.72913 0)
(10.7051 5.08355 0)
(10.8933 5.44727 0)
(11.1174 5.81678 0)
(11.3816 6.18717 0)
(11.6899 6.5519 0)
(12.0449 6.90267 0)
(12.4482 7.22918 0)
(12.8921 7.5203 0)
(13.4347 7.76474 0)
(10 0.160887 0)
(10.0001 0.319673 0)
(10.0004 0.478352 0)
(10.0011 0.638725 0)
(10.0025 0.802257 0)
(10.005 0.970227 0)
(10.0093 1.1438 0)
(10.0157 1.32406 0)
(10.0251 1.51198 0)
(10.0382 1.70844 0)
(10.056 1.91423 0)
(10.0793 2.13007 0)
(10.1094 2.35657 0)
(10.1476 2.59423 0)
(10.1954 2.84345 0)
(10.2543 3.10447 0)
(10.3264 3.37735 0)
(10.4137 3.66189 0)
(10.5187 3.95762 0)
(10.6438 4.26366 0)
(10.7919 4.57861 0)
(10.966 4.90045 0)
(11.1691 5.2264 0)
(11.4041 5.55275 0)
(11.6737 5.87474 0)
(11.9796 6.18652 0)
(12.3228 6.48124 0)
(12.7029 6.75107 0)
(13.1123 6.98766 0)
(13.5997 7.18419 0)
(10.0005 0.160465 0)
(10.0023 0.318794 0)
(10.0056 0.476889 0)
(10.0104 0.636468 0)
(10.017 0.798918 0)
(10.0259 0.965438 0)
(10.0374 1.13711 0)
(10.0522 1.31491 0)
(10.071 1.49969 0)
(10.0944 1.69223 0)
(10.1235 1.89317 0)
(10.1592 2.10306 0)
(10.2026 2.32232 0)
(10.2549 2.55125 0)
(10.3175 2.79 0)
(10.3921 3.03853 0)
(10.4802 3.2966 0)
(10.5838 3.5637 0)
(10.7048 3.83898 0)
(10.8454 4.12123 0)
(11.0077 4.40875 0)
(11.194 4.69929 0)
(11.4064 4.98997 0)
(11.6465 5.2772 0)
(11.9157 5.55671 0)
(12.2146 5.82351 0)
(12.5428 6.07208 0)
(12.8989 6.29653 0)
(13.2758 6.49082 0)
(13.7154 6.6508 0)
(10.001 0.15924 0)
(10.0044 0.316318 0)
(10.0106 0.473031 0)
(10.0194 0.631003 0)
(10.0311 0.791536 0)
(10.0459 0.955744 0)
(10.0644 1.12461 0)
(10.0871 1.29901 0)
(10.1147 1.4797 0)
(10.1479 1.66731 0)
(10.1875 1.86235 0)
(10.2345 2.0652 0)
(10.29 2.27613 0)
(10.355 2.49525 0)
(10.4308 2.72247 0)
(10.5189 2.95756 0)
(10.6206 3.20001 0)
(10.7376 3.44908 0)
(10.8715 3.70371 0)
(11.0239 3.96246 0)
(11.1964 4.2235 0)
(11.3905 4.48456 0)
(11.6075 4.74285 0)
(11.8483 4.99514 0)
(12.1133 5.23769 0)
(12.4022 5.46642 0)
(12.7139 5.677 0)
(13.0465 5.86508 0)
(13.3938 6.02643 0)
(13.7923 6.15854 0)
(10.0015 0.157205 0)
(10.0065 0.31223 0)
(10.0154 0.466759 0)
(10.028 0.622313 0)
(10.0444 0.780105 0)
(10.065 0.941154 0)
(10.09 1.10635 0)
(10.1202 1.27647 0)
(10.156 1.45214 0)
(10.1982 1.63388 0)
(10.2475 1.82207 0)
(10.3047 2.01695 0)
(10.371 2.21863 0)
(10.4472 2.42705 0)
(10.5344 2.64197 0)
(10.634 2.86295 0)
(10.747 3.08934 0)
(10.8748 3.32022 0)
(11.0185 3.55441 0)
(11.1794 3.79038 0)
(11.3586 4.02632 0)
(11.557 4.26001 0)
(11.7753 4.48895 0)
(12.0136 4.71027 0)
(12.2717 4.92087 0)
(12.549 5.11746 0)
(12.8438 5.29674 0)
(13.1542 5.45555 0)
(13.4749 5.59097 0)
(13.8381 5.7015 0)
(10.0019 0.154359 0)
(10.0084 0.30653 0)
(10.0199 0.458077 0)
(10.0361 0.610412 0)
(10.0571 0.764652 0)
(10.0829 0.921724 0)
(10.1142 1.08242 0)
(10.1512 1.24741 0)
(10.1946 1.41721 0)
(10.2449 1.59224 0)
(10.3029 1.77275 0)
(10.3694 1.95886 0)
(10.4451 2.15054 0)
(10.531 2.34759 0)
(10.628 2.54966 0)
(10.7371 2.75616 0)
(10.8592 2.96635 0)
(10.9952 3.17921 0)
(11.1462 3.3935 0)
(11.3129 3.60773 0)
(11.4959 3.82015 0)
(11.6958 4.02874 0)
(11.9126 4.23128 0)
(12.1461 4.42535 0)
(12.3959 4.6084 0)
(12.6607 4.77786 0)
(12.939 4.93124 0)
(13.2288 5.06629 0)
(13.5257 5.18101 0)
(13.8586 5.27455 0)
(10.0024 0.150706 0)
(10.0102 0.29923 0)
(10.0241 0.447008 0)
(10.0438 0.595339 0)
(10.0689 0.745242 0)
(10.0997 0.89755 0)
(10.1366 1.05296 0)
(10.1799 1.21203 0)
(10.2301 1.37521 0)
(10.2879 1.54277 0)
(10.3536 1.71489 0)
(10.4282 1.89156 0)
(10.5121 2.07265 0)
(10.6063 2.25787 0)
(10.7113 2.44674 0)
(10.828 2.63864 0)
(10.9572 2.83273 0)
(11.0994 3.02798 0)
(11.2554 3.22317 0)
(11.4254 3.41688 0)
(11.61 3.6075 0)
(11.8091 3.79323 0)
(12.0225 3.97218 0)
(12.2499 4.14232 0)
(12.4903 4.30163 0)
(12.7425 4.44811 0)
(13.005 4.57994 0)
(13.276 4.6955 0)
(13.5515 4.79348 0)
(13.8581 4.87343 0)
(10.0027 0.146261 0)
(10.0119 0.290357 0)
(10.0281 0.433595 0)
(10.0508 0.577161 0)
(10.0798 0.721972 0)
(10.1152 0.86877 0)
(10.1572 1.01816 0)
(10.2062 1.1706 0)
(10.2626 1.32645 0)
(10.3268 1.4859 0)
(10.3994 1.64902 0)
(10.4809 1.81573 0)
(10.5718 1.9858 0)
(10.6728 2.15888 0)
(10.7844 2.33443 0)
(10.9071 2.51178 0)
(11.0415 2.69008 0)
(11.188 2.86833 0)
(11.3469 3.04536 0)
(11.5185 3.21987 0)
(11.7027 3.39041 0)
(11.8994 3.55545 0)
(12.1081 3.71336 0)
(12.3283 3.86253 0)
(12.5589 4.00134 0)
(12.7988 4.12829 0)
(13.0464 4.24204 0)
(13.3001 4.34147 0)
(13.5568 4.42571 0)
(13.8404 4.4946 0)
(10.0031 0.141041 0)
(10.0134 0.279948 0)
(10.0317 0.417901 0)
(10.0573 0.555967 0)
(10.0898 0.694969 0)
(10.1293 0.835555 0)
(10.1759 0.978242 0)
(10.23 1.12341 0)
(10.2918 1.27133 0)
(10.3618 1.42211 0)
(10.4402 1.57574 0)
(10.5276 1.73208 0)
(10.6243 1.89085 0)
(10.7308 2.05164 0)
(10.8474 2.21389 0)
(10.9747 2.37691 0)
(11.1127 2.53989 0)
(11.2618 2.70186 0)
(11.4222 2.86175 0)
(11.5936 3.0184 0)
(11.7761 3.17055 0)
(11.9692 3.3169 0)
(12.1723 3.4561 0)
(12.3848 3.58686 0)
(12.6056 3.70793 0)
(12.8336 3.81818 0)
(13.0673 3.91665 0)
(13.3054 4.00256 0)
(13.5451 4.07538 0)
(13.8086 4.1351 0)
(10.0034 0.13507 0)
(10.0148 0.268053 0)
(10.035 0.400001 0)
(10.0631 0.531868 0)
(10.0988 0.664383 0)
(10.142 0.798106 0)
(10.1927 0.933473 0)
(10.2513 1.07079 0)
(10.3178 1.21024 0)
(10.3927 1.35189 0)
(10.4761 1.49565 0)
(10.5683 1.64134 0)
(10.6697 1.78864 0)
(10.7805 1.93712 0)
(10.901 2.08621 0)
(11.0313 2.23525 0)
(11.1717 2.38346 0)
(11.3221 2.52995 0)
(11.4825 2.67377 0)
(11.6527 2.81389 0)
(11.8324 2.94924 0)
(12.021 3.07873 0)
(12.218 3.20127 0)
(12.4226 3.31584 0)
(12.6337 3.42148 0)
(12.8503 3.51736 0)
(13.0712 3.6028 0)
(13.2951 3.67727 0)
(13.5197 3.74047 0)
(13.7655 3.79248 0)
(10.0037 0.128375 0)
(10.0161 0.254727 0)
(10.0379 0.379984 0)
(10.0684 0.50499 0)
(10.1069 0.630383 0)
(10.1533 0.756643 0)
(10.2076 0.884129 0)
(10.27 1.01308 0)
(10.3406 1.14362 0)
(10.4196 1.27575 0)
(10.5071 1.40935 0)
(10.6033 1.54421 0)
(10.7083 1.67998 0)
(10.8224 1.81623 0)
(10.9456 1.95241 0)
(11.078 2.08788 0)
(11.2195 2.22195 0)
(11.3701 2.3538 0)
(11.5295 2.4826 0)
(11.6975 2.60745 0)
(11.8736 2.72747 0)
(12.0573 2.84176 0)
(12.2479 2.94944 0)
(12.4445 3.04972 0)
(12.6463 3.14188 0)
(12.8523 3.22531 0)
(13.0613 3.29954 0)
(13.2723 3.36422 0)
(13.4834 3.4192 0)
(13.7136 3.46461 0)
(10.004 0.120989 0)
(10.0172 0.240034 0)
(10.0405 0.357948 0)
(10.0731 0.475471 0)
(10.114 0.593152 0)
(10.1632 0.7114 0)
(10.2206 0.830503 0)
(10.2864 0.950643 0)
(10.3604 1.07189 0)
(10.4427 1.1942 0)
(10.5335 1.31744 0)
(10.6328 1.44136 0)
(10.7407 1.56562 0)
(10.8571 1.6898 0)
(10.982 1.81338 0)
(11.1154 1.93578 0)
(11.2572 2.05634 0)
(11.4071 2.17439 0)
(11.5648 2.28918 0)
(11.7299 2.39996 0)
(11.902 2.50599 0)
(12.0804 2.60655 0)
(12.2644 2.70094 0)
(12.4534 2.78856 0)
(12.6463 2.86887 0)
(12.8424 2.94143 0)
(13.0406 3.00591 0)
(13.2399 3.06213 0)
(13.4389 3.10999 0)
(13.6552 3.14968 0)
(10.0042 0.112943 0)
(10.0182 0.22404 0)
(10.0428 0.333996 0)
(10.0771 0.443453 0)
(10.1202 0.55288 0)
(10.1718 0.662616 0)
(10.2319 0.772891 0)
(10.3004 0.883833 0)
(10.3772 0.995471 0)
(10.4623 1.10774 0)
(10.5557 1.22047 0)
(10.6574 1.33342 0)
(10.7672 1.44626 0)
(10.8851 1.55858 0)
(11.011 1.66992 0)
(11.1447 1.77974 0)
(11.286 1.88747 0)
(11.4345 1.99252 0)
(11.5899 2.09425 0)
(11.7518 2.19205 0)
(11.9195 2.28529 0)
(12.0925 2.37342 0)
(12.2702 2.45588 0)
(12.4517 2.53222 0)
(12.6363 2.60204 0)
(12.8232 2.66503 0)
(13.0115 2.72098 0)
(13.2003 2.76978 0)
(13.3885 2.81141 0)
(13.5925 2.84607 0)
(10.0044 0.10427 0)
(10.019 0.206813 0)
(10.0448 0.308233 0)
(10.0807 0.409083 0)
(10.1256 0.509757 0)
(10.1793 0.610531 0)
(10.2415 0.711581 0)
(10.3123 0.812993 0)
(10.3914 0.914766 0)
(10.4787 1.01681 0)
(10.574 1.11895 0)
(10.6774 1.22096 0)
(10.7885 1.3225 0)
(10.9073 1.42322 0)
(11.0335 1.52269 0)
(11.1669 1.62044 0)
(11.3071 1.71598 0)
(11.4538 1.80878 0)
(11.6065 1.89834 0)
(11.7649 1.98413 0)
(11.9282 2.06567 0)
(12.0959 2.14249 0)
(12.2674 2.21419 0)
(12.4419 2.28042 0)
(12.6188 2.34088 0)
(12.7972 2.39537 0)
(12.9765 2.44376 0)
(13.156 2.48601 0)
(13.3344 2.52212 0)
(13.5276 2.5523 0)
(10.0046 0.095004 0)
(10.0198 0.188418 0)
(10.0466 0.280761 0)
(10.0837 0.372501 0)
(10.1302 0.463966 0)
(10.1856 0.555373 0)
(10.2496 0.64685 0)
(10.3222 0.73845 0)
(10.4031 0.830146 0)
(10.492 0.921837 0)
(10.5889 1.01335 0)
(10.6934 1.10447 0)
(10.8053 1.19488 0)
(10.9244 1.28427 0)
(11.0504 1.37225 0)
(11.183 1.45843 0)
(11.3218 1.54237 0)
(11.4663 1.62364 0)
(11.6162 1.70182 0)
(11.7709 1.77649 0)
(11.9298 1.84725 0)
(12.0924 1.91375 0)
(12.2581 1.97568 0)
(12.4261 2.03277 0)
(12.5959 2.08483 0)
(12.7667 2.13171 0)
(12.9379 2.17335 0)
(13.1089 2.20972 0)
(13.2788 2.24089 0)
(13.4623 2.26703 0)
(10.0047 0.0851711 0)
(10.0204 0.168912 0)
(10.0481 0.251671 0)
(10.0863 0.333841 0)
(10.1341 0.415682 0)
(10.1909 0.497356 0)
(10.2564 0.578952 0)
(10.3305 0.660493 0)
(10.4127 0.741936 0)
(10.5029 0.823176 0)
(10.6007 0.904048 0)
(10.7059 0.98434 0)
(10.8181 1.06379 0)
(10.9372 1.14211 0)
(11.0626 1.21897 0)
(11.1941 1.29402 0)
(11.3312 1.36691 0)
(11.4735 1.43729 0)
(11.6204 1.50479 0)
(11.7715 1.5691 0)
(11.9263 1.6299 0)
(12.084 1.68691 0)
(12.2442 1.7399 0)
(12.4063 1.78868 0)
(12.5696 1.83312 0)
(12.7336 1.87312 0)
(12.8976 1.90865 0)
(13.0612 1.93972 0)
(13.2234 1.96639 0)
(13.3985 1.98884 0)
(10.0049 0.0747924 0)
(10.021 0.148342 0)
(10.0494 0.221043 0)
(10.0886 0.293218 0)
(10.1374 0.365061 0)
(10.1954 0.43668 0)
(10.2621 0.508129 0)
(10.3372 0.579408 0)
(10.4205 0.650464 0)
(10.5115 0.721191 0)
(10.6099 0.791436 0)
(10.7155 0.861006 0)
(10.8278 0.929674 0)
(10.9464 0.997185 0)
(11.0711 1.06326 0)
(11.2013 1.12762 0)
(11.3366 1.18997 0)
(11.4765 1.25 0)
(11.6206 1.30746 0)
(11.7683 1.36206 0)
(11.9191 1.41358 0)
(12.0724 1.46181 0)
(12.2276 1.50657 0)
(12.3844 1.54772 0)
(12.5419 1.58518 0)
(12.6998 1.61889 0)
(12.8575 1.64884 0)
(13.0145 1.67505 0)
(13.1701 1.69761 0)
(13.3379 1.71665 0)
(10.005 0.0638745 0)
(10.0216 0.126731 0)
(10.0506 0.188935 0)
(10.0906 0.25073 0)
(10.1403 0.312225 0)
(10.1992 0.373475 0)
(10.2668 0.434506 0)
(10.3428 0.495305 0)
(10.4268 0.555815 0)
(10.5184 0.615936 0)
(10.6172 0.67553 0)
(10.7228 0.734431 0)
(10.8349 0.792444 0)
(10.953 0.849355 0)
(11.0767 0.904936 0)
(11.2055 0.958951 0)
(11.339 1.01116 0)
(11.4767 1.06134 0)
(11.6181 1.10926 0)
(11.7626 1.15472 0)
(11.9098 1.19753 0)
(12.0591 1.23755 0)
(12.21 1.27465 0)
(12.3619 1.30873 0)
(12.5145 1.33973 0)
(12.6671 1.36762 0)
(12.8193 1.3924 0)
(12.9706 1.41412 0)
(13.1206 1.43283 0)
(13.282 1.44867 0)
(10.0051 0.052397 0)
(10.0221 0.104067 0)
(10.0518 0.155389 0)
(10.0925 0.206502 0)
(10.143 0.257405 0)
(10.2026 0.308091 0)
(10.2709 0.358561 0)
(10.3475 0.408787 0)
(10.4319 0.458704 0)
(10.5239 0.50822 0)
(10.6228 0.557214 0)
(10.7284 0.605547 0)
(10.8401 0.653058 0)
(10.9575 0.699575 0)
(11.0802 0.744914 0)
(11.2077 0.78889 0)
(11.3395 0.831318 0)
(11.4751 0.872019 0)
(11.614 0.910823 0)
(11.7557 0.947579 0)
(11.8998 0.982151 0)
(12.0456 1.01443 0)
(12.1926 1.04432 0)
(12.3405 1.07176 0)
(12.4888 1.09671 0)
(12.6369 1.11916 0)
(12.7844 1.13912 0)
(12.931 1.15663 0)
(13.0761 1.17175 0)
(13.2322 1.18459 0)
(10.0053 0.0402769 0)
(10.0228 0.0802427 0)
(10.0533 0.120249 0)
(10.0947 0.160232 0)
(10.1458 0.200084 0)
(10.206 0.239786 0)
(10.2748 0.279334 0)
(10.3518 0.318693 0)
(10.4366 0.357797 0)
(10.5287 0.396561 0)
(10.6277 0.434884 0)
(10.733 0.472649 0)
(10.8443 0.509728 0)
(10.961 0.545984 0)
(11.0828 0.581273 0)
(11.209 0.615453 0)
(11.3392 0.648382 0)
(11.473 0.679925 0)
(11.6098 0.709958 0)
(11.7491 0.738368 0)
(11.8904 0.765057 0)
(12.0333 0.789947 0)
(12.1772 0.812975 0)
(12.3217 0.8341 0)
(12.4664 0.853298 0)
(12.6108 0.870567 0)
(12.7546 0.88592 0)
(12.8973 0.89939 0)
(13.0386 0.91102 0)
(13.1904 0.920902 0)
(10.0056 0.0273318 0)
(10.0239 0.0556014 0)
(10.0551 0.0846013 0)
(10.0971 0.113666 0)
(10.1487 0.142567 0)
(10.2093 0.171324 0)
(10.2785 0.19995 0)
(10.3558 0.22841 0)
(10.4408 0.25665 0)
(10.533 0.284607 0)
(10.6319 0.312209 0)
(10.737 0.339377 0)
(10.8479 0.366019 0)
(10.964 0.392041 0)
(11.0849 0.417344 0)
(11.2101 0.441828 0)
(11.339 0.465395 0)
(11.4713 0.487954 0)
(11.6063 0.509418 0)
(11.7437 0.529712 0)
(11.8829 0.548771 0)
(12.0234 0.56654 0)
(12.1648 0.582981 0)
(12.3066 0.598067 0)
(12.4485 0.611785 0)
(12.59 0.624136 0)
(12.7307 0.635131 0)
(12.8704 0.644796 0)
(13.0086 0.653165 0)
(13.157 0.660308 0)
(10.0068 0.0112492 0)
(10.0271 0.026587 0)
(10.0594 0.0438164 0)
(10.1017 0.0613314 0)
(10.1535 0.0788127 0)
(10.2142 0.0963026 0)
(10.2836 0.113796 0)
(10.361 0.131233 0)
(10.4459 0.148553 0)
(10.538 0.165702 0)
(10.6367 0.182626 0)
(10.7414 0.19927 0)
(10.8518 0.215573 0)
(10.9674 0.231474 0)
(11.0876 0.246911 0)
(11.2119 0.261822 0)
(11.3398 0.276149 0)
(11.4709 0.289836 0)
(11.6047 0.302835 0)
(11.7406 0.315101 0)
(11.8782 0.326598 0)
(12.017 0.337297 0)
(12.1566 0.347178 0)
(12.2965 0.356227 0)
(12.4364 0.364442 0)
(12.5758 0.371825 0)
(12.7145 0.37839 0)
(12.8521 0.384155 0)
(12.9882 0.389148 0)
(13.1344 0.39343 0)
(9.99589 0.00092378 0)
(10.007 0.0049565 0)
(10.0277 0.0102656 0)
(10.0577 0.0158084 0)
(10.0974 0.0214233 0)
(10.1467 0.0271371 0)
(10.2051 0.0329402 0)
(10.272 0.0387981 0)
(10.347 0.0446785 0)
(10.4296 0.0505552 0)
(10.5192 0.0564037 0)
(10.6154 0.0621993 0)
(10.7177 0.0679159 0)
(10.8255 0.0735273 0)
(10.9384 0.0790072 0)
(11.0558 0.0843295 0)
(11.1772 0.0894696 0)
(11.302 0.0944041 0)
(11.4298 0.0991117 0)
(11.56 0.103573 0)
(11.6921 0.107773 0)
(11.8257 0.111698 0)
(11.9603 0.115338 0)
(12.0954 0.118685 0)
(12.2307 0.121738 0)
(12.3657 0.124495 0)
(12.5 0.126958 0)
(12.6334 0.129133 0)
(12.7656 0.131023 0)
(12.9075 0.132661 0)
(9.44874 13.086 0)
(6.23229 10.7602 0)
(-1.01182 5.40227 0)
(10.3681 11.211 0)
(9.80865 9.90173 0)
(8.21821 8.08864 0)
(11.4624 11.1231 0)
(11.6768 10.5667 0)
(11.4185 9.65448 0)
(12.3515 10.7306 0)
(12.6964 10.5628 0)
(12.802 10.1455 0)
(12.917 9.99575 0)
(13.2864 9.98821 0)
(13.5288 9.84941 0)
(13.2913 9.22168 0)
(13.6525 9.27881 0)
(13.9353 9.26842 0)
(13.5576 8.5062 0)
(13.8899 8.57877 0)
(14.1639 8.61428 0)
(13.7464 7.85318 0)
(14.044 7.92002 0)
(14.2931 7.96487 0)
(13.8768 7.25638 0)
(14.1419 7.31296 0)
(14.3645 7.3549 0)
(13.9632 6.71021 0)
(14.2001 6.75753 0)
(14.399 6.79399 0)
(14.0154 6.20807 0)
(14.2284 6.2479 0)
(14.4071 6.2792 0)
(14.0404 5.74333 0)
(14.2332 5.77723 0)
(14.3949 5.80426 0)
(14.0431 5.31028 0)
(14.2188 5.33948 0)
(14.3661 5.36307 0)
(14.0274 4.90425 0)
(14.1885 4.92965 0)
(14.3236 4.95043 0)
(13.9967 4.52139 0)
(14.1452 4.54366 0)
(14.2698 4.56209 0)
(13.9535 4.15854 0)
(14.0912 4.17816 0)
(14.2067 4.19458 0)
(13.9005 3.81305 0)
(14.0286 3.83041 0)
(14.1362 3.84507 0)
(13.8398 3.48272 0)
(13.9596 3.49809 0)
(14.0603 3.5112 0)
(13.7737 3.16562 0)
(13.8861 3.17924 0)
(13.9806 3.19094 0)
(13.7041 2.86008 0)
(13.8101 2.87213 0)
(13.8992 2.88255 0)
(13.6331 2.56458 0)
(13.7334 2.57518 0)
(13.8176 2.58441 0)
(13.5625 2.27772 0)
(13.6577 2.287 0)
(13.7377 2.29512 0)
(13.4941 1.99806 0)
(13.5848 2.0061 0)
(13.6611 2.01317 0)
(13.4293 1.72451 0)
(13.5162 1.73138 0)
(13.5894 1.73746 0)
(13.37 1.45522 0)
(13.4536 1.46097 0)
(13.524 1.46608 0)
(13.3173 1.18992 0)
(13.3981 1.19461 0)
(13.4662 1.19879 0)
(13.2731 0.925 0)
(13.3516 0.928606 0)
(13.4178 0.931829 0)
(13.2378 0.663282 0)
(13.3146 0.665898 0)
(13.3794 0.668234 0)
(13.2138 0.395145 0)
(13.2893 0.396589 0)
(13.353 0.397857 0)
(12.9848 0.13327 0)
(13.0583 0.13375 0)
(13.1203 0.134176 0)
(-2.61286 1.52691 0)
(-1.91951 1.26733 0)
(-2.2258 0.754437 0)
(-2.05428 0.695237 0)
(-1.92415 0.748312 0)
(-1.95642 0.56689 0)
(-1.96869 0.375934 0)
(-1.98834 0.300573 0)
(-2.01776 0.250659 0)
(-2.02864 0.203843 0)
(-2.03374 0.187528 0)
(-2.05892 0.179938 0)
(-2.09373 0.153463 0)
(-2.11734 0.116273 0)
(-2.12984 0.0918648 0)
(-2.1463 0.0892707 0)
(-2.17462 0.0903714 0)
(-2.20626 0.0805095 0)
(-2.22761 0.0600098 0)
(-2.23368 0.0415183 0)
(-2.23266 0.0375039 0)
(-2.23688 0.0475183 0)
(-2.25144 0.0611982 0)
(-2.27356 0.0699265 0)
(-2.29735 0.0702513 0)
(-2.31733 0.0631591 0)
(-2.33129 0.0534818 0)
(-2.34152 0.0473047 0)
(-2.35034 0.046327 0)
(-2.35486 0.046674 0)
(6.07325 5.45376 0)
(3.60011 3.52314 0)
(1.47587 2.0617 0)
(-1.26978 0.560783 0)
(-1.89331 0.396908 0)
(-2.1797 0.193514 0)
(-2.13241 0.236258 0)
(-2.03913 0.419598 0)
(-2.04658 0.406027 0)
(-2.04375 0.267755 0)
(-2.03307 0.17459 0)
(-2.06879 0.17199 0)
(-2.12084 0.151616 0)
(-2.14233 0.113696 0)
(-2.13507 0.0998338 0)
(-2.1373 0.118088 0)
(-2.16892 0.131024 0)
(-2.21073 0.11785 0)
(-2.23664 0.0807438 0)
(-2.23694 0.0431619 0)
(-2.22546 0.0309286 0)
(-2.22381 0.0473677 0)
(-2.2398 0.0690596 0)
(-2.2672 0.0815835 0)
(-2.29644 0.0816777 0)
(-2.31952 0.0714911 0)
(-2.33289 0.057833 0)
(-2.3401 0.0500352 0)
(-2.34693 0.0511826 0)
(-2.35131 0.0534825 0)
(10.3468 7.61745 0)
(8.59881 5.82811 0)
(6.67841 4.38166 0)
(4.75237 3.15601 0)
(2.98605 2.17683 0)
(1.56309 1.35954 0)
(-0.662557 0.422013 0)
(-1.69951 0.234898 0)
(-2.07526 0.0690116 0)
(-2.16393 -0.0746045 0)
(-2.06367 0.0809203 0)
(-2.0228 0.321113 0)
(-2.08314 0.318868 0)
(-2.09889 0.210294 0)
(-2.06632 0.108296 0)
(-2.06249 0.0933831 0)
(-2.11456 0.118741 0)
(-2.18116 0.105818 0)
(-2.21797 0.0554652 0)
(-2.20637 0.0100193 0)
(-2.16983 0.0173394 0)
(-2.15332 0.0592686 0)
(-2.17182 0.0950929 0)
(-2.20758 0.111848 0)
(-2.24418 0.109734 0)
(-2.27089 0.0927162 0)
(-2.2824 0.0696513 0)
(-2.28394 0.0552636 0)
(-2.28726 0.0578541 0)
(-2.29185 0.0630935 0)
(12.4855 8.78149 0)
(11.6058 7.33499 0)
(10.3743 6.02537 0)
(8.97806 4.84767 0)
(7.49513 3.83465 0)
(6.05764 3.01085 0)
(4.59581 2.31027 0)
(3.22218 1.71787 0)
(1.97688 1.18223 0)
(0.979683 0.629005 0)
(-1.13613 0.123123 0)
(-1.58865 0.198756 0)
(-1.97643 0.0776622 0)
(-2.08358 -0.0790784 0)
(-2.00733 -0.0765052 0)
(-1.95228 0.120393 0)
(-1.98137 0.267556 0)
(-2.07565 0.270053 0)
(-2.11935 0.181079 0)
(-2.07452 0.0537192 0)
(-2.00615 -0.00947896 0)
(-1.99725 0.041023 0)
(-2.03386 0.0942693 0)
(-2.08591 0.113754 0)
(-2.13406 0.106517 0)
(-2.16656 0.0808149 0)
(-2.1753 0.0486214 0)
(-2.16608 0.0328764 0)
(-2.16171 0.0513161 0)
(-2.1666 0.0693242 0)
(13.6551 9.09973 0)
(13.3678 8.09368 0)
(12.7446 7.04474 0)
(11.8845 6.02968 0)
(10.8619 5.10256 0)
(9.75758 4.29364 0)
(8.608 3.57123 0)
(7.43246 2.92308 0)
(6.26041 2.36029 0)
(5.151 1.91324 0)
(3.98823 1.54527 0)
(2.95303 1.20095 0)
(1.99881 0.869112 0)
(1.21525 0.534497 0)
(-0.0780227 0.123187 0)
(-1.13675 0.136596 0)
(-1.50003 0.184353 0)
(-1.7667 0.109591 0)
(-1.8806 -0.0468263 0)
(-1.8222 -0.185 0)
(-1.75269 -0.108471 0)
(-1.76103 0.0959542 0)
(-1.80412 0.183824 0)
(-1.87791 0.204226 0)
(-1.93686 0.190795 0)
(-1.97016 0.156605 0)
(-1.96613 0.108584 0)
(-1.93031 0.0687343 0)
(-1.91173 0.0755865 0)
(-1.92406 0.10949 0)
(14.2798 8.92016 0)
(14.3592 8.30185 0)
(14.1867 7.5538 0)
(13.7813 6.76094 0)
(13.1856 5.97718 0)
(12.4526 5.23661 0)
(11.6254 4.54585 0)
(10.7334 3.91423 0)
(9.80207 3.35373 0)
(8.86321 2.87891 0)
(7.92162 2.4553 0)
(6.99359 2.0609 0)
(6.08601 1.70214 0)
(5.20447 1.4089 0)
(4.32837 1.18426 0)
(3.45006 0.991024 0)
(2.67957 0.801519 0)
(1.97685 0.61589 0)
(1.32992 0.418864 0)
(0.794811 0.160471 0)
(-0.621938 -0.0023127 0)
(-1.05083 0.105694 0)
(-1.34048 0.141197 0)
(-1.49456 0.138417 0)
(-1.59173 0.105451 0)
(-1.65281 0.047579 0)
(-1.66753 -0.0260599 0)
(-1.62518 -0.0729329 0)
(-1.60988 0.00111979 0)
(-1.62808 0.127629 0)
(14.5853 8.48777 0)
(14.8664 8.14843 0)
(14.9909 7.66251 0)
(14.925 7.08953 0)
(14.6784 6.47482 0)
(14.2831 5.8532 0)
(13.7721 5.24652 0)
(13.1721 4.67048 0)
(12.5048 4.13654 0)
(11.7929 3.65278 0)
(11.0546 3.21091 0)
(10.3026 2.80514 0)
(9.54279 2.43717 0)
(8.78048 2.12148 0)
(8.02747 1.85315 0)
(7.28573 1.61539 0)
(6.57765 1.38982 0)
(5.89577 1.17243 0)
(5.22386 0.975214 0)
(4.56818 0.839489 0)
(3.88175 0.744543 0)
(3.24645 0.629999 0)
(2.6632 0.520994 0)
(2.1202 0.427216 0)
(1.60781 0.347803 0)
(1.12533 0.274628 0)
(0.664785 0.19517 0)
(0.228378 0.066961 0)
(-0.563088 0.082435 0)
(-0.892812 0.296866 0)
(14.7174 7.94531 0)
(15.0862 7.78125 0)
(15.3794 7.49036 0)
(15.5388 7.10366 0)
(15.5504 6.65263 0)
(15.428 6.16569 0)
(15.1906 5.66534 0)
(14.8559 5.1687 0)
(14.4407 4.68885 0)
(13.9626 4.23532 0)
(13.4381 3.81066 0)
(12.8798 3.41451 0)
(12.2953 3.04871 0)
(11.6918 2.7192 0)
(11.0808 2.42552 0)
(10.472 2.16184 0)
(9.87223 1.91623 0)
(9.27765 1.68476 0)
(8.68202 1.47713 0)
(8.08907 1.31074 0)
(7.50665 1.17176 0)
(6.94366 1.04376 0)
(6.40257 0.925573 0)
(5.87437 0.818245 0)
(5.3552 0.720546 0)
(4.8448 0.630981 0)
(4.33656 0.555628 0)
(3.83419 0.511777 0)
(3.31593 0.48328 0)
(2.60238 0.52043 0)
(14.7607 7.37889 0)
(15.1489 7.31194 0)
(15.5178 7.14945 0)
(15.8059 6.90248 0)
(15.9872 6.58859 0)
(16.0621 6.22671 0)
(16.0377 5.83445 0)
(15.9225 5.4272 0)
(15.7267 5.01793 0)
(15.4621 4.61684 0)
(15.141 4.23001 0)
(14.7736 3.86064 0)
(14.3681 3.51214 0)
(13.9328 3.18885 0)
(13.4769 2.89241 0)
(13.0093 2.62007 0)
(12.5349 2.36604 0)
(12.0534 2.12877 0)
(11.5639 1.9136 0)
(11.0701 1.7274 0)
(10.5805 1.56661 0)
(10.101 1.42362 0)
(9.63074 1.29251 0)
(9.16449 1.17229 0)
(8.69914 1.06295 0)
(8.23291 0.965281 0)
(7.76278 0.883997 0)
(7.28745 0.827551 0)
(6.81618 0.800375 0)
(6.20529 0.809506 0)
(14.7588 6.83159 0)
(15.1322 6.81245 0)
(15.5191 6.72599 0)
(15.8651 6.57317 0)
(16.1418 6.36179 0)
(16.3427 6.1024 0)
(16.4672 5.80652 0)
(16.5168 5.48574 0)
(16.495 5.15083 0)
(16.408 4.81106 0)
(16.2633 4.47339 0)
(16.0683 4.14292 0)
(15.8299 3.82412 0)
(15.5551 3.52113 0)
(15.2513 3.23635 0)
(14.9255 2.96942 0)
(14.5822 2.71854 0)
(14.2235 2.48374 0)
(13.8509 2.26815 0)
(13.4681 2.07543 0)
(13.0814 1.90472 0)
(12.6951 1.75126 0)
(12.3093 1.6109 0)
(11.9216 1.48277 0)
(11.53 1.36739 0)
(11.133 1.26611 0)
(10.7293 1.1822 0)
(10.319 1.12069 0)
(9.91249 1.08556 0)
(9.40105 1.07073 0)
(14.7317 6.31846 0)
(15.0776 6.32058 0)
(15.4524 6.27565 0)
(15.8117 6.18118 0)
(16.13 6.03986 0)
(16.3992 5.85673 0)
(16.6154 5.63831 0)
(16.7755 5.3921 0)
(16.8788 5.12591 0)
(16.9266 4.84713 0)
(16.9224 4.56218 0)
(16.8703 4.27641 0)
(16.7751 3.99451 0)
(16.6417 3.72054 0)
(16.4756 3.45737 0)
(16.2818 3.20634 0)
(16.0646 2.96786 0)
(15.8266 2.7429 0)
(15.5702 2.53373 0)
(15.2991 2.34272 0)
(15.0176 2.16991 0)
(14.7292 2.01297 0)
(14.4349 1.86966 0)
(14.134 1.73941 0)
(13.8257 1.62278 0)
(13.5091 1.5211 0)
(13.1841 1.4367 0)
(12.8523 1.37239 0)
(12.5217 1.32863 0)
(12.1038 1.29663 0)
(14.6886 5.84129 0)
(15.0048 5.85213 0)
(15.3554 5.829 0)
(15.7043 5.76897 0)
(16.0308 5.67272 0)
(16.3277 5.54243 0)
(16.5909 5.38143 0)
(16.8158 5.19413 0)
(16.9991 4.98564 0)
(17.1394 4.76128 0)
(17.237 4.52619 0)
(17.2936 4.28507 0)
(17.3113 4.04218 0)
(17.2932 3.80129 0)
(17.2427 3.56549 0)
(17.1632 3.33691 0)
(17.058 3.11709 0)
(16.9296 2.90758 0)
(16.7805 2.71036 0)
(16.6136 2.52732 0)
(16.4324 2.35911 0)
(16.2395 2.20502 0)
(16.0365 2.06411 0)
(15.8235 1.9362 0)
(15.6005 1.82189 0)
(15.3674 1.72236 0)
(15.1249 1.6392 0)
(14.8747 1.57368 0)
(14.6227 1.52466 0)
(14.2979 1.48423 0)
(14.6334 5.39699 0)
(14.9222 5.41118 0)
(15.2458 5.39967 0)
(15.5746 5.35995 0)
(15.8916 5.29208 0)
(16.1919 5.19704 0)
(16.4719 5.07652 0)
(16.7276 4.93299 0)
(16.955 4.76965 0)
(17.1514 4.59012 0)
(17.3155 4.39816 0)
(17.447 4.19749 0)
(17.5463 3.99165 0)
(17.6148 3.78394 0)
(17.6541 3.57726 0)
(17.6663 3.374 0)
(17.6535 3.17613 0)
(17.6177 2.98549 0)
(17.5608 2.80398 0)
(17.4852 2.63334 0)
(17.3934 2.47462 0)
(17.2876 2.32806 0)
(17.1692 2.19357 0)
(17.039 2.0714 0)
(16.8973 1.96224 0)
(16.7447 1.86712 0)
(16.5821 1.78715 0)
(16.4108 1.7228 0)
(16.235 1.67267 0)
(16.0013 1.63049 0)
(14.5685 4.98133 0)
(14.8332 4.99666 0)
(15.1313 4.99178 0)
(15.4375 4.9646 0)
(15.7378 4.91503 0)
(16.0287 4.84358 0)
(16.3082 4.75116 0)
(16.5729 4.63924 0)
(16.8193 4.50984 0)
(17.0445 4.36537 0)
(17.2466 4.20853 0)
(17.4243 4.04211 0)
(17.5771 3.86891 0)
(17.705 3.69166 0)
(17.8085 3.51289 0)
(17.8887 3.33489 0)
(17.9465 3.15969 0)
(17.9833 2.9892 0)
(18.0005 2.82524 0)
(17.9997 2.66948 0)
(17.9826 2.52318 0)
(17.9511 2.38711 0)
(17.9062 2.26176 0)
(17.8489 2.14771 0)
(17.78 2.04576 0)
(17.6999 1.95686 0)
(17.6098 1.88185 0)
(17.5106 1.82097 0)
(17.405 1.77313 0)
(17.2571 1.73377 0)
(14.4954 4.59024 0)
(14.7393 4.60581 0)
(15.0145 4.60503 0)
(15.299 4.58616 0)
(15.5808 4.54906 0)
(15.8574 4.49401 0)
(16.1277 4.42154 0)
(16.3893 4.33257 0)
(16.6394 4.22846 0)
(16.8754 4.11088 0)
(17.0954 3.98177 0)
(17.2978 3.84323 0)
(17.4818 3.69744 0)
(17.6466 3.54658 0)
(17.7921 3.39282 0)
(17.9186 3.23817 0)
(18.0263 3.08454 0)
(18.1161 2.93374 0)
(18.1886 2.78749 0)
(18.245 2.64738 0)
(18.2865 2.51475 0)
(18.3142 2.39065 0)
(18.3292 2.2759 0)
(18.3324 2.17133 0)
(18.3244 2.07782 0)
(18.306 1.99629 0)
(18.278 1.92751 0)
(18.2412 1.87178 0)
(18.1971 1.82856 0)
(18.1264 1.79486 0)
(14.4157 4.22025 0)
(14.6415 4.23562 0)
(14.8966 4.23755 0)
(15.1614 4.22458 0)
(15.4252 4.1965 0)
(15.6863 4.15344 0)
(15.9442 4.09573 0)
(16.1971 4.02397 0)
(16.4429 3.93908 0)
(16.6793 3.8423 0)
(16.9047 3.73505 0)
(17.1177 3.61895 0)
(17.3172 3.4957 0)
(17.5024 3.36708 0)
(17.6727 3.23488 0)
(17.8281 3.10085 0)
(17.9683 2.96671 0)
(18.0938 2.8341 0)
(18.2049 2.70461 0)
(18.3023 2.57972 0)
(18.3866 2.46078 0)
(18.4588 2.34895 0)
(18.5196 2.24523 0)
(18.5698 2.15058 0)
(18.61 2.06596 0)
(18.641 1.9923 0)
(18.6634 1.93041 0)
(18.6778 1.88078 0)
(18.685 1.84343 0)
(18.6803 1.81675 0)
(14.3307 3.86847 0)
(14.5408 3.88338 0)
(14.7783 3.88716 0)
(15.0256 3.87853 0)
(15.2729 3.85727 0)
(15.5191 3.8234 0)
(15.7638 3.77708 0)
(16.006 3.71871 0)
(16.2438 3.64893 0)
(16.4754 3.56866 0)
(16.6995 3.47897 0)
(16.9147 3.38112 0)
(17.1201 3.27648 0)
(17.3148 3.16651 0)
(17.4982 3.05269 0)
(17.67 2.93655 0)
(17.8299 2.81959 0)
(17.9778 2.70328 0)
(18.1141 2.58906 0)
(18.239 2.47833 0)
(18.353 2.37237 0)
(18.4566 2.27235 0)
(18.5505 2.17937 0)
(18.6353 2.09445 0)
(18.7116 2.01859 0)
(18.78 1.95277 0)
(18.8412 1.89787 0)
(18.8956 1.85459 0)
(18.9435 1.82346 0)
(18.9929 1.80396 0)
(14.2421 3.53249 0)
(14.4383 3.54677 0)
(14.6604 3.55178 0)
(14.8921 3.54641 0)
(15.1246 3.53042 0)
(15.3569 3.50377 0)
(15.5891 3.46653 0)
(15.8202 3.41891 0)
(16.0488 3.36136 0)
(16.2734 3.29456 0)
(16.4928 3.21933 0)
(16.7059 3.13666 0)
(16.9118 3.04764 0)
(17.1097 2.95349 0)
(17.299 2.85545 0)
(17.4792 2.75483 0)
(17.65 2.65295 0)
(17.8114 2.55113 0)
(17.9632 2.45066 0)
(18.1057 2.35282 0)
(18.2393 2.25884 0)
(18.3642 2.16986 0)
(18.481 2.08698 0)
(18.5902 2.01126 0)
(18.6923 1.94371 0)
(18.788 1.88535 0)
(18.8777 1.83713 0)
(18.9621 1.79996 0)
(19.0412 1.77472 0)
(19.133 1.76174 0)
(14.1513 3.21026 0)
(14.3354 3.22376 0)
(14.5439 3.22954 0)
(14.7617 3.22661 0)
(14.981 3.21474 0)
(15.2007 3.19386 0)
(15.4211 3.16395 0)
(15.6416 3.12512 0)
(15.8609 3.07768 0)
(16.0778 3.0221 0)
(16.2912 2.95903 0)
(16.5002 2.88921 0)
(16.7039 2.81356 0)
(16.9015 2.73305 0)
(17.0926 2.64874 0)
(17.2765 2.56174 0)
(17.453 2.47322 0)
(17.6219 2.38433 0)
(17.7831 2.29625 0)
(17.9367 2.21014 0)
(18.0829 2.12714 0)
(18.222 2.04836 0)
(18.3543 1.97486 0)
(18.4803 1.9077 0)
(18.6006 1.84789 0)
(18.7157 1.79647 0)
(18.8261 1.75445 0)
(18.9325 1.72288 0)
(19.0348 1.70285 0)
(19.159 1.69527 0)
(14.06 2.89999 0)
(14.2334 2.91262 0)
(14.4298 2.91879 0)
(14.6354 2.91766 0)
(14.8428 2.90902 0)
(15.0511 2.89276 0)
(15.2608 2.86883 0)
(15.4714 2.83726 0)
(15.6818 2.79824 0)
(15.891 2.75213 0)
(16.098 2.69939 0)
(16.3019 2.64062 0)
(16.5021 2.57653 0)
(16.6978 2.50794 0)
(16.8884 2.43572 0)
(17.0734 2.36082 0)
(17.2526 2.28424 0)
(17.4257 2.20701 0)
(17.5925 2.13018 0)
(17.7531 2.0548 0)
(17.9076 1.98192 0)
(18.0562 1.91258 0)
(18.1991 1.8478 0)
(18.3369 1.78859 0)
(18.4701 1.73598 0)
(18.599 1.69097 0)
(18.7245 1.65462 0)
(18.847 1.62803 0)
(18.9667 1.61242 0)
(19.1154 1.60901 0)
(13.9697 2.60006 0)
(14.1337 2.61173 0)
(14.3195 2.618 0)
(14.5142 2.61817 0)
(14.711 2.61203 0)
(14.9091 2.59948 0)
(15.1091 2.58043 0)
(15.3106 2.55487 0)
(15.5126 2.52292 0)
(15.7144 2.48483 0)
(15.915 2.44093 0)
(16.1136 2.39171 0)
(16.3097 2.33771 0)
(16.5026 2.27959 0)
(16.6916 2.21809 0)
(16.8764 2.15401 0)
(17.0566 2.0882 0)
(17.2319 2.02156 0)
(17.4021 1.95501 0)
(17.5672 1.88951 0)
(17.7273 1.82599 0)
(17.8825 1.76543 0)
(18.0331 1.70879 0)
(18.1794 1.65702 0)
(18.322 1.6111 0)
(18.4613 1.57203 0)
(18.598 1.54085 0)
(18.7328 1.51866 0)
(18.8658 1.5067 0)
(19.0334 1.50633 0)
(13.8822 2.30904 0)
(14.0379 2.31967 0)
(14.2142 2.32582 0)
(14.3994 2.32688 0)
(14.5868 2.32266 0)
(14.7758 2.31307 0)
(14.967 2.29801 0)
(15.1601 2.27744 0)
(15.3545 2.25143 0)
(15.5493 2.22015 0)
(15.7437 2.18385 0)
(15.9372 2.14289 0)
(16.129 2.09771 0)
(16.3187 2.04885 0)
(16.5056 1.99689 0)
(16.6893 1.94251 0)
(16.8694 1.88644 0)
(17.0457 1.82945 0)
(17.218 1.77234 0)
(17.3861 1.71595 0)
(17.5502 1.66114 0)
(17.7102 1.60878 0)
(17.8665 1.55975 0)
(18.0194 1.51495 0)
(18.1692 1.47529 0)
(18.3166 1.44174 0)
(18.4621 1.41527 0)
(18.6066 1.39697 0)
(18.7502 1.38801 0)
(18.9327 1.38974 0)
(13.7989 2.02541 0)
(13.9473 2.03495 0)
(14.1154 2.04079 0)
(14.2922 2.0424 0)
(14.4713 2.03963 0)
(14.6522 2.03239 0)
(14.8356 2.02059 0)
(15.0213 2.00417 0)
(15.2087 1.98316 0)
(15.397 1.95768 0)
(15.5857 1.92791 0)
(15.7742 1.89413 0)
(15.9618 1.85668 0)
(16.1481 1.81598 0)
(16.3325 1.77253 0)
(16.5147 1.72687 0)
(16.6942 1.67961 0)
(16.8708 1.63141 0)
(17.0442 1.58296 0)
(17.2144 1.535 0)
(17.3813 1.48827 0)
(17.545 1.44355 0)
(17.7057 1.40165 0)
(17.8637 1.36338 0)
(18.0194 1.32959 0)
(18.1732 1.30114 0)
(18.326 1.27898 0)
(18.4784 1.26409 0)
(18.6308 1.25757 0)
(18.8255 1.26069 0)
(13.7213 1.74805 0)
(13.8634 1.75645 0)
(14.0244 1.76183 0)
(14.1938 1.76373 0)
(14.3657 1.76203 0)
(14.5396 1.75665 0)
(14.716 1.74751 0)
(14.8951 1.73454 0)
(15.0763 1.71776 0)
(15.2588 1.69723 0)
(15.4423 1.6731 0)
(15.626 1.64558 0)
(15.8097 1.61492 0)
(15.9927 1.58147 0)
(16.1746 1.54561 0)
(16.355 1.50779 0)
(16.5335 1.46853 0)
(16.7099 1.42836 0)
(16.8839 1.38788 0)
(17.0554 1.3477 0)
(17.2244 1.30849 0)
(17.3908 1.27092 0)
(17.555 1.23569 0)
(17.7171 1.20354 0)
(17.8775 1.17521 0)
(18.0367 1.15152 0)
(18.1955 1.13328 0)
(18.3545 1.1214 0)
(18.5143 1.11685 0)
(18.7191 1.1208 0)
(13.6509 1.47504 0)
(13.7876 1.48226 0)
(13.9425 1.48703 0)
(14.1057 1.48899 0)
(14.2713 1.48805 0)
(14.4391 1.48413 0)
(14.6096 1.47715 0)
(14.7829 1.46706 0)
(14.9586 1.45385 0)
(15.136 1.43758 0)
(15.3148 1.41833 0)
(15.4943 1.39627 0)
(15.6743 1.3716 0)
(15.8542 1.34458 0)
(16.0336 1.31552 0)
(16.2121 1.28477 0)
(16.3895 1.25276 0)
(16.5653 1.21992 0)
(16.7395 1.18675 0)
(16.9118 1.15377 0)
(17.0822 1.12152 0)
(17.2508 1.09059 0)
(17.4176 1.06159 0)
(17.583 1.03514 0)
(17.7473 1.0119 0)
(17.9109 0.992568 0)
(18.0746 0.977881 0)
(18.2392 0.968621 0)
(18.4052 0.965632 0)
(18.6183 0.969963 0)
(13.5891 1.20616 0)
(13.7213 1.21216 0)
(13.871 1.21624 0)
(14.0289 1.21811 0)
(14.1893 1.21768 0)
(14.3519 1.21491 0)
(14.5174 1.20972 0)
(14.6859 1.20206 0)
(14.8568 1.19193 0)
(15.0299 1.17935 0)
(15.2045 1.1644 0)
(15.3804 1.14718 0)
(15.557 1.12785 0)
(15.7341 1.10661 0)
(15.9112 1.08371 0)
(16.088 1.05941 0)
(16.2641 1.03404 0)
(16.4393 1.00797 0)
(16.6133 0.981582 0)
(16.7861 0.955298 0)
(16.9575 0.92957 0)
(17.1276 0.904876 0)
(17.2965 0.881718 0)
(17.4644 0.860622 0)
(17.6318 0.842143 0)
(17.799 0.826867 0)
(17.9668 0.815415 0)
(18.136 0.80845 0)
(18.3071 0.806676 0)
(18.527 0.810996 0)
(13.5372 0.937562 0)
(13.6658 0.942282 0)
(13.8114 0.945549 0)
(13.9649 0.947142 0)
(14.1211 0.947001 0)
(14.2796 0.945082 0)
(14.4409 0.941332 0)
(14.6053 0.935708 0)
(14.7724 0.9282 0)
(14.9418 0.918824 0)
(15.113 0.90763 0)
(15.2858 0.894697 0)
(15.4596 0.880138 0)
(15.6343 0.864097 0)
(15.8094 0.846754 0)
(15.9845 0.828322 0)
(16.1595 0.809044 0)
(16.3339 0.789194 0)
(16.5077 0.769072 0)
(16.6806 0.749006 0)
(16.8527 0.729348 0)
(17.0238 0.710471 0)
(17.1942 0.692773 0)
(17.3641 0.676671 0)
(17.5338 0.66261 0)
(17.7038 0.65106 0)
(17.8748 0.642524 0)
(18.0476 0.637542 0)
(18.2227 0.636687 0)
(18.4479 0.640739 0)
(13.4964 0.672388 0)
(13.6221 0.675867 0)
(13.7645 0.678331 0)
(13.9148 0.679614 0)
(14.0677 0.679675 0)
(14.2229 0.678491 0)
(14.381 0.676021 0)
(14.5423 0.672233 0)
(14.7064 0.667116 0)
(14.8729 0.66068 0)
(15.0415 0.652956 0)
(15.2117 0.643998 0)
(15.3834 0.633881 0)
(15.5561 0.622705 0)
(15.7295 0.610593 0)
(15.9033 0.597694 0)
(16.0772 0.584178 0)
(16.2509 0.570237 0)
(16.4244 0.556086 0)
(16.5973 0.541958 0)
(16.7697 0.528105 0)
(16.9416 0.514797 0)
(17.113 0.502322 0)
(17.2843 0.490985 0)
(17.4558 0.481112 0)
(17.6278 0.473054 0)
(17.8012 0.467189 0)
(17.9767 0.463931 0)
(18.1551 0.463725 0)
(18.3845 0.4672 0)
(13.468 0.400199 0)
(13.5918 0.402298 0)
(13.7319 0.403798 0)
(13.8797 0.404554 0)
(14.0303 0.404563 0)
(14.1832 0.403825 0)
(14.3391 0.402317 0)
(14.4981 0.400019 0)
(14.66 0.396924 0)
(14.8244 0.39304 0)
(14.9909 0.388384 0)
(15.1594 0.38299 0)
(15.3293 0.376901 0)
(15.5005 0.370179 0)
(15.6726 0.362896 0)
(15.8453 0.355142 0)
(16.0183 0.347019 0)
(16.1914 0.338643 0)
(16.3644 0.330143 0)
(16.5372 0.321661 0)
(16.7096 0.31335 0)
(16.8818 0.305374 0)
(17.0538 0.29791 0)
(17.2258 0.291145 0)
(17.3983 0.285284 0)
(17.5716 0.280546 0)
(17.7465 0.277182 0)
(17.9237 0.275487 0)
(18.1041 0.275843 0)
(18.3356 0.279015 0)
(13.2321 0.135084 0)
(13.3522 0.136018 0)
(13.4883 0.13674 0)
(13.6321 0.137184 0)
(13.7786 0.13736 0)
(13.9274 0.137272 0)
(14.0791 0.136912 0)
(14.2338 0.136269 0)
(14.3914 0.13534 0)
(14.5515 0.134126 0)
(14.7136 0.132633 0)
(14.8776 0.130871 0)
(15.043 0.128854 0)
(15.2095 0.126603 0)
(15.3769 0.124143 0)
(15.5448 0.121504 0)
(15.713 0.118722 0)
(15.8811 0.115838 0)
(16.0491 0.112896 0)
(16.2167 0.109948 0)
(16.3839 0.107048 0)
(16.5507 0.104255 0)
(16.7172 0.101631 0)
(16.8837 0.0992452 0)
(17.0505 0.0971715 0)
(17.2181 0.0954922 0)
(17.3873 0.0943045 0)
(17.559 0.0937368 0)
(17.7344 0.0939892 0)
(17.9613 0.0956628 0)
)
;

boundaryField
{
    inlet
    {
        type            fixedValue;
        value           uniform (10 0 0);
    }
    outlet
    {
        type            zeroGradient;
    }
    flap
    {
        type            movingWallVelocity;
        value           nonuniform List<vector> 
33
(
(0 6.93889e-16 0)
(0 0 0)
(0 0 0)
(0 0 0)
(0 0 0)
(0 0 0)
(0 0 0)
(0 0 0)
(0 0 0)
(0 0 0)
(0 0 0)
(0 -1.11022e-14 0)
(0 -1.11022e-14 0)
(0 -1.11022e-14 0)
(0 -2.22045e-14 0)
(6.93889e-16 0 -2.77556e-15)
(0 0 -2.77556e-15)
(0 0 0)
(0 6.93889e-16 0)
(0 0 0)
(0 0 0)
(0 0 0)
(0 0 0)
(0 0 0)
(0 -5.55112e-15 0)
(0 0 0)
(0 -1.11022e-14 0)
(0 0 0)
(0 0 0)
(0 0 0)
(0 0 0)
(0 -1.11022e-14 0)
(0 -1.11022e-14 0)
)
;
    }
    upperWall
    {
        type            noSlip;
    }
    lowerWall
    {
        type            noSlip;
    }
    frontAndBack
    {
        type            empty;
    }
}


// ************************************************************************* //
