/*--------------------------------*- C++ -*----------------------------------*\
  =========                 |
  \\      /  F ield         | OpenFOAM: The Open Source CFD Toolbox
   \\    /   O peration     | Website:  https://openfoam.org
    \\  /    A nd           | Version:  7
     \\/     M anipulation  |
\*---------------------------------------------------------------------------*/
FoamFile
{
    version     2.0;
    format      ascii;
    class       volScalarField;
    location    "1.03";
    object      T;
}
// * * * * * * * * * * * * * * * * * * * * * * * * * * * * * * * * * * * * * //

dimensions      [0 0 0 1 0 0 0];

internalField   nonuniform List<scalar> 
12013
(
300.01
300.032
300.055
300.081
300.108
300.139
300.173
300.212
300.254
300.302
300.356
300.416
300.482
300.556
300.638
300.728
300.828
300.936
301.056
301.186
301.327
301.481
301.647
301.827
302.02
302.228
302.452
302.691
302.947
303.22
303.51
303.82
304.149
304.499
304.869
305.262
305.677
306.116
306.581
307.071
307.589
308.135
308.711
309.318
309.958
310.633
311.343
312.092
312.882
313.714
314.59
315.514
316.489
317.516
318.6
319.744
320.952
322.228
323.577
325.002
326.511
328.108
329.8
331.594
333.499
335.522
337.673
339.965
342.408
345.018
347.812
350.808
354.032
357.512
361.284
365.397
369.913
374.923
380.566
387.076
394.905
300.01
300.032
300.055
300.081
300.108
300.139
300.173
300.212
300.254
300.302
300.356
300.416
300.482
300.556
300.638
300.728
300.827
300.936
301.056
301.186
301.327
301.481
301.647
301.827
302.02
302.228
302.452
302.691
302.946
303.219
303.51
303.82
304.149
304.498
304.869
305.261
305.677
306.116
306.58
307.07
307.588
308.134
308.71
309.317
309.957
310.632
311.342
312.091
312.88
313.712
314.588
315.512
316.486
317.513
318.597
319.74
320.947
322.222
323.57
324.994
326.501
328.096
329.786
331.578
333.479
335.497
337.644
339.929
342.365
344.965
347.747
350.728
353.932
357.385
361.121
365.182
369.621
374.508
379.937
386.023
392.865
300.01
300.032
300.055
300.08
300.108
300.139
300.173
300.211
300.254
300.302
300.356
300.416
300.482
300.556
300.638
300.728
300.827
300.936
301.055
301.185
301.327
301.48
301.647
301.826
302.02
302.228
302.451
302.69
302.946
303.219
303.51
303.819
304.148
304.497
304.868
305.26
305.676
306.115
306.579
307.069
307.587
308.133
308.709
309.316
309.955
310.63
311.34
312.089
312.877
313.709
314.584
315.507
316.481
317.507
318.589
319.731
320.937
322.21
323.554
324.976
326.479
328.07
329.755
331.54
333.434
335.444
337.579
339.851
342.27
344.85
347.605
350.553
353.714
357.11
360.77
364.724
369.012
373.672
378.747
384.253
390.145
300.01
300.032
300.055
300.08
300.108
300.139
300.173
300.211
300.254
300.302
300.356
300.415
300.482
300.556
300.637
300.728
300.827
300.936
301.055
301.185
301.326
301.48
301.646
301.826
302.019
302.227
302.45
302.689
302.945
303.218
303.508
303.818
304.147
304.496
304.867
305.259
305.674
306.113
306.577
307.067
307.585
308.13
308.706
309.313
309.952
310.626
311.336
312.084
312.872
313.703
314.577
315.499
316.471
317.496
318.576
319.716
320.918
322.188
323.529
324.945
326.443
328.027
329.703
331.478
333.36
335.355
337.472
339.722
342.114
344.66
347.374
350.269
353.362
356.671
360.216
364.016
368.092
372.459
377.119
382.045
387.158
300.01
300.032
300.055
300.08
300.108
300.139
300.173
300.211
300.254
300.302
300.355
300.415
300.482
300.555
300.637
300.727
300.826
300.935
301.054
301.184
301.326
301.479
301.645
301.825
302.018
302.226
302.449
302.688
302.943
303.216
303.507
303.816
304.145
304.494
304.864
305.257
305.672
306.111
306.575
307.065
307.582
308.127
308.702
309.309
309.948
310.621
311.33
312.077
312.865
313.694
314.567
315.487
316.457
317.479
318.556
319.692
320.891
322.155
323.49
324.899
326.388
327.962
329.626
331.387
333.25
335.224
337.316
339.534
341.888
344.387
347.042
349.865
352.866
356.059
359.455
363.064
366.89
370.931
375.169
379.565
384.048
300.01
300.032
300.055
300.08
300.108
300.139
300.173
300.211
300.254
300.302
300.355
300.415
300.481
300.555
300.636
300.726
300.826
300.934
301.053
301.183
301.324
301.478
301.644
301.823
302.016
302.224
302.447
302.686
302.941
303.214
303.505
303.814
304.143
304.492
304.862
305.254
305.669
306.107
306.571
307.06
307.577
308.122
308.697
309.303
309.941
310.613
311.322
312.068
312.853
313.681
314.552
315.47
316.437
317.455
318.528
319.659
320.852
322.109
323.436
324.835
326.313
327.872
329.52
331.26
333.1
335.045
337.103
339.279
341.583
344.021
346.601
349.332
352.22
355.273
358.495
361.886
365.443
369.152
372.989
376.915
380.873
300.01
300.032
300.055
300.08
300.108
300.138
300.173
300.211
300.253
300.301
300.355
300.414
300.48
300.554
300.636
300.726
300.825
300.933
301.052
301.182
301.323
301.476
301.642
301.821
302.014
302.222
302.445
302.683
302.939
303.211
303.502
303.811
304.139
304.488
304.858
305.249
305.664
306.102
306.566
307.055
307.571
308.115
308.689
309.294
309.932
310.603
311.31
312.054
312.838
313.663
314.531
315.446
316.409
317.423
318.49
319.615
320.8
322.048
323.363
324.75
326.212
327.753
329.379
331.094
332.903
334.812
336.826
338.951
341.192
343.555
346.045
348.667
351.424
354.318
357.348
360.509
363.791
367.177
370.643
374.154
377.668
300.01
300.032
300.055
300.08
300.108
300.138
300.172
300.21
300.253
300.301
300.354
300.413
300.48
300.553
300.635
300.724
300.823
300.932
301.051
301.18
301.321
301.474
301.64
301.819
302.012
302.219
302.442
302.68
302.935
303.207
303.497
303.806
304.134
304.483
304.852
305.244
305.658
306.096
306.559
307.047
307.563
308.106
308.679
309.283
309.919
310.589
311.294
312.036
312.817
313.639
314.504
315.414
316.372
317.379
318.44
319.556
320.731
321.967
323.269
324.639
326.081
327.6
329.199
330.882
332.653
334.518
336.479
338.541
340.709
342.984
345.371
347.87
350.482
353.204
356.033
358.96
361.973
365.054
368.181
371.326
374.456
300.01
300.032
300.055
300.08
300.107
300.138
300.172
300.21
300.252
300.3
300.353
300.413
300.479
300.552
300.633
300.723
300.822
300.93
301.048
301.178
301.319
301.471
301.637
301.816
302.008
302.215
302.438
302.676
302.931
303.202
303.492
303.801
304.128
304.476
304.845
305.236
305.65
306.087
306.549
307.037
307.551
308.094
308.666
309.268
309.902
310.57
311.273
312.012
312.789
313.607
314.468
315.372
316.323
317.323
318.375
319.48
320.642
321.864
323.148
324.498
325.917
327.408
328.974
330.619
332.345
334.157
336.057
338.047
340.13
342.308
344.58
346.945
349.403
351.947
354.573
357.269
360.023
362.82
365.64
368.459
371.255
300.01
300.032
300.055
300.08
300.107
300.137
300.171
300.209
300.252
300.299
300.352
300.411
300.477
300.551
300.632
300.721
300.82
300.928
301.046
301.175
301.316
301.468
301.633
301.812
302.004
302.211
302.433
302.67
302.925
303.196
303.485
303.793
304.121
304.468
304.837
305.227
305.64
306.076
306.537
307.024
307.537
308.078
308.648
309.248
309.88
310.545
311.245
311.98
312.754
313.567
314.421
315.318
316.261
317.252
318.292
319.384
320.531
321.735
322.998
324.324
325.714
327.172
328.699
330.299
331.974
333.726
335.556
337.466
339.456
341.526
343.675
345.901
348.199
350.564
352.988
355.461
357.972
360.506
363.048
365.578
368.079
300.01
300.032
300.054
300.079
300.107
300.137
300.171
300.209
300.251
300.298
300.351
300.41
300.476
300.549
300.63
300.719
300.817
300.925
301.043
301.172
301.312
301.464
301.629
301.807
301.998
302.205
302.426
302.664
302.917
303.188
303.477
303.784
304.111
304.458
304.825
305.214
305.626
306.062
306.521
307.007
307.518
308.057
308.625
309.223
309.852
310.514
311.209
311.94
312.708
313.514
314.361
315.25
316.183
317.162
318.188
319.265
320.393
321.575
322.814
324.111
325.468
326.887
328.371
329.92
331.536
333.221
334.974
336.796
338.686
340.643
342.664
344.746
346.883
349.071
351.3
353.562
355.845
358.139
360.429
362.701
364.941
300.01
300.032
300.054
300.079
300.106
300.136
300.17
300.208
300.25
300.297
300.35
300.408
300.474
300.547
300.627
300.716
300.814
300.921
301.039
301.167
301.307
301.459
301.623
301.8
301.992
302.198
302.418
302.655
302.908
303.178
303.466
303.773
304.098
304.444
304.811
305.199
305.609
306.043
306.501
306.985
307.494
308.031
308.596
309.191
309.816
310.473
311.164
311.889
312.65
313.449
314.286
315.165
316.085
317.05
318.06
319.118
320.225
321.382
322.592
323.856
325.175
326.551
327.985
329.477
331.029
332.64
334.31
336.039
337.824
339.664
341.555
343.492
345.472
347.486
349.529
351.592
353.665
355.739
357.802
359.843
361.851
300.01
300.031
300.054
300.079
300.106
300.136
300.169
300.207
300.248
300.295
300.348
300.406
300.472
300.544
300.624
300.713
300.81
300.917
301.034
301.162
301.301
301.452
301.616
301.793
301.983
302.189
302.409
302.644
302.897
303.166
303.453
303.758
304.083
304.427
304.792
305.179
305.588
306.02
306.476
306.957
307.464
307.997
308.559
309.149
309.77
310.422
311.106
311.824
312.577
313.367
314.193
315.059
315.966
316.914
317.905
318.941
320.022
321.151
322.328
323.554
324.831
326.159
327.538
328.969
330.451
331.984
333.567
335.198
336.876
338.596
340.357
342.152
343.978
345.827
347.694
349.572
351.451
353.324
355.182
357.017
358.819
300.01
300.031
300.054
300.078
300.105
300.135
300.168
300.205
300.247
300.294
300.346
300.404
300.469
300.541
300.62
300.709
300.805
300.912
301.028
301.156
301.294
301.445
301.608
301.784
301.973
302.178
302.397
302.631
302.883
303.151
303.436
303.74
304.064
304.406
304.77
305.154
305.561
305.991
306.444
306.922
307.425
307.955
308.512
309.098
309.713
310.358
311.035
311.745
312.488
313.266
314.08
314.931
315.82
316.749
317.718
318.729
319.782
320.878
322.018
323.203
324.433
325.708
327.028
328.393
329.802
331.253
332.746
334.278
335.847
337.449
339.08
340.738
342.416
344.109
345.811
347.517
349.219
350.91
352.584
354.233
355.851
300.01
300.031
300.053
300.077
300.104
300.134
300.167
300.204
300.245
300.291
300.343
300.401
300.465
300.537
300.616
300.704
300.8
300.906
301.022
301.148
301.286
301.435
301.597
301.772
301.961
302.164
302.382
302.616
302.865
303.132
303.416
303.718
304.04
304.381
304.742
305.124
305.528
305.955
306.404
306.879
307.378
307.903
308.455
309.034
309.642
310.279
310.947
311.646
312.378
313.143
313.941
314.775
315.645
316.552
317.496
318.478
319.499
320.56
321.66
322.799
323.979
325.197
326.455
327.75
329.083
330.45
331.851
333.283
334.744
336.229
337.737
339.261
340.799
342.345
343.895
345.442
346.981
348.508
350.015
351.499
352.953
300.01
300.031
300.053
300.077
300.103
300.133
300.165
300.202
300.243
300.289
300.34
300.398
300.461
300.532
300.611
300.698
300.793
300.898
301.013
301.139
301.276
301.424
301.585
301.759
301.946
302.148
302.364
302.596
302.844
303.109
303.391
303.691
304.01
304.349
304.707
305.086
305.487
305.91
306.356
306.825
307.319
307.838
308.383
308.955
309.555
310.183
310.84
311.527
312.245
312.994
313.776
314.59
315.437
316.319
317.235
318.186
319.172
320.193
321.249
322.34
323.466
324.625
325.817
327.041
328.295
329.578
330.887
332.22
333.575
334.947
336.335
337.733
339.139
340.548
341.956
343.358
344.749
346.126
347.484
348.819
350.126
300.01
300.03
300.052
300.076
300.102
300.131
300.164
300.2
300.24
300.286
300.337
300.393
300.457
300.527
300.605
300.691
300.786
300.89
301.004
301.128
301.264
301.411
301.57
301.743
301.928
302.128
302.343
302.573
302.819
303.081
303.361
303.659
303.975
304.31
304.665
305.04
305.437
305.855
306.295
306.759
307.247
307.759
308.296
308.859
309.449
310.066
310.71
311.383
312.085
312.817
313.578
314.37
315.193
316.047
316.932
317.848
318.796
319.775
320.784
321.824
322.893
323.991
325.116
326.267
327.442
328.64
329.858
331.094
332.346
333.61
334.883
336.163
337.445
338.727
340.004
341.273
342.53
343.772
344.995
346.196
347.372
300.01
300.03
300.051
300.075
300.101
300.129
300.161
300.197
300.237
300.282
300.332
300.389
300.451
300.521
300.598
300.683
300.776
300.879
300.992
301.115
301.249
301.395
301.553
301.723
301.907
302.105
302.317
302.545
302.788
303.048
303.325
303.619
303.931
304.263
304.613
304.984
305.375
305.788
306.222
306.679
307.159
307.663
308.191
308.743
309.321
309.925
310.555
311.212
311.895
312.607
313.346
314.113
314.908
315.731
316.583
317.462
318.369
319.302
320.263
321.249
322.26
323.294
324.351
325.429
326.526
327.64
328.769
329.911
331.064
332.224
333.39
334.558
335.725
336.889
338.047
339.194
340.329
341.449
342.551
343.631
344.689
300.01
300.029
300.051
300.074
300.099
300.128
300.159
300.194
300.234
300.278
300.328
300.383
300.445
300.513
300.589
300.673
300.765
300.867
300.978
301.1
301.232
301.376
301.532
301.7
301.882
302.077
302.287
302.511
302.752
303.008
303.281
303.571
303.879
304.206
304.551
304.916
305.301
305.707
306.134
306.583
307.054
307.547
308.064
308.604
309.168
309.757
310.37
311.008
311.672
312.361
313.075
313.814
314.579
315.369
316.184
317.024
317.887
318.774
319.683
320.614
321.565
322.536
323.524
324.529
325.548
326.581
327.624
328.675
329.734
330.796
331.861
332.925
333.985
335.041
336.088
337.125
338.149
339.158
340.15
341.122
342.073
300.009
300.029
300.05
300.073
300.098
300.125
300.156
300.191
300.23
300.273
300.322
300.376
300.437
300.504
300.579
300.662
300.753
300.853
300.962
301.082
301.212
301.354
301.507
301.673
301.852
302.044
302.25
302.472
302.708
302.96
303.229
303.514
303.817
304.137
304.477
304.835
305.213
305.61
306.028
306.467
306.927
307.409
307.913
308.439
308.987
309.559
310.153
310.77
311.411
312.074
312.761
313.471
314.203
314.957
315.734
316.531
317.349
318.187
319.044
319.918
320.809
321.716
322.636
323.569
324.512
325.465
326.425
327.391
328.359
329.33
330.299
331.266
332.228
333.184
334.13
335.066
335.989
336.898
337.79
338.665
339.52
300.009
300.028
300.049
300.071
300.095
300.123
300.153
300.187
300.225
300.268
300.315
300.369
300.428
300.494
300.568
300.649
300.738
300.836
300.943
301.061
301.189
301.327
301.478
301.641
301.816
302.005
302.207
302.424
302.656
302.903
303.166
303.446
303.742
304.056
304.388
304.738
305.107
305.495
305.902
306.33
306.777
307.245
307.734
308.244
308.774
309.326
309.899
310.493
311.109
311.745
312.402
313.079
313.776
314.493
315.228
315.982
316.753
317.54
318.343
319.161
319.991
320.834
321.687
322.549
323.42
324.296
325.176
326.059
326.943
327.827
328.708
329.585
330.456
331.319
332.173
333.016
333.847
334.665
335.467
336.253
337.021
300.009
300.028
300.048
300.069
300.093
300.12
300.149
300.182
300.22
300.261
300.308
300.36
300.418
300.483
300.554
300.633
300.721
300.816
300.921
301.036
301.161
301.297
301.444
301.603
301.775
301.959
302.157
302.369
302.595
302.836
303.093
303.366
303.655
303.96
304.283
304.624
304.982
305.359
305.754
306.168
306.601
307.054
307.525
308.016
308.527
309.057
309.606
310.175
310.762
311.368
311.993
312.635
313.295
313.972
314.665
315.373
316.096
316.832
317.581
318.341
319.111
319.891
320.678
321.472
322.271
323.073
323.878
324.683
325.487
326.289
327.087
327.88
328.667
329.445
330.214
330.972
331.719
332.453
333.173
333.878
334.567
300.009
300.027
300.046
300.067
300.09
300.116
300.145
300.177
300.213
300.254
300.299
300.35
300.406
300.469
300.539
300.616
300.701
300.794
300.896
301.008
301.129
301.262
301.405
301.559
301.726
301.906
302.098
302.304
302.524
302.758
303.007
303.272
303.552
303.848
304.161
304.49
304.836
305.2
305.581
305.98
306.396
306.831
307.283
307.753
308.241
308.747
309.27
309.811
310.368
310.942
311.532
312.138
312.759
313.394
314.042
314.704
315.377
316.061
316.755
317.458
318.169
318.886
319.609
320.336
321.066
321.798
322.53
323.261
323.99
324.715
325.436
326.151
326.859
327.559
328.249
328.93
329.599
330.257
330.901
331.532
332.149
300.008
300.026
300.045
300.065
300.087
300.112
300.14
300.171
300.206
300.245
300.289
300.338
300.393
300.454
300.521
300.596
300.678
300.768
300.867
300.975
301.093
301.221
301.359
301.509
301.67
301.844
302.03
302.228
302.441
302.667
302.907
303.162
303.432
303.717
304.018
304.335
304.667
305.016
305.381
305.762
306.16
306.574
307.005
307.452
307.915
308.394
308.889
309.399
309.924
310.464
311.017
311.584
312.164
312.756
313.359
313.972
314.595
315.227
315.867
316.513
317.164
317.821
318.481
319.143
319.807
320.47
321.133
321.794
322.451
323.105
323.753
324.395
325.029
325.656
326.274
326.883
327.481
328.067
328.643
329.206
329.756
300.008
300.025
300.043
300.062
300.084
300.108
300.135
300.165
300.198
300.236
300.278
300.325
300.378
300.436
300.501
300.573
300.652
300.739
300.834
300.938
301.051
301.174
301.307
301.451
301.606
301.773
301.951
302.142
302.346
302.562
302.793
303.037
303.295
303.567
303.854
304.156
304.473
304.804
305.151
305.513
305.89
306.282
306.689
307.11
307.546
307.997
308.461
308.938
309.429
309.932
310.447
310.974
311.511
312.058
312.614
313.179
313.751
314.33
314.915
315.504
316.098
316.694
317.293
317.892
318.492
319.09
319.687
320.281
320.87
321.456
322.035
322.609
323.175
323.734
324.284
324.826
325.357
325.879
326.39
326.89
327.378
300.008
300.024
300.041
300.06
300.08
300.103
300.129
300.157
300.189
300.225
300.265
300.311
300.361
300.417
300.479
300.547
300.623
300.706
300.797
300.896
301.004
301.121
301.248
301.385
301.533
301.692
301.862
302.044
302.237
302.443
302.662
302.894
303.138
303.396
303.668
303.953
304.252
304.565
304.891
305.232
305.585
305.953
306.334
306.727
307.134
307.553
307.984
308.427
308.881
309.346
309.821
310.306
310.799
311.3
311.809
312.324
312.845
313.371
313.901
314.435
314.971
315.509
316.048
316.586
317.123
317.659
318.192
318.722
319.247
319.768
320.283
320.792
321.294
321.789
322.276
322.755
323.225
323.686
324.137
324.578
325.009
300.007
300.022
300.039
300.056
300.076
300.098
300.122
300.149
300.179
300.213
300.252
300.294
300.342
300.395
300.453
300.518
300.59
300.669
300.755
300.849
300.951
301.062
301.182
301.312
301.451
301.601
301.761
301.933
302.115
302.309
302.515
302.733
302.962
303.204
303.459
303.726
304.005
304.297
304.601
304.917
305.246
305.587
305.939
306.303
306.678
307.065
307.461
307.867
308.283
308.708
309.141
309.582
310.03
310.485
310.945
311.411
311.88
312.354
312.83
313.308
313.788
314.268
314.748
315.227
315.705
316.18
316.652
317.121
317.585
318.044
318.498
318.946
319.388
319.823
320.251
320.671
321.083
321.487
321.882
322.268
322.646
300.007
300.021
300.036
300.053
300.071
300.092
300.114
300.14
300.168
300.2
300.236
300.276
300.321
300.371
300.426
300.487
300.554
300.627
300.708
300.796
300.892
300.996
301.108
301.23
301.36
301.5
301.65
301.809
301.98
302.16
302.351
302.554
302.767
302.991
303.227
303.473
303.731
304
304.28
304.571
304.873
305.185
305.507
305.84
306.182
306.533
306.893
307.261
307.637
308.021
308.411
308.808
309.21
309.617
310.029
310.445
310.863
311.284
311.707
312.131
312.555
312.979
313.402
313.824
314.243
314.66
315.074
315.484
315.89
316.291
316.687
317.077
317.462
317.841
318.213
318.578
318.936
319.286
319.629
319.964
320.291
300.006
300.02
300.034
300.049
300.066
300.085
300.106
300.13
300.156
300.186
300.219
300.257
300.298
300.344
300.395
300.452
300.514
300.582
300.657
300.739
300.827
300.924
301.028
301.14
301.26
301.389
301.527
301.674
301.831
301.997
302.172
302.358
302.553
302.758
302.973
303.198
303.433
303.677
303.932
304.195
304.468
304.75
305.041
305.34
305.647
305.962
306.285
306.614
306.949
307.291
307.638
307.99
308.346
308.706
309.069
309.434
309.802
310.171
310.542
310.912
311.282
311.652
312.02
312.386
312.75
313.111
313.469
313.824
314.174
314.52
314.862
315.198
315.529
315.855
316.175
316.488
316.795
317.096
317.39
317.677
317.957
300.006
300.018
300.031
300.045
300.061
300.078
300.097
300.119
300.143
300.171
300.201
300.235
300.273
300.316
300.363
300.414
300.471
300.534
300.602
300.677
300.758
300.845
300.94
301.042
301.152
301.269
301.395
301.528
301.67
301.82
301.979
302.146
302.322
302.507
302.701
302.903
303.113
303.332
303.559
303.794
304.037
304.288
304.546
304.811
305.083
305.361
305.644
305.934
306.228
306.527
306.831
307.138
307.448
307.761
308.076
308.393
308.711
309.03
309.349
309.668
309.986
310.303
310.618
310.932
311.243
311.551
311.856
312.158
312.456
312.751
313.041
313.327
313.607
313.883
314.154
314.419
314.679
314.933
315.181
315.423
315.659
300.005
300.016
300.028
300.041
300.055
300.071
300.088
300.108
300.13
300.155
300.182
300.213
300.247
300.286
300.328
300.374
300.426
300.482
300.544
300.611
300.683
300.762
300.847
300.939
301.037
301.142
301.254
301.373
301.499
301.633
301.774
301.923
302.079
302.242
302.413
302.591
302.777
302.969
303.168
303.374
303.587
303.806
304.03
304.261
304.496
304.737
304.983
305.232
305.486
305.743
306.004
306.267
306.532
306.799
307.068
307.337
307.607
307.878
308.148
308.417
308.686
308.953
309.218
309.482
309.743
310.002
310.258
310.511
310.76
311.006
311.249
311.487
311.721
311.951
312.176
312.396
312.612
312.823
313.029
313.23
313.426
300.005
300.015
300.025
300.036
300.049
300.063
300.079
300.096
300.116
300.138
300.162
300.19
300.22
300.254
300.292
300.333
300.378
300.428
300.483
300.542
300.606
300.676
300.75
300.831
300.917
301.009
301.107
301.212
301.322
301.439
301.562
301.691
301.826
301.968
302.116
302.27
302.43
302.596
302.767
302.944
303.126
303.313
303.504
303.7
303.901
304.105
304.313
304.524
304.738
304.954
305.173
305.394
305.616
305.839
306.063
306.288
306.513
306.737
306.961
307.184
307.406
307.627
307.846
308.063
308.278
308.491
308.702
308.909
309.114
309.316
309.514
309.709
309.9
310.087
310.271
310.451
310.626
310.798
310.965
311.129
311.288
300.004
300.013
300.022
300.032
300.043
300.055
300.069
300.084
300.101
300.12
300.142
300.166
300.192
300.222
300.254
300.29
300.33
300.373
300.42
300.472
300.527
300.587
300.652
300.721
300.795
300.874
300.958
301.048
301.142
301.242
301.346
301.456
301.571
301.691
301.817
301.946
302.081
302.221
302.364
302.513
302.665
302.821
302.981
303.144
303.31
303.479
303.651
303.825
304.002
304.18
304.359
304.54
304.721
304.904
305.086
305.269
305.452
305.634
305.815
305.996
306.176
306.354
306.531
306.706
306.879
307.05
307.219
307.386
307.55
307.711
307.87
308.025
308.178
308.327
308.474
308.617
308.757
308.893
309.026
309.156
309.282
300.004
300.011
300.019
300.027
300.037
300.047
300.059
300.072
300.087
300.103
300.121
300.142
300.164
300.19
300.217
300.248
300.281
300.318
300.358
300.401
300.448
300.499
300.553
300.612
300.674
300.74
300.81
300.885
300.964
301.047
301.134
301.225
301.32
301.419
301.522
301.629
301.74
301.854
301.972
302.093
302.217
302.344
302.473
302.605
302.74
302.876
303.015
303.155
303.296
303.439
303.582
303.727
303.871
304.016
304.161
304.306
304.451
304.595
304.738
304.881
305.022
305.163
305.302
305.439
305.575
305.709
305.842
305.972
306.1
306.226
306.349
306.47
306.589
306.705
306.818
306.929
307.038
307.143
307.246
307.346
307.444
300.003
300.009
300.016
300.023
300.031
300.04
300.049
300.06
300.073
300.086
300.102
300.119
300.137
300.158
300.181
300.207
300.234
300.265
300.298
300.333
300.372
300.413
300.458
300.506
300.557
300.611
300.668
300.729
300.792
300.86
300.93
301.003
301.08
301.16
301.242
301.328
301.416
301.507
301.601
301.696
301.795
301.895
301.997
302.101
302.207
302.314
302.422
302.531
302.641
302.752
302.864
302.975
303.087
303.199
303.311
303.423
303.534
303.645
303.755
303.865
303.973
304.081
304.187
304.292
304.395
304.497
304.598
304.696
304.794
304.889
304.982
305.074
305.163
305.251
305.337
305.42
305.502
305.581
305.658
305.734
305.807
300.002
300.008
300.013
300.019
300.025
300.032
300.04
300.049
300.059
300.07
300.083
300.097
300.112
300.129
300.147
300.168
300.19
300.215
300.241
300.27
300.3
300.334
300.369
300.407
300.447
300.49
300.535
300.583
300.633
300.686
300.741
300.799
300.858
300.921
300.985
301.051
301.119
301.19
301.262
301.335
301.411
301.487
301.565
301.645
301.725
301.806
301.888
301.971
302.054
302.138
302.221
302.305
302.39
302.473
302.557
302.641
302.724
302.806
302.888
302.97
303.05
303.13
303.208
303.286
303.362
303.437
303.511
303.584
303.655
303.725
303.794
303.861
303.926
303.99
304.053
304.114
304.173
304.231
304.287
304.342
304.395
300.002
300.006
300.01
300.015
300.02
300.026
300.032
300.039
300.047
300.056
300.066
300.077
300.089
300.102
300.117
300.133
300.15
300.169
300.19
300.212
300.236
300.262
300.289
300.318
300.349
300.382
300.417
300.454
300.492
300.532
300.574
300.617
300.662
300.709
300.758
300.807
300.858
300.911
300.965
301.019
301.075
301.132
301.19
301.248
301.307
301.367
301.427
301.488
301.549
301.61
301.671
301.732
301.793
301.854
301.915
301.975
302.035
302.094
302.153
302.212
302.27
302.327
302.383
302.438
302.493
302.546
302.599
302.651
302.701
302.751
302.799
302.847
302.893
302.938
302.982
303.025
303.067
303.108
303.148
303.186
303.224
300.002
300.005
300.008
300.012
300.016
300.02
300.025
300.031
300.037
300.044
300.051
300.06
300.069
300.079
300.09
300.102
300.116
300.13
300.146
300.163
300.181
300.2
300.221
300.243
300.266
300.291
300.316
300.344
300.372
300.402
300.432
300.464
300.498
300.532
300.567
300.603
300.641
300.679
300.717
300.757
300.797
300.838
300.879
300.921
300.964
301.006
301.049
301.092
301.135
301.178
301.221
301.264
301.307
301.35
301.393
301.435
301.477
301.519
301.56
301.6
301.64
301.68
301.719
301.757
301.795
301.832
301.868
301.904
301.939
301.973
302.006
302.038
302.07
302.101
302.131
302.161
302.189
302.217
302.244
302.27
302.296
300.001
300.004
300.006
300.009
300.012
300.016
300.019
300.024
300.028
300.034
300.039
300.046
300.053
300.06
300.069
300.078
300.088
300.099
300.111
300.123
300.137
300.151
300.166
300.183
300.2
300.218
300.237
300.257
300.277
300.299
300.321
300.344
300.368
300.393
300.418
300.444
300.471
300.498
300.525
300.553
300.582
300.611
300.64
300.669
300.699
300.728
300.758
300.788
300.818
300.848
300.878
300.908
300.937
300.967
300.996
301.025
301.054
301.082
301.11
301.138
301.165
301.192
301.218
301.244
301.27
301.295
301.319
301.343
301.367
301.39
301.412
301.434
301.455
301.476
301.496
301.515
301.534
301.553
301.571
301.588
301.605
300.001
300.003
300.005
300.007
300.01
300.012
300.015
300.019
300.022
300.026
300.031
300.036
300.041
300.047
300.054
300.061
300.068
300.077
300.086
300.095
300.105
300.116
300.128
300.14
300.153
300.166
300.181
300.195
300.211
300.227
300.243
300.26
300.278
300.296
300.314
300.333
300.352
300.372
300.392
300.412
300.433
300.453
300.474
300.495
300.516
300.538
300.559
300.58
300.601
300.622
300.643
300.664
300.685
300.706
300.726
300.746
300.766
300.786
300.805
300.824
300.843
300.862
300.88
300.898
300.915
300.932
300.949
300.965
300.981
300.997
301.012
301.027
301.041
301.056
301.069
301.083
301.095
301.108
301.12
301.132
301.143
300.001
300.002
300.004
300.006
300.008
300.011
300.013
300.016
300.019
300.022
300.026
300.03
300.035
300.04
300.045
300.051
300.058
300.065
300.072
300.08
300.089
300.098
300.107
300.117
300.128
300.139
300.15
300.163
300.175
300.188
300.202
300.215
300.23
300.244
300.259
300.274
300.29
300.306
300.322
300.338
300.354
300.371
300.387
300.404
300.421
300.437
300.454
300.471
300.487
300.504
300.52
300.537
300.553
300.569
300.585
300.601
300.616
300.631
300.646
300.661
300.676
300.69
300.704
300.717
300.731
300.744
300.757
300.769
300.782
300.793
300.805
300.816
300.827
300.838
300.849
300.859
300.869
300.878
300.887
300.896
300.905
405.212
413.195
419.832
425.537
430.515
434.874
438.676
441.952
444.718
446.971
448.701
449.884
450.488
450.466
449.756
448.272
445.893
442.433
437.573
430.671
420.098
412.564
406.521
401.366
396.81
392.69
388.905
385.385
382.084
378.966
376.003
373.176
370.468
367.867
365.364
362.951
360.622
358.371
356.196
354.093
352.059
350.092
348.191
346.354
344.578
342.864
341.208
339.61
338.068
336.58
335.146
333.763
332.429
331.144
329.905
328.711
327.56
326.451
325.382
324.352
323.359
322.401
321.477
320.587
319.728
318.899
318.1
317.328
316.584
315.866
315.173
314.504
313.859
313.236
312.635
312.055
311.496
310.956
310.436
309.934
309.45
308.984
308.535
308.102
307.686
307.285
306.9
306.529
306.173
305.832
305.504
305.189
304.888
304.599
304.323
304.059
303.807
303.566
303.337
303.118
302.911
302.713
302.526
302.348
302.18
302.021
301.87
301.728
301.595
301.469
301.351
301.241
301.137
301.04
300.95
300.866
300.787
300.715
300.647
300.585
300.528
300.475
300.427
300.382
300.341
300.304
300.271
300.24
300.212
300.187
300.165
300.145
300.127
300.11
300.096
300.083
300.072
300.062
300.053
300.045
300.039
300.033
300.028
300.023
300.02
300.016
300.014
300.011
300.009
300.008
300.006
300.005
300.004
300.003
300.003
300.002
300.002
300.001
300.001
300.001
300
400.435
407.391
413.573
419.047
423.893
428.172
431.923
435.169
437.917
440.163
441.895
443.088
443.709
443.716
443.048
441.628
439.352
436.074
431.59
425.646
418.219
411.649
405.98
401.005
396.549
392.492
388.749
385.26
381.98
378.878
375.928
373.111
370.411
367.817
365.319
362.91
360.584
358.337
356.164
354.063
352.031
350.066
348.167
346.331
344.557
342.844
341.189
339.592
338.052
336.565
335.132
333.749
332.417
331.132
329.895
328.701
327.551
326.443
325.375
324.345
323.352
322.395
321.472
320.582
319.723
318.895
318.096
317.325
316.581
315.863
315.17
314.502
313.857
313.234
312.633
312.054
311.495
310.955
310.435
309.933
309.449
308.983
308.534
308.102
307.686
307.285
306.9
306.529
306.173
305.831
305.503
305.189
304.888
304.599
304.323
304.059
303.807
303.566
303.337
303.119
302.911
302.713
302.526
302.348
302.18
302.021
301.87
301.729
301.595
301.469
301.351
301.241
301.137
301.04
300.95
300.866
300.787
300.715
300.647
300.585
300.528
300.475
300.427
300.382
300.342
300.304
300.271
300.24
300.212
300.187
300.165
300.145
300.127
300.11
300.096
300.083
300.072
300.062
300.053
300.045
300.039
300.033
300.028
300.023
300.02
300.016
300.014
300.011
300.009
300.008
300.006
300.005
300.004
300.003
300.003
300.002
300.002
300.001
300.001
300.001
300
396.287
402.258
407.825
412.913
417.509
421.624
425.266
428.44
431.144
433.369
435.097
436.305
436.961
437.023
436.44
435.149
433.07
430.112
426.184
421.256
415.565
410.021
404.914
400.259
395.999
392.07
388.414
384.988
381.756
378.689
375.767
372.971
370.289
367.709
365.223
362.823
360.506
358.265
356.098
354.002
351.975
350.015
348.119
346.287
344.516
342.805
341.154
339.559
338.021
336.537
335.105
333.725
332.395
331.112
329.876
328.684
327.536
326.429
325.362
324.333
323.341
322.385
321.463
320.573
319.716
318.888
318.09
317.319
316.576
315.859
315.167
314.498
313.854
313.231
312.631
312.052
311.493
310.953
310.433
309.932
309.448
308.982
308.534
308.101
307.685
307.284
306.899
306.529
306.173
305.831
305.503
305.189
304.888
304.599
304.323
304.059
303.807
303.567
303.337
303.119
302.911
302.714
302.526
302.349
302.18
302.021
301.871
301.729
301.595
301.47
301.352
301.241
301.137
301.041
300.95
300.866
300.788
300.715
300.648
300.586
300.528
300.475
300.427
300.382
300.342
300.305
300.271
300.24
300.213
300.188
300.165
300.145
300.127
300.11
300.096
300.083
300.072
300.062
300.053
300.046
300.039
300.033
300.028
300.023
300.02
300.016
300.014
300.011
300.009
300.008
300.006
300.005
300.004
300.003
300.003
300.002
300.002
300.001
300.001
300.001
300
392.374
397.541
402.495
407.135
411.41
415.295
418.774
421.835
424.466
426.65
428.367
429.591
430.293
430.435
429.974
428.862
427.048
424.485
421.151
417.1
412.541
407.888
403.389
399.137
395.148
391.405
387.883
384.554
381.396
378.386
375.508
372.748
370.094
367.537
365.07
362.687
360.383
358.154
355.997
353.911
351.891
349.938
348.048
346.222
344.456
342.751
341.104
339.513
337.979
336.498
335.07
333.693
332.366
331.086
329.852
328.663
327.516
326.411
325.346
324.319
323.328
322.373
321.453
320.564
319.708
318.881
318.083
317.314
316.571
315.854
315.163
314.495
313.851
313.229
312.629
312.05
311.491
310.952
310.432
309.931
309.448
308.982
308.533
308.101
307.685
307.285
306.899
306.529
306.173
305.832
305.504
305.19
304.888
304.6
304.324
304.06
303.808
303.567
303.338
303.12
302.912
302.714
302.527
302.349
302.181
302.022
301.871
301.73
301.596
301.47
301.352
301.242
301.138
301.041
300.951
300.866
300.788
300.715
300.648
300.586
300.528
300.476
300.427
300.383
300.342
300.305
300.271
300.24
300.213
300.188
300.165
300.145
300.127
300.111
300.096
300.083
300.072
300.062
300.053
300.046
300.039
300.033
300.028
300.024
300.02
300.016
300.014
300.011
300.009
300.008
300.006
300.005
300.004
300.003
300.003
300.002
300.002
300.001
300.001
300.001
300
388.575
393.091
397.487
401.677
405.6
409.215
412.492
415.406
417.937
420.062
421.756
422.996
423.75
423.988
423.674
422.776
421.262
419.115
416.348
413.028
409.304
405.397
401.484
397.669
394
390.492
387.143
383.945
380.887
377.956
375.14
372.431
369.818
367.295
364.857
362.497
360.214
358.002
355.861
353.787
351.779
349.836
347.957
346.138
344.381
342.682
341.042
339.457
337.928
336.453
335.03
333.657
332.333
331.057
329.826
328.64
327.496
326.393
325.33
324.305
323.316
322.363
321.443
320.556
319.701
318.875
318.078
317.31
316.568
315.851
315.16
314.493
313.849
313.228
312.628
312.049
311.491
310.952
310.432
309.931
309.448
308.982
308.534
308.102
307.686
307.285
306.9
306.53
306.174
305.833
305.505
305.191
304.889
304.601
304.325
304.061
303.809
303.568
303.339
303.121
302.913
302.715
302.528
302.35
302.182
302.023
301.872
301.73
301.597
301.471
301.353
301.242
301.139
301.042
300.951
300.867
300.789
300.716
300.649
300.586
300.529
300.476
300.427
300.383
300.342
300.305
300.271
300.241
300.213
300.188
300.165
300.145
300.127
300.111
300.096
300.083
300.072
300.062
300.053
300.046
300.039
300.033
300.028
300.024
300.02
300.017
300.014
300.011
300.009
300.008
300.006
300.005
300.004
300.003
300.003
300.002
300.002
300.001
300.001
300.001
300
384.85
388.826
392.731
396.496
400.066
403.394
406.445
409.189
411.598
413.647
415.309
416.558
417.366
417.708
417.555
416.883
415.678
413.937
411.684
408.976
405.917
402.641
399.268
395.891
392.567
389.327
386.187
383.151
380.219
377.389
374.656
372.012
369.455
366.978
364.578
362.251
359.995
357.808
355.687
353.632
351.641
349.712
347.845
346.039
344.292
342.603
340.971
339.394
337.872
336.403
334.986
333.618
332.299
331.027
329.8
328.618
327.477
326.377
325.316
324.293
323.307
322.355
321.437
320.551
319.697
318.872
318.076
317.308
316.567
315.851
315.16
314.494
313.85
313.229
312.629
312.051
311.492
310.954
310.434
309.933
309.45
308.984
308.536
308.103
307.687
307.287
306.902
306.532
306.176
305.834
305.507
305.192
304.891
304.602
304.326
304.062
303.81
303.57
303.34
303.122
302.914
302.717
302.529
302.351
302.183
302.024
301.873
301.732
301.598
301.472
301.354
301.243
301.14
301.043
300.952
300.868
300.789
300.717
300.649
300.587
300.529
300.477
300.428
300.383
300.343
300.306
300.272
300.241
300.213
300.188
300.166
300.145
300.127
300.111
300.096
300.084
300.072
300.062
300.053
300.046
300.039
300.033
300.028
300.024
300.02
300.017
300.014
300.011
300.009
300.008
300.006
300.005
300.004
300.003
300.003
300.002
300.002
300.001
300.001
300.001
300
381.186
384.707
388.181
391.557
394.787
397.828
400.645
403.206
405.479
407.438
409.056
410.308
411.168
411.612
411.62
411.175
410.268
408.903
407.105
404.918
402.413
399.677
396.796
393.842
390.87
387.919
385.013
382.167
379.387
376.679
374.046
371.486
368.998
366.579
364.229
361.945
359.725
357.569
355.476
353.445
351.475
349.566
347.715
345.924
344.19
342.513
340.892
339.326
337.813
336.352
334.941
333.58
332.267
331
329.778
328.599
327.462
326.365
325.307
324.286
323.302
322.352
321.435
320.551
319.697
318.873
318.078
317.311
316.57
315.854
315.164
314.497
313.854
313.233
312.633
312.054
311.496
310.957
310.438
309.936
309.453
308.988
308.539
308.107
307.69
307.29
306.905
306.534
306.179
305.837
305.509
305.194
304.893
304.604
304.328
304.064
303.812
303.571
303.342
303.124
302.916
302.718
302.531
302.353
302.185
302.025
301.875
301.733
301.599
301.473
301.355
301.244
301.141
301.044
300.953
300.869
300.79
300.717
300.65
300.588
300.53
300.477
300.428
300.384
300.343
300.306
300.272
300.241
300.214
300.188
300.166
300.146
300.127
300.111
300.097
300.084
300.072
300.062
300.054
300.046
300.039
300.033
300.028
300.024
300.02
300.017
300.014
300.011
300.009
300.008
300.006
300.005
300.004
300.003
300.003
300.002
300.002
300.001
300.001
300.001
300
377.582
380.71
383.807
386.831
389.745
392.511
395.095
397.467
399.598
401.458
403.024
404.27
405.174
405.714
405.873
405.639
405.007
403.981
402.582
400.842
398.81
396.545
394.107
391.553
388.931
386.279
383.624
380.988
378.383
375.82
373.305
370.845
368.441
366.095
363.806
361.574
359.401
357.285
355.226
353.226
351.282
349.397
347.567
345.795
344.078
342.416
340.808
339.254
337.751
336.3
334.898
333.544
332.237
330.976
329.759
328.584
327.451
326.358
325.303
324.284
323.302
322.354
321.439
320.555
319.703
318.879
318.085
317.318
316.577
315.862
315.171
314.505
313.861
313.24
312.64
312.061
311.503
310.964
310.444
309.942
309.459
308.993
308.544
308.111
307.695
307.294
306.909
306.538
306.182
305.84
305.512
305.197
304.896
304.607
304.331
304.067
303.814
303.574
303.344
303.126
302.918
302.72
302.532
302.355
302.186
302.027
301.876
301.734
301.601
301.475
301.356
301.246
301.142
301.045
300.954
300.87
300.791
300.718
300.651
300.588
300.531
300.478
300.429
300.384
300.344
300.306
300.273
300.242
300.214
300.189
300.166
300.146
300.128
300.111
300.097
300.084
300.073
300.062
300.054
300.046
300.039
300.033
300.028
300.024
300.02
300.017
300.014
300.011
300.009
300.008
300.006
300.005
300.004
300.003
300.003
300.002
300.002
300.001
300.001
300.001
300
374.04
376.827
379.592
382.301
384.925
387.432
389.793
391.98
393.965
395.722
397.228
398.459
399.396
400.019
400.313
400.269
399.882
399.155
398.103
396.749
395.125
393.273
391.235
389.054
386.771
384.419
382.026
379.615
377.203
374.804
372.428
370.084
367.78
365.518
363.303
361.136
359.017
356.95
354.934
352.971
351.06
349.204
347.4
345.65
343.954
342.31
340.718
339.178
337.688
336.247
334.855
333.51
332.211
330.956
329.745
328.575
327.446
326.357
325.304
324.289
323.308
322.362
321.448
320.566
319.714
318.891
318.097
317.33
316.589
315.874
315.183
314.516
313.872
313.25
312.65
312.071
311.512
310.972
310.452
309.95
309.466
309
308.55
308.117
307.701
307.299
306.914
306.543
306.186
305.844
305.516
305.201
304.899
304.61
304.333
304.069
303.817
303.576
303.346
303.128
302.92
302.722
302.534
302.356
302.188
302.028
301.878
301.736
301.602
301.476
301.358
301.247
301.143
301.046
300.955
300.87
300.792
300.719
300.651
300.589
300.531
300.478
300.43
300.385
300.344
300.307
300.273
300.242
300.214
300.189
300.166
300.146
300.128
300.111
300.097
300.084
300.073
300.063
300.054
300.046
300.039
300.033
300.028
300.024
300.02
300.017
300.014
300.012
300.009
300.008
300.006
300.005
300.004
300.003
300.003
300.002
300.002
300.001
300.001
300.001
300
370.566
373.054
375.525
377.953
380.315
382.583
384.734
386.742
388.584
390.236
391.676
392.885
393.842
394.532
394.942
395.061
394.886
394.418
393.666
392.644
391.374
389.885
388.206
386.371
384.411
382.354
380.226
378.051
375.845
373.627
371.407
369.198
367.007
364.844
362.715
360.623
358.57
356.561
354.596
352.677
350.806
348.984
347.211
345.489
343.816
342.194
340.621
339.097
337.622
336.194
334.813
333.478
332.188
330.941
329.736
328.572
327.447
326.361
325.312
324.299
323.321
322.376
321.463
320.582
319.731
318.908
318.114
317.347
316.606
315.89
315.199
314.532
313.887
313.265
312.664
312.084
311.524
310.984
310.462
309.96
309.475
309.008
308.558
308.125
307.707
307.306
306.919
306.548
306.191
305.848
305.52
305.204
304.902
304.613
304.336
304.072
303.819
303.578
303.348
303.13
302.922
302.724
302.536
302.358
302.189
302.03
301.879
301.737
301.603
301.477
301.359
301.248
301.144
301.047
300.956
300.871
300.793
300.72
300.652
300.59
300.532
300.479
300.43
300.385
300.345
300.307
300.273
300.242
300.215
300.189
300.167
300.146
300.128
300.112
300.097
300.084
300.073
300.063
300.054
300.046
300.039
300.033
300.028
300.024
300.02
300.017
300.014
300.012
300.01
300.008
300.006
300.005
300.004
300.003
300.003
300.002
300.002
300.001
300.001
300.001
300
367.165
369.39
371.601
373.779
375.904
377.955
379.911
381.751
383.455
385.002
386.373
387.55
388.516
389.257
389.76
390.016
390.02
389.771
389.274
388.536
387.574
386.403
385.047
383.529
381.872
380.1
378.236
376.3
374.311
372.284
370.235
368.175
366.116
364.065
362.035
360.029
358.053
356.11
354.205
352.339
350.514
348.733
346.996
345.306
343.662
342.064
340.513
339.009
337.551
336.138
334.77
333.447
332.166
330.927
329.73
328.572
327.453
326.371
325.325
324.315
323.339
322.396
321.484
320.604
319.753
318.931
318.136
317.369
316.627
315.911
315.219
314.551
313.905
313.282
312.68
312.099
311.538
310.997
310.475
309.971
309.486
309.018
308.567
308.133
307.715
307.312
306.926
306.554
306.196
305.853
305.524
305.208
304.906
304.616
304.339
304.074
303.821
303.58
303.35
303.132
302.923
302.725
302.538
302.359
302.191
302.031
301.88
301.738
301.604
301.478
301.36
301.249
301.145
301.047
300.957
300.872
300.793
300.72
300.653
300.59
300.532
300.479
300.431
300.386
300.345
300.308
300.274
300.243
300.215
300.19
300.167
300.146
300.128
300.112
300.097
300.084
300.073
300.063
300.054
300.046
300.039
300.033
300.028
300.024
300.02
300.017
300.014
300.012
300.01
300.008
300.006
300.005
300.004
300.003
300.003
300.002
300.002
300.001
300.001
300.001
300
363.843
365.835
367.816
369.771
371.684
373.537
375.315
376.998
378.571
380.016
381.315
382.454
383.417
384.192
384.767
385.133
385.284
385.218
384.936
384.441
383.742
382.851
381.781
380.55
379.175
377.675
376.067
374.37
372.601
370.775
368.907
367.01
365.095
363.174
361.254
359.346
357.457
355.592
353.754
351.949
350.178
348.444
346.75
345.096
343.485
341.917
340.391
338.91
337.471
336.076
334.723
333.413
332.143
330.914
329.725
328.574
327.461
326.384
325.342
324.335
323.361
322.42
321.51
320.63
319.779
318.957
318.163
317.395
316.652
315.935
315.242
314.573
313.926
313.302
312.699
312.116
311.554
311.012
310.489
309.984
309.498
309.029
308.577
308.142
307.723
307.319
306.932
306.559
306.201
305.857
305.528
305.211
304.908
304.619
304.341
304.076
303.823
303.582
303.352
303.133
302.924
302.726
302.538
302.36
302.191
302.032
301.881
301.739
301.605
301.479
301.36
301.249
301.145
301.048
300.957
300.872
300.794
300.721
300.653
300.59
300.533
300.48
300.431
300.386
300.345
300.308
300.274
300.243
300.215
300.19
300.167
300.147
300.128
300.112
300.097
300.084
300.073
300.063
300.054
300.046
300.039
300.034
300.028
300.024
300.02
300.017
300.014
300.012
300.01
300.008
300.006
300.005
300.004
300.003
300.003
300.002
300.002
300.001
300.001
300.001
300
360.605
362.39
364.167
365.923
367.646
369.322
370.936
372.476
373.925
375.271
376.497
377.592
378.542
379.336
379.962
380.414
380.683
380.766
380.662
380.371
379.897
379.248
378.431
377.458
376.341
375.094
373.732
372.269
370.72
369.098
367.419
365.694
363.936
362.155
360.362
358.565
356.773
354.995
353.235
351.498
349.788
348.109
346.463
344.853
343.28
341.745
340.249
338.793
337.378
336.003
334.668
333.372
332.116
330.898
329.718
328.576
327.469
326.398
325.361
324.357
323.386
322.447
321.538
320.659
319.809
318.987
318.192
317.423
316.68
315.962
315.268
314.597
313.949
313.323
312.719
312.135
311.572
311.028
310.503
309.997
309.51
309.039
308.586
308.15
307.73
307.326
306.938
306.564
306.205
305.861
305.531
305.214
304.911
304.62
304.343
304.078
303.824
303.583
303.353
303.133
302.925
302.727
302.539
302.36
302.191
302.032
301.881
301.739
301.605
301.478
301.36
301.249
301.145
301.048
300.957
300.872
300.794
300.721
300.653
300.59
300.533
300.48
300.431
300.386
300.345
300.308
300.274
300.243
300.215
300.19
300.167
300.147
300.128
300.112
300.097
300.085
300.073
300.063
300.054
300.046
300.039
300.034
300.028
300.024
300.02
300.017
300.014
300.012
300.01
300.008
300.006
300.005
300.004
300.003
300.003
300.002
300.002
300.001
300.001
300.001
300
357.454
359.056
360.651
362.23
363.783
365.299
366.765
368.172
369.506
370.757
371.911
372.957
373.885
374.684
375.344
375.858
376.219
376.421
376.462
376.34
376.056
375.613
375.017
374.273
373.39
372.377
371.246
370.007
368.673
367.257
365.769
364.223
362.629
360.999
359.343
357.67
355.99
354.309
352.635
350.976
349.336
347.718
346.128
344.566
343.036
341.54
340.079
338.653
337.264
335.912
334.597
333.32
332.079
330.874
329.705
328.572
327.473
326.409
325.377
324.378
323.41
322.473
321.566
320.688
319.839
319.017
318.222
317.452
316.709
315.989
315.294
314.622
313.973
313.345
312.739
312.154
311.589
311.044
310.518
310.01
309.521
309.05
308.595
308.158
307.737
307.332
306.942
306.568
306.208
305.863
305.532
305.215
304.912
304.621
304.343
304.078
303.824
303.582
303.352
303.133
302.924
302.726
302.538
302.359
302.19
302.031
301.88
301.738
301.604
301.478
301.359
301.248
301.144
301.047
300.956
300.872
300.793
300.72
300.653
300.59
300.532
300.479
300.431
300.386
300.345
300.308
300.274
300.243
300.215
300.19
300.167
300.147
300.128
300.112
300.097
300.085
300.073
300.063
300.054
300.046
300.039
300.034
300.028
300.024
300.02
300.017
300.014
300.012
300.01
300.008
300.006
300.005
300.004
300.003
300.003
300.002
300.002
300.001
300.001
300.001
300
354.391
355.83
357.264
358.686
360.086
361.458
362.791
364.075
365.303
366.462
367.544
368.539
369.437
370.23
370.908
371.465
371.893
372.187
372.344
372.36
372.234
371.966
371.559
371.015
370.341
369.541
368.623
367.596
366.469
365.252
363.956
362.591
361.167
359.694
358.184
356.645
355.086
353.516
351.941
350.369
348.807
347.259
345.731
344.225
342.745
341.293
339.871
338.48
337.121
335.796
334.505
333.248
332.024
330.835
329.68
328.558
327.469
326.412
325.387
324.393
323.429
322.495
321.591
320.715
319.866
319.045
318.249
317.48
316.735
316.015
315.319
314.645
313.995
313.366
312.758
312.171
311.605
311.058
310.53
310.021
309.531
309.058
308.602
308.164
307.741
307.335
306.945
306.57
306.209
305.864
305.532
305.215
304.911
304.62
304.342
304.076
303.822
303.58
303.35
303.13
302.922
302.723
302.535
302.357
302.188
302.028
301.878
301.735
301.601
301.476
301.357
301.246
301.142
301.045
300.955
300.87
300.792
300.719
300.652
300.589
300.532
300.479
300.43
300.385
300.344
300.307
300.273
300.243
300.215
300.19
300.167
300.146
300.128
300.112
300.097
300.084
300.073
300.063
300.054
300.046
300.039
300.034
300.028
300.024
300.02
300.017
300.014
300.012
300.01
300.008
300.006
300.005
300.004
300.003
300.003
300.002
300.002
300.001
300.001
300.001
300
351.419
352.712
354.002
355.283
356.547
357.788
359
360.173
361.3
362.374
363.385
364.326
365.189
365.965
366.648
367.23
367.706
368.069
368.315
368.441
368.444
368.322
368.075
367.704
367.212
366.602
365.878
365.047
364.115
363.091
361.981
360.795
359.542
358.232
356.873
355.475
354.047
352.596
351.13
349.658
348.185
346.717
345.258
343.815
342.392
340.99
339.612
338.261
336.938
335.644
334.38
333.147
331.945
330.774
329.634
328.525
327.447
326.4
325.383
324.396
323.438
322.508
321.607
320.733
319.886
319.066
318.271
317.502
316.757
316.036
315.339
314.664
314.012
313.382
312.773
312.185
311.616
311.068
310.539
310.029
309.537
309.062
308.606
308.166
307.743
307.336
306.944
306.568
306.208
305.861
305.53
305.212
304.907
304.616
304.337
304.072
303.818
303.576
303.345
303.126
302.917
302.719
302.531
302.353
302.184
302.024
301.874
301.732
301.598
301.472
301.354
301.243
301.14
301.043
300.952
300.868
300.79
300.717
300.65
300.588
300.53
300.477
300.429
300.384
300.344
300.306
300.273
300.242
300.214
300.189
300.166
300.146
300.128
300.112
300.097
300.084
300.073
300.063
300.054
300.046
300.039
300.033
300.028
300.024
300.02
300.017
300.014
300.012
300.01
300.008
300.006
300.005
300.004
300.003
300.003
300.002
300.002
300.001
300.001
300.001
300
348.534
349.698
350.859
352.013
353.155
354.279
355.379
356.45
357.485
358.476
359.418
360.304
361.127
361.879
362.556
363.149
363.655
364.067
364.38
364.591
364.695
364.692
364.578
364.354
364.019
363.576
363.026
362.373
361.621
360.777
359.845
358.834
357.751
356.603
355.399
354.147
352.855
351.531
350.183
348.819
347.444
346.066
344.689
343.319
341.96
340.615
339.288
337.983
336.7
335.442
334.21
333.005
331.827
330.678
329.557
328.464
327.4
326.365
325.358
324.379
323.428
322.504
321.607
320.737
319.893
319.075
318.281
317.513
316.768
316.047
315.35
314.675
314.022
313.39
312.78
312.191
311.622
311.072
310.542
310.03
309.537
309.062
308.604
308.163
307.739
307.331
306.939
306.563
306.202
305.855
305.523
305.205
304.9
304.608
304.33
304.064
303.81
303.568
303.338
303.118
302.91
302.712
302.524
302.346
302.178
302.018
301.868
301.726
301.593
301.467
301.349
301.239
301.136
301.039
300.949
300.865
300.787
300.714
300.647
300.585
300.528
300.476
300.427
300.383
300.342
300.305
300.272
300.241
300.213
300.188
300.166
300.146
300.127
300.111
300.097
300.084
300.073
300.063
300.054
300.046
300.039
300.033
300.028
300.024
300.02
300.017
300.014
300.012
300.01
300.008
300.006
300.005
300.004
300.003
300.003
300.002
300.002
300.001
300.001
300.001
300
345.735
346.781
347.827
348.867
349.899
350.917
351.916
352.892
353.84
354.754
355.629
356.459
357.238
357.961
358.621
359.214
359.735
360.178
360.539
360.813
360.996
361.087
361.082
360.979
360.777
360.477
360.079
359.585
358.996
358.318
357.554
356.709
355.789
354.801
353.751
352.646
351.495
350.304
349.08
347.831
346.563
345.282
343.995
342.706
341.421
340.143
338.877
337.625
336.39
335.174
333.979
332.806
331.658
330.534
329.435
328.362
327.315
326.295
325.3
324.332
323.39
322.474
321.584
320.719
319.879
319.064
318.273
317.506
316.763
316.043
315.346
314.671
314.018
313.387
312.776
312.186
311.616
311.066
310.535
310.023
309.529
309.053
308.594
308.153
307.729
307.32
306.928
306.551
306.19
305.843
305.511
305.192
304.888
304.596
304.318
304.052
303.798
303.557
303.326
303.107
302.899
302.702
302.514
302.337
302.169
302.01
301.86
301.719
301.585
301.46
301.343
301.233
301.13
301.034
300.944
300.86
300.783
300.711
300.644
300.582
300.525
300.473
300.425
300.381
300.34
300.304
300.27
300.24
300.212
300.187
300.165
300.145
300.127
300.111
300.096
300.083
300.072
300.062
300.053
300.046
300.039
300.033
300.028
300.024
300.02
300.017
300.014
300.012
300.009
300.008
300.006
300.005
300.004
300.003
300.003
300.002
300.002
300.001
300.001
300.001
300
343.014
343.956
344.898
345.836
346.767
347.688
348.596
349.485
350.352
351.192
352.001
352.775
353.508
354.195
354.833
355.416
355.939
356.399
356.79
357.108
357.35
357.513
357.594
357.589
357.498
357.318
357.05
356.694
356.251
355.722
355.111
354.42
353.655
352.82
351.92
350.962
349.951
348.895
347.8
346.671
345.516
344.341
343.151
341.953
340.749
339.547
338.348
337.157
335.978
334.811
333.661
332.528
331.415
330.322
329.251
328.202
327.177
326.174
325.196
324.242
323.312
322.406
321.525
320.667
319.834
319.024
318.238
317.475
316.735
316.017
315.322
314.648
313.996
313.366
312.756
312.166
311.596
311.046
310.515
310.003
309.509
309.033
308.574
308.133
307.708
307.3
306.908
306.531
306.17
305.823
305.491
305.173
304.869
304.578
304.3
304.034
303.781
303.54
303.31
303.092
302.884
302.687
302.5
302.324
302.156
301.998
301.849
301.708
301.576
301.451
301.334
301.225
301.122
301.027
300.938
300.855
300.777
300.706
300.639
300.578
300.522
300.469
300.422
300.378
300.338
300.301
300.268
300.238
300.211
300.186
300.164
300.144
300.126
300.11
300.096
300.083
300.072
300.062
300.053
300.045
300.039
300.033
300.028
300.024
300.02
300.017
300.014
300.011
300.009
300.008
300.006
300.005
300.004
300.003
300.003
300.002
300.002
300.001
300.001
300.001
300
340.366
341.213
342.061
342.906
343.747
344.579
345.402
346.21
347.001
347.772
348.517
349.235
349.92
350.569
351.178
351.742
352.258
352.722
353.129
353.475
353.758
353.974
354.12
354.192
354.189
354.109
353.95
353.711
353.394
352.997
352.522
351.973
351.35
350.659
349.902
349.085
348.213
347.29
346.324
345.319
344.282
343.217
342.131
341.029
339.916
338.796
337.673
336.552
335.436
334.327
333.229
332.143
331.072
330.017
328.979
327.961
326.962
325.983
325.026
324.09
323.176
322.285
321.416
320.569
319.745
318.943
318.164
317.407
316.672
315.959
315.267
314.597
313.948
313.32
312.712
312.124
311.555
311.007
310.477
309.965
309.472
308.997
308.54
308.099
307.675
307.268
306.876
306.5
306.14
305.794
305.463
305.145
304.842
304.552
304.274
304.01
303.757
303.517
303.288
303.071
302.864
302.668
302.482
302.306
302.14
301.982
301.834
301.694
301.563
301.439
301.323
301.214
301.113
301.018
300.929
300.847
300.77
300.699
300.633
300.573
300.517
300.465
300.418
300.374
300.335
300.298
300.266
300.236
300.209
300.184
300.162
300.142
300.125
300.109
300.095
300.082
300.071
300.061
300.053
300.045
300.038
300.033
300.028
300.023
300.02
300.016
300.014
300.011
300.009
300.008
300.006
300.005
300.004
300.003
300.003
300.002
300.002
300.001
300.001
300.001
300
337.781
338.542
339.305
340.066
340.823
341.575
342.319
343.052
343.772
344.476
345.16
345.823
346.459
347.067
347.642
348.181
348.681
349.139
349.55
349.911
350.219
350.471
350.663
350.794
350.859
350.858
350.787
350.646
350.434
350.151
349.796
349.371
348.877
348.317
347.693
347.01
346.269
345.477
344.638
343.757
342.838
341.887
340.909
339.909
338.892
337.862
336.822
335.778
334.733
333.69
332.652
331.621
330.599
329.589
328.593
327.611
326.646
325.698
324.767
323.855
322.963
322.091
321.238
320.407
319.596
318.806
318.038
317.29
316.563
315.857
315.172
314.508
313.864
313.24
312.636
312.052
311.487
310.941
310.414
309.905
309.414
308.941
308.485
308.047
307.625
307.219
306.829
306.455
306.096
305.751
305.422
305.106
304.804
304.515
304.239
303.976
303.725
303.486
303.259
303.043
302.838
302.643
302.458
302.284
302.118
301.962
301.815
301.677
301.546
301.424
301.309
301.201
301.1
301.006
300.919
300.837
300.761
300.691
300.626
300.566
300.51
300.459
300.413
300.37
300.331
300.295
300.262
300.233
300.206
300.182
300.16
300.141
300.123
300.107
300.093
300.081
300.07
300.06
300.052
300.044
300.038
300.032
300.027
300.023
300.019
300.016
300.013
300.011
300.009
300.008
300.006
300.005
300.004
300.003
300.003
300.002
300.002
300.001
300.001
300.001
300
335.249
335.932
336.616
337.3
337.982
338.659
339.33
339.993
340.646
341.287
341.912
342.519
343.106
343.671
344.209
344.718
345.196
345.639
346.044
346.408
346.728
347.001
347.225
347.396
347.512
347.571
347.57
347.508
347.383
347.194
346.941
346.624
346.243
345.8
345.297
344.735
344.118
343.449
342.732
341.971
341.17
340.332
339.464
338.569
337.652
336.716
335.767
334.806
333.84
332.869
331.899
330.93
329.967
329.01
328.062
327.126
326.201
325.29
324.393
323.513
322.648
321.801
320.972
320.161
319.369
318.595
317.842
317.108
316.393
315.698
315.023
314.368
313.732
313.116
312.519
311.94
311.381
310.84
310.318
309.814
309.327
308.858
308.406
307.971
307.552
307.149
306.762
306.391
306.034
305.693
305.365
305.052
304.752
304.466
304.192
303.932
303.683
303.446
303.221
303.007
302.803
302.61
302.428
302.255
302.091
301.937
301.791
301.654
301.525
301.404
301.291
301.184
301.085
300.992
300.905
300.825
300.75
300.681
300.617
300.557
300.503
300.453
300.406
300.364
300.325
300.29
300.258
300.229
300.203
300.179
300.158
300.138
300.121
300.106
300.092
300.08
300.069
300.06
300.051
300.044
300.037
300.032
300.027
300.023
300.019
300.016
300.013
300.011
300.009
300.007
300.006
300.005
300.004
300.003
300.002
300.002
300.001
300.001
300.001
300.001
300
332.759
333.371
333.984
334.596
335.207
335.816
336.419
337.017
337.606
338.186
338.754
339.308
339.846
340.365
340.864
341.339
341.789
342.211
342.602
342.959
343.28
343.563
343.804
344.001
344.152
344.254
344.306
344.304
344.248
344.135
343.966
343.74
343.456
343.114
342.717
342.265
341.761
341.205
340.603
339.955
339.267
338.541
337.781
336.992
336.176
335.338
334.482
333.611
332.728
331.838
330.942
330.043
329.145
328.25
327.359
326.475
325.599
324.733
323.878
323.035
322.207
321.392
320.592
319.809
319.041
318.291
317.558
316.843
316.145
315.466
314.806
314.164
313.54
312.935
312.348
311.779
311.229
310.696
310.181
309.684
309.204
308.741
308.294
307.865
307.451
307.053
306.671
306.304
305.952
305.614
305.29
304.981
304.685
304.402
304.131
303.874
303.628
303.394
303.171
302.96
302.759
302.569
302.389
302.218
302.057
301.905
301.761
301.626
301.499
301.38
301.268
301.163
301.066
300.974
300.889
300.81
300.736
300.668
300.605
300.547
300.493
300.444
300.399
300.357
300.319
300.285
300.253
300.225
300.199
300.176
300.155
300.136
300.119
300.104
300.09
300.078
300.068
300.058
300.05
300.043
300.037
300.031
300.026
300.022
300.019
300.016
300.013
300.011
300.009
300.007
300.006
300.005
300.004
300.003
300.002
300.002
300.001
300.001
300.001
300.001
300
330.3
330.845
331.392
331.939
332.485
333.029
333.569
334.105
334.635
335.156
335.669
336.171
336.659
337.133
337.591
338.03
338.448
338.843
339.214
339.557
339.87
340.151
340.399
340.609
340.781
340.912
341
341.043
341.039
340.986
340.884
340.731
340.527
340.272
339.966
339.61
339.205
338.752
338.253
337.712
337.129
336.509
335.855
335.168
334.454
333.714
332.954
332.174
331.38
330.574
329.758
328.937
328.111
327.283
326.457
325.633
324.814
324.001
323.195
322.399
321.613
320.839
320.077
319.328
318.592
317.872
317.166
316.476
315.802
315.144
314.504
313.88
313.273
312.684
312.111
311.556
311.018
310.497
309.993
309.506
309.036
308.582
308.144
307.722
307.316
306.925
306.549
306.189
305.843
305.511
305.193
304.888
304.597
304.319
304.053
303.799
303.558
303.328
303.109
302.902
302.704
302.517
302.34
302.173
302.015
301.865
301.724
301.592
301.467
301.35
301.241
301.138
301.042
300.953
300.869
300.792
300.72
300.653
300.592
300.535
300.482
300.434
300.39
300.349
300.312
300.278
300.247
300.219
300.194
300.171
300.151
300.132
300.116
300.101
300.088
300.076
300.066
300.057
300.049
300.042
300.036
300.03
300.026
300.022
300.018
300.015
300.013
300.011
300.009
300.007
300.006
300.005
300.004
300.003
300.002
300.002
300.001
300.001
300.001
300.001
300
327.861
328.345
328.831
329.317
329.802
330.286
330.767
331.244
331.717
332.184
332.643
333.094
333.534
333.962
334.378
334.778
335.162
335.527
335.871
336.194
336.492
336.764
337.008
337.221
337.403
337.55
337.661
337.734
337.767
337.759
337.708
337.613
337.474
337.29
337.06
336.785
336.466
336.103
335.698
335.251
334.766
334.245
333.689
333.102
332.485
331.843
331.177
330.49
329.786
329.067
328.336
327.595
326.847
326.094
325.339
324.582
323.827
323.074
322.326
321.583
320.848
320.121
319.404
318.697
318.002
317.318
316.647
315.989
315.345
314.716
314.101
313.501
312.917
312.349
311.796
311.259
310.739
310.234
309.745
309.272
308.814
308.373
307.947
307.536
307.14
306.759
306.392
306.04
305.702
305.378
305.068
304.77
304.486
304.214
303.954
303.707
303.471
303.246
303.032
302.829
302.637
302.454
302.281
302.118
301.963
301.817
301.68
301.55
301.429
301.315
301.208
301.108
301.014
300.927
300.846
300.77
300.7
300.635
300.575
300.52
300.469
300.422
300.379
300.339
300.303
300.27
300.24
300.213
300.189
300.167
300.147
300.129
300.113
300.098
300.086
300.074
300.064
300.055
300.048
300.041
300.035
300.03
300.025
300.021
300.018
300.015
300.012
300.01
300.008
300.007
300.006
300.005
300.004
300.003
300.002
300.002
300.001
300.001
300.001
300
300
325.435
325.862
326.291
326.719
327.148
327.575
328
328.423
328.842
329.256
329.664
330.065
330.457
330.841
331.214
331.574
331.921
332.253
332.568
332.866
333.143
333.399
333.632
333.84
334.022
334.175
334.298
334.389
334.446
334.469
334.456
334.405
334.316
334.188
334.021
333.813
333.566
333.281
332.956
332.595
332.197
331.765
331.301
330.806
330.282
329.733
329.159
328.564
327.95
327.319
326.674
326.017
325.351
324.676
323.996
323.312
322.627
321.941
321.256
320.575
319.897
319.225
318.56
317.903
317.254
316.615
315.986
315.367
314.761
314.166
313.584
313.015
312.459
311.918
311.39
310.877
310.379
309.895
309.425
308.971
308.531
308.106
307.695
307.298
306.916
306.548
306.194
305.853
305.526
305.212
304.912
304.623
304.348
304.084
303.832
303.592
303.363
303.145
302.938
302.741
302.554
302.377
302.209
302.051
301.901
301.759
301.626
301.501
301.383
301.272
301.169
301.072
300.981
300.897
300.818
300.745
300.677
300.614
300.556
300.502
300.453
300.408
300.366
300.328
300.293
300.261
300.232
300.206
300.182
300.161
300.142
300.124
300.109
300.095
300.083
300.072
300.062
300.053
300.046
300.039
300.034
300.028
300.024
300.02
300.017
300.014
300.012
300.01
300.008
300.007
300.005
300.004
300.003
300.003
300.002
300.002
300.001
300.001
300.001
300
300
323.019
323.393
323.768
324.143
324.518
324.892
325.265
325.635
326.003
326.366
326.725
327.078
327.425
327.764
328.094
328.414
328.724
329.021
329.305
329.574
329.827
330.062
330.278
330.474
330.648
330.799
330.924
331.024
331.095
331.138
331.15
331.131
331.08
330.995
330.876
330.724
330.537
330.315
330.06
329.772
329.452
329.1
328.718
328.307
327.87
327.408
326.922
326.415
325.888
325.345
324.785
324.213
323.629
323.035
322.434
321.826
321.215
320.6
319.985
319.369
318.756
318.145
317.538
316.936
316.341
315.752
315.172
314.6
314.037
313.484
312.941
312.409
311.889
311.38
310.884
310.4
309.93
309.472
309.027
308.596
308.178
307.773
307.382
307.004
306.639
306.287
305.949
305.623
305.309
305.009
304.72
304.444
304.179
303.926
303.684
303.453
303.233
303.024
302.825
302.635
302.455
302.285
302.124
301.971
301.827
301.691
301.563
301.442
301.329
301.222
301.123
301.029
300.942
300.861
300.785
300.715
300.65
300.59
300.534
300.482
300.435
300.391
300.351
300.314
300.281
300.25
300.223
300.198
300.175
300.154
300.136
300.119
300.104
300.091
300.079
300.069
300.059
300.051
300.044
300.038
300.032
300.027
300.023
300.019
300.016
300.014
300.011
300.009
300.008
300.006
300.005
300.004
300.003
300.003
300.002
300.002
300.001
300.001
300.001
300
300
320.615
320.939
321.264
321.589
321.914
322.238
322.561
322.882
323.201
323.517
323.829
324.136
324.438
324.733
325.022
325.302
325.574
325.835
326.086
326.325
326.55
326.761
326.957
327.136
327.297
327.439
327.561
327.661
327.738
327.791
327.82
327.822
327.797
327.745
327.664
327.554
327.415
327.247
327.05
326.824
326.57
326.288
325.979
325.645
325.286
324.904
324.5
324.075
323.632
323.172
322.696
322.206
321.704
321.191
320.669
320.14
319.604
319.064
318.521
317.976
317.43
316.885
316.341
315.8
315.264
314.731
314.205
313.685
313.172
312.666
312.169
311.68
311.201
310.731
310.272
309.823
309.386
308.959
308.544
308.141
307.75
307.37
307.003
306.647
306.304
305.972
305.653
305.345
305.049
304.764
304.491
304.229
303.978
303.737
303.508
303.288
303.079
302.88
302.69
302.51
302.339
302.177
302.023
301.877
301.74
301.61
301.488
301.373
301.265
301.164
301.069
300.98
300.897
300.82
300.748
300.681
300.619
300.561
300.508
300.459
300.414
300.372
300.334
300.299
300.267
300.238
300.212
300.188
300.166
300.147
300.129
300.113
300.099
300.087
300.075
300.065
300.056
300.049
300.042
300.036
300.031
300.026
300.022
300.019
300.016
300.013
300.011
300.009
300.007
300.006
300.005
300.004
300.003
300.002
300.002
300.001
300.001
300.001
300.001
300
300
318.233
318.511
318.789
319.067
319.345
319.622
319.899
320.174
320.446
320.717
320.984
321.247
321.506
321.76
322.008
322.25
322.484
322.71
322.927
323.135
323.332
323.517
323.689
323.849
323.993
324.122
324.235
324.33
324.406
324.463
324.5
324.515
324.509
324.479
324.426
324.35
324.249
324.124
323.974
323.8
323.602
323.38
323.135
322.868
322.579
322.269
321.939
321.591
321.225
320.843
320.446
320.035
319.612
319.178
318.735
318.282
317.823
317.358
316.888
316.415
315.939
315.462
314.985
314.508
314.034
313.562
313.094
312.63
312.171
311.717
311.27
310.83
310.397
309.971
309.554
309.146
308.746
308.356
307.976
307.606
307.245
306.895
306.556
306.227
305.909
305.601
305.304
305.018
304.742
304.476
304.221
303.976
303.741
303.516
303.301
303.096
302.899
302.712
302.534
302.365
302.204
302.051
301.906
301.77
301.64
301.518
301.403
301.295
301.193
301.097
301.008
300.924
300.846
300.773
300.705
300.642
300.583
300.529
300.479
300.432
300.39
300.351
300.315
300.282
300.252
300.224
300.2
300.177
300.157
300.138
300.122
300.107
300.093
300.082
300.071
300.062
300.053
300.046
300.039
300.034
300.029
300.024
300.021
300.017
300.015
300.012
300.01
300.008
300.007
300.006
300.005
300.004
300.003
300.002
300.002
300.001
300.001
300.001
300
300
300
315.893
316.127
316.361
316.595
316.83
317.063
317.296
317.528
317.757
317.985
318.21
318.432
318.651
318.865
319.074
319.279
319.477
319.669
319.853
320.03
320.198
320.356
320.505
320.643
320.769
320.882
320.982
321.069
321.14
321.196
321.235
321.257
321.262
321.249
321.216
321.164
321.093
321.002
320.89
320.759
320.608
320.436
320.246
320.036
319.808
319.561
319.298
319.018
318.722
318.412
318.088
317.751
317.402
317.043
316.674
316.296
315.911
315.519
315.121
314.719
314.314
313.906
313.496
313.085
312.675
312.266
311.858
311.453
311.051
310.652
310.259
309.87
309.487
309.11
308.739
308.374
308.017
307.668
307.326
306.992
306.667
306.351
306.043
305.745
305.455
305.175
304.904
304.642
304.389
304.146
303.912
303.686
303.47
303.263
303.065
302.875
302.694
302.521
302.356
302.199
302.05
301.908
301.774
301.647
301.527
301.413
301.306
301.206
301.111
301.022
300.939
300.861
300.788
300.72
300.657
300.598
300.543
300.493
300.446
300.403
300.363
300.327
300.293
300.263
300.235
300.209
300.186
300.165
300.146
300.129
300.113
300.099
300.087
300.076
300.066
300.057
300.05
300.043
300.037
300.031
300.027
300.023
300.019
300.016
300.014
300.011
300.009
300.008
300.006
300.005
300.004
300.003
300.003
300.002
300.002
300.001
300.001
300.001
300
300
300
313.619
313.813
314.007
314.201
314.395
314.588
314.78
314.972
315.162
315.35
315.536
315.72
315.9
316.078
316.251
316.42
316.585
316.744
316.897
317.044
317.184
317.317
317.441
317.557
317.664
317.761
317.847
317.923
317.986
318.037
318.076
318.101
318.112
318.108
318.09
318.056
318.007
317.942
317.861
317.764
317.651
317.522
317.376
317.215
317.039
316.848
316.642
316.422
316.188
315.942
315.683
315.413
315.133
314.842
314.542
314.234
313.918
313.596
313.268
312.935
312.597
312.256
311.913
311.567
311.221
310.874
310.527
310.182
309.838
309.496
309.157
308.822
308.491
308.163
307.841
307.523
307.211
306.905
306.605
306.311
306.024
305.744
305.472
305.206
304.948
304.698
304.456
304.221
303.995
303.776
303.565
303.362
303.167
302.98
302.8
302.628
302.464
302.307
302.157
302.014
301.878
301.749
301.627
301.511
301.401
301.297
301.199
301.107
301.02
300.939
300.863
300.791
300.724
300.662
300.604
300.55
300.5
300.453
300.41
300.371
300.334
300.301
300.27
300.242
300.216
300.192
300.171
300.152
300.134
300.119
300.104
300.092
300.08
300.07
300.061
300.053
300.046
300.039
300.034
300.029
300.025
300.021
300.018
300.015
300.012
300.01
300.009
300.007
300.006
300.005
300.004
300.003
300.002
300.002
300.001
300.001
300.001
300.001
300
300
300
311.445
311.602
311.759
311.917
312.074
312.23
312.386
312.541
312.695
312.847
312.998
313.146
313.292
313.436
313.576
313.713
313.846
313.975
314.1
314.219
314.333
314.441
314.543
314.638
314.726
314.806
314.878
314.942
314.996
315.041
315.076
315.101
315.115
315.117
315.109
315.088
315.055
315.01
314.953
314.883
314.8
314.705
314.597
314.476
314.343
314.198
314.041
313.872
313.692
313.501
313.3
313.089
312.869
312.64
312.402
312.158
311.906
311.647
311.383
311.114
310.841
310.563
310.283
310
309.715
309.428
309.141
308.854
308.567
308.282
307.997
307.715
307.435
307.159
306.885
306.615
306.349
306.088
305.831
305.578
305.331
305.09
304.853
304.623
304.399
304.181
303.97
303.764
303.566
303.373
303.188
303.009
302.837
302.671
302.512
302.359
302.213
302.073
301.94
301.812
301.691
301.576
301.466
301.362
301.264
301.171
301.083
301
300.922
300.849
300.78
300.715
300.655
300.599
300.546
300.498
300.452
300.41
300.372
300.336
300.303
300.272
300.245
300.219
300.196
300.174
300.155
300.138
300.122
300.107
300.095
300.083
300.073
300.063
300.055
300.048
300.041
300.036
300.031
300.026
300.022
300.019
300.016
300.013
300.011
300.009
300.008
300.006
300.005
300.004
300.003
300.003
300.002
300.002
300.001
300.001
300.001
300
300
300
300
309.406
309.531
309.655
309.78
309.904
310.028
310.151
310.274
310.395
310.515
310.634
310.751
310.867
310.98
311.091
311.199
311.304
311.406
311.504
311.599
311.689
311.775
311.856
311.932
312.003
312.067
312.126
312.178
312.223
312.26
312.291
312.313
312.328
312.334
312.331
312.319
312.299
312.268
312.229
312.18
312.121
312.052
311.974
311.886
311.788
311.681
311.564
311.438
311.303
311.16
311.007
310.847
310.679
310.503
310.32
310.131
309.936
309.734
309.528
309.317
309.101
308.882
308.659
308.433
308.206
307.976
307.745
307.513
307.28
307.048
306.816
306.585
306.356
306.128
305.902
305.679
305.458
305.241
305.026
304.816
304.608
304.405
304.207
304.012
303.822
303.637
303.457
303.282
303.113
302.948
302.789
302.635
302.487
302.344
302.206
302.074
301.947
301.825
301.709
301.598
301.492
301.391
301.295
301.204
301.118
301.036
300.959
300.886
300.817
300.753
300.692
300.635
300.582
300.532
300.486
300.442
300.402
300.365
300.331
300.299
300.269
300.243
300.218
300.195
300.174
300.155
300.138
300.123
300.109
300.096
300.084
300.074
300.065
300.057
300.049
300.043
300.037
300.032
300.027
300.023
300.02
300.017
300.014
300.012
300.01
300.008
300.007
300.006
300.005
300.004
300.003
300.002
300.002
300.001
300.001
300.001
300.001
300
300
300
300
307.54
307.636
307.732
307.828
307.924
308.019
308.114
308.208
308.302
308.394
308.486
308.576
308.664
308.751
308.836
308.919
309
309.079
309.154
309.227
309.297
309.363
309.426
309.485
309.539
309.59
309.636
309.677
309.713
309.744
309.769
309.788
309.802
309.809
309.81
309.804
309.792
309.773
309.746
309.713
309.672
309.625
309.57
309.507
309.437
309.36
309.276
309.185
309.087
308.981
308.87
308.751
308.627
308.496
308.36
308.218
308.07
307.918
307.762
307.601
307.436
307.268
307.096
306.922
306.746
306.567
306.386
306.205
306.022
305.839
305.656
305.472
305.289
305.107
304.927
304.747
304.569
304.394
304.22
304.049
303.881
303.715
303.553
303.393
303.237
303.085
302.936
302.791
302.65
302.513
302.38
302.252
302.127
302.007
301.891
301.78
301.673
301.57
301.471
301.377
301.287
301.201
301.119
301.041
300.967
300.897
300.831
300.768
300.709
300.653
300.601
300.552
300.506
300.463
300.423
300.385
300.35
300.318
300.288
300.261
300.235
300.212
300.19
300.17
300.152
300.136
300.121
300.107
300.095
300.084
300.074
300.065
300.057
300.049
300.043
300.037
300.032
300.028
300.024
300.02
300.017
300.015
300.012
300.01
300.009
300.007
300.006
300.005
300.004
300.003
300.003
300.002
300.002
300.001
300.001
300.001
300
300
300
300
300
305.879
305.951
306.023
306.095
306.166
306.238
306.309
306.379
306.449
306.518
306.586
306.653
306.719
306.784
306.847
306.909
306.97
307.028
307.085
307.139
307.191
307.241
307.288
307.332
307.374
307.412
307.447
307.478
307.506
307.53
307.55
307.566
307.578
307.585
307.588
307.586
307.579
307.568
307.551
307.53
307.503
307.47
307.433
307.39
307.342
307.289
307.23
307.166
307.096
307.022
306.942
306.858
306.768
306.674
306.576
306.473
306.365
306.254
306.139
306.021
305.899
305.774
305.647
305.516
305.384
305.249
305.113
304.976
304.837
304.697
304.557
304.416
304.275
304.135
303.994
303.855
303.716
303.579
303.443
303.308
303.176
303.045
302.916
302.789
302.665
302.543
302.424
302.308
302.194
302.084
301.977
301.872
301.771
301.673
301.579
301.488
301.4
301.315
301.234
301.156
301.082
301.01
300.943
300.878
300.816
300.758
300.702
300.65
300.6
300.554
300.51
300.468
300.43
300.393
300.36
300.328
300.298
300.271
300.246
300.222
300.201
300.181
300.162
300.146
300.13
300.116
300.103
300.092
300.081
300.072
300.063
300.055
300.049
300.042
300.037
300.032
300.028
300.024
300.02
300.017
300.015
300.013
300.011
300.009
300.007
300.006
300.005
300.004
300.003
300.003
300.002
300.002
300.001
300.001
300.001
300
300
300
300
300
300
304.448
304.5
304.552
304.604
304.656
304.708
304.759
304.81
304.86
304.91
304.959
305.008
305.056
305.103
305.148
305.193
305.237
305.279
305.32
305.359
305.397
305.433
305.467
305.5
305.53
305.558
305.584
305.607
305.628
305.646
305.662
305.674
305.684
305.691
305.694
305.694
305.691
305.685
305.675
305.661
305.644
305.623
305.599
305.571
305.539
305.503
305.463
305.42
305.373
305.322
305.267
305.209
305.147
305.081
305.013
304.94
304.865
304.787
304.705
304.621
304.534
304.445
304.353
304.259
304.163
304.066
303.967
303.866
303.764
303.661
303.558
303.453
303.349
303.244
303.139
303.034
302.93
302.826
302.723
302.621
302.52
302.42
302.321
302.224
302.128
302.034
301.942
301.852
301.764
301.677
301.593
301.512
301.432
301.355
301.28
301.208
301.138
301.071
301.006
300.944
300.884
300.827
300.772
300.72
300.67
300.623
300.578
300.536
300.495
300.457
300.421
300.387
300.356
300.326
300.298
300.272
300.248
300.225
300.204
300.185
300.167
300.151
300.135
300.121
300.109
300.097
300.086
300.077
300.068
300.06
300.053
300.046
300.041
300.035
300.031
300.027
300.023
300.02
300.017
300.015
300.012
300.01
300.009
300.007
300.006
300.005
300.004
300.003
300.003
300.002
300.002
300.001
300.001
300.001
300
300
300
300
300
300
300
303.26
303.297
303.334
303.37
303.407
303.443
303.479
303.514
303.55
303.584
303.619
303.653
303.686
303.719
303.751
303.782
303.813
303.842
303.871
303.899
303.925
303.951
303.975
303.997
304.019
304.039
304.057
304.074
304.089
304.102
304.114
304.123
304.131
304.137
304.14
304.141
304.14
304.137
304.132
304.124
304.113
304.101
304.085
304.067
304.047
304.024
303.998
303.97
303.939
303.906
303.869
303.831
303.789
303.746
303.699
303.651
303.6
303.546
303.491
303.433
303.374
303.312
303.248
303.183
303.116
303.048
302.979
302.908
302.836
302.763
302.689
302.615
302.54
302.464
302.389
302.313
302.237
302.162
302.086
302.011
301.937
301.863
301.79
301.718
301.647
301.577
301.508
301.441
301.374
301.309
301.246
301.184
301.123
301.065
301.008
300.952
300.899
300.847
300.797
300.749
300.702
300.658
300.615
300.574
300.535
300.498
300.463
300.429
300.398
300.367
300.339
300.312
300.287
300.263
300.241
300.22
300.201
300.183
300.166
300.15
300.136
300.122
300.11
300.099
300.089
300.079
300.07
300.063
300.055
300.049
300.043
300.038
300.033
300.029
300.025
300.022
300.019
300.016
300.014
300.012
300.01
300.009
300.007
300.006
300.005
300.004
300.003
300.003
300.002
300.002
300.001
300.001
300.001
300
300
300
300
300
300
300
300
302.321
302.346
302.37
302.395
302.42
302.444
302.469
302.493
302.517
302.54
302.564
302.587
302.609
302.632
302.653
302.675
302.695
302.715
302.735
302.754
302.772
302.789
302.805
302.821
302.836
302.849
302.862
302.874
302.885
302.894
302.902
302.909
302.915
302.92
302.923
302.924
302.925
302.923
302.921
302.916
302.91
302.903
302.894
302.883
302.87
302.856
302.84
302.822
302.803
302.782
302.759
302.734
302.708
302.679
302.649
302.618
302.584
302.55
302.513
302.475
302.435
302.394
302.352
302.308
302.264
302.218
302.17
302.122
302.073
302.023
301.973
301.922
301.87
301.817
301.765
301.712
301.659
301.606
301.553
301.5
301.447
301.394
301.342
301.29
301.239
301.189
301.139
301.09
301.042
300.994
300.948
300.902
300.858
300.814
300.772
300.731
300.691
300.652
300.615
300.578
300.544
300.51
300.478
300.447
300.417
300.389
300.362
300.336
300.312
300.288
300.266
300.246
300.226
300.208
300.19
300.174
300.159
300.145
300.132
300.119
300.108
300.097
300.088
300.079
300.071
300.063
300.056
300.05
300.044
300.039
300.035
300.03
300.027
300.023
300.02
300.018
300.015
300.013
300.011
300.009
300.008
300.007
300.006
300.005
300.004
300.003
300.003
300.002
300.002
300.001
300.001
300.001
300
300
300
300
300
300
300
300
300
301.622
301.639
301.655
301.672
301.688
301.704
301.721
301.737
301.752
301.768
301.784
301.799
301.814
301.829
301.843
301.857
301.871
301.884
301.897
301.91
301.922
301.934
301.945
301.955
301.965
301.974
301.983
301.991
301.999
302.005
302.011
302.016
302.02
302.024
302.026
302.028
302.029
302.029
302.028
302.026
302.022
302.018
302.013
302.007
301.999
301.991
301.981
301.971
301.959
301.946
301.932
301.916
301.9
301.882
301.863
301.843
301.822
301.8
301.776
301.752
301.726
301.7
301.672
301.644
301.615
301.584
301.553
301.521
301.489
301.456
301.422
301.387
301.352
301.317
301.281
301.245
301.209
301.172
301.136
301.099
301.063
301.026
300.99
300.953
300.917
300.882
300.846
300.811
300.777
300.743
300.71
300.677
300.645
300.613
300.583
300.553
300.523
300.495
300.468
300.441
300.415
300.39
300.366
300.343
300.321
300.299
300.279
300.26
300.241
300.224
300.207
300.191
300.176
300.162
300.149
300.136
300.124
300.114
300.103
300.094
300.085
300.077
300.069
300.062
300.056
300.05
300.045
300.04
300.035
300.031
300.027
300.024
300.021
300.018
300.016
300.014
300.012
300.01
300.009
300.008
300.006
300.005
300.004
300.004
300.003
300.002
300.002
300.002
300.001
300.001
300.001
300
300
300
300
300
300
300
300
300
300
301.155
301.166
301.177
301.188
301.199
301.21
301.221
301.232
301.243
301.253
301.264
301.274
301.284
301.294
301.304
301.314
301.323
301.332
301.341
301.35
301.358
301.366
301.373
301.381
301.387
301.394
301.4
301.406
301.411
301.416
301.42
301.424
301.427
301.43
301.432
301.433
301.434
301.435
301.435
301.434
301.432
301.43
301.427
301.423
301.419
301.414
301.408
301.402
301.394
301.386
301.378
301.368
301.358
301.346
301.334
301.322
301.308
301.294
301.278
301.263
301.246
301.229
301.211
301.192
301.172
301.152
301.131
301.11
301.088
301.066
301.043
301.019
300.996
300.971
300.947
300.922
300.897
300.871
300.846
300.82
300.794
300.769
300.743
300.717
300.691
300.666
300.64
300.615
300.59
300.566
300.541
300.517
300.494
300.471
300.448
300.426
300.404
300.383
300.362
300.342
300.323
300.304
300.286
300.268
300.251
300.235
300.219
300.204
300.19
300.177
300.164
300.151
300.14
300.129
300.118
300.109
300.099
300.091
300.083
300.075
300.068
300.062
300.056
300.05
300.045
300.04
300.036
300.032
300.028
300.025
300.022
300.02
300.017
300.015
300.013
300.011
300.01
300.008
300.007
300.006
300.005
300.004
300.004
300.003
300.002
300.002
300.001
300.001
300.001
300.001
300
300
300
300
300
300
300
300
300
299.999
299.999
300.914
300.922
300.931
300.939
300.947
300.956
300.964
300.972
300.98
300.988
300.996
301.004
301.012
301.02
301.027
301.034
301.041
301.048
301.055
301.062
301.068
301.074
301.08
301.086
301.091
301.096
301.101
301.105
301.11
301.113
301.117
301.12
301.123
301.125
301.127
301.128
301.129
301.13
301.13
301.13
301.129
301.128
301.126
301.124
301.121
301.117
301.113
301.109
301.104
301.098
301.092
301.085
301.077
301.069
301.061
301.051
301.042
301.031
301.02
301.008
300.996
300.983
300.97
300.956
300.941
300.926
300.911
300.895
300.878
300.861
300.844
300.826
300.808
300.789
300.77
300.751
300.732
300.712
300.692
300.672
300.652
300.632
300.612
300.591
300.571
300.551
300.53
300.51
300.49
300.471
300.451
300.432
300.413
300.394
300.375
300.357
300.339
300.322
300.305
300.289
300.273
300.257
300.242
300.227
300.213
300.2
300.187
300.174
300.162
300.151
300.14
300.13
300.12
300.111
300.102
300.093
300.086
300.078
300.071
300.065
300.059
300.053
300.048
300.043
300.039
300.035
300.031
300.028
300.025
300.022
300.019
300.017
300.015
300.013
300.011
300.01
300.008
300.007
300.006
300.005
300.004
300.004
300.003
300.002
300.002
300.002
300.001
300.001
300.001
300
300
300
300
300
300
300
300
300
300
299.999
299.999
300
300
300
300
300
300
300
300
300
300
300
300
300
300
300
300
300
300
300
300
300
300
300
300
300
300
300
300
300
300
300
300
300
300
300
300
300
300
300
300
300
300
300
300
300
300
300
300
300
300
300
300
300
300
300
300
300
300
300
300
300
300
300
300
300
300
300
300
300
300
300
300
300
300
300
300
300
300
300
300
300
300
300
300
300
300
300
300
300
300
300
300
300
300
300
300
300
300
300
300
300
300
300
300
300
300
300
300
300
300
300
300
300
300
300
300
300
300
300
300
300
300
300
300
300
300
300
300
300
300
300
300
300
300
300
300
300
300
300
300
300
300
300
300
300
300
300
300
300
300
300
300
300
300
300
300
300
300
300
300
300
300
300
300
300
300
300
300
300
300
300
300
300
300
300
300
300
300
300
300
300
300
300
300
300
300
300
300
300
300
300
300
300
300
300
300
300
300
300
300
300
300
300
300
300
300
300
300
300
300
300
300
300
300
300
300
300
300
300
300
300
300
300
300
300
300
300
300
300
300
300
300
300
300
300
300
300
300
300
300
300
300
300
300
300
300
300
300
300
300
300
300
300
300
300
300
300
300
300
300
300
300
300
300
300
300
300
300
300
300
300
300
300
300
300
300
300
300
300
300
300
300
300
300
300
300
300
300
300
300
300
300
300
300
300
300
300
300
300
300
300
300
300
300
300
300
300
300
300
300
300
300
300
300
300
300
300
300
300
300
300
300
300
300
300
300
300
300
300
300
300
300
300
300
300
300
300
300
300
300
300
300
300
300
300
300
300
300
300
300
300
300
300
300
300
300
300
300
300
300
300
300
300
300
300
300
300
300
300
300
300
300
300
300
300
300
300
300
300
300
300
300
300
300
300
300
300
300
300
300
300
300
300
300
300
300
300
300
300
300
300
300
300
300
300
300
300
300
300
300
300
300
300
300
300
300
300
300
300
300
300
300
300
300
300
300
300
300
300
300
300
300
300
300
300
300
300
300
300
300
300
300
300
300
300
300
300
300
300
300
300
300
300
300
300
300
300
300
300
300
300
300
300
300
300
300
300
300
300
300
300
300
300
300
300
300
300
300
300
300
300
300
300
300
300
300
300
300
300
300
300
300
300
300
300
300
300
300
300
300
300
300
300
300
300
300
300
300
300
300
300
300
300
300
300
300
300
300
300
300
300
300
300
300
300
300
300
300
300
300
300
300
300
300
300
300
300
300
300
300
300
300
300
300
300
300
300
300
300
300
300
300
300
300
300
300
300
300
300
300
300
300
300
300
300
300
300
300
300
300
300
300
300
300
300
300
300
300
300
300
300
300
300
300
300
300
300
300
300
300
300
300
300
300
300
300
300
300
300
300
300
300
300
300
300
300
300
300
300
300
300
300
300
300
300
300
300
300
300
300
300
300
300
300
300
300
300
300
300
300
300
300
300
300
300
300
300
300
300
300
300
300
300
300
300
300
300
300
300
300
300
300
300
300
300
300
300
300
300
300
300
300
300
300
300
300
300
300
300
300
300
300
300
300
300
300
300
300
300
300
300
300
300
300
300
300
300
300
300
300
300
300
300
300
300
300
300
300
300
300
300
300
300
300
300
300
300
300
300
300
300
300
300
300
300
300
300
300
300
300
300
300
300
300
300
300
300
300
300
300
300
300
300
300
300
300
300
300
300
300
300
300
300
300
300
300
300
300
300
300
300
300
300
300
300
300
300
300
300
300
300
300
300
300
300
300
300
300
300
300
300
300
300
300
300
300
300
300
300
300
300
300
300
300
300
300
300
300
300
300
300
300
300
300
300
300
300
300
300
300
300
300
300
300
300
300
300
300
300
300
300
300
300
300
300
300
300
300
300
300
300
300
300
300
300
300
300
300
300
300
300
300
300
300
300
300
300
300
300
300
300
300
300
300
300
300
300
300
300
300
300
300
300
300
300
300
300
300
300
300
300
300
300
300
300
300
300
300
300
300
300
300
300
300
300
300
300
300
300
300
300
300
300
300
300
300
300
300
300
300
300
300
300
300
300
300
300
300
300
300
300
300
300
300
300
300
300
300
300
300
300
300
300
300
300
300
300
300
300
300
300
300
300
300
300
300
300
300
300
300
300
300
300
300
300
300
300
300
300
300
300
300
300
300
300
300
300
300
300
300
300
300
300
300
300
300
300
300
300
300
300
300
300
300
300
300
300
300
300
300
300
300
300
300
300
300
300
300
300
300
300
300
300
300
300
300
300
300
300
300
300
300
300
300
300
300
300
300
300
300
300
300
300
300
300
300
300
300
300
300
300
300
300
300
300
300
300
300
300
300
300
300
300
300
300
300
300
300
300
300
300
300
300
300
300
300
300
300
300
300
300
300
300
300
300
300
300
300
300
300
300
300
300
300
300
300
300
300
300
300
300
300
300
300
300
300
300
300
300
300
300
300
300
300
300
300
300
300
300
300
300
300
300
300
300
300
300
300
300
300
300
300
300
300
300
300
300
300
300
300
300
300
300
300
300
300
300
300
300
300
300
300
300
300
300
300
300
300
300
300
300
300
300
300
300
300
300
300
300
300
300
300
300
300
300
300
300
300
300
300
300
300
300
300
300
300
300
300
300
300
300
300
300
300
300
300
300
300
300
300
300
300
300
300
300
300
300
300
300
300
300
300
300
300
300
300
300
300
300
300
300
300
300
300
300
300
300
300
300
300
300
300
300
300
300
300
300
300
300
300
300
300
300
300
300
300
300
300
300
300
300
300
300
300
300
300
300
300
300
300
300
300
300
300
300
300
300
300
300
300
300
300
300
300
300
300
300
300
300
300
300
300
300
300
300
300
300
300
300
300
300
300
300
300
300
300
300
300
300
300
300
300
300
300
300
300
300
300
300
300
300
300
300
300
300
300
300
300
300
300
300
300
300
300
300
300
300
300
300
300
300
300
300
300
300
300
300
300
300
300
300
300
300
300
300
300
300
300
300
300
300
300
300
300
300
300
300
300
300
300
300
300
300
300
300
300
300
300
300
300
300
300
300
300
300
300
300
300
300
300
300
300
300
300
300
300
300
300
300
300
300
300
300
300
300
300
300
300
300
300
300
300
300
300
300
300
300
300
300
300
300
300
300
300
300
300
300
300
300
300
300
300
300
300
300
300
300
300
300
300
300
300
300
300
300
300
300
300
300
300
300
300
300
300
300
300
300
300
300
300
300
300
300
300
300
300
300
300
300
300
300
300
300
300
300
300
300
300
300
300
300
300
300
300
300
300
300
300
300
300
300
300
300
300
300
300
300
300
300
300
300
300
300
300
300
300
300
300
300
300
300
300
300
300
300
300
300
300
300
300
300
300
300
300
300
300
300
300
300
300
300
300
300
300
300
300
300
300
300
300
300
300
300
300
300
300
300
300
300
300
300
300
300
300
300
300
300
300
300
300
300
300
300
300
300
300
300
300
300
300
300
300
300
300
300
300
300
300
300
300
300
300
300
300
300
300
300
300
300
300
300
300
300
300
300
300
300
300
300
300
300
300
300
300
300
300
300
300
300
300
300
300
300
300
300
300
300
300
300
300
300
300
300
300
300
300
300
300
300
300
300
300
300
300
300
300
300
300
300
300
300
300
300
300
300
300
300
300
300
300
300
300
300
300
300
300
300
300
300
300
300
300
300
300
300
300
300
300
300
300
300
300
300
300
300
300
300
300
300
300
300
300
300
300
300
300
300
299.999
299.999
299.999
299.999
299.999
299.999
299.999
299.999
299.999
299.999
299.999
299.999
299.999
299.999
299.999
299.999
299.999
299.999
299.999
299.999
299.999
299.999
299.999
299.999
299.999
299.999
299.999
299.999
299.999
299.999
299.999
299.999
299.999
299.999
299.999
299.999
299.999
299.999
299.999
299.999
299.999
299.999
299.999
299.999
299.999
299.999
300
300
300
299.999
299.999
299.999
299.999
299.999
299.999
299.999
299.999
299.999
299.999
299.999
299.999
299.999
299.999
299.999
299.999
299.999
299.999
299.999
299.999
299.999
299.999
299.999
299.999
299.999
299.999
299.999
299.999
299.999
299.999
299.999
299.999
299.999
299.999
299.999
299.999
299.999
299.999
299.999
299.999
299.999
299.999
299.999
299.999
299.999
299.999
299.999
299.999
300
300
299.999
299.999
299.999
299.999
299.999
299.999
299.999
299.999
299.999
299.999
299.999
299.999
299.999
299.999
299.999
299.999
299.999
299.999
299.999
299.999
299.999
299.999
299.999
299.999
299.999
299.999
299.999
299.999
299.999
299.999
299.999
299.999
299.999
299.999
299.999
299.999
299.999
299.999
299.999
299.999
299.999
299.999
299.999
299.999
299.999
299.999
299.999
299.999
299.999
300
299.999
299.999
299.999
299.999
299.999
299.999
299.999
299.999
299.999
299.999
299.999
299.999
299.999
299.999
299.999
299.999
299.999
299.999
299.999
299.999
299.999
299.999
299.999
299.999
299.999
299.999
299.999
299.999
299.999
299.999
299.999
299.999
299.999
299.999
299.999
299.999
299.999
299.999
299.999
299.999
299.999
299.999
299.999
299.999
299.999
299.999
299.999
299.999
299.999
299.999
300
299.999
299.999
299.999
299.999
299.999
299.999
299.999
299.999
299.999
299.999
299.999
299.999
299.999
299.999
299.999
299.999
299.999
299.999
299.999
299.999
299.999
299.999
299.999
299.999
299.999
299.999
299.999
299.999
299.999
299.999
299.999
299.999
299.999
299.999
299.999
299.999
299.999
299.999
299.999
299.999
299.999
299.999
299.999
299.999
299.999
299.999
299.999
299.999
299.999
299.999
299.999
299.999
299.999
299.999
299.999
299.999
299.999
299.999
299.999
299.999
299.999
299.999
299.999
299.999
299.999
299.999
299.999
299.999
299.999
299.999
299.999
299.999
299.999
299.999
299.999
299.999
299.999
299.999
299.999
299.999
299.999
299.999
299.999
299.999
299.999
299.999
299.999
299.999
299.999
299.999
299.999
299.999
299.999
299.999
299.999
299.999
299.999
299.999
299.999
299.999
299.999
299.999
299.999
299.999
299.999
299.999
299.999
299.999
299.999
299.999
299.999
299.999
299.999
299.999
299.999
299.999
299.999
299.999
299.999
299.999
299.999
299.999
299.999
299.999
299.999
299.999
299.999
299.999
299.999
299.999
299.999
299.999
299.999
299.999
299.999
299.999
299.999
299.999
299.999
299.999
299.999
299.999
299.999
299.999
299.999
299.999
299.999
299.999
299.999
299.999
299.999
299.999
299.999
299.999
299.999
299.999
299.999
299.999
299.999
299.999
299.999
299.999
299.999
299.999
299.999
299.999
299.999
299.999
299.999
299.999
299.999
299.999
299.999
299.999
299.999
299.999
299.999
299.999
299.999
299.999
299.999
299.999
299.999
299.999
299.999
299.999
299.999
299.999
299.999
299.999
299.999
299.999
299.999
299.999
299.999
299.999
299.999
299.999
299.999
299.999
299.999
299.999
299.999
299.999
299.999
299.999
299.999
299.999
299.999
299.999
299.999
299.999
299.999
299.999
299.999
299.999
299.999
299.999
299.999
299.999
299.999
299.999
299.999
299.999
299.999
299.999
299.999
299.999
299.999
299.999
299.999
299.999
299.999
299.999
299.999
299.999
299.999
299.999
299.999
299.999
299.999
299.999
299.999
299.999
299.999
299.999
299.999
299.999
299.999
299.999
299.999
299.999
299.999
299.999
)
;

boundaryField
{
    inlet
    {
        type            fixedValue;
        value           uniform 300;
    }
    outlet
    {
        type            zeroGradient;
    }
    top
    {
        type            zeroGradient;
    }
    slip-bottom
    {
        type            zeroGradient;
    }
    bottom
    {
        type            zeroGradient;
    }
    interface
    {
        type            fixedGradient;
        gradient        nonuniform List<scalar> 
161
(
2999.99
2999.99
2999.99
2999.99
2999.99
2999.99
2999.99
2999.99
2999.99
2999.99
2999.99
2999.99
2999.99
2999.99
2999.99
2999.99
2999.99
2999.99
2999.99
2999.99
-2.01794e-12
-2.01794e-12
-2.01794e-12
-2.01794e-12
-2.01794e-12
-2.01794e-12
-2.01794e-12
-2.01794e-12
-2.01794e-12
-2.01794e-12
-2.01794e-12
-2.01794e-12
-2.01794e-12
-2.01794e-12
-2.01794e-12
-2.01794e-12
-2.01794e-12
-2.01794e-12
-2.01794e-12
-2.01794e-12
-3.69482e-13
-3.69482e-13
-3.69482e-13
-3.69482e-13
-3.69482e-13
-3.69482e-13
-3.69482e-13
-3.69482e-13
-3.69482e-13
-3.69482e-13
-3.69482e-13
-3.69482e-13
-3.69482e-13
-3.69482e-13
-3.69482e-13
-3.69482e-13
-2.84217e-14
-2.84217e-14
-2.84217e-14
-2.84217e-14
-2.84217e-14
-2.84217e-14
-2.84217e-14
-2.84217e-14
-2.84217e-14
-2.84217e-14
-2.84217e-14
-2.84217e-14
-2.84217e-14
-2.84217e-14
-2.84217e-14
5.68434e-14
5.68434e-14
5.68434e-14
5.68434e-14
5.68434e-14
5.68434e-14
5.68434e-14
5.68434e-14
5.68434e-14
5.68434e-14
5.68434e-14
5.68434e-14
8.52651e-14
8.52651e-14
8.52651e-14
8.52651e-14
8.52651e-14
8.52651e-14
8.52651e-14
8.52651e-14
8.52651e-14
8.52651e-14
8.52651e-14
-2.84217e-13
-2.84217e-13
-2.84217e-13
-2.84217e-13
-2.84217e-13
-2.84217e-13
-2.84217e-13
-2.84217e-13
-2.84217e-13
-2.84217e-13
1.13687e-12
1.13687e-12
1.13687e-12
1.13687e-12
1.13687e-12
1.13687e-12
1.13687e-12
1.13687e-12
1.13687e-12
4.26326e-13
4.26326e-13
4.26326e-13
4.26326e-13
4.26326e-13
4.26326e-13
4.26326e-13
4.26326e-13
-2.55795e-13
-2.55795e-13
-2.55795e-13
-2.55795e-13
-2.55795e-13
-2.55795e-13
-2.55795e-13
-2.55795e-13
6.25278e-13
6.25278e-13
6.25278e-13
6.25278e-13
6.25278e-13
6.25278e-13
6.25278e-13
5.68434e-14
5.68434e-14
5.68434e-14
5.68434e-14
5.68434e-14
5.68434e-14
5.68434e-14
-4.83169e-13
-4.83169e-13
-4.83169e-13
-4.83169e-13
-4.83169e-13
-4.83169e-13
-3.69482e-13
-3.69482e-13
-3.69482e-13
-3.69482e-13
-3.69482e-13
-3.69482e-13
8.95284e-13
8.95284e-13
8.95284e-13
8.95284e-13
8.95284e-13
8.95284e-13
)
;
    }
    defaultFaces
    {
        type            empty;
    }
}


// ************************************************************************* //
