/*--------------------------------*- C++ -*----------------------------------*\
  =========                 |
  \\      /  F ield         | OpenFOAM: The Open Source CFD Toolbox
   \\    /   O peration     | Website:  https://openfoam.org
    \\  /    A nd           | Version:  7
     \\/     M anipulation  |
\*---------------------------------------------------------------------------*/
FoamFile
{
    version     2.0;
    format      ascii;
    class       volScalarField;
    location    "7.17";
    object      T;
}
// * * * * * * * * * * * * * * * * * * * * * * * * * * * * * * * * * * * * * //

dimensions      [0 0 0 1 0 0 0];

internalField   nonuniform List<scalar> 
12013
(
300.118
300.357
300.601
300.85
301.1
301.351
301.6
301.847
302.09
302.329
302.563
302.791
303.013
303.228
303.436
303.637
303.832
304.02
304.201
304.376
304.544
304.706
304.863
305.014
305.16
305.301
305.437
305.57
305.698
305.824
305.946
306.066
306.184
306.301
306.417
306.532
306.649
306.766
306.886
307.01
307.137
307.27
307.411
307.559
307.718
307.888
308.072
308.273
308.492
308.732
308.997
309.289
309.612
309.97
310.367
310.809
311.299
311.843
312.448
313.12
313.866
314.693
315.611
316.629
317.757
319.005
320.387
321.917
323.609
325.482
327.556
329.855
332.405
335.241
338.403
341.944
345.932
350.466
355.69
361.848
369.404
300.118
300.357
300.602
300.85
301.101
301.352
301.601
301.848
302.091
302.33
302.564
302.792
303.014
303.229
303.438
303.639
303.834
304.022
304.203
304.378
304.546
304.709
304.865
305.016
305.162
305.303
305.44
305.572
305.701
305.826
305.949
306.069
306.187
306.303
306.419
306.535
306.651
306.769
306.889
307.012
307.139
307.273
307.413
307.561
307.719
307.89
308.074
308.274
308.493
308.733
308.997
309.289
309.612
309.969
310.366
310.807
311.296
311.84
312.444
313.114
313.858
314.684
315.6
316.615
317.74
318.985
320.362
321.886
323.571
325.436
327.499
329.783
332.314
335.125
338.253
341.744
345.658
350.073
355.087
360.826
367.401
300.118
300.357
300.602
300.851
301.102
301.353
301.603
301.85
302.094
302.333
302.567
302.795
303.018
303.233
303.442
303.643
303.838
304.026
304.208
304.383
304.551
304.714
304.87
305.022
305.168
305.309
305.445
305.578
305.706
305.832
305.954
306.074
306.192
306.309
306.425
306.54
306.656
306.774
306.894
307.017
307.144
307.277
307.417
307.565
307.723
307.893
308.077
308.277
308.495
308.735
308.999
309.29
309.611
309.968
310.364
310.803
311.29
311.832
312.434
313.101
313.843
314.665
315.576
316.585
317.703
318.94
320.307
321.819
323.489
325.334
327.373
329.626
332.118
334.875
337.93
341.32
345.088
349.282
353.949
359.117
364.747
300.118
300.358
300.604
300.853
301.104
301.355
301.606
301.853
302.098
302.337
302.572
302.801
303.023
303.239
303.448
303.65
303.846
304.034
304.216
304.391
304.559
304.722
304.879
305.03
305.176
305.318
305.454
305.587
305.716
305.841
305.964
306.084
306.202
306.318
306.434
306.549
306.665
306.783
306.903
307.025
307.153
307.285
307.425
307.573
307.73
307.9
308.083
308.282
308.5
308.738
309.001
309.291
309.611
309.966
310.359
310.796
311.281
311.82
312.417
313.08
313.816
314.632
315.535
316.536
317.642
318.866
320.217
321.708
323.354
325.169
327.169
329.373
331.802
334.477
337.423
340.666
344.231
348.14
352.401
356.996
361.853
300.118
300.359
300.605
300.855
301.107
301.359
301.61
301.859
302.103
302.344
302.579
302.809
303.032
303.248
303.458
303.66
303.856
304.045
304.227
304.402
304.572
304.735
304.892
305.043
305.19
305.331
305.468
305.601
305.73
305.855
305.977
306.097
306.215
306.332
306.447
306.563
306.679
306.796
306.915
307.038
307.165
307.297
307.436
307.583
307.74
307.909
308.092
308.29
308.506
308.743
309.004
309.292
309.61
309.963
310.353
310.787
311.268
311.801
312.393
313.05
313.778
314.584
315.477
316.464
317.555
318.759
320.086
321.55
323.16
324.932
326.879
329.016
331.36
333.926
336.732
339.791
343.116
346.709
350.558
354.63
358.859
300.119
300.36
300.607
300.858
301.111
301.364
301.616
301.866
302.111
302.353
302.589
302.819
303.043
303.26
303.471
303.674
303.871
304.06
304.243
304.419
304.588
304.752
304.909
305.061
305.208
305.35
305.487
305.62
305.749
305.874
305.997
306.117
306.234
306.351
306.466
306.582
306.697
306.814
306.933
307.056
307.182
307.314
307.452
307.598
307.755
307.922
308.103
308.3
308.515
308.75
309.009
309.295
309.61
309.959
310.345
310.774
311.249
311.777
312.361
313.009
313.726
314.52
315.398
316.367
317.436
318.614
319.911
321.337
322.902
324.618
326.497
328.549
330.788
333.223
335.864
338.717
341.783
345.053
348.51
352.119
355.826
300.119
300.362
300.61
300.862
301.117
301.371
301.624
301.875
302.122
302.365
302.602
302.834
303.059
303.277
303.488
303.693
303.89
304.08
304.264
304.44
304.611
304.775
304.933
305.085
305.232
305.374
305.512
305.645
305.774
305.9
306.022
306.142
306.26
306.376
306.492
306.607
306.722
306.838
306.957
307.079
307.204
307.335
307.473
307.618
307.773
307.94
308.119
308.314
308.527
308.76
309.016
309.298
309.609
309.954
310.335
310.758
311.226
311.745
312.32
312.956
313.659
314.437
315.295
316.242
317.284
318.43
319.688
321.068
322.577
324.225
326.021
327.973
330.09
332.377
334.837
337.471
340.273
343.232
346.326
349.525
352.79
300.12
300.364
300.614
300.868
301.124
301.38
301.634
301.887
302.136
302.38
302.619
302.852
303.079
303.298
303.511
303.717
303.915
304.106
304.291
304.469
304.64
304.804
304.963
305.116
305.264
305.406
305.544
305.677
305.807
305.932
306.055
306.175
306.293
306.409
306.524
306.639
306.754
306.87
306.988
307.109
307.234
307.364
307.5
307.644
307.798
307.963
308.14
308.333
308.543
308.773
309.025
309.303
309.61
309.949
310.323
310.738
311.198
311.706
312.268
312.89
313.577
314.334
315.169
316.088
317.097
318.203
319.415
320.739
322.182
323.751
325.453
327.293
329.275
331.402
333.674
336.085
338.63
341.292
344.055
346.893
349.775
300.121
300.367
300.619
300.875
301.132
301.391
301.648
301.902
302.153
302.399
302.64
302.875
303.104
303.325
303.54
303.747
303.947
304.139
304.325
304.504
304.676
304.842
305.002
305.155
305.304
305.447
305.585
305.719
305.848
305.974
306.097
306.217
306.335
306.451
306.565
306.68
306.794
306.91
307.027
307.147
307.271
307.4
307.535
307.678
307.829
307.992
308.167
308.357
308.564
308.79
309.038
309.31
309.611
309.943
310.31
310.716
311.164
311.659
312.207
312.811
313.477
314.211
315.017
315.903
316.873
317.934
319.091
320.352
321.72
323.201
324.799
326.517
328.357
330.319
332.399
334.592
336.889
339.277
341.739
344.256
346.804
300.122
300.37
300.625
300.883
301.143
301.404
301.664
301.921
302.175
302.424
302.667
302.904
303.135
303.359
303.575
303.784
303.986
304.181
304.368
304.548
304.722
304.889
305.049
305.204
305.353
305.497
305.636
305.77
305.9
306.026
306.149
306.269
306.387
306.503
306.617
306.731
306.845
306.96
307.076
307.195
307.318
307.445
307.579
307.719
307.869
308.029
308.201
308.388
308.59
308.812
309.055
309.321
309.615
309.939
310.296
310.69
311.125
311.606
312.136
312.719
313.361
314.067
314.841
315.688
316.614
317.623
318.719
319.909
321.195
322.58
324.068
325.659
327.353
329.148
331.04
333.022
335.086
337.22
339.411
341.642
343.896
300.124
300.375
300.632
300.893
301.157
301.421
301.684
301.944
302.201
302.453
302.7
302.94
303.173
303.4
303.619
303.831
304.035
304.231
304.42
304.603
304.778
304.946
305.108
305.264
305.415
305.559
305.699
305.834
305.964
306.091
306.214
306.334
306.451
306.567
306.681
306.794
306.908
307.022
307.137
307.255
307.376
307.502
307.633
307.772
307.919
308.075
308.244
308.427
308.625
308.841
309.077
309.337
309.622
309.936
310.282
310.663
311.083
311.546
312.056
312.616
313.23
313.904
314.641
315.445
316.321
317.273
318.304
319.417
320.615
321.9
323.274
324.735
326.282
327.913
329.623
331.405
333.252
335.154
337.099
339.075
341.068
300.125
300.38
300.641
300.906
301.173
301.441
301.708
301.973
302.233
302.489
302.739
302.983
303.22
303.45
303.672
303.887
304.094
304.293
304.485
304.669
304.846
305.017
305.18
305.338
305.489
305.635
305.776
305.911
306.043
306.17
306.293
306.413
306.53
306.646
306.759
306.872
306.985
307.098
307.212
307.328
307.448
307.571
307.701
307.836
307.98
308.133
308.298
308.476
308.668
308.878
309.108
309.359
309.634
309.937
310.27
310.637
311.04
311.483
311.969
312.502
313.086
313.725
314.421
315.179
316.001
316.891
317.851
318.884
319.991
321.174
322.431
323.763
325.166
326.639
328.175
329.771
331.417
333.107
334.831
336.578
338.339
300.127
300.386
300.652
300.921
301.193
301.466
301.738
302.007
302.272
302.533
302.787
303.036
303.277
303.511
303.737
303.955
304.165
304.368
304.562
304.749
304.929
305.102
305.268
305.427
305.58
305.727
305.869
306.006
306.138
306.265
306.389
306.509
306.626
306.741
306.855
306.967
307.078
307.19
307.303
307.417
307.535
307.657
307.783
307.916
308.056
308.205
308.365
308.538
308.724
308.927
309.148
309.39
309.654
309.945
310.263
310.613
310.997
311.418
311.879
312.383
312.934
313.534
314.186
314.894
315.659
316.484
317.371
318.322
319.337
320.416
321.558
322.763
324.028
325.349
326.723
328.145
329.607
331.104
332.628
334.171
335.726
300.13
300.394
300.664
300.94
301.217
301.496
301.773
302.048
302.319
302.585
302.845
303.099
303.345
303.583
303.814
304.037
304.251
304.457
304.656
304.846
305.029
305.204
305.373
305.534
305.689
305.838
305.981
306.119
306.252
306.38
306.504
306.625
306.742
306.857
306.969
307.081
307.191
307.302
307.413
307.526
307.641
307.76
307.883
308.013
308.149
308.294
308.448
308.615
308.794
308.989
309.201
309.432
309.685
309.961
310.264
310.595
310.958
311.355
311.789
312.262
312.777
313.336
313.942
314.598
315.304
316.063
316.876
317.743
318.666
319.643
320.674
321.757
322.89
324.069
325.292
326.553
327.847
329.17
330.514
331.874
333.244
300.133
300.403
300.68
300.961
301.246
301.531
301.815
302.097
302.375
302.647
302.914
303.174
303.426
303.67
303.906
304.134
304.354
304.565
304.767
304.962
305.148
305.327
305.498
305.663
305.82
305.971
306.116
306.255
306.389
306.518
306.642
306.763
306.88
306.995
307.107
307.217
307.327
307.436
307.545
307.656
307.769
307.885
308.005
308.13
308.262
308.402
308.551
308.71
308.882
309.068
309.27
309.49
309.729
309.991
310.277
310.588
310.929
311.3
311.705
312.145
312.622
313.139
313.698
314.3
314.946
315.638
316.377
317.163
317.995
318.874
319.797
320.765
321.773
322.821
323.903
325.018
326.16
327.324
328.508
329.704
330.909
300.136
300.414
300.698
300.987
301.28
301.573
301.865
302.155
302.441
302.721
302.995
303.263
303.522
303.773
304.016
304.25
304.476
304.692
304.9
305.099
305.29
305.473
305.648
305.815
305.976
306.129
306.276
306.417
306.552
306.682
306.807
306.928
307.045
307.159
307.271
307.38
307.488
307.596
307.703
307.812
307.922
308.035
308.151
308.272
308.4
308.534
308.676
308.829
308.992
309.169
309.36
309.567
309.793
310.038
310.306
310.597
310.914
311.259
311.633
312.039
312.478
312.952
313.462
314.011
314.597
315.224
315.89
316.596
317.341
318.126
318.949
319.808
320.701
321.626
322.581
323.562
324.565
325.588
326.627
327.677
328.734
300.141
300.426
300.72
301.018
301.32
301.623
301.924
302.224
302.519
302.809
303.092
303.368
303.636
303.896
304.146
304.388
304.62
304.843
305.057
305.262
305.458
305.646
305.825
305.996
306.16
306.316
306.465
306.608
306.745
306.876
307.002
307.123
307.241
307.355
307.465
307.574
307.681
307.786
307.892
307.998
308.105
308.214
308.327
308.443
308.565
308.693
308.829
308.973
309.128
309.295
309.475
309.669
309.88
310.108
310.357
310.627
310.919
311.237
311.58
311.952
312.352
312.784
313.246
313.741
314.27
314.832
315.428
316.059
316.722
317.418
318.146
318.905
319.692
320.506
321.344
322.204
323.083
323.979
324.887
325.807
326.733
300.146
300.441
300.745
301.054
301.367
301.681
301.994
302.305
302.611
302.912
303.206
303.492
303.77
304.04
304.299
304.55
304.791
305.021
305.243
305.454
305.657
305.85
306.034
306.209
306.377
306.536
306.688
306.833
306.972
307.105
307.232
307.354
307.471
307.585
307.695
307.802
307.907
308.011
308.114
308.217
308.321
308.427
308.535
308.647
308.763
308.885
309.013
309.15
309.295
309.452
309.619
309.8
309.996
310.207
310.437
310.684
310.953
311.243
311.556
311.893
312.255
312.644
313.06
313.504
313.977
314.478
315.008
315.566
316.153
316.767
317.408
318.074
318.764
319.477
320.21
320.961
321.728
322.51
323.303
324.106
324.915
300.151
300.459
300.775
301.097
301.423
301.75
302.076
302.4
302.719
303.033
303.339
303.638
303.928
304.209
304.48
304.74
304.991
305.231
305.46
305.68
305.889
306.089
306.279
306.459
306.631
306.794
306.95
307.098
307.238
307.372
307.501
307.623
307.741
307.854
307.963
308.07
308.173
308.275
308.376
308.476
308.577
308.678
308.782
308.889
308.999
309.114
309.235
309.363
309.499
309.644
309.8
309.967
310.147
310.342
310.551
310.777
311.021
311.284
311.567
311.871
312.196
312.544
312.916
313.311
313.731
314.174
314.642
315.134
315.65
316.189
316.75
317.332
317.934
318.555
319.194
319.848
320.516
321.196
321.886
322.585
323.29
300.158
300.48
300.81
301.147
301.488
301.83
302.172
302.511
302.846
303.175
303.496
303.809
304.113
304.407
304.691
304.963
305.225
305.476
305.715
305.943
306.161
306.368
306.564
306.751
306.928
307.095
307.254
307.405
307.548
307.684
307.814
307.937
308.055
308.168
308.277
308.382
308.484
308.584
308.682
308.779
308.876
308.973
309.072
309.174
309.278
309.386
309.499
309.619
309.745
309.879
310.022
310.176
310.341
310.518
310.708
310.913
311.133
311.37
311.623
311.895
312.185
312.495
312.824
313.173
313.543
313.934
314.345
314.776
315.226
315.697
316.185
316.692
317.216
317.755
318.309
318.876
319.455
320.045
320.644
321.251
321.863
300.166
300.504
300.851
301.206
301.564
301.924
302.284
302.642
302.994
303.341
303.679
304.009
304.329
304.639
304.937
305.224
305.498
305.761
306.012
306.25
306.477
306.692
306.896
307.089
307.272
307.444
307.608
307.762
307.908
308.046
308.177
308.301
308.419
308.532
308.64
308.744
308.844
308.942
309.037
309.131
309.224
309.317
309.411
309.507
309.605
309.706
309.812
309.922
310.039
310.162
310.293
310.433
310.582
310.743
310.914
311.099
311.296
311.507
311.733
311.974
312.231
312.505
312.795
313.102
313.426
313.768
314.127
314.502
314.894
315.303
315.727
316.166
316.619
317.086
317.565
318.055
318.556
319.066
319.584
320.109
320.64
300.176
300.533
300.9
301.274
301.653
302.035
302.415
302.794
303.167
303.534
303.893
304.242
304.581
304.908
305.223
305.526
305.816
306.092
306.355
306.606
306.843
307.067
307.28
307.48
307.669
307.847
308.015
308.173
308.322
308.462
308.595
308.72
308.838
308.951
309.058
309.161
309.259
309.354
309.447
309.537
309.627
309.715
309.804
309.894
309.986
310.08
310.178
310.28
310.386
310.499
310.618
310.744
310.879
311.023
311.177
311.341
311.517
311.705
311.904
312.117
312.344
312.584
312.838
313.106
313.389
313.686
313.998
314.324
314.664
315.017
315.383
315.762
316.154
316.556
316.969
317.392
317.823
318.263
318.71
319.164
319.622
300.187
300.566
300.956
301.354
301.757
302.163
302.568
302.971
303.369
303.759
304.141
304.513
304.873
305.221
305.555
305.876
306.183
306.475
306.752
307.015
307.264
307.499
307.72
307.929
308.125
308.309
308.482
308.644
308.796
308.939
309.073
309.199
309.318
309.43
309.537
309.638
309.734
309.827
309.916
310.003
310.089
310.173
310.257
310.341
310.426
310.513
310.603
310.696
310.793
310.895
311.003
311.117
311.238
311.366
311.503
311.649
311.804
311.969
312.145
312.332
312.53
312.74
312.961
313.195
313.44
313.698
313.968
314.249
314.542
314.847
315.163
315.489
315.825
316.171
316.526
316.89
317.261
317.639
318.024
318.414
318.81
300.199
300.604
301.021
301.447
301.878
302.312
302.746
303.177
303.603
304.021
304.429
304.827
305.211
305.582
305.939
306.28
306.605
306.914
307.208
307.485
307.746
307.993
308.224
308.441
308.645
308.835
309.013
309.18
309.335
309.481
309.617
309.744
309.863
309.975
310.08
310.18
310.274
310.364
310.451
310.534
310.615
310.695
310.773
310.852
310.931
311.011
311.093
311.178
311.265
311.357
311.454
311.555
311.663
311.777
311.898
312.026
312.163
312.308
312.462
312.625
312.798
312.98
313.172
313.374
313.587
313.809
314.042
314.284
314.536
314.798
315.069
315.349
315.638
315.935
316.239
316.551
316.869
317.194
317.524
317.86
318.2
300.214
300.649
301.097
301.555
302.019
302.486
302.952
303.416
303.874
304.323
304.762
305.189
305.602
305.999
306.38
306.743
307.089
307.418
307.728
308.021
308.296
308.555
308.797
309.024
309.235
309.432
309.616
309.786
309.945
310.093
310.231
310.358
310.478
310.589
310.693
310.791
310.883
310.971
311.054
311.133
311.21
311.285
311.359
311.431
311.504
311.577
311.652
311.728
311.807
311.889
311.975
312.065
312.16
312.261
312.367
312.48
312.599
312.726
312.86
313.002
313.151
313.309
313.475
313.65
313.833
314.024
314.224
314.433
314.649
314.874
315.106
315.346
315.593
315.847
316.108
316.375
316.648
316.926
317.209
317.497
317.788
300.231
300.702
301.186
301.68
302.182
302.687
303.192
303.693
304.188
304.673
305.147
305.606
306.05
306.476
306.884
307.273
307.642
307.991
308.32
308.63
308.92
309.191
309.445
309.681
309.9
310.104
310.293
310.468
310.63
310.78
310.919
311.048
311.167
311.277
311.38
311.476
311.566
311.65
311.73
311.805
311.878
311.948
312.016
312.083
312.149
312.216
312.283
312.352
312.422
312.495
312.571
312.651
312.734
312.822
312.915
313.014
313.118
313.228
313.344
313.467
313.596
313.732
313.875
314.026
314.183
314.348
314.519
314.698
314.883
315.076
315.275
315.48
315.691
315.909
316.132
316.36
316.594
316.832
317.074
317.32
317.57
300.251
300.762
301.288
301.826
302.371
302.92
303.469
304.013
304.55
305.076
305.589
306.085
306.564
307.022
307.46
307.876
308.27
308.641
308.99
309.317
309.622
309.907
310.172
310.418
310.645
310.855
311.05
311.229
311.394
311.546
311.685
311.814
311.933
312.042
312.143
312.237
312.324
312.405
312.481
312.552
312.62
312.685
312.748
312.81
312.87
312.93
312.99
313.052
313.114
313.178
313.245
313.315
313.388
313.465
313.546
313.631
313.721
313.816
313.917
314.023
314.134
314.252
314.375
314.504
314.639
314.78
314.927
315.081
315.239
315.404
315.574
315.75
315.931
316.117
316.308
316.503
316.702
316.906
317.114
317.325
317.539
300.275
300.833
301.408
301.995
302.591
303.19
303.789
304.383
304.968
305.54
306.096
306.634
307.15
307.644
308.114
308.559
308.979
309.374
309.743
310.088
310.409
310.707
310.983
311.238
311.473
311.69
311.889
312.071
312.238
312.392
312.532
312.66
312.778
312.885
312.984
313.075
313.159
313.236
313.308
313.376
313.439
313.499
313.557
313.613
313.667
313.721
313.775
313.829
313.884
313.941
313.999
314.06
314.123
314.19
314.26
314.334
314.412
314.494
314.581
314.672
314.768
314.869
314.975
315.086
315.202
315.323
315.45
315.581
315.717
315.858
316.004
316.154
316.309
316.468
316.632
316.799
316.97
317.144
317.322
317.503
317.686
300.302
300.915
301.546
302.191
302.845
303.503
304.159
304.808
305.447
306.071
306.675
307.258
307.817
308.349
308.853
309.329
309.776
310.195
310.586
310.948
311.285
311.596
311.882
312.146
312.387
312.609
312.811
312.996
313.165
313.319
313.458
313.586
313.701
313.807
313.903
313.991
314.071
314.144
314.212
314.275
314.334
314.39
314.442
314.493
314.542
314.59
314.637
314.685
314.733
314.783
314.834
314.886
314.941
314.999
315.06
315.124
315.191
315.262
315.337
315.416
315.498
315.585
315.677
315.772
315.872
315.976
316.085
316.198
316.315
316.436
316.561
316.69
316.823
316.96
317.1
317.244
317.39
317.54
317.692
317.847
318.005
300.333
301.01
301.707
302.418
303.139
303.863
304.584
305.297
305.997
306.677
307.335
307.967
308.571
309.143
309.684
310.192
310.667
311.11
311.52
311.901
312.251
312.574
312.869
313.14
313.387
313.612
313.817
314.003
314.172
314.325
314.464
314.589
314.702
314.805
314.897
314.981
315.058
315.127
315.191
315.25
315.304
315.355
315.402
315.448
315.492
315.534
315.576
315.618
315.661
315.704
315.748
315.794
315.842
315.892
315.945
316
316.059
316.12
316.185
316.253
316.325
316.4
316.48
316.562
316.649
316.739
316.833
316.93
317.031
317.136
317.244
317.355
317.47
317.587
317.708
317.832
317.958
318.087
318.218
318.352
318.487
300.369
301.12
301.892
302.68
303.478
304.278
305.073
305.857
306.624
307.368
308.084
308.769
309.42
310.034
310.612
311.152
311.654
312.12
312.55
312.946
313.309
313.641
313.944
314.219
314.47
314.697
314.903
315.088
315.256
315.407
315.543
315.665
315.775
315.874
315.963
316.043
316.115
316.181
316.24
316.295
316.345
316.391
316.434
316.475
316.515
316.553
316.59
316.628
316.665
316.703
316.742
316.783
316.825
316.869
316.915
316.963
317.014
317.068
317.125
317.185
317.248
317.313
317.382
317.455
317.53
317.609
317.691
317.775
317.863
317.954
318.048
318.145
318.245
318.347
318.451
318.558
318.668
318.779
318.893
319.008
319.126
300.411
301.247
302.107
302.983
303.869
304.755
305.634
306.497
307.338
308.15
308.929
309.669
310.369
311.027
311.641
312.211
312.739
313.226
313.672
314.08
314.453
314.792
315.099
315.378
315.629
315.856
316.06
316.244
316.408
316.556
316.688
316.807
316.913
317.007
317.092
317.168
317.237
317.298
317.354
317.404
317.451
317.493
317.533
317.571
317.607
317.641
317.675
317.709
317.743
317.777
317.812
317.848
317.886
317.926
317.967
318.01
318.056
318.104
318.155
318.208
318.264
318.323
318.384
318.448
318.515
318.584
318.657
318.731
318.809
318.889
318.972
319.056
319.144
319.233
319.325
319.418
319.514
319.611
319.71
319.811
319.913
300.46
301.394
302.354
303.332
304.318
305.302
306.274
307.225
308.147
309.033
309.876
310.674
311.423
312.122
312.77
313.369
313.919
314.422
314.88
315.298
315.676
316.017
316.326
316.603
316.853
317.077
317.278
317.457
317.617
317.761
317.888
318.002
318.104
318.194
318.275
318.347
318.412
318.47
318.523
318.571
318.614
318.655
318.692
318.728
318.761
318.794
318.826
318.857
318.889
318.921
318.954
318.988
319.024
319.06
319.099
319.139
319.181
319.225
319.272
319.321
319.372
319.425
319.481
319.539
319.599
319.662
319.727
319.794
319.864
319.935
320.009
320.084
320.162
320.241
320.322
320.405
320.489
320.575
320.662
320.75
320.84
300.516
301.564
302.64
303.733
304.833
305.926
307.002
308.049
309.057
310.02
310.93
311.785
312.581
313.317
313.995
314.616
315.182
315.697
316.162
316.583
316.961
317.302
317.607
317.881
318.125
318.344
318.539
318.712
318.867
319.005
319.128
319.237
319.334
319.421
319.498
319.568
319.63
319.686
319.737
319.783
319.825
319.865
319.902
319.937
319.97
320.003
320.035
320.066
320.098
320.13
320.163
320.196
320.231
320.267
320.304
320.344
320.384
320.427
320.471
320.518
320.566
320.616
320.668
320.722
320.778
320.836
320.896
320.958
321.021
321.086
321.153
321.221
321.291
321.363
321.435
321.509
321.585
321.661
321.738
321.816
321.896
300.581
301.76
302.968
304.193
305.421
306.636
307.825
308.975
310.074
311.114
312.09
312.997
313.834
314.602
315.303
315.938
316.513
317.031
317.496
317.914
318.287
318.621
318.92
319.186
319.423
319.633
319.821
319.988
320.136
320.268
320.386
320.491
320.585
320.669
320.744
320.812
320.874
320.929
320.98
321.027
321.071
321.112
321.15
321.187
321.222
321.257
321.291
321.325
321.359
321.393
321.428
321.463
321.499
321.537
321.575
321.615
321.657
321.699
321.743
321.789
321.836
321.885
321.936
321.987
322.041
322.096
322.152
322.21
322.269
322.33
322.392
322.454
322.518
322.584
322.65
322.717
322.784
322.853
322.922
322.992
323.063
300.655
301.984
303.343
304.717
306.089
307.438
308.749
310.006
311.197
312.312
313.347
314.298
315.167
315.957
316.67
317.31
317.883
318.395
318.852
319.259
319.622
319.945
320.232
320.487
320.714
320.916
321.096
321.256
321.398
321.526
321.64
321.743
321.835
321.918
321.993
322.062
322.125
322.183
322.236
322.286
322.333
322.378
322.421
322.462
322.502
322.541
322.58
322.618
322.656
322.695
322.734
322.773
322.813
322.853
322.895
322.937
322.981
323.025
323.071
323.117
323.165
323.214
323.264
323.315
323.368
323.421
323.475
323.53
323.587
323.644
323.702
323.76
323.82
323.88
323.94
324.002
324.063
324.125
324.188
324.251
324.314
300.74
302.239
303.77
305.312
306.842
308.337
309.776
311.14
312.418
313.603
314.684
315.663
316.546
317.339
318.048
318.68
319.242
319.741
320.184
320.577
320.925
321.234
321.508
321.752
321.968
322.161
322.334
322.488
322.626
322.751
322.863
322.965
323.058
323.142
323.22
323.292
323.359
323.422
323.481
323.536
323.59
323.64
323.69
323.737
323.784
323.83
323.875
323.92
323.964
324.009
324.053
324.098
324.143
324.188
324.234
324.28
324.326
324.374
324.422
324.47
324.519
324.569
324.62
324.671
324.723
324.775
324.828
324.881
324.935
324.989
325.044
325.099
325.155
325.21
325.266
325.323
325.379
325.435
325.492
325.548
325.605
300.836
302.529
304.254
305.982
307.685
309.333
310.903
312.366
313.709
314.93
316.033
317.022
317.905
318.69
319.386
320.001
320.545
321.025
321.449
321.824
322.155
322.448
322.708
322.94
323.147
323.332
323.498
323.648
323.784
323.907
324.02
324.123
324.219
324.308
324.39
324.468
324.541
324.61
324.676
324.739
324.8
324.859
324.916
324.972
325.027
325.08
325.133
325.185
325.237
325.288
325.339
325.389
325.44
325.49
325.54
325.591
325.641
325.691
325.742
325.793
325.843
325.894
325.945
325.997
326.048
326.1
326.151
326.203
326.255
326.306
326.358
326.41
326.462
326.513
326.565
326.616
326.668
326.719
326.769
326.82
326.87
300.943
302.854
304.794
306.727
308.616
310.407
312.071
313.597
314.98
316.223
317.332
318.316
319.185
319.951
320.624
321.215
321.734
322.19
322.591
322.944
323.257
323.534
323.781
324.001
324.198
324.377
324.538
324.685
324.82
324.944
325.058
325.165
325.265
325.359
325.447
325.531
325.612
325.689
325.763
325.834
325.903
325.97
326.035
326.099
326.162
326.223
326.283
326.342
326.401
326.458
326.515
326.571
326.627
326.682
326.736
326.79
326.843
326.896
326.949
327.001
327.053
327.105
327.156
327.208
327.258
327.309
327.359
327.409
327.458
327.507
327.556
327.604
327.652
327.7
327.747
327.794
327.84
327.886
327.932
327.976
328.021
301.057
303.203
305.378
307.521
309.555
311.447
313.179
314.745
316.146
317.39
318.486
319.449
320.292
321.027
321.67
322.23
322.72
323.149
323.526
323.858
324.152
324.413
324.647
324.856
325.046
325.218
325.376
325.521
325.655
325.78
325.897
326.007
326.111
326.21
326.304
326.394
326.48
326.564
326.645
326.723
326.799
326.872
326.945
327.015
327.084
327.151
327.217
327.282
327.345
327.407
327.469
327.529
327.588
327.646
327.704
327.76
327.816
327.87
327.924
327.978
328.03
328.082
328.133
328.184
328.234
328.283
328.331
328.379
328.426
328.473
328.519
328.564
328.609
328.653
328.696
328.738
328.781
328.822
328.863
328.903
328.942
301.16
303.523
305.908
308.191
310.322
312.275
314.039
315.614
317.007
318.232
319.302
320.235
321.046
321.75
322.362
322.894
323.358
323.764
324.12
324.435
324.713
324.962
325.186
325.387
325.57
325.738
325.893
326.036
326.169
326.294
326.412
326.524
326.63
326.731
326.828
326.922
327.012
327.099
327.183
327.265
327.344
327.422
327.498
327.571
327.643
327.714
327.783
327.851
327.917
327.982
328.045
328.107
328.169
328.229
328.287
328.345
328.402
328.457
328.512
328.566
328.619
328.67
328.721
328.771
328.82
328.869
328.916
328.963
329.008
329.053
329.097
329.14
329.183
329.224
329.265
329.305
329.345
329.383
329.421
329.458
329.494
379.53
387.457
394.134
399.964
405.146
409.788
413.951
417.669
420.956
423.814
426.231
428.184
429.638
430.545
430.838
430.425
429.179
426.901
423.26
417.599
408.271
401.963
397.134
393.183
389.823
386.892
384.288
381.944
379.81
377.85
376.037
374.348
372.767
371.279
369.871
368.536
367.262
366.045
364.877
363.754
362.669
361.621
360.603
359.615
358.652
357.712
356.793
355.893
355.01
354.143
353.289
352.448
351.619
350.8
349.99
349.189
348.396
347.611
346.832
346.059
345.293
344.532
343.777
343.026
342.281
341.541
340.806
340.076
339.351
338.632
337.917
337.208
336.504
335.806
335.113
334.427
333.747
333.074
332.407
331.748
331.096
330.452
329.816
329.189
328.571
327.962
327.362
326.773
326.194
325.625
325.067
324.521
323.986
323.463
322.952
322.453
321.967
321.492
321.031
320.582
320.146
319.723
319.313
318.915
318.53
318.157
317.796
317.448
317.112
316.787
316.474
316.171
315.88
315.6
315.329
315.069
314.818
314.577
314.344
314.12
313.904
313.696
313.496
313.303
313.116
312.936
312.763
312.595
312.432
312.275
312.122
311.975
311.831
311.692
311.556
311.424
311.295
311.17
311.047
310.928
310.81
310.696
310.583
310.472
310.364
310.257
310.152
310.049
309.947
309.846
309.747
309.649
309.552
309.457
309.362
309.269
309.176
309.085
308.995
308.906
308.819
374.794
381.678
387.883
393.467
398.506
403.06
407.167
410.85
414.117
416.965
419.382
421.344
422.817
423.754
424.092
423.748
422.609
420.519
417.26
412.563
406.385
401.045
396.593
392.823
389.564
386.696
384.135
381.821
379.709
377.767
375.967
374.289
372.716
371.235
369.833
368.502
367.234
366.02
364.855
363.734
362.652
361.605
360.589
359.602
358.641
357.702
356.784
355.885
355.003
354.136
353.283
352.442
351.613
350.795
349.986
349.185
348.392
347.607
346.828
346.056
345.29
344.529
343.774
343.024
342.279
341.539
340.804
340.074
339.349
338.629
337.915
337.205
336.502
335.803
335.111
334.425
333.745
333.072
332.405
331.746
331.094
330.45
329.814
329.187
328.569
327.96
327.36
326.771
326.192
325.623
325.065
324.519
323.984
323.461
322.95
322.451
321.965
321.491
321.029
320.581
320.145
319.722
319.311
318.914
318.528
318.156
317.795
317.447
317.111
316.786
316.473
316.171
315.879
315.599
315.329
315.068
314.818
314.576
314.344
314.12
313.904
313.696
313.496
313.303
313.116
312.936
312.763
312.595
312.432
312.275
312.122
311.975
311.831
311.692
311.556
311.424
311.296
311.17
311.048
310.928
310.811
310.696
310.583
310.473
310.364
310.257
310.152
310.049
309.947
309.847
309.747
309.65
309.553
309.457
309.363
309.269
309.177
309.085
308.995
308.907
308.82
370.713
376.598
382.169
387.348
392.121
396.494
400.478
404.077
407.29
410.108
412.515
414.488
415.991
416.982
417.406
417.193
416.256
414.492
411.796
408.122
403.686
399.382
395.499
392.057
389
386.264
383.795
381.547
379.485
377.581
375.811
374.157
372.604
371.138
369.75
368.43
367.17
365.964
364.806
363.691
362.614
361.571
360.559
359.575
358.616
357.68
356.765
355.867
354.987
354.121
353.27
352.431
351.603
350.785
349.976
349.177
348.385
347.6
346.822
346.05
345.284
344.523
343.768
343.019
342.274
341.534
340.799
340.07
339.345
338.625
337.911
337.201
336.498
335.799
335.107
334.421
333.741
333.068
332.401
331.742
331.09
330.446
329.81
329.183
328.565
327.956
327.356
326.767
326.188
325.619
325.061
324.515
323.98
323.457
322.946
322.448
321.961
321.487
321.026
320.578
320.142
319.719
319.308
318.911
318.526
318.153
317.793
317.445
317.108
316.784
316.471
316.169
315.878
315.598
315.327
315.067
314.817
314.575
314.343
314.119
313.903
313.696
313.495
313.302
313.116
312.936
312.762
312.595
312.432
312.275
312.123
311.975
311.832
311.692
311.557
311.425
311.296
311.171
311.048
310.928
310.811
310.696
310.584
310.473
310.365
310.258
310.153
310.05
309.948
309.847
309.748
309.65
309.554
309.458
309.363
309.27
309.177
309.086
308.996
308.907
308.82
366.89
371.961
376.901
381.612
386.043
390.166
393.967
397.435
400.558
403.321
405.703
407.679
409.219
410.282
410.822
410.784
410.111
408.743
406.645
403.853
400.557
397.157
393.896
390.87
388.096
385.558
383.232
381.091
379.11
377.268
375.548
373.935
372.414
370.976
369.61
368.309
367.066
365.873
364.726
363.62
362.552
361.516
360.511
359.532
358.578
357.646
356.734
355.84
354.962
354.099
353.25
352.412
351.586
350.77
349.963
349.164
348.373
347.589
346.812
346.041
345.275
344.515
343.761
343.011
342.267
341.527
340.793
340.063
339.339
338.619
337.905
337.196
336.492
335.794
335.102
334.415
333.735
333.062
332.396
331.736
331.084
330.44
329.805
329.177
328.559
327.95
327.35
326.761
326.182
325.613
325.056
324.509
323.975
323.452
322.941
322.442
321.956
321.482
321.021
320.573
320.137
319.714
319.304
318.907
318.522
318.149
317.789
317.441
317.105
316.781
316.468
316.166
315.876
315.595
315.325
315.065
314.815
314.574
314.342
314.118
313.903
313.695
313.495
313.302
313.116
312.936
312.763
312.595
312.432
312.275
312.123
311.975
311.832
311.693
311.558
311.426
311.297
311.172
311.049
310.93
310.812
310.698
310.585
310.475
310.366
310.259
310.154
310.051
309.949
309.849
309.75
309.652
309.555
309.459
309.365
309.271
309.179
309.087
308.997
308.908
308.821
363.206
367.614
371.982
376.224
380.28
384.111
387.687
390.985
393.985
396.667
399.006
400.977
402.551
403.692
404.365
404.528
404.145
403.186
401.65
399.589
397.134
394.494
391.837
389.267
386.832
384.547
382.412
380.417
378.551
376.8
375.154
373.6
372.129
370.731
369.4
368.128
366.908
365.737
364.608
363.517
362.461
361.437
360.441
359.471
358.524
357.598
356.691
355.802
354.928
354.069
353.222
352.388
351.564
350.75
349.944
349.147
348.358
347.575
346.799
346.029
345.264
344.505
343.751
343.002
342.259
341.52
340.785
340.056
339.332
338.612
337.898
337.189
336.485
335.787
335.095
334.409
333.729
333.055
332.389
331.729
331.077
330.433
329.797
329.17
328.551
327.942
327.343
326.753
326.174
325.605
325.048
324.502
323.967
323.444
322.933
322.435
321.948
321.475
321.014
320.566
320.13
319.708
319.298
318.901
318.516
318.144
317.784
317.437
317.101
316.777
316.464
316.163
315.873
315.593
315.323
315.063
314.813
314.572
314.34
314.117
313.902
313.694
313.495
313.302
313.116
312.936
312.763
312.595
312.433
312.276
312.124
311.977
311.833
311.694
311.559
311.427
311.299
311.173
311.051
310.931
310.814
310.7
310.587
310.477
310.368
310.262
310.157
310.053
309.951
309.851
309.752
309.654
309.557
309.461
309.367
309.273
309.181
309.089
308.999
308.91
308.823
359.619
363.48
367.342
371.14
374.82
378.34
381.666
384.767
387.619
390.196
392.475
394.428
396.029
397.248
398.056
398.424
398.328
397.757
396.721
395.265
393.477
391.477
389.378
387.267
385.199
383.207
381.303
379.493
377.776
376.146
374.598
373.126
371.723
370.383
369.1
367.869
366.684
365.543
364.44
363.371
362.335
361.327
360.345
359.386
358.449
357.532
356.633
355.751
354.883
354.028
353.187
352.356
351.535
350.724
349.922
349.127
348.339
347.559
346.784
346.015
345.252
344.494
343.741
342.993
342.249
341.511
340.777
340.048
339.324
338.605
337.891
337.182
336.478
335.78
335.088
334.401
333.721
333.047
332.381
331.721
331.069
330.425
329.789
329.161
328.542
327.933
327.333
326.744
326.164
325.596
325.038
324.492
323.957
323.435
322.924
322.425
321.939
321.466
321.005
320.557
320.122
319.7
319.29
318.894
318.509
318.138
317.778
317.431
317.096
316.772
316.46
316.159
315.869
315.589
315.32
315.061
314.811
314.57
314.339
314.116
313.901
313.694
313.494
313.302
313.116
312.937
312.764
312.596
312.434
312.278
312.126
311.978
311.835
311.696
311.561
311.429
311.301
311.176
311.054
310.934
310.817
310.702
310.59
310.48
310.371
310.265
310.16
310.056
309.954
309.854
309.755
309.657
309.56
309.465
309.37
309.276
309.184
309.093
309.002
308.913
308.825
356.12
359.517
362.935
366.326
369.646
372.854
375.918
378.807
381.492
383.948
386.149
388.071
389.689
390.976
391.91
392.47
392.64
392.418
391.814
390.862
389.621
388.163
386.567
384.897
383.206
381.528
379.885
378.292
376.753
375.273
373.851
372.484
371.17
369.906
368.688
367.512
366.376
365.275
364.208
363.17
362.16
361.176
360.214
359.273
358.351
357.447
356.558
355.685
354.825
353.978
353.142
352.316
351.5
350.693
349.894
349.103
348.318
347.539
346.767
346
345.238
344.481
343.729
342.982
342.24
341.502
340.769
340.04
339.316
338.597
337.883
337.175
336.471
335.773
335.08
334.394
333.713
333.04
332.372
331.713
331.06
330.416
329.779
329.151
328.532
327.923
327.323
326.733
326.153
325.585
325.027
324.481
323.946
323.423
322.913
322.415
321.929
321.456
320.995
320.548
320.113
319.691
319.282
318.885
318.501
318.13
317.771
317.424
317.09
316.766
316.455
316.154
315.865
315.586
315.317
315.058
314.809
314.569
314.338
314.115
313.9
313.694
313.494
313.302
313.117
312.938
312.765
312.598
312.436
312.28
312.128
311.981
311.838
311.699
311.564
311.433
311.305
311.18
311.057
310.938
310.821
310.706
310.594
310.484
310.375
310.269
310.164
310.061
309.959
309.858
309.759
309.661
309.565
309.469
309.374
309.281
309.188
309.097
309.006
308.917
308.829
352.71
355.707
358.735
361.758
364.74
367.648
370.451
373.121
375.629
377.951
380.062
381.939
383.558
384.899
385.941
386.67
387.074
387.153
386.915
386.384
385.597
384.603
383.452
382.194
380.87
379.513
378.149
376.794
375.461
374.155
372.883
371.645
370.442
369.273
368.138
367.034
365.96
364.914
363.894
362.898
361.925
360.972
360.037
359.121
358.22
357.334
356.461
355.601
354.752
353.914
353.086
352.268
351.458
350.656
349.862
349.074
348.293
347.518
346.748
345.983
345.223
344.468
343.718
342.972
342.231
341.494
340.761
340.033
339.31
338.591
337.877
337.169
336.465
335.766
335.074
334.387
333.706
333.032
332.365
331.704
331.051
330.406
329.769
329.141
328.522
327.912
327.311
326.721
326.142
325.573
325.015
324.468
323.934
323.411
322.9
322.402
321.917
321.444
320.984
320.536
320.102
319.68
319.272
318.876
318.492
318.122
317.763
317.417
317.083
316.76
316.449
316.149
315.86
315.582
315.314
315.055
314.807
314.567
314.337
314.115
313.901
313.694
313.496
313.304
313.119
312.94
312.768
312.601
312.44
312.283
312.132
311.985
311.843
311.704
311.569
311.438
311.31
311.185
311.063
310.943
310.827
310.712
310.6
310.49
310.381
310.275
310.17
310.067
309.965
309.864
309.765
309.667
309.571
309.475
309.381
309.287
309.194
309.103
309.012
308.923
308.834
349.396
352.044
354.727
357.419
360.09
362.715
365.267
367.718
370.046
372.226
374.236
376.055
377.661
379.036
380.165
381.033
381.634
381.964
382.031
381.849
381.442
380.841
380.08
379.196
378.219
377.179
376.099
374.995
373.883
372.773
371.671
370.582
369.51
368.457
367.423
366.408
365.413
364.436
363.477
362.535
361.609
360.698
359.801
358.917
358.044
357.183
356.332
355.491
354.658
353.834
353.017
352.208
351.407
350.612
349.824
349.042
348.265
347.494
346.727
345.965
345.208
344.456
343.707
342.963
342.223
341.487
340.755
340.028
339.305
338.587
337.873
337.164
336.46
335.762
335.069
334.382
333.701
333.026
332.358
331.697
331.043
330.398
329.76
329.131
328.511
327.901
327.3
326.709
326.129
325.56
325.002
324.455
323.92
323.398
322.887
322.389
321.904
321.431
320.971
320.524
320.09
319.669
319.261
318.866
318.483
318.113
317.755
317.41
317.076
316.754
316.444
316.145
315.856
315.579
315.311
315.054
314.806
314.567
314.337
314.115
313.902
313.696
313.498
313.307
313.122
312.944
312.772
312.606
312.445
312.289
312.138
311.991
311.849
311.71
311.576
311.445
311.317
311.192
311.07
310.951
310.834
310.72
310.608
310.498
310.389
310.283
310.178
310.075
309.973
309.873
309.774
309.676
309.579
309.483
309.389
309.295
309.203
309.111
309.02
308.931
308.841
346.186
348.528
350.906
353.301
355.69
358.051
360.364
362.605
364.753
366.788
368.689
370.438
372.015
373.406
374.595
375.572
376.329
376.864
377.179
377.283
377.191
376.923
376.501
375.949
375.292
374.553
373.75
372.901
372.019
371.116
370.2
369.278
368.355
367.435
366.519
365.61
364.71
363.817
362.934
362.06
361.194
360.336
359.487
358.645
357.81
356.982
356.16
355.344
354.534
353.729
352.929
352.134
351.344
350.559
349.779
349.004
348.233
347.467
346.705
345.947
345.193
344.444
343.698
342.955
342.217
341.483
340.752
340.026
339.303
338.585
337.872
337.163
336.459
335.76
335.067
334.379
333.697
333.022
332.353
331.691
331.037
330.39
329.752
329.122
328.502
327.89
327.289
326.698
326.117
325.547
324.989
324.442
323.907
323.384
322.873
322.376
321.89
321.418
320.958
320.512
320.078
319.658
319.25
318.855
318.473
318.104
317.747
317.402
317.07
316.749
316.439
316.141
315.853
315.576
315.31
315.053
314.806
314.568
314.338
314.117
313.905
313.7
313.502
313.311
313.128
312.95
312.778
312.613
312.452
312.296
312.146
312
311.858
311.72
311.585
311.454
311.327
311.202
311.08
310.961
310.845
310.731
310.619
310.508
310.4
310.294
310.189
310.086
309.984
309.884
309.785
309.687
309.59
309.494
309.4
309.306
309.213
309.122
309.031
308.941
308.851
343.092
345.164
347.271
349.4
351.533
353.653
355.742
357.783
359.756
361.646
363.433
365.101
366.636
368.022
369.247
370.302
371.178
371.873
372.385
372.721
372.886
372.895
372.761
372.501
372.131
371.669
371.13
370.529
369.878
369.187
368.466
367.723
366.962
366.188
365.407
364.619
363.828
363.035
362.242
361.448
360.656
359.865
359.075
358.286
357.499
356.714
355.931
355.149
354.368
353.59
352.813
352.038
351.264
350.493
349.724
348.959
348.196
347.437
346.681
345.928
345.179
344.432
343.69
342.95
342.214
341.481
340.752
340.027
339.305
338.588
337.874
337.165
336.461
335.762
335.068
334.38
333.697
333.021
332.351
331.688
331.033
330.385
329.746
329.115
328.494
327.881
327.279
326.687
326.106
325.536
324.977
324.429
323.894
323.371
322.86
322.362
321.877
321.405
320.946
320.5
320.067
319.647
319.24
318.846
318.465
318.096
317.74
317.396
317.064
316.744
316.436
316.138
315.852
315.576
315.31
315.054
314.808
314.571
314.342
314.122
313.91
313.706
313.509
313.319
313.136
312.959
312.788
312.622
312.462
312.307
312.157
312.011
311.87
311.732
311.598
311.467
311.34
311.216
311.094
310.975
310.859
310.745
310.633
310.523
310.415
310.308
310.204
310.1
309.999
309.898
309.799
309.701
309.605
309.509
309.414
309.321
309.228
309.136
309.045
308.955
308.865
340.127
341.959
343.825
345.716
347.617
349.517
351.4
353.252
355.058
356.804
358.474
360.055
361.534
362.898
364.136
365.238
366.199
367.012
367.677
368.194
368.567
368.803
368.91
368.9
368.782
368.57
368.274
367.908
367.479
366.999
366.475
365.915
365.324
364.709
364.072
363.418
362.75
362.07
361.38
360.681
359.975
359.262
358.544
357.821
357.093
356.362
355.626
354.888
354.146
353.402
352.656
351.907
351.157
350.406
349.655
348.903
348.152
347.402
346.654
345.907
345.164
344.422
343.683
342.947
342.214
341.483
340.756
340.032
339.311
338.595
337.882
337.173
336.468
335.769
335.074
334.385
333.702
333.024
332.353
331.69
331.033
330.384
329.744
329.112
328.489
327.876
327.272
326.679
326.097
325.526
324.966
324.419
323.883
323.36
322.849
322.351
321.866
321.394
320.935
320.49
320.057
319.638
319.232
318.839
318.458
318.09
317.735
317.392
317.062
316.743
316.435
316.139
315.853
315.578
315.314
315.059
314.813
314.577
314.349
314.13
313.919
313.716
313.52
313.331
313.148
312.972
312.801
312.637
312.477
312.323
312.173
312.027
311.886
311.749
311.615
311.485
311.358
311.234
311.112
310.994
310.877
310.763
310.651
310.542
310.434
310.327
310.223
310.119
310.018
309.917
309.818
309.72
309.623
309.528
309.433
309.339
309.246
309.154
309.063
308.973
308.882
337.304
338.922
340.574
342.251
343.944
345.643
347.336
349.012
350.659
352.265
353.818
355.306
356.718
358.044
359.273
360.398
361.411
362.308
363.084
363.74
364.275
364.692
364.997
365.195
365.294
365.301
365.224
365.072
364.853
364.574
364.243
363.866
363.448
362.995
362.511
361.999
361.464
360.907
360.331
359.739
359.131
358.509
357.874
357.228
356.571
355.905
355.228
354.544
353.851
353.15
352.443
351.73
351.011
350.287
349.559
348.828
348.094
347.358
346.621
345.883
345.147
344.412
343.678
342.947
342.217
341.489
340.764
340.042
339.323
338.607
337.895
337.186
336.482
335.782
335.087
334.397
333.712
333.034
332.362
331.696
331.038
330.388
329.746
329.113
328.489
327.874
327.269
326.675
326.092
325.52
324.96
324.412
323.875
323.352
322.841
322.343
321.858
321.386
320.928
320.483
320.051
319.632
319.227
318.834
318.455
318.088
317.734
317.392
317.063
316.745
316.438
316.143
315.859
315.585
315.321
315.068
314.823
314.588
314.361
314.143
313.933
313.731
313.535
313.347
313.165
312.99
312.82
312.656
312.497
312.343
312.194
312.049
311.908
311.771
311.638
311.508
311.381
311.257
311.136
311.017
310.901
310.788
310.676
310.566
310.458
310.352
310.247
310.144
310.042
309.942
309.843
309.745
309.648
309.552
309.457
309.363
309.27
309.178
309.087
308.996
308.906
334.635
336.063
337.523
339.01
340.515
342.031
343.55
345.063
346.559
348.031
349.467
350.859
352.196
353.47
354.673
355.797
356.836
357.783
358.636
359.391
360.048
360.607
361.069
361.437
361.716
361.91
362.024
362.063
362.035
361.943
361.795
361.594
361.346
361.055
360.726
360.361
359.964
359.538
359.086
358.609
358.109
357.589
357.049
356.49
355.915
355.324
354.717
354.097
353.463
352.817
352.159
351.49
350.811
350.122
349.426
348.722
348.012
347.296
346.576
345.853
345.127
344.4
343.674
342.948
342.223
341.5
340.778
340.058
339.341
338.627
337.915
337.207
336.503
335.802
335.107
334.416
333.73
333.051
332.377
331.71
331.051
330.399
329.755
329.121
328.495
327.879
327.273
326.677
326.093
325.52
324.959
324.41
323.873
323.349
322.838
322.34
321.855
321.383
320.925
320.481
320.049
319.631
319.227
318.835
318.457
318.091
317.738
317.398
317.069
316.752
316.447
316.153
315.87
315.598
315.335
315.083
314.839
314.605
314.38
314.163
313.954
313.752
313.558
313.37
313.189
313.015
312.846
312.682
312.524
312.371
312.222
312.077
311.937
311.8
311.667
311.538
311.411
311.288
311.167
311.048
310.932
310.819
310.707
310.597
310.489
310.383
310.278
310.175
310.074
309.973
309.874
309.776
309.679
309.583
309.488
309.394
309.301
309.208
309.117
309.026
308.935
332.133
333.392
334.681
335.996
337.332
338.683
340.042
341.403
342.759
344.101
345.423
346.716
347.972
349.185
350.346
351.45
352.491
353.462
354.361
355.182
355.925
356.588
357.171
357.673
358.098
358.446
358.722
358.928
359.067
359.145
359.164
359.128
359.042
358.908
358.731
358.513
358.257
357.965
357.641
357.286
356.902
356.49
356.053
355.592
355.108
354.603
354.076
353.53
352.965
352.383
351.784
351.169
350.539
349.896
349.239
348.572
347.893
347.205
346.509
345.806
345.098
344.384
343.668
342.95
342.232
341.514
340.796
340.08
339.366
338.653
337.943
337.236
336.532
335.832
335.136
334.444
333.758
333.077
332.402
331.734
331.073
330.419
329.774
329.137
328.51
327.892
327.284
326.688
326.102
325.528
324.966
324.416
323.878
323.354
322.842
322.344
321.859
321.388
320.93
320.486
320.055
319.638
319.234
318.844
318.466
318.102
317.75
317.41
317.083
316.768
316.464
316.171
315.89
315.618
315.357
315.106
314.864
314.631
314.407
314.191
313.983
313.782
313.589
313.402
313.222
313.048
312.88
312.717
312.56
312.407
312.259
312.115
311.975
311.838
311.706
311.576
311.45
311.327
311.206
311.088
310.972
310.858
310.747
310.637
310.529
310.423
310.318
310.215
310.113
310.013
309.913
309.815
309.718
309.622
309.527
309.433
309.339
309.247
309.155
309.064
308.973
329.81
330.917
332.053
333.214
334.398
335.599
336.813
338.034
339.257
340.477
341.686
342.88
344.051
345.194
346.303
347.371
348.394
349.366
350.284
351.144
351.942
352.677
353.346
353.95
354.488
354.96
355.367
355.712
355.996
356.22
356.389
356.503
356.566
356.58
356.547
356.471
356.353
356.195
356
355.77
355.505
355.209
354.881
354.524
354.139
353.727
353.29
352.827
352.341
351.832
351.302
350.75
350.18
349.59
348.984
348.361
347.723
347.071
346.407
345.732
345.047
344.354
343.654
342.949
342.24
341.53
340.818
340.107
339.397
338.687
337.979
337.274
336.571
335.871
335.175
334.483
333.796
333.114
332.438
331.768
331.106
330.45
329.803
329.165
328.536
327.916
327.307
326.709
326.122
325.546
324.983
324.432
323.894
323.369
322.857
322.359
321.874
321.403
320.945
320.502
320.071
319.655
319.252
318.863
318.486
318.123
317.772
317.434
317.108
316.794
316.491
316.2
315.92
315.65
315.39
315.14
314.899
314.667
314.444
314.23
314.023
313.823
313.631
313.445
313.266
313.093
312.925
312.763
312.606
312.454
312.306
312.163
312.023
311.887
311.755
311.626
311.5
311.377
311.256
311.138
311.022
310.909
310.797
310.687
310.579
310.473
310.368
310.265
310.163
310.062
309.963
309.864
309.767
309.671
309.575
309.481
309.387
309.294
309.202
309.111
309.02
327.676
328.648
329.647
330.67
331.716
332.781
333.862
334.954
336.054
337.157
338.259
339.354
340.437
341.505
342.551
343.572
344.561
345.516
346.432
347.305
348.132
348.91
349.637
350.312
350.932
351.498
352.009
352.466
352.868
353.217
353.513
353.759
353.955
354.103
354.204
354.261
354.274
354.246
354.177
354.07
353.926
353.746
353.531
353.283
353.002
352.69
352.348
351.977
351.577
351.15
350.697
350.218
349.715
349.19
348.642
348.073
347.484
346.878
346.254
345.615
344.962
344.297
343.621
342.936
342.244
341.545
340.843
340.139
339.434
338.729
338.024
337.321
336.621
335.922
335.227
334.535
333.847
333.165
332.488
331.817
331.153
330.496
329.847
329.207
328.576
327.955
327.344
326.744
326.156
325.579
325.015
324.463
323.924
323.398
322.886
322.387
321.902
321.431
320.974
320.531
320.101
319.686
319.284
318.895
318.52
318.157
317.808
317.471
317.146
316.833
316.532
316.242
315.963
315.695
315.436
315.187
314.948
314.718
314.496
314.282
314.076
313.878
313.686
313.501
313.323
313.151
312.984
312.822
312.666
312.514
312.367
312.224
312.085
311.949
311.817
311.688
311.563
311.44
311.319
311.201
311.085
310.972
310.86
310.75
310.642
310.536
310.431
310.327
310.225
310.124
310.024
309.925
309.828
309.731
309.636
309.541
309.447
309.354
309.261
309.169
309.078
325.74
326.591
327.467
328.367
329.289
330.231
331.19
332.164
333.149
334.142
335.14
336.138
337.134
338.123
339.1
340.063
341.008
341.929
342.825
343.691
344.524
345.321
346.081
346.799
347.476
348.108
348.696
349.238
349.733
350.182
350.584
350.941
351.251
351.516
351.737
351.914
352.049
352.142
352.193
352.205
352.178
352.113
352.01
351.872
351.698
351.489
351.247
350.971
350.664
350.326
349.957
349.559
349.132
348.678
348.198
347.692
347.162
346.609
346.035
345.442
344.829
344.2
343.556
342.898
342.229
341.551
340.864
340.171
339.475
338.776
338.077
337.378
336.681
335.985
335.291
334.6
333.913
333.23
332.553
331.881
331.216
330.558
329.908
329.266
328.634
328.011
327.399
326.797
326.207
325.629
325.064
324.511
323.971
323.445
322.932
322.433
321.948
321.478
321.021
320.578
320.149
319.734
319.332
318.945
318.57
318.209
317.861
317.525
317.202
316.89
316.59
316.302
316.024
315.757
315.5
315.252
315.014
314.785
314.564
314.351
314.146
313.949
313.758
313.574
313.397
313.225
313.059
312.898
312.742
312.591
312.444
312.301
312.163
312.027
311.895
311.767
311.641
311.518
311.397
311.279
311.163
311.05
310.938
310.828
310.72
310.613
310.508
310.404
310.301
310.2
310.1
310.001
309.903
309.806
309.71
309.614
309.52
309.427
309.334
309.241
309.15
324.009
324.753
325.519
326.309
327.119
327.95
328.798
329.663
330.541
331.431
332.33
333.234
334.143
335.051
335.956
336.855
337.745
338.622
339.483
340.326
341.147
341.943
342.712
343.452
344.16
344.834
345.473
346.075
346.639
347.164
347.65
348.095
348.5
348.864
349.188
349.47
349.712
349.914
350.076
350.199
350.282
350.327
350.333
350.302
350.233
350.129
349.988
349.811
349.6
349.354
349.075
348.763
348.419
348.044
347.638
347.204
346.741
346.251
345.735
345.195
344.632
344.048
343.444
342.822
342.185
341.533
340.87
340.196
339.515
338.827
338.136
337.444
336.751
336.059
335.368
334.68
333.994
333.313
332.636
331.964
331.298
330.639
329.988
329.345
328.712
328.088
327.474
326.872
326.281
325.702
325.135
324.581
324.041
323.514
323.001
322.502
322.017
321.546
321.089
320.646
320.218
319.804
319.403
319.016
318.643
318.283
317.935
317.601
317.279
316.968
316.67
316.382
316.106
315.84
315.584
315.337
315.1
314.872
314.652
314.441
314.237
314.04
313.85
313.667
313.49
313.319
313.154
312.993
312.838
312.687
312.54
312.398
312.259
312.124
311.992
311.864
311.738
311.615
311.494
311.376
311.26
311.146
311.034
310.923
310.815
310.708
310.602
310.498
310.395
310.293
310.192
310.093
309.994
309.897
309.8
309.704
309.61
309.515
309.422
309.329
309.237
322.489
323.137
323.806
324.496
325.206
325.936
326.684
327.448
328.228
329.022
329.827
330.642
331.465
332.293
333.123
333.954
334.783
335.607
336.424
337.23
338.024
338.802
339.563
340.303
341.022
341.716
342.383
343.023
343.633
344.212
344.758
345.271
345.75
346.193
346.6
346.971
347.305
347.602
347.861
348.083
348.267
348.413
348.522
348.592
348.626
348.622
348.58
348.502
348.388
348.237
348.05
347.828
347.571
347.28
346.955
346.597
346.208
345.788
345.338
344.86
344.355
343.824
343.27
342.692
342.095
341.479
340.847
340.2
339.542
338.873
338.197
337.515
336.83
336.144
335.458
334.774
334.092
333.412
332.737
332.066
331.401
330.743
330.091
329.448
328.814
328.189
327.575
326.971
326.379
325.799
325.232
324.678
324.137
323.609
323.096
322.597
322.111
321.641
321.184
320.742
320.314
319.9
319.5
319.114
318.742
318.382
318.036
317.703
317.381
317.072
316.775
316.488
316.213
315.948
315.693
315.448
315.212
314.984
314.766
314.555
314.352
314.156
313.967
313.784
313.608
313.437
313.272
313.112
312.957
312.806
312.66
312.517
312.379
312.244
312.112
311.983
311.857
311.734
311.613
311.494
311.378
311.263
311.151
311.04
310.931
310.823
310.717
310.612
310.509
310.406
310.305
310.205
310.106
310.007
309.91
309.814
309.718
309.623
309.529
309.436
309.343
321.183
321.745
322.327
322.929
323.549
324.188
324.845
325.519
326.208
326.912
327.63
328.36
329.1
329.849
330.605
331.365
332.129
332.894
333.658
334.419
335.174
335.921
336.659
337.384
338.096
338.791
339.468
340.124
340.759
341.371
341.957
342.516
343.048
343.55
344.023
344.463
344.872
345.247
345.589
345.896
346.168
346.405
346.605
346.77
346.898
346.989
347.043
347.059
347.039
346.981
346.887
346.755
346.587
346.383
346.143
345.867
345.557
345.213
344.835
344.426
343.986
343.516
343.019
342.495
341.946
341.374
340.782
340.17
339.543
338.901
338.247
337.583
336.913
336.237
335.559
334.882
334.205
333.53
332.858
332.19
331.527
330.87
330.22
329.577
328.943
328.318
327.704
327.1
326.508
325.927
325.36
324.805
324.264
323.736
323.222
322.723
322.238
321.767
321.311
320.869
320.441
320.028
319.629
319.244
318.872
318.513
318.168
317.835
317.515
317.207
316.91
316.625
316.35
316.086
315.832
315.588
315.352
315.126
314.908
314.698
314.495
314.3
314.111
313.929
313.753
313.583
313.418
313.258
313.103
312.952
312.806
312.663
312.525
312.389
312.257
312.128
312.002
311.878
311.757
311.638
311.521
311.406
311.293
311.181
311.071
310.963
310.856
310.751
310.646
310.543
310.441
310.34
310.24
310.141
310.043
309.945
309.849
309.753
309.658
309.564
309.47
320.092
320.579
321.084
321.606
322.147
322.704
323.279
323.87
324.476
325.098
325.734
326.384
327.045
327.718
328.4
329.091
329.789
330.491
331.198
331.906
332.614
333.32
334.023
334.721
335.41
336.091
336.76
337.417
338.058
338.683
339.29
339.876
340.441
340.984
341.502
341.994
342.459
342.896
343.303
343.68
344.026
344.34
344.62
344.867
345.079
345.256
345.398
345.503
345.572
345.604
345.599
345.556
345.476
345.359
345.204
345.012
344.784
344.519
344.219
343.884
343.515
343.113
342.68
342.216
341.723
341.204
340.66
340.092
339.504
338.896
338.273
337.636
336.988
336.331
335.667
335
334.331
333.664
332.998
332.335
331.676
331.022
330.374
329.734
329.101
328.478
327.864
327.261
326.669
326.089
325.522
324.967
324.426
323.898
323.385
322.886
322.401
321.93
321.474
321.033
320.606
320.193
319.794
319.41
319.039
318.681
318.336
318.004
317.685
317.377
317.081
316.797
316.523
316.26
316.006
315.762
315.528
315.302
315.084
314.875
314.672
314.477
314.289
314.107
313.931
313.761
313.596
313.436
313.281
313.13
312.984
312.841
312.702
312.566
312.434
312.304
312.177
312.053
311.931
311.811
311.693
311.578
311.464
311.351
311.241
311.131
311.024
310.917
310.812
310.707
310.604
310.502
310.401
310.301
310.201
310.103
310.005
309.909
309.813
309.717
309.623
319.215
319.635
320.072
320.525
320.994
321.478
321.979
322.496
323.027
323.574
324.135
324.709
325.297
325.897
326.509
327.13
327.762
328.401
329.047
329.699
330.355
331.013
331.673
332.332
332.989
333.643
334.291
334.933
335.565
336.187
336.797
337.393
337.974
338.538
339.084
339.609
340.113
340.593
341.05
341.481
341.884
342.26
342.606
342.922
343.207
343.459
343.678
343.863
344.013
344.127
344.205
344.247
344.251
344.218
344.147
344.039
343.893
343.709
343.488
343.23
342.936
342.607
342.243
341.846
341.416
340.956
340.468
339.952
339.411
338.847
338.263
337.66
337.042
336.412
335.77
335.122
334.467
333.81
333.154
332.499
331.847
331.199
330.556
329.92
329.291
328.67
328.059
327.457
326.867
326.289
325.722
325.169
324.628
324.101
323.588
323.09
322.605
322.135
321.68
321.239
320.813
320.4
320.002
319.618
319.248
318.891
318.547
318.215
317.896
317.589
317.294
317.01
316.737
316.474
316.221
315.978
315.743
315.518
315.3
315.091
314.889
314.694
314.506
314.324
314.148
313.977
313.812
313.652
313.497
313.345
313.198
313.055
312.915
312.779
312.646
312.516
312.388
312.263
312.14
312.019
311.9
311.784
311.669
311.555
311.443
311.333
311.224
311.116
311.009
310.904
310.799
310.696
310.594
310.492
310.391
310.292
310.193
310.094
309.997
309.901
309.805
318.548
318.911
319.287
319.678
320.084
320.505
320.939
321.389
321.853
322.331
322.823
323.329
323.849
324.38
324.924
325.48
326.046
326.623
327.208
327.802
328.402
329.009
329.62
330.234
330.851
331.468
332.085
332.699
333.31
333.916
334.515
335.106
335.686
336.256
336.812
337.354
337.879
338.387
338.875
339.343
339.788
340.21
340.607
340.978
341.321
341.635
341.919
342.172
342.392
342.58
342.733
342.851
342.934
342.98
342.989
342.96
342.894
342.79
342.648
342.469
342.251
341.997
341.706
341.379
341.017
340.623
340.196
339.738
339.252
338.739
338.202
337.642
337.063
336.467
335.856
335.233
334.602
333.964
333.322
332.679
332.037
331.398
330.763
330.134
329.51
328.895
328.288
327.691
327.104
326.528
325.964
325.412
324.873
324.348
323.837
323.339
322.856
322.387
321.933
321.493
321.067
320.655
320.258
319.875
319.505
319.148
318.805
318.474
318.156
317.849
317.554
317.271
316.998
316.735
316.482
316.239
316.005
315.779
315.562
315.353
315.15
314.955
314.767
314.585
314.408
314.238
314.072
313.911
313.755
313.603
313.456
313.312
313.171
313.034
312.9
312.768
312.64
312.513
312.389
312.267
312.148
312.029
311.913
311.798
311.685
311.573
311.463
311.353
311.245
311.138
311.032
310.927
310.823
310.719
310.617
310.516
310.415
310.315
310.216
310.118
310.021
318.088
318.4
318.724
319.061
319.411
319.774
320.151
320.541
320.944
321.361
321.791
322.234
322.691
323.159
323.64
324.133
324.638
325.153
325.679
326.214
326.759
327.311
327.87
328.436
329.006
329.581
330.159
330.738
331.317
331.896
332.472
333.045
333.612
334.173
334.725
335.268
335.8
336.318
336.823
337.312
337.783
338.235
338.667
339.077
339.464
339.826
340.161
340.469
340.748
340.997
341.215
341.4
341.552
341.669
341.751
341.796
341.805
341.777
341.711
341.607
341.466
341.286
341.069
340.815
340.524
340.198
339.837
339.443
339.018
338.562
338.079
337.569
337.037
336.483
335.911
335.323
334.722
334.111
333.492
332.869
332.242
331.616
330.993
330.374
329.76
329.152
328.552
327.961
327.379
326.808
326.248
325.7
325.165
324.643
324.134
323.638
323.157
322.69
322.237
321.798
321.374
320.964
320.567
320.185
319.816
319.46
319.117
318.787
318.469
318.163
317.868
317.585
317.312
317.05
316.797
316.554
316.319
316.094
315.876
315.666
315.464
315.268
315.08
314.897
314.72
314.548
314.382
314.221
314.064
313.911
313.762
313.617
313.475
313.337
313.202
313.069
312.939
312.811
312.686
312.562
312.441
312.321
312.203
312.087
311.972
311.858
311.746
311.634
311.524
311.415
311.307
311.2
311.094
310.989
310.885
310.781
310.679
310.577
310.476
310.376
310.276
317.827
318.095
318.373
318.663
318.965
319.278
319.604
319.941
320.291
320.653
321.027
321.414
321.812
322.223
322.647
323.081
323.528
323.985
324.454
324.933
325.421
325.919
326.426
326.94
327.462
327.99
328.524
329.061
329.603
330.146
330.691
331.235
331.779
332.319
332.856
333.387
333.911
334.427
334.934
335.429
335.911
336.378
336.83
337.265
337.68
338.075
338.447
338.796
339.12
339.418
339.688
339.928
340.138
340.316
340.461
340.573
340.649
340.69
340.695
340.663
340.593
340.486
340.341
340.159
339.939
339.683
339.391
339.063
338.703
338.309
337.885
337.432
336.953
336.449
335.922
335.377
334.815
334.238
333.651
333.055
332.453
331.847
331.241
330.636
330.035
329.438
328.849
328.267
327.693
327.13
326.576
326.034
325.504
324.986
324.482
323.99
323.512
323.048
322.597
322.161
321.738
321.33
320.935
320.554
320.186
319.831
319.489
319.16
318.842
318.537
318.243
317.959
317.687
317.424
317.172
316.928
316.694
316.468
316.25
316.04
315.837
315.641
315.451
315.267
315.09
314.917
314.75
314.587
314.429
314.275
314.125
313.979
313.836
313.696
313.559
313.425
313.293
313.164
313.036
312.911
312.788
312.666
312.546
312.428
312.311
312.195
312.08
311.967
311.855
311.743
311.633
311.524
311.415
311.308
311.201
311.095
310.99
310.886
310.782
310.68
310.578
317.759
317.988
318.228
318.477
318.736
319.006
319.286
319.578
319.88
320.193
320.518
320.854
321.202
321.561
321.931
322.312
322.705
323.109
323.523
323.949
324.384
324.829
325.284
325.747
326.219
326.698
327.185
327.678
328.176
328.68
329.186
329.696
330.207
330.718
331.229
331.738
332.244
332.746
333.241
333.729
334.209
334.678
335.136
335.58
336.01
336.423
336.819
337.195
337.55
337.882
338.19
338.473
338.729
338.956
339.154
339.321
339.455
339.557
339.624
339.656
339.652
339.612
339.536
339.422
339.272
339.084
338.86
338.601
338.306
337.978
337.617
337.224
336.803
336.354
335.881
335.384
334.868
334.334
333.785
333.224
332.654
332.077
331.496
330.913
330.33
329.75
329.175
328.606
328.044
327.491
326.947
326.414
325.891
325.381
324.882
324.396
323.923
323.463
323.017
322.584
322.164
321.759
321.366
320.987
320.621
320.268
319.927
319.599
319.282
318.978
318.684
318.401
318.129
317.867
317.614
317.37
317.136
316.909
316.691
316.48
316.276
316.079
315.889
315.704
315.525
315.352
315.183
315.019
314.86
314.705
314.553
314.405
314.26
314.118
313.98
313.844
313.71
313.578
313.449
313.322
313.196
313.072
312.95
312.829
312.71
312.591
312.474
312.358
312.243
312.129
312.016
311.904
311.793
311.683
311.573
311.464
311.357
311.25
311.143
311.038
310.933
317.875
318.072
318.277
318.491
318.714
318.946
319.188
319.439
319.7
319.971
320.252
320.543
320.845
321.157
321.48
321.813
322.157
322.512
322.876
323.251
323.636
324.031
324.436
324.85
325.272
325.703
326.143
326.589
327.043
327.502
327.967
328.437
328.91
329.386
329.864
330.343
330.822
331.299
331.774
332.244
332.71
333.169
333.62
334.061
334.492
334.911
335.315
335.704
336.076
336.429
336.763
337.074
337.363
337.627
337.864
338.075
338.256
338.407
338.527
338.614
338.668
338.688
338.673
338.622
338.536
338.414
338.256
338.062
337.833
337.57
337.273
336.944
336.584
336.195
335.778
335.336
334.872
334.386
333.883
333.365
332.834
332.293
331.744
331.191
330.635
330.078
329.524
328.972
328.427
327.888
327.358
326.837
326.325
325.824
325.335
324.857
324.391
323.938
323.497
323.07
322.655
322.254
321.865
321.489
321.126
320.775
320.437
320.11
319.795
319.492
319.199
318.917
318.646
318.384
318.131
317.888
317.653
317.426
317.207
316.996
316.791
316.593
316.402
316.216
316.036
315.861
315.691
315.526
315.365
315.207
315.054
314.904
314.757
314.614
314.473
314.334
314.198
314.065
313.933
313.803
313.675
313.548
313.423
313.3
313.177
313.056
312.936
312.817
312.699
312.582
312.466
312.351
312.236
312.123
312.01
311.898
311.787
311.676
311.567
311.458
311.35
318.167
318.336
318.512
318.696
318.888
319.088
319.296
319.512
319.737
319.971
320.214
320.467
320.728
320.999
321.28
321.57
321.87
322.179
322.499
322.828
323.166
323.514
323.872
324.238
324.614
324.998
325.39
325.791
326.199
326.613
327.035
327.462
327.894
328.331
328.771
329.214
329.659
330.105
330.551
330.995
331.438
331.876
332.31
332.738
333.158
333.57
333.971
334.36
334.736
335.097
335.442
335.77
336.078
336.365
336.63
336.87
337.086
337.275
337.436
337.568
337.669
337.74
337.777
337.782
337.753
337.69
337.593
337.461
337.294
337.094
336.86
336.594
336.296
335.968
335.611
335.227
334.819
334.388
333.936
333.466
332.981
332.483
331.974
331.457
330.935
330.41
329.883
329.358
328.835
328.316
327.804
327.299
326.802
326.315
325.838
325.371
324.916
324.472
324.04
323.62
323.213
322.817
322.434
322.063
321.705
321.358
321.023
320.699
320.387
320.085
319.795
319.514
319.244
318.982
318.731
318.487
318.253
318.026
317.807
317.595
317.389
317.191
316.998
316.811
316.63
316.454
316.282
316.115
315.952
315.793
315.638
315.486
315.337
315.191
315.047
314.907
314.768
314.632
314.497
314.365
314.234
314.104
313.976
313.849
313.724
313.599
313.476
313.354
313.232
313.111
312.992
312.873
312.755
312.637
312.521
312.405
312.29
312.175
312.062
311.949
311.837
318.627
318.772
318.924
319.082
319.247
319.42
319.599
319.786
319.98
320.182
320.392
320.61
320.837
321.071
321.315
321.567
321.827
322.097
322.375
322.663
322.959
323.264
323.578
323.901
324.232
324.571
324.919
325.275
325.638
326.008
326.386
326.769
327.159
327.554
327.954
328.357
328.765
329.174
329.585
329.997
330.409
330.82
331.228
331.633
332.033
332.427
332.814
333.192
333.561
333.918
334.263
334.593
334.908
335.205
335.484
335.743
335.98
336.195
336.385
336.549
336.687
336.797
336.877
336.927
336.947
336.935
336.89
336.814
336.704
336.562
336.388
336.182
335.944
335.677
335.381
335.057
334.707
334.333
333.937
333.52
333.086
332.637
332.174
331.701
331.22
330.732
330.241
329.748
329.255
328.764
328.276
327.794
327.317
326.848
326.388
325.937
325.495
325.064
324.644
324.235
323.837
323.45
323.075
322.712
322.359
322.018
321.688
321.369
321.061
320.763
320.475
320.197
319.929
319.669
319.419
319.177
318.943
318.716
318.497
318.285
318.079
317.88
317.687
317.499
317.316
317.139
316.966
316.797
316.632
316.471
316.314
316.159
316.008
315.859
315.714
315.57
315.429
315.289
315.152
315.016
314.882
314.749
314.618
314.487
314.358
314.23
314.103
313.977
313.852
313.727
313.603
313.48
313.358
313.236
313.115
312.995
312.875
312.756
312.638
312.521
312.404
319.246
319.372
319.503
319.64
319.783
319.931
320.086
320.248
320.416
320.59
320.772
320.96
321.156
321.36
321.571
321.789
322.015
322.249
322.491
322.741
322.999
323.265
323.539
323.821
324.112
324.409
324.715
325.028
325.349
325.676
326.01
326.351
326.698
327.051
327.409
327.772
328.138
328.508
328.881
329.257
329.633
330.01
330.386
330.761
331.133
331.502
331.866
332.224
332.575
332.918
333.251
333.573
333.883
334.179
334.46
334.724
334.971
335.199
335.405
335.59
335.752
335.889
336.001
336.086
336.144
336.173
336.173
336.143
336.083
335.993
335.872
335.721
335.541
335.331
335.093
334.828
334.537
334.221
333.882
333.522
333.143
332.747
332.335
331.911
331.477
331.033
330.584
330.13
329.673
329.216
328.761
328.307
327.858
327.414
326.977
326.546
326.124
325.71
325.305
324.911
324.526
324.152
323.788
323.434
323.091
322.758
322.435
322.123
321.821
321.528
321.245
320.971
320.706
320.449
320.201
319.961
319.728
319.503
319.285
319.073
318.868
318.669
318.475
318.286
318.103
317.924
317.75
317.579
317.413
317.25
317.09
316.934
316.78
316.629
316.48
316.334
316.19
316.047
315.906
315.767
315.63
315.493
315.358
315.224
315.091
314.959
314.828
314.698
314.568
314.439
314.311
314.183
314.056
313.929
313.803
313.678
313.553
313.429
313.306
313.184
313.062
320.018
320.127
320.241
320.359
320.483
320.612
320.746
320.886
321.032
321.183
321.34
321.504
321.673
321.849
322.032
322.221
322.417
322.619
322.829
323.046
323.27
323.501
323.739
323.984
324.236
324.496
324.762
325.036
325.316
325.602
325.896
326.195
326.5
326.811
327.127
327.448
327.774
328.103
328.436
328.771
329.109
329.448
329.788
330.128
330.466
330.803
331.138
331.468
331.793
332.113
332.426
332.73
333.025
333.309
333.581
333.84
334.085
334.314
334.526
334.719
334.893
335.046
335.178
335.286
335.371
335.43
335.464
335.472
335.452
335.405
335.331
335.229
335.099
334.942
334.758
334.548
334.314
334.055
333.773
333.47
333.147
332.807
332.45
332.079
331.696
331.302
330.9
330.491
330.078
329.661
329.244
328.827
328.411
327.998
327.59
327.186
326.789
326.398
326.015
325.64
325.273
324.916
324.567
324.227
323.896
323.575
323.262
322.959
322.665
322.38
322.104
321.836
321.576
321.324
321.08
320.843
320.614
320.391
320.175
319.964
319.76
319.561
319.368
319.179
318.995
318.816
318.641
318.469
318.301
318.136
317.975
317.816
317.66
317.507
317.355
317.206
317.059
316.913
316.769
316.627
316.485
316.345
316.206
316.068
315.931
315.795
315.659
315.524
315.39
315.256
315.123
314.99
314.858
314.726
314.595
314.464
314.333
314.203
314.074
313.946
313.819
320.932
321.027
321.127
321.23
321.338
321.451
321.567
321.689
321.815
321.947
322.083
322.224
322.371
322.524
322.682
322.845
323.014
323.19
323.371
323.558
323.751
323.951
324.156
324.368
324.586
324.81
325.041
325.277
325.52
325.768
326.023
326.282
326.548
326.818
327.093
327.373
327.658
327.946
328.238
328.532
328.83
329.129
329.429
329.731
330.032
330.333
330.632
330.929
331.223
331.513
331.797
332.076
332.348
332.611
332.865
333.109
333.342
333.562
333.768
333.959
334.135
334.293
334.433
334.553
334.654
334.733
334.79
334.825
334.836
334.823
334.785
334.723
334.637
334.526
334.39
334.231
334.048
333.842
333.615
333.368
333.101
332.816
332.515
332.199
331.87
331.529
331.179
330.82
330.455
330.085
329.711
329.336
328.96
328.585
328.212
327.842
327.476
327.115
326.759
326.409
326.065
325.729
325.4
325.079
324.765
324.459
324.161
323.871
323.589
323.315
323.048
322.789
322.537
322.292
322.054
321.823
321.598
321.379
321.166
320.959
320.757
320.56
320.368
320.18
319.997
319.817
319.642
319.47
319.301
319.135
318.972
318.811
318.653
318.498
318.344
318.192
318.042
317.893
317.746
317.6
317.455
317.311
317.168
317.026
316.885
316.744
316.604
316.464
316.325
316.186
316.048
315.909
315.771
315.634
315.496
315.359
315.222
315.086
314.95
314.814
314.68
321.977
322.061
322.148
322.239
322.334
322.432
322.534
322.64
322.75
322.864
322.982
323.105
323.232
323.364
323.5
323.642
323.787
323.938
324.094
324.255
324.421
324.592
324.768
324.95
325.137
325.329
325.526
325.729
325.936
326.149
326.367
326.589
326.816
327.048
327.284
327.524
327.768
328.016
328.267
328.521
328.777
329.036
329.296
329.557
329.819
330.08
330.341
330.601
330.859
331.114
331.366
331.613
331.855
332.091
332.32
332.541
332.753
332.956
333.147
333.327
333.494
333.647
333.785
333.907
334.013
334.102
334.172
334.223
334.254
334.265
334.256
334.225
334.173
334.1
334.005
333.889
333.752
333.594
333.417
333.221
333.007
332.776
332.53
332.268
331.994
331.708
331.411
331.105
330.792
330.472
330.148
329.82
329.489
329.158
328.826
328.495
328.167
327.84
327.518
327.199
326.885
326.576
326.272
325.974
325.683
325.397
325.118
324.846
324.579
324.32
324.066
323.819
323.579
323.344
323.115
322.892
322.674
322.461
322.254
322.051
321.853
321.66
321.471
321.285
321.104
320.925
320.751
320.579
320.41
320.243
320.08
319.918
319.759
319.601
319.445
319.291
319.138
318.987
318.837
318.687
318.539
318.391
318.245
318.099
317.953
317.808
317.663
317.519
317.374
317.23
317.087
316.943
316.799
316.655
316.512
316.368
316.224
316.08
315.936
315.792
315.649
323.135
323.209
323.287
323.367
323.45
323.536
323.625
323.718
323.814
323.913
324.016
324.122
324.232
324.345
324.462
324.584
324.709
324.838
324.971
325.108
325.249
325.395
325.545
325.699
325.857
326.02
326.186
326.357
326.533
326.712
326.896
327.083
327.274
327.469
327.668
327.87
328.075
328.284
328.495
328.708
328.924
329.142
329.361
329.582
329.803
330.025
330.246
330.467
330.686
330.904
331.119
331.331
331.539
331.743
331.941
332.133
332.319
332.497
332.667
332.828
332.978
333.118
333.246
333.362
333.464
333.552
333.626
333.684
333.727
333.752
333.761
333.752
333.726
333.681
333.619
333.538
333.44
333.324
333.19
333.04
332.875
332.693
332.498
332.289
332.067
331.835
331.591
331.339
331.079
330.812
330.539
330.261
329.979
329.696
329.41
329.124
328.837
328.552
328.268
327.986
327.706
327.43
327.158
326.889
326.625
326.365
326.11
325.859
325.614
325.373
325.138
324.907
324.681
324.46
324.243
324.031
323.823
323.62
323.421
323.226
323.034
322.847
322.662
322.481
322.303
322.128
321.955
321.785
321.617
321.452
321.288
321.127
320.967
320.808
320.651
320.495
320.341
320.187
320.034
319.882
319.731
319.58
319.43
319.28
319.13
318.981
318.832
318.683
318.534
318.385
318.235
318.086
317.937
317.787
317.637
317.486
317.335
317.183
317.031
316.877
316.723
324.378
324.445
324.513
324.584
324.657
324.733
324.811
324.892
324.975
325.061
325.149
325.241
325.335
325.432
325.533
325.636
325.742
325.851
325.964
326.079
326.198
326.32
326.446
326.574
326.706
326.842
326.98
327.122
327.267
327.415
327.567
327.721
327.879
328.039
328.202
328.368
328.536
328.707
328.88
329.055
329.231
329.41
329.589
329.77
329.951
330.132
330.314
330.495
330.675
330.854
331.032
331.207
331.379
331.548
331.713
331.873
332.028
332.178
332.321
332.458
332.587
332.707
332.819
332.921
333.012
333.093
333.163
333.22
333.265
333.297
333.315
333.32
333.31
333.286
333.248
333.194
333.126
333.044
332.948
332.837
332.713
332.576
332.426
332.265
332.092
331.91
331.717
331.516
331.308
331.092
330.871
330.644
330.413
330.179
329.942
329.702
329.462
329.221
328.98
328.739
328.499
328.261
328.024
327.79
327.558
327.328
327.102
326.878
326.658
326.441
326.228
326.018
325.811
325.607
325.407
325.21
325.016
324.826
324.638
324.453
324.271
324.092
323.915
323.74
323.568
323.398
323.23
323.063
322.899
322.736
322.574
322.414
322.254
322.096
321.939
321.783
321.627
321.472
321.318
321.164
321.01
320.857
320.704
320.551
320.398
320.245
320.092
319.939
319.785
319.631
319.477
319.323
319.168
319.012
318.856
318.698
318.54
318.381
318.22
318.057
317.892
325.662
325.721
325.782
325.844
325.908
325.974
326.042
326.112
326.184
326.258
326.334
326.411
326.492
326.574
326.658
326.745
326.834
326.925
327.019
327.115
327.213
327.314
327.417
327.522
327.63
327.74
327.853
327.968
328.085
328.204
328.326
328.45
328.576
328.705
328.835
328.967
329.101
329.236
329.373
329.512
329.652
329.792
329.934
330.076
330.219
330.362
330.505
330.647
330.789
330.93
331.069
331.207
331.343
331.476
331.607
331.734
331.858
331.977
332.092
332.201
332.305
332.403
332.495
332.579
332.655
332.723
332.783
332.834
332.875
332.906
332.928
332.938
332.938
332.927
332.905
332.871
332.826
332.77
332.702
332.623
332.534
332.434
332.323
332.203
332.074
331.936
331.79
331.636
331.476
331.309
331.136
330.958
330.776
330.59
330.401
330.209
330.015
329.82
329.623
329.425
329.227
329.029
328.832
328.634
328.438
328.243
328.049
327.857
327.666
327.477
327.289
327.104
326.92
326.738
326.558
326.38
326.203
326.029
325.856
325.685
325.516
325.348
325.181
325.016
324.853
324.69
324.529
324.368
324.209
324.05
323.893
323.736
323.579
323.423
323.267
323.112
322.957
322.802
322.648
322.493
322.338
322.184
322.029
321.873
321.718
321.562
321.406
321.249
321.092
320.935
320.777
320.618
320.458
320.297
320.135
319.972
319.807
319.641
319.472
319.3
319.124
326.921
326.973
327.026
327.081
327.136
327.193
327.252
327.311
327.373
327.435
327.499
327.565
327.632
327.7
327.77
327.842
327.915
327.99
328.066
328.144
328.223
328.304
328.387
328.471
328.557
328.645
328.734
328.824
328.917
329.01
329.105
329.202
329.3
329.399
329.499
329.601
329.703
329.807
329.912
330.017
330.123
330.23
330.337
330.444
330.552
330.659
330.767
330.874
330.98
331.085
331.19
331.293
331.394
331.494
331.591
331.686
331.779
331.868
331.954
332.037
332.115
332.189
332.258
332.323
332.381
332.435
332.481
332.522
332.556
332.582
332.601
332.613
332.616
332.612
332.6
332.579
332.55
332.512
332.466
332.412
332.349
332.279
332.201
332.115
332.022
331.922
331.815
331.703
331.584
331.46
331.331
331.198
331.06
330.919
330.774
330.627
330.477
330.325
330.17
330.015
329.858
329.7
329.541
329.382
329.222
329.062
328.902
328.742
328.582
328.423
328.264
328.105
327.947
327.789
327.632
327.475
327.319
327.163
327.008
326.853
326.699
326.546
326.392
326.239
326.087
325.934
325.782
325.63
325.478
325.327
325.175
325.023
324.871
324.719
324.567
324.414
324.262
324.109
323.955
323.801
323.647
323.492
323.337
323.181
323.024
322.867
322.709
322.55
322.391
322.23
322.069
321.907
321.744
321.579
321.413
321.245
321.075
320.903
320.727
320.547
320.361
328.066
328.111
328.157
328.204
328.252
328.301
328.35
328.401
328.452
328.505
328.558
328.612
328.668
328.724
328.781
328.839
328.898
328.958
329.019
329.081
329.144
329.208
329.273
329.339
329.405
329.473
329.542
329.611
329.682
329.753
329.825
329.897
329.971
330.045
330.12
330.195
330.271
330.347
330.424
330.501
330.578
330.656
330.733
330.811
330.888
330.965
331.042
331.118
331.194
331.269
331.343
331.415
331.487
331.557
331.626
331.692
331.757
331.82
331.88
331.938
331.993
332.045
332.093
332.138
332.18
332.217
332.25
332.279
332.303
332.323
332.337
332.346
332.35
332.348
332.341
332.328
332.309
332.284
332.253
332.216
332.174
332.126
332.072
332.013
331.948
331.878
331.803
331.724
331.64
331.551
331.459
331.362
331.263
331.159
331.053
330.944
330.832
330.718
330.602
330.483
330.363
330.241
330.118
329.993
329.867
329.74
329.612
329.482
329.352
329.221
329.089
328.957
328.824
328.69
328.556
328.421
328.285
328.149
328.012
327.875
327.737
327.599
327.46
327.32
327.18
327.039
326.897
326.755
326.612
326.469
326.324
326.179
326.034
325.887
325.74
325.591
325.442
325.292
325.142
324.99
324.837
324.684
324.53
324.374
324.218
324.06
323.902
323.742
323.582
323.42
323.257
323.093
322.928
322.761
322.592
322.421
322.248
322.071
321.891
321.705
321.511
328.982
329.021
329.062
329.102
329.144
329.186
329.228
329.271
329.314
329.358
329.403
329.448
329.494
329.54
329.587
329.634
329.682
329.73
329.779
329.828
329.878
329.928
329.979
330.03
330.082
330.134
330.186
330.239
330.293
330.346
330.4
330.455
330.509
330.564
330.619
330.674
330.729
330.784
330.84
330.895
330.95
331.005
331.06
331.114
331.168
331.222
331.275
331.328
331.38
331.431
331.482
331.531
331.58
331.627
331.673
331.718
331.761
331.803
331.843
331.881
331.917
331.951
331.982
332.012
332.039
332.063
332.084
332.103
332.118
332.131
332.139
332.145
332.147
332.145
332.14
332.131
332.117
332.1
332.079
332.054
332.025
331.992
331.955
331.915
331.87
331.822
331.77
331.715
331.656
331.594
331.529
331.46
331.389
331.314
331.237
331.157
331.075
330.99
330.903
330.814
330.723
330.629
330.534
330.437
330.337
330.236
330.134
330.029
329.923
329.816
329.707
329.596
329.484
329.37
329.255
329.138
329.02
328.901
328.78
328.658
328.534
328.409
328.283
328.155
328.026
327.896
327.764
327.631
327.497
327.361
327.224
327.086
326.946
326.805
326.663
326.519
326.374
326.228
326.081
325.932
325.782
325.63
325.478
325.324
325.168
325.012
324.854
324.695
324.534
324.372
324.209
324.044
323.878
323.71
323.54
323.367
323.192
323.013
322.83
322.64
322.441
329.531
329.567
329.604
329.64
329.678
329.715
329.753
329.792
329.83
329.869
329.908
329.948
329.988
330.028
330.068
330.109
330.15
330.191
330.233
330.274
330.316
330.358
330.401
330.443
330.486
330.529
330.572
330.615
330.658
330.702
330.745
330.788
330.832
330.875
330.918
330.961
331.004
331.047
331.09
331.132
331.174
331.216
331.258
331.299
331.339
331.379
331.419
331.458
331.496
331.533
331.57
331.606
331.64
331.674
331.707
331.738
331.769
331.798
331.826
331.852
331.877
331.9
331.922
331.941
331.959
331.975
331.989
332.001
332.011
332.018
332.023
332.026
332.026
332.024
332.019
332.011
332
331.987
331.971
331.952
331.93
331.905
331.878
331.847
331.814
331.778
331.739
331.697
331.653
331.606
331.556
331.504
331.449
331.391
331.331
331.268
331.203
331.135
331.066
330.993
330.919
330.842
330.763
330.682
330.599
330.513
330.426
330.336
330.244
330.15
330.055
329.957
329.857
329.756
329.652
329.547
329.439
329.33
329.219
329.106
328.991
328.874
328.756
328.635
328.513
328.39
328.264
328.137
328.008
327.877
327.745
327.611
327.475
327.338
327.199
327.059
326.916
326.773
326.628
326.481
326.333
326.183
326.032
325.879
325.724
325.569
325.412
325.253
325.093
324.931
324.768
324.603
324.437
324.268
324.098
323.925
323.749
323.57
323.385
323.194
322.992
308.651
308.408
308.169
307.936
307.708
307.484
307.265
307.048
306.834
306.622
306.41
306.198
305.985
305.77
305.552
305.332
305.109
304.883
304.653
304.42
304.183
303.944
303.703
303.46
303.215
302.971
302.727
302.486
302.248
302.015
301.789
301.572
301.366
301.172
300.993
300.829
300.683
300.555
300.445
300.351
300.274
300.212
300.161
300.122
300.091
300.067
300.049
300.036
300.027
300.021
300.019
308.652
308.408
308.17
307.936
307.708
307.484
307.265
307.049
306.835
306.622
306.411
306.198
305.985
305.77
305.553
305.333
305.11
304.883
304.653
304.42
304.184
303.945
303.703
303.46
303.216
302.972
302.728
302.487
302.249
302.016
301.79
301.573
301.366
301.172
300.993
300.83
300.683
300.555
300.445
300.352
300.274
300.212
300.161
300.122
300.091
300.067
300.049
300.036
300.027
300.021
300.019
308.653
308.409
308.17
307.937
307.709
307.485
307.266
307.049
306.836
306.623
306.411
306.199
305.986
305.771
305.554
305.334
305.111
304.884
304.655
304.422
304.185
303.946
303.705
303.462
303.217
302.973
302.729
302.488
302.25
302.017
301.791
301.574
301.367
301.173
300.994
300.83
300.684
300.556
300.445
300.352
300.275
300.212
300.162
300.122
300.091
300.067
300.05
300.036
300.027
300.021
300.019
308.654
308.41
308.172
307.939
307.71
307.487
307.267
307.051
306.837
306.625
306.413
306.201
305.988
305.773
305.556
305.336
305.113
304.887
304.657
304.424
304.188
303.949
303.707
303.464
303.22
302.976
302.732
302.491
302.252
302.02
301.793
301.576
301.369
301.175
300.995
300.832
300.685
300.557
300.446
300.353
300.275
300.212
300.162
300.122
300.091
300.067
300.05
300.037
300.027
300.021
300.019
308.656
308.412
308.174
307.941
307.712
307.489
307.269
307.053
306.84
306.627
306.416
306.204
305.991
305.776
305.559
305.339
305.116
304.89
304.66
304.428
304.192
303.953
303.711
303.468
303.224
302.98
302.736
302.494
302.256
302.023
301.797
301.579
301.372
301.178
300.998
300.834
300.687
300.558
300.447
300.353
300.276
300.213
300.162
300.122
300.091
300.068
300.05
300.037
300.027
300.022
300.019
308.659
308.416
308.177
307.944
307.716
307.492
307.273
307.057
306.843
306.631
306.42
306.208
305.995
305.78
305.563
305.344
305.121
304.895
304.666
304.433
304.197
303.958
303.717
303.474
303.23
302.986
302.742
302.5
302.262
302.028
301.802
301.584
301.376
301.181
301.001
300.836
300.689
300.56
300.449
300.355
300.277
300.214
300.163
300.123
300.092
300.068
300.05
300.037
300.027
300.022
300.019
308.664
308.42
308.182
307.949
307.72
307.497
307.278
307.062
306.848
306.636
306.425
306.213
306.001
305.786
305.57
305.351
305.128
304.903
304.673
304.441
304.205
303.967
303.726
303.483
303.238
302.994
302.75
302.508
302.269
302.036
301.809
301.59
301.382
301.186
301.005
300.84
300.693
300.563
300.451
300.356
300.278
300.215
300.164
300.123
300.092
300.068
300.05
300.037
300.028
300.022
300.019
308.67
308.427
308.188
307.955
307.727
307.503
307.284
307.069
306.855
306.644
306.433
306.221
306.009
305.795
305.579
305.36
305.138
304.913
304.684
304.452
304.216
303.978
303.737
303.494
303.25
303.005
302.761
302.519
302.28
302.045
301.818
301.598
301.39
301.193
301.011
300.845
300.697
300.566
300.454
300.359
300.28
300.216
300.165
300.124
300.093
300.069
300.05
300.037
300.028
300.022
300.019
308.678
308.435
308.197
307.964
307.735
307.512
307.293
307.078
306.865
306.654
306.443
306.232
306.02
305.807
305.591
305.372
305.151
304.926
304.698
304.466
304.231
303.992
303.752
303.509
303.264
303.02
302.775
302.533
302.293
302.058
301.83
301.609
301.399
301.202
301.019
300.852
300.702
300.571
300.457
300.361
300.282
300.218
300.166
300.125
300.093
300.069
300.051
300.037
300.028
300.022
300.019
308.689
308.447
308.208
307.975
307.747
307.524
307.305
307.09
306.877
306.667
306.456
306.246
306.035
305.822
305.607
305.389
305.168
304.943
304.716
304.484
304.249
304.012
303.771
303.528
303.284
303.039
302.794
302.551
302.31
302.074
301.845
301.623
301.412
301.213
301.029
300.86
300.709
300.576
300.462
300.365
300.285
300.22
300.167
300.126
300.094
300.07
300.051
300.038
300.028
300.022
300.019
308.704
308.461
308.223
307.99
307.762
307.539
307.321
307.106
306.894
306.683
306.474
306.264
306.054
305.841
305.627
305.41
305.19
304.966
304.739
304.508
304.273
304.036
303.795
303.552
303.308
303.062
302.817
302.573
302.332
302.095
301.864
301.641
301.428
301.227
301.041
300.87
300.718
300.583
300.467
300.369
300.288
300.222
300.169
300.128
300.095
300.07
300.052
300.038
300.028
300.022
300.019
308.723
308.48
308.242
308.009
307.781
307.558
307.34
307.126
306.915
306.705
306.496
306.287
306.077
305.866
305.653
305.436
305.217
304.994
304.768
304.537
304.303
304.066
303.826
303.583
303.338
303.092
302.846
302.601
302.358
302.12
301.887
301.662
301.447
301.244
301.055
300.883
300.728
300.592
300.474
300.374
300.292
300.225
300.172
300.129
300.097
300.071
300.052
300.039
300.029
300.023
300.019
308.747
308.505
308.266
308.033
307.805
307.583
307.365
307.152
306.941
306.732
306.524
306.316
306.107
305.897
305.685
305.469
305.251
305.029
304.804
304.574
304.341
304.104
303.863
303.62
303.375
303.129
302.882
302.635
302.391
302.151
301.916
301.688
301.471
301.265
301.074
300.898
300.741
300.602
300.482
300.381
300.297
300.229
300.175
300.132
300.098
300.073
300.053
300.039
300.029
300.023
300.02
308.777
308.535
308.297
308.063
307.836
307.614
307.397
307.184
306.974
306.766
306.559
306.352
306.145
305.936
305.724
305.51
305.293
305.072
304.848
304.619
304.386
304.15
303.91
303.666
303.421
303.173
302.925
302.677
302.431
302.188
301.951
301.72
301.499
301.29
301.095
300.917
300.756
300.614
300.492
300.388
300.303
300.233
300.178
300.134
300.1
300.074
300.054
300.04
300.03
300.023
300.02
308.815
308.573
308.335
308.101
307.874
307.652
307.436
307.224
307.014
306.808
306.602
306.396
306.19
305.983
305.773
305.56
305.344
305.125
304.901
304.674
304.441
304.205
303.965
303.722
303.476
303.227
302.977
302.728
302.479
302.234
301.993
301.759
301.534
301.321
301.122
300.939
300.775
300.629
300.504
300.398
300.31
300.239
300.182
300.137
300.102
300.075
300.055
300.041
300.03
300.024
300.02
308.862
308.62
308.381
308.148
307.921
307.7
307.484
307.272
307.064
306.859
306.654
306.45
306.246
306.04
305.832
305.621
305.406
305.188
304.966
304.739
304.508
304.272
304.032
303.789
303.541
303.292
303.04
302.788
302.537
302.288
302.043
301.804
301.575
301.357
301.153
300.966
300.797
300.647
300.518
300.409
300.318
300.245
300.187
300.141
300.105
300.077
300.057
300.042
300.031
300.024
300.021
308.921
308.678
308.439
308.206
307.978
307.757
307.542
307.332
307.125
306.92
306.718
306.515
306.313
306.109
305.902
305.693
305.481
305.265
305.044
304.818
304.588
304.352
304.112
303.868
303.62
303.369
303.115
302.86
302.605
302.352
302.103
301.859
301.624
301.4
301.19
300.997
300.823
300.668
300.535
300.421
300.328
300.253
300.192
300.145
300.108
300.079
300.058
300.043
300.032
300.025
300.021
308.992
308.749
308.509
308.275
308.048
307.828
307.613
307.403
307.198
306.995
306.794
306.593
306.393
306.191
305.987
305.78
305.57
305.355
305.136
304.912
304.682
304.447
304.207
303.962
303.713
303.46
303.204
302.945
302.686
302.428
302.173
301.924
301.682
301.451
301.235
301.035
300.853
300.693
300.554
300.437
300.34
300.262
300.199
300.15
300.111
300.082
300.06
300.044
300.033
300.025
300.022
309.079
308.835
308.594
308.36
308.132
307.912
307.698
307.489
307.285
307.084
306.885
306.687
306.488
306.289
306.087
305.883
305.675
305.463
305.245
305.022
304.794
304.559
304.319
304.074
303.823
303.568
303.308
303.046
302.782
302.518
302.257
302
301.751
301.512
301.287
301.079
300.89
300.722
300.577
300.455
300.354
300.272
300.207
300.155
300.115
300.085
300.062
300.045
300.034
300.026
300.022
309.183
308.938
308.696
308.461
308.233
308.013
307.799
307.592
307.389
307.189
306.993
306.797
306.601
306.404
306.206
306.004
305.799
305.589
305.374
305.152
304.925
304.691
304.451
304.205
303.952
303.694
303.431
303.164
302.895
302.624
302.355
302.09
301.831
301.583
301.348
301.13
300.933
300.757
300.605
300.476
300.37
300.284
300.216
300.162
300.12
300.088
300.064
300.047
300.035
300.027
300.023
309.309
309.062
308.818
308.582
308.353
308.133
307.92
307.713
307.512
307.314
307.12
306.927
306.734
306.541
306.345
306.146
305.944
305.737
305.524
305.305
305.079
304.846
304.605
304.358
304.103
303.842
303.575
303.302
303.026
302.748
302.47
302.195
301.926
301.666
301.42
301.191
300.983
300.798
300.637
300.501
300.389
300.299
300.227
300.17
300.126
300.092
300.067
300.049
300.036
300.028
300.024
309.46
309.209
308.963
308.725
308.496
308.275
308.063
307.857
307.657
307.462
307.27
307.08
306.89
306.7
306.508
306.313
306.114
305.91
305.7
305.482
305.258
305.025
304.784
304.536
304.279
304.014
303.742
303.464
303.18
302.893
302.605
302.318
302.036
301.764
301.505
301.263
301.042
300.845
300.674
300.53
300.411
300.316
300.239
300.179
300.132
300.097
300.07
300.051
300.038
300.029
300.024
309.639
309.385
309.136
308.896
308.665
308.444
308.231
308.026
307.828
307.634
307.445
307.258
307.072
306.886
306.698
306.506
306.311
306.111
305.903
305.688
305.465
305.233
304.992
304.742
304.483
304.214
303.936
303.651
303.359
303.061
302.761
302.461
302.166
301.878
301.603
301.346
301.111
300.901
300.718
300.564
300.438
300.335
300.253
300.189
300.14
300.102
300.074
300.054
300.039
300.03
300.025
309.851
309.592
309.34
309.097
308.864
308.642
308.429
308.224
308.027
307.836
307.65
307.466
307.284
307.101
306.917
306.731
306.54
306.343
306.139
305.926
305.705
305.474
305.232
304.98
304.718
304.445
304.161
303.867
303.565
303.256
302.943
302.628
302.316
302.011
301.719
301.444
301.192
300.966
300.769
300.604
300.468
300.358
300.27
300.201
300.148
300.108
300.078
300.056
300.041
300.032
300.027
310.102
309.838
309.581
309.334
309.098
308.874
308.66
308.456
308.26
308.071
307.887
307.707
307.529
307.351
307.171
306.989
306.803
306.61
306.409
306.199
305.98
305.749
305.508
305.254
304.988
304.71
304.419
304.117
303.804
303.482
303.153
302.822
302.491
302.166
301.853
301.558
301.287
301.043
300.83
300.651
300.504
300.385
300.29
300.215
300.158
300.115
300.083
300.06
300.044
300.033
300.028
310.398
310.126
309.864
309.612
309.373
309.146
308.93
308.726
308.53
308.343
308.162
307.985
307.811
307.637
307.463
307.285
307.104
306.915
306.718
306.511
306.294
306.064
305.822
305.567
305.298
305.014
304.716
304.404
304.078
303.742
303.396
303.045
302.693
302.346
302.01
301.691
301.397
301.132
300.9
300.706
300.546
300.416
300.312
300.232
300.17
300.123
300.088
300.063
300.046
300.035
300.029
310.746
310.465
310.195
309.938
309.694
309.463
309.245
309.039
308.844
308.658
308.479
308.305
308.135
307.966
307.796
307.624
307.447
307.263
307.07
306.866
306.651
306.422
306.18
305.923
305.65
305.36
305.054
304.731
304.393
304.04
303.675
303.303
302.927
302.555
302.192
301.846
301.526
301.236
300.983
300.771
300.595
300.452
300.339
300.251
300.183
300.132
300.095
300.068
300.049
300.037
300.031
311.153
310.863
310.583
310.318
310.068
309.832
309.61
309.402
309.206
309.02
308.843
308.672
308.505
308.34
308.175
308.008
307.836
307.656
307.467
307.267
307.054
306.827
306.584
306.325
306.048
305.752
305.437
305.103
304.75
304.38
303.995
303.599
303.197
302.796
302.403
302.026
301.676
301.358
301.081
300.846
300.652
300.495
300.37
300.273
300.198
300.143
300.102
300.073
300.052
300.039
300.033
311.63
311.326
311.036
310.761
310.502
310.26
310.033
309.821
309.622
309.435
309.259
309.089
308.925
308.764
308.604
308.441
308.273
308.098
307.913
307.716
307.505
307.279
307.037
306.776
306.495
306.193
305.87
305.524
305.156
304.767
304.36
303.938
303.507
303.073
302.646
302.235
301.85
301.5
301.194
300.935
300.719
300.545
300.406
300.298
300.216
300.155
300.11
300.078
300.056
300.042
300.035
312.185
311.865
311.562
311.275
311.006
310.755
310.521
310.303
310.1
309.91
309.732
309.563
309.401
309.243
309.085
308.926
308.763
308.592
308.41
308.216
308.008
307.783
307.54
307.278
306.994
306.686
306.354
305.996
305.613
305.205
304.774
304.324
303.861
303.392
302.927
302.477
302.053
301.666
301.327
301.038
300.798
300.602
300.448
300.328
300.237
300.169
300.12
300.085
300.061
300.045
300.037
312.827
312.489
312.17
311.87
311.588
311.325
311.081
310.854
310.645
310.45
310.269
310.098
309.936
309.778
309.623
309.466
309.306
309.137
308.959
308.767
308.561
308.338
308.095
307.832
307.545
307.232
306.891
306.522
306.123
305.695
305.24
304.761
304.264
303.757
303.25
302.756
302.287
301.86
301.483
301.159
300.889
300.67
300.496
300.362
300.26
300.185
300.131
300.092
300.065
300.049
300.04
313.565
313.207
312.87
312.553
312.256
311.979
311.722
311.484
311.264
311.062
310.874
310.699
310.533
310.374
310.218
310.062
309.903
309.736
309.559
309.369
309.165
308.943
308.7
308.436
308.146
307.829
307.481
307.101
306.688
306.241
305.761
305.252
304.719
304.171
303.619
303.076
302.56
302.086
301.664
301.3
300.996
300.748
300.552
300.401
300.288
300.204
300.143
300.1
300.071
300.052
300.043
314.406
314.027
313.67
313.333
313.018
312.723
312.45
312.197
311.964
311.75
311.552
311.369
311.196
311.032
310.873
310.714
310.553
310.385
310.208
310.019
309.815
309.593
309.351
309.086
308.795
308.474
308.121
307.732
307.306
306.841
306.337
305.798
305.229
304.638
304.038
303.444
302.875
302.347
301.873
301.463
301.119
300.839
300.617
300.447
300.319
300.225
300.157
300.109
300.077
300.057
300.046
315.353
314.952
314.573
314.215
313.878
313.563
313.27
312.998
312.748
312.517
312.305
312.109
311.925
311.752
311.584
311.419
311.253
311.081
310.901
310.71
310.505
310.283
310.042
309.776
309.484
309.161
308.804
308.408
307.971
307.491
306.967
306.4
305.795
305.162
304.512
303.863
303.235
302.647
302.115
301.651
301.261
300.943
300.691
300.498
300.354
300.248
300.172
300.119
300.084
300.061
300.05
316.404
315.981
315.579
315.197
314.836
314.497
314.181
313.886
313.614
313.363
313.131
312.917
312.717
312.529
312.349
312.172
311.997
311.817
311.631
311.436
311.228
311.004
310.761
310.495
310.202
309.879
309.519
309.119
308.675
308.183
307.641
307.05
306.413
305.739
305.04
304.334
303.642
302.987
302.39
301.866
301.423
301.061
300.776
300.557
300.393
300.274
300.189
300.131
300.091
300.066
300.054
317.546
317.101
316.675
316.268
315.881
315.516
315.173
314.852
314.554
314.277
314.021
313.784
313.562
313.354
313.156
312.963
312.773
312.581
312.385
312.182
311.968
311.74
311.494
311.227
310.935
310.611
310.251
309.85
309.402
308.903
308.348
307.738
307.073
306.362
305.615
304.851
304.094
303.368
302.7
302.109
301.606
301.194
300.87
300.621
300.437
300.303
300.208
300.142
300.099
300.071
300.058
318.751
318.284
317.833
317.4
316.987
316.594
316.223
315.873
315.546
315.24
314.955
314.69
314.442
314.208
313.987
313.773
313.563
313.355
313.145
312.93
312.707
312.472
312.222
311.953
311.659
311.336
310.978
310.578
310.13
309.628
309.067
308.443
307.757
307.014
306.224
305.406
304.583
303.785
303.041
302.376
301.807
301.341
300.972
300.691
300.483
300.333
300.228
300.155
300.107
300.077
300.062
319.963
319.474
319.001
318.544
318.105
317.684
317.284
316.905
316.548
316.211
315.895
315.599
315.321
315.059
314.809
314.57
314.338
314.109
313.881
313.651
313.416
313.172
312.916
312.643
312.348
312.026
311.67
311.273
310.829
310.329
309.766
309.136
308.437
307.67
306.845
305.978
305.094
304.224
303.403
302.662
302.023
301.496
301.081
300.764
300.531
300.364
300.247
300.167
300.115
300.082
300.066
321.091
320.584
320.091
319.613
319.152
318.707
318.281
317.875
317.489
317.123
316.776
316.45
316.141
315.849
315.572
315.306
315.048
314.797
314.55
314.303
314.054
313.799
313.535
313.257
312.961
312.639
312.287
311.895
311.456
310.962
310.404
309.774
309.069
308.289
307.438
306.533
305.596
304.662
303.767
302.95
302.24
301.653
301.188
300.836
300.578
300.394
300.266
300.179
300.122
300.087
300.069
322.004
321.485
320.978
320.485
320.007
319.544
319.098
318.67
318.261
317.871
317.499
317.147
316.812
316.495
316.192
315.903
315.623
315.352
315.087
314.825
314.563
314.298
314.026
313.744
313.445
313.124
312.774
312.388
311.957
311.47
310.92
310.296
309.593
308.808
307.944
307.013
306.038
305.052
304.095
303.211
302.437
301.793
301.284
300.899
300.618
300.419
300.281
300.188
300.128
300.091
300.072
322.546
322.02
321.506
321.005
320.517
320.044
319.587
319.146
318.724
318.319
317.933
317.565
317.215
316.881
316.563
316.259
315.965
315.682
315.405
315.133
314.863
314.592
314.315
314.03
313.73
313.41
313.063
312.681
312.255
311.776
311.233
310.616
309.919
309.136
308.269
307.327
306.332
305.316
304.32
303.391
302.572
301.888
301.347
300.939
300.643
300.434
300.291
300.194
300.131
300.093
300.074
)
;

boundaryField
{
    inlet
    {
        type            fixedValue;
        value           uniform 300;
    }
    outlet
    {
        type            zeroGradient;
    }
    top
    {
        type            zeroGradient;
    }
    slip-bottom
    {
        type            zeroGradient;
    }
    bottom
    {
        type            zeroGradient;
    }
    interface
    {
        type            fixedGradient;
        gradient        nonuniform List<scalar> 
161
(
2999.99
2999.99
2999.99
2999.99
2999.99
2999.99
2999.99
2999.99
2999.99
2999.99
2999.99
2999.99
2999.99
2999.99
2999.99
2999.99
2999.99
2999.99
2999.99
2999.99
-2.01794e-12
-2.01794e-12
-2.01794e-12
-2.01794e-12
-2.01794e-12
-2.01794e-12
-2.01794e-12
-2.01794e-12
-2.01794e-12
-2.01794e-12
-2.01794e-12
-2.01794e-12
-2.01794e-12
-2.01794e-12
-2.01794e-12
-2.01794e-12
-2.01794e-12
-2.01794e-12
-2.01794e-12
-2.01794e-12
-3.69482e-13
-3.69482e-13
-3.69482e-13
-3.69482e-13
-3.69482e-13
-3.69482e-13
-3.69482e-13
-3.69482e-13
-3.69482e-13
-3.69482e-13
-3.69482e-13
-3.69482e-13
-3.69482e-13
-3.69482e-13
-3.69482e-13
-3.69482e-13
-2.84217e-14
-2.84217e-14
-2.84217e-14
-2.84217e-14
-2.84217e-14
-2.84217e-14
-2.84217e-14
-2.84217e-14
-2.84217e-14
-2.84217e-14
-2.84217e-14
-2.84217e-14
-2.84217e-14
-2.84217e-14
-2.84217e-14
5.68434e-14
5.68434e-14
5.68434e-14
5.68434e-14
5.68434e-14
5.68434e-14
5.68434e-14
5.68434e-14
5.68434e-14
5.68434e-14
5.68434e-14
5.68434e-14
8.52651e-14
8.52651e-14
8.52651e-14
8.52651e-14
8.52651e-14
8.52651e-14
8.52651e-14
8.52651e-14
8.52651e-14
8.52651e-14
8.52651e-14
-2.84217e-13
-2.84217e-13
-2.84217e-13
-2.84217e-13
-2.84217e-13
-2.84217e-13
-2.84217e-13
-2.84217e-13
-2.84217e-13
-2.84217e-13
6.25278e-13
6.25278e-13
6.25278e-13
6.25278e-13
6.25278e-13
6.25278e-13
6.25278e-13
6.25278e-13
6.25278e-13
-9.37916e-13
-9.37916e-13
-9.37916e-13
-9.37916e-13
-9.37916e-13
-9.37916e-13
-9.37916e-13
-9.37916e-13
4.9738e-13
4.9738e-13
4.9738e-13
4.9738e-13
4.9738e-13
4.9738e-13
4.9738e-13
4.9738e-13
1.36424e-12
1.36424e-12
1.36424e-12
1.36424e-12
1.36424e-12
1.36424e-12
1.36424e-12
5.68434e-14
5.68434e-14
5.68434e-14
5.68434e-14
5.68434e-14
5.68434e-14
5.68434e-14
1.25056e-12
1.25056e-12
1.25056e-12
1.25056e-12
1.25056e-12
1.25056e-12
6.53699e-13
6.53699e-13
6.53699e-13
6.53699e-13
6.53699e-13
6.53699e-13
1.39266e-12
1.39266e-12
1.39266e-12
1.39266e-12
1.39266e-12
1.39266e-12
)
;
    }
    defaultFaces
    {
        type            empty;
    }
}


// ************************************************************************* //
