/*--------------------------------*- C++ -*----------------------------------*\
  =========                 |
  \\      /  F ield         | OpenFOAM: The Open Source CFD Toolbox
   \\    /   O peration     | Website:  https://openfoam.org
    \\  /    A nd           | Version:  7
     \\/     M anipulation  |
\*---------------------------------------------------------------------------*/
FoamFile
{
    version     2.0;
    format      ascii;
    class       volScalarField;
    location    "8.38";
    object      T;
}
// * * * * * * * * * * * * * * * * * * * * * * * * * * * * * * * * * * * * * //

dimensions      [0 0 0 1 0 0 0];

internalField   nonuniform List<scalar> 
12013
(
300.134
300.404
300.682
300.963
301.246
301.528
301.809
302.087
302.359
302.627
302.887
303.141
303.387
303.624
303.854
304.076
304.289
304.495
304.692
304.882
305.065
305.241
305.41
305.573
305.73
305.881
306.027
306.168
306.305
306.438
306.567
306.693
306.817
306.938
307.058
307.177
307.296
307.416
307.537
307.661
307.788
307.921
308.059
308.204
308.359
308.524
308.703
308.896
309.108
309.339
309.593
309.874
310.185
310.53
310.912
311.338
311.811
312.338
312.924
313.577
314.303
315.109
316.006
317.001
318.107
319.332
320.692
322.199
323.869
325.72
327.773
330.05
332.581
335.399
338.544
342.069
346.044
350.565
355.78
361.931
369.482
300.134
300.405
300.682
300.963
301.246
301.529
301.81
302.088
302.361
302.628
302.889
303.142
303.388
303.626
303.856
304.078
304.291
304.497
304.695
304.885
305.067
305.243
305.413
305.575
305.732
305.884
306.03
306.171
306.308
306.44
306.57
306.696
306.819
306.941
307.061
307.18
307.299
307.419
307.54
307.664
307.791
307.923
308.061
308.206
308.361
308.526
308.705
308.898
309.109
309.34
309.594
309.875
310.185
310.529
310.911
311.336
311.809
312.335
312.92
313.571
314.296
315.101
315.995
316.988
318.09
319.313
320.667
322.169
323.832
325.674
327.716
329.979
332.492
335.284
338.394
341.87
345.771
350.174
355.179
360.91
367.482
300.134
300.405
300.683
300.964
301.248
301.531
301.812
302.09
302.363
302.631
302.892
303.146
303.392
303.63
303.861
304.082
304.296
304.502
304.7
304.89
305.073
305.249
305.418
305.581
305.738
305.89
306.036
306.177
306.314
306.447
306.576
306.702
306.825
306.947
307.067
307.186
307.305
307.425
307.546
307.669
307.796
307.928
308.066
308.211
308.365
308.531
308.708
308.901
309.112
309.342
309.596
309.876
310.185
310.528
310.909
311.333
311.804
312.328
312.911
313.559
314.28
315.082
315.971
316.959
318.054
319.269
320.613
322.103
323.751
325.574
327.592
329.825
332.297
335.036
338.074
341.449
345.204
349.387
354.044
359.206
364.832
300.134
300.406
300.684
300.966
301.25
301.534
301.816
302.094
302.368
302.636
302.898
303.152
303.399
303.637
303.868
304.09
304.304
304.51
304.708
304.899
305.082
305.258
305.428
305.591
305.748
305.9
306.046
306.187
306.324
306.457
306.586
306.712
306.836
306.957
307.077
307.196
307.315
307.434
307.555
307.679
307.805
307.937
308.074
308.219
308.373
308.538
308.715
308.907
309.117
309.346
309.599
309.877
310.185
310.527
310.906
311.327
311.796
312.317
312.896
313.54
314.255
315.05
315.933
316.911
317.996
319.196
320.525
321.995
323.618
325.411
327.391
329.575
331.984
334.642
337.571
340.799
344.351
348.249
352.502
357.091
361.945
300.134
300.407
300.686
300.969
301.253
301.538
301.821
302.1
302.374
302.643
302.906
303.161
303.408
303.648
303.879
304.101
304.316
304.523
304.721
304.912
305.096
305.272
305.442
305.605
305.763
305.914
306.061
306.202
306.339
306.472
306.601
306.727
306.851
306.972
307.092
307.211
307.329
307.449
307.569
307.692
307.819
307.95
308.087
308.231
308.384
308.548
308.725
308.916
309.124
309.353
309.603
309.88
310.186
310.525
310.901
311.319
311.784
312.3
312.874
313.511
314.219
315.005
315.876
316.842
317.91
319.092
320.398
321.839
323.428
325.178
327.105
329.222
331.547
334.096
336.885
339.931
343.243
346.825
350.666
354.733
358.959
300.135
300.408
300.688
300.972
301.258
301.544
301.828
302.108
302.384
302.654
302.917
303.173
303.421
303.662
303.894
304.117
304.333
304.54
304.739
304.931
305.115
305.292
305.462
305.625
305.783
305.935
306.082
306.223
306.36
306.493
306.622
306.748
306.872
306.993
307.112
307.231
307.35
307.468
307.589
307.711
307.837
307.968
308.104
308.248
308.4
308.563
308.738
308.928
309.135
309.361
309.61
309.884
310.187
310.523
310.895
311.309
311.768
312.277
312.844
313.472
314.17
314.943
315.8
316.748
317.795
318.952
320.227
321.631
323.175
324.87
326.728
328.761
330.981
333.399
336.025
338.864
341.918
345.179
348.629
352.232
355.936
300.135
300.41
300.692
300.977
301.264
301.552
301.837
302.119
302.396
302.667
302.932
303.189
303.439
303.68
303.913
304.138
304.354
304.562
304.763
304.955
305.14
305.317
305.488
305.652
305.81
305.962
306.109
306.251
306.388
306.521
306.65
306.776
306.9
307.021
307.14
307.258
307.376
307.495
307.615
307.737
307.862
307.992
308.127
308.27
308.421
308.582
308.756
308.944
309.149
309.373
309.619
309.89
310.189
310.521
310.888
311.295
311.747
312.249
312.805
313.423
314.107
314.864
315.702
316.627
317.648
318.773
320.009
321.367
322.855
324.483
326.259
328.193
330.292
332.562
335.008
337.629
340.42
343.369
346.456
349.65
352.912
300.136
300.413
300.696
300.983
301.272
301.561
301.849
302.132
302.411
302.685
302.951
303.21
303.461
303.704
303.939
304.165
304.382
304.592
304.793
304.986
305.172
305.35
305.522
305.686
305.845
305.998
306.145
306.287
306.424
306.557
306.687
306.813
306.936
307.057
307.176
307.294
307.411
307.529
307.648
307.77
307.894
308.023
308.157
308.298
308.448
308.608
308.779
308.965
309.168
309.389
309.631
309.898
310.193
310.518
310.879
311.279
311.722
312.214
312.758
313.361
314.029
314.766
315.581
316.479
317.467
318.552
319.743
321.046
322.469
324.018
325.701
327.523
329.488
331.599
333.856
336.256
338.789
341.443
344.199
347.032
349.912
300.137
300.416
300.702
300.991
301.283
301.574
301.864
302.15
302.431
302.707
302.975
303.237
303.49
303.735
303.971
304.199
304.418
304.629
304.831
305.026
305.213
305.392
305.564
305.73
305.889
306.042
306.19
306.333
306.47
306.603
306.733
306.859
306.982
307.102
307.221
307.338
307.455
307.573
307.691
307.812
307.935
308.062
308.195
308.335
308.483
308.64
308.81
308.993
309.192
309.409
309.647
309.909
310.198
310.517
310.87
311.261
311.693
312.172
312.702
313.288
313.935
314.649
315.436
316.301
317.251
318.291
319.428
320.668
322.016
323.478
325.058
326.759
328.583
330.529
332.596
334.777
337.064
339.443
341.899
344.411
346.957
300.139
300.42
300.708
301.001
301.295
301.59
301.882
302.171
302.456
302.734
303.006
303.27
303.525
303.773
304.011
304.241
304.462
304.675
304.879
305.075
305.264
305.444
305.618
305.784
305.944
306.098
306.247
306.389
306.527
306.661
306.79
306.916
307.039
307.159
307.277
307.394
307.511
307.627
307.745
307.864
307.986
308.112
308.243
308.381
308.527
308.682
308.848
309.028
309.223
309.436
309.669
309.925
310.207
310.518
310.861
311.241
311.661
312.125
312.637
313.203
313.827
314.513
315.268
316.095
317.001
317.99
319.067
320.237
321.504
322.871
324.341
325.915
327.594
329.374
331.253
333.224
335.279
337.405
339.589
341.816
344.067
300.14
300.425
300.717
301.013
301.311
301.609
301.905
302.198
302.486
302.768
303.043
303.31
303.569
303.819
304.061
304.293
304.517
304.732
304.938
305.136
305.326
305.509
305.684
305.851
306.013
306.167
306.316
306.46
306.598
306.732
306.861
306.987
307.11
307.23
307.347
307.464
307.579
307.695
307.811
307.929
308.05
308.174
308.303
308.439
308.582
308.734
308.897
309.072
309.263
309.47
309.697
309.946
310.22
310.521
310.854
311.221
311.626
312.073
312.565
313.108
313.705
314.36
315.078
315.863
316.72
317.653
318.664
319.759
320.939
322.206
323.563
325.008
326.541
328.158
329.856
331.628
333.466
335.36
337.299
339.271
341.261
300.142
300.431
300.727
301.027
301.33
301.632
301.933
302.23
302.523
302.809
303.088
303.359
303.622
303.876
304.121
304.357
304.584
304.801
305.01
305.211
305.403
305.587
305.764
305.933
306.096
306.252
306.402
306.546
306.685
306.819
306.948
307.074
307.196
307.316
307.433
307.549
307.663
307.778
307.893
308.009
308.128
308.25
308.377
308.51
308.65
308.798
308.957
309.128
309.313
309.515
309.734
309.975
310.24
310.53
310.85
311.203
311.591
312.018
312.489
313.005
313.572
314.192
314.871
315.61
316.414
317.285
318.227
319.243
320.332
321.498
322.739
324.056
325.446
326.905
328.431
330.016
331.654
333.336
335.054
336.797
338.556
300.145
300.438
300.739
301.045
301.353
301.661
301.967
302.27
302.567
302.859
303.143
303.419
303.686
303.945
304.194
304.434
304.664
304.885
305.097
305.301
305.496
305.682
305.861
306.033
306.197
306.354
306.505
306.65
306.789
306.924
307.054
307.179
307.302
307.421
307.537
307.652
307.766
307.879
307.992
308.107
308.224
308.343
308.467
308.597
308.733
308.878
309.032
309.198
309.377
309.571
309.783
310.015
310.268
310.547
310.853
311.189
311.559
311.965
312.41
312.898
313.432
314.015
314.65
315.34
316.088
316.896
317.765
318.699
319.697
320.76
321.888
323.079
324.331
325.64
327.003
328.415
329.869
331.36
332.878
334.417
335.969
300.148
300.447
300.754
301.066
301.38
301.695
302.007
302.316
302.62
302.918
303.208
303.49
303.763
304.027
304.281
304.526
304.761
304.986
305.202
305.409
305.607
305.797
305.978
306.152
306.318
306.477
306.629
306.775
306.916
307.051
307.181
307.306
307.428
307.547
307.663
307.777
307.889
308.001
308.112
308.225
308.339
308.456
308.577
308.703
308.836
308.976
309.125
309.284
309.457
309.643
309.846
310.067
310.309
310.574
310.865
311.183
311.533
311.915
312.334
312.791
313.29
313.833
314.423
315.061
315.751
316.494
317.29
318.142
319.049
320.011
321.028
322.098
323.218
324.387
325.599
326.851
328.138
329.454
330.793
332.149
333.515
300.151
300.457
300.772
301.091
301.413
301.735
302.055
302.372
302.684
302.989
303.286
303.575
303.855
304.125
304.386
304.636
304.876
305.107
305.328
305.539
305.741
305.934
306.119
306.295
306.463
306.624
306.778
306.926
307.067
307.202
307.333
307.459
307.58
307.698
307.813
307.926
308.037
308.147
308.257
308.367
308.479
308.593
308.71
308.832
308.96
309.095
309.238
309.391
309.556
309.734
309.927
310.137
310.366
310.617
310.891
311.19
311.517
311.875
312.265
312.69
313.153
313.654
314.197
314.784
315.414
316.091
316.814
317.585
318.403
319.268
320.179
321.134
322.131
323.168
324.241
325.346
326.481
327.639
328.817
330.01
331.211
300.155
300.47
300.793
301.121
301.452
301.783
302.113
302.439
302.759
303.073
303.379
303.676
303.964
304.242
304.51
304.767
305.014
305.25
305.477
305.693
305.9
306.097
306.285
306.465
306.636
306.8
306.955
307.104
307.247
307.383
307.514
307.64
307.761
307.878
307.992
308.104
308.213
308.321
308.429
308.537
308.645
308.756
308.87
308.987
309.11
309.239
309.376
309.522
309.679
309.848
310.03
310.228
310.444
310.679
310.935
311.214
311.518
311.85
312.211
312.603
313.028
313.487
313.983
314.517
315.089
315.701
316.352
317.045
317.777
318.549
319.359
320.207
321.089
322.005
322.95
323.923
324.92
325.937
326.97
328.016
329.07
300.16
300.484
300.817
301.156
301.498
301.84
302.18
302.517
302.848
303.173
303.489
303.796
304.093
304.38
304.656
304.922
305.177
305.42
305.653
305.876
306.088
306.29
306.483
306.666
306.841
307.007
307.165
307.316
307.459
307.597
307.728
307.854
307.975
308.092
308.205
308.315
308.422
308.528
308.633
308.738
308.844
308.951
309.06
309.173
309.291
309.414
309.544
309.682
309.83
309.989
310.16
310.346
310.547
310.765
311.003
311.261
311.542
311.847
312.178
312.537
312.924
313.341
313.79
314.272
314.787
315.336
315.919
316.536
317.187
317.872
318.588
319.336
320.113
320.918
321.747
322.6
323.472
324.362
325.266
326.181
327.104
300.166
300.502
300.847
301.198
301.552
301.907
302.26
302.609
302.953
303.29
303.618
303.937
304.245
304.543
304.83
305.105
305.369
305.621
305.862
306.091
306.31
306.518
306.715
306.903
307.082
307.251
307.412
307.564
307.71
307.848
307.98
308.106
308.226
308.342
308.454
308.563
308.669
308.772
308.875
308.976
309.078
309.181
309.286
309.394
309.506
309.622
309.745
309.875
310.014
310.162
310.322
310.495
310.681
310.883
311.101
311.339
311.596
311.874
312.175
312.5
312.85
313.226
313.63
314.061
314.521
315.01
315.527
316.074
316.649
317.253
317.883
318.539
319.22
319.924
320.649
321.393
322.154
322.93
323.719
324.517
325.323
300.172
300.522
300.881
301.246
301.615
301.985
302.354
302.718
303.077
303.428
303.77
304.102
304.424
304.735
305.033
305.32
305.594
305.856
306.106
306.344
306.57
306.784
306.988
307.181
307.363
307.536
307.7
307.855
308.002
308.142
308.274
308.4
308.521
308.636
308.747
308.854
308.957
309.058
309.158
309.256
309.354
309.453
309.553
309.655
309.761
309.871
309.986
310.107
310.237
310.374
310.522
310.681
310.852
311.037
311.237
311.453
311.686
311.938
312.21
312.502
312.816
313.152
313.512
313.896
314.303
314.736
315.193
315.674
316.179
316.708
317.259
317.832
318.426
319.039
319.67
320.317
320.979
321.654
322.339
323.034
323.736
300.18
300.546
300.921
301.304
301.69
302.077
302.463
302.845
303.221
303.589
303.948
304.296
304.634
304.959
305.271
305.571
305.858
306.131
306.391
306.639
306.873
307.095
307.305
307.504
307.692
307.869
308.036
308.193
308.342
308.483
308.616
308.743
308.863
308.977
309.087
309.192
309.293
309.392
309.488
309.582
309.676
309.77
309.865
309.962
310.061
310.164
310.271
310.384
310.503
310.63
310.766
310.911
311.067
311.235
311.416
311.611
311.821
312.047
312.291
312.552
312.831
313.13
313.448
313.787
314.146
314.526
314.927
315.348
315.789
316.25
316.73
317.228
317.743
318.275
318.822
319.383
319.957
320.542
321.136
321.739
322.348
300.189
300.574
300.969
301.371
301.777
302.185
302.591
302.994
303.39
303.778
304.156
304.523
304.878
305.221
305.549
305.864
306.165
306.451
306.723
306.981
307.225
307.456
307.674
307.879
308.072
308.253
308.424
308.585
308.736
308.878
309.012
309.138
309.258
309.371
309.479
309.582
309.681
309.777
309.87
309.96
310.05
310.139
310.229
310.319
310.412
310.507
310.606
310.71
310.819
310.935
311.059
311.191
311.332
311.483
311.646
311.821
312.009
312.21
312.426
312.657
312.905
313.168
313.448
313.745
314.06
314.392
314.741
315.107
315.491
315.891
316.306
316.738
317.184
317.643
318.116
318.601
319.096
319.601
320.115
320.636
321.164
300.2
300.606
301.024
301.449
301.879
302.311
302.741
303.167
303.587
303.998
304.398
304.787
305.163
305.525
305.872
306.204
306.521
306.822
307.107
307.377
307.632
307.872
308.098
308.31
308.509
308.696
308.87
309.034
309.187
309.331
309.466
309.592
309.711
309.824
309.93
310.031
310.127
310.219
310.309
310.395
310.48
310.564
310.648
310.732
310.818
310.906
310.997
311.092
311.191
311.296
311.407
311.526
311.653
311.788
311.933
312.089
312.255
312.434
312.624
312.828
313.045
313.275
313.52
313.78
314.053
314.342
314.645
314.962
315.294
315.639
315.998
316.37
316.754
317.15
317.557
317.975
318.401
318.837
319.279
319.729
320.184
300.212
300.644
301.088
301.54
301.998
302.457
302.915
303.369
303.816
304.253
304.68
305.094
305.493
305.878
306.246
306.598
306.932
307.249
307.55
307.833
308.099
308.35
308.584
308.804
309.01
309.201
309.38
309.547
309.703
309.848
309.984
310.11
310.228
310.339
310.444
310.542
310.635
310.724
310.809
310.892
310.972
311.05
311.128
311.206
311.285
311.365
311.448
311.534
311.623
311.718
311.817
311.923
312.036
312.156
312.284
312.422
312.568
312.725
312.892
313.07
313.259
313.46
313.673
313.898
314.135
314.384
314.646
314.92
315.205
315.503
315.812
316.131
316.461
316.801
317.151
317.509
317.876
318.25
318.63
319.017
319.409
300.227
300.688
301.163
301.647
302.136
302.628
303.118
303.604
304.082
304.55
305.006
305.449
305.875
306.285
306.677
307.05
307.404
307.74
308.056
308.354
308.633
308.895
309.139
309.367
309.579
309.776
309.959
310.13
310.287
310.434
310.57
310.696
310.813
310.923
311.025
311.12
311.21
311.295
311.376
311.454
311.529
311.602
311.674
311.745
311.817
311.89
311.964
312.041
312.121
312.205
312.293
312.387
312.486
312.592
312.705
312.825
312.953
313.089
313.235
313.39
313.554
313.728
313.912
314.106
314.311
314.525
314.75
314.986
315.231
315.486
315.751
316.025
316.308
316.599
316.898
317.205
317.519
317.84
318.166
318.498
318.835
300.244
300.74
301.25
301.77
302.297
302.826
303.353
303.876
304.39
304.894
305.384
305.858
306.315
306.753
307.171
307.568
307.945
308.3
308.633
308.947
309.239
309.513
309.767
310.003
310.222
310.425
310.612
310.785
310.945
311.092
311.228
311.354
311.47
311.577
311.677
311.769
311.856
311.937
312.013
312.086
312.156
312.223
312.289
312.353
312.418
312.483
312.55
312.618
312.688
312.762
312.84
312.922
313.008
313.101
313.199
313.303
313.414
313.532
313.658
313.792
313.934
314.084
314.242
314.409
314.585
314.769
314.962
315.164
315.374
315.592
315.819
316.053
316.295
316.544
316.8
317.062
317.331
317.605
317.885
318.169
318.458
300.264
300.8
301.351
301.914
302.484
303.056
303.626
304.191
304.747
305.29
305.818
306.329
306.819
307.289
307.736
308.159
308.559
308.935
309.288
309.617
309.924
310.209
310.473
310.718
310.943
311.151
311.343
311.518
311.68
311.828
311.963
312.088
312.202
312.307
312.403
312.492
312.574
312.651
312.723
312.79
312.854
312.915
312.975
313.033
313.091
313.148
313.207
313.266
313.328
313.392
313.459
313.53
313.606
313.685
313.77
313.86
313.956
314.058
314.166
314.281
314.402
314.531
314.667
314.81
314.961
315.118
315.284
315.456
315.636
315.822
316.016
316.216
316.422
316.635
316.854
317.078
317.307
317.542
317.781
318.024
318.271
300.287
300.87
301.469
302.081
302.7
303.322
303.942
304.555
305.158
305.747
306.317
306.868
307.396
307.9
308.378
308.829
309.254
309.653
310.025
310.371
310.692
310.989
311.263
311.515
311.747
311.96
312.154
312.332
312.494
312.641
312.776
312.899
313.01
313.112
313.205
313.29
313.367
313.439
313.506
313.568
313.626
313.681
313.734
313.786
313.836
313.886
313.937
313.989
314.042
314.097
314.155
314.216
314.28
314.348
314.421
314.498
314.58
314.667
314.76
314.858
314.962
315.072
315.189
315.311
315.44
315.575
315.716
315.863
316.016
316.176
316.341
316.512
316.688
316.869
317.056
317.248
317.444
317.644
317.848
318.056
318.268
300.313
300.951
301.606
302.274
302.951
303.63
304.307
304.975
305.631
306.27
306.889
307.484
308.052
308.593
309.105
309.586
310.037
310.458
310.85
311.213
311.547
311.856
312.139
312.398
312.635
312.851
313.048
313.226
313.388
313.535
313.667
313.787
313.895
313.993
314.082
314.162
314.235
314.301
314.362
314.418
314.471
314.52
314.566
314.611
314.655
314.698
314.742
314.786
314.831
314.878
314.927
314.978
315.033
315.091
315.153
315.218
315.288
315.362
315.442
315.525
315.614
315.708
315.808
315.912
316.022
316.138
316.258
316.384
316.515
316.651
316.792
316.938
317.089
317.244
317.404
317.567
317.735
317.906
318.081
318.259
318.44
300.344
301.044
301.764
302.499
303.241
303.986
304.727
305.458
306.174
306.869
307.54
308.183
308.796
309.376
309.923
310.435
310.913
311.357
311.767
312.146
312.493
312.812
313.103
313.368
313.608
313.826
314.023
314.201
314.362
314.506
314.635
314.751
314.855
314.948
315.032
315.107
315.174
315.235
315.29
315.341
315.387
315.43
315.47
315.509
315.546
315.583
315.619
315.656
315.694
315.734
315.775
315.818
315.864
315.913
315.966
316.021
316.081
316.144
316.211
316.283
316.359
316.439
316.524
316.614
316.708
316.807
316.91
317.018
317.13
317.247
317.368
317.493
317.622
317.755
317.892
318.032
318.176
318.322
318.472
318.625
318.78
300.38
301.153
301.948
302.758
303.577
304.397
305.211
306.012
306.794
307.552
308.28
308.976
309.635
310.256
310.839
311.382
311.886
312.351
312.779
313.172
313.53
313.857
314.153
314.422
314.664
314.882
315.078
315.254
315.411
315.551
315.676
315.787
315.886
315.974
316.052
316.121
316.182
316.237
316.286
316.331
316.371
316.408
316.443
316.475
316.507
316.537
316.568
316.599
316.63
316.663
316.698
316.734
316.773
316.815
316.859
316.906
316.957
317.011
317.069
317.13
317.196
317.265
317.338
317.415
317.496
317.581
317.67
317.763
317.86
317.96
318.064
318.172
318.283
318.398
318.515
318.636
318.76
318.886
319.015
319.146
319.28
300.422
301.28
302.161
303.058
303.964
304.869
305.766
306.646
307.502
308.327
309.117
309.867
310.575
311.238
311.856
312.429
312.957
313.442
313.885
314.289
314.656
314.987
315.286
315.555
315.796
316.012
316.205
316.376
316.528
316.663
316.782
316.888
316.98
317.062
317.134
317.197
317.252
317.301
317.345
317.384
317.419
317.45
317.48
317.507
317.533
317.559
317.585
317.61
317.637
317.664
317.694
317.725
317.758
317.793
317.831
317.872
317.916
317.963
318.013
318.066
318.123
318.183
318.247
318.314
318.384
318.458
318.536
318.617
318.701
318.788
318.879
318.972
319.069
319.168
319.27
319.375
319.482
319.591
319.703
319.816
319.932
300.47
301.426
302.407
303.405
304.41
305.412
306.401
307.368
308.304
309.203
310.058
310.864
311.621
312.325
312.976
313.576
314.125
314.626
315.08
315.491
315.862
316.195
316.493
316.759
316.996
317.207
317.394
317.559
317.704
317.832
317.945
318.043
318.129
318.204
318.27
318.327
318.377
318.42
318.459
318.493
318.523
318.55
318.575
318.599
318.621
318.643
318.665
318.687
318.71
318.734
318.76
318.787
318.816
318.847
318.881
318.917
318.956
318.997
319.042
319.089
319.14
319.193
319.25
319.309
319.372
319.437
319.505
319.577
319.651
319.728
319.808
319.89
319.974
320.062
320.151
320.242
320.336
320.431
320.529
320.628
320.728
300.526
301.595
302.691
303.804
304.922
306.033
307.126
308.188
309.211
310.186
311.107
311.971
312.774
313.516
314.197
314.819
315.383
315.894
316.354
316.767
317.137
317.467
317.76
318.02
318.249
318.452
318.631
318.788
318.925
319.045
319.15
319.241
319.32
319.389
319.449
319.5
319.545
319.584
319.619
319.649
319.676
319.701
319.723
319.744
319.765
319.785
319.805
319.825
319.846
319.869
319.892
319.918
319.945
319.974
320.005
320.039
320.075
320.113
320.154
320.197
320.244
320.293
320.344
320.398
320.455
320.514
320.576
320.64
320.707
320.776
320.847
320.92
320.995
321.073
321.152
321.233
321.316
321.4
321.485
321.573
321.661
300.591
301.79
303.018
304.262
305.509
306.742
307.948
309.113
310.227
311.281
312.268
313.185
314.03
314.804
315.508
316.144
316.717
317.231
317.69
318.099
318.462
318.783
319.067
319.317
319.537
319.729
319.898
320.045
320.173
320.285
320.382
320.466
320.539
320.603
320.657
320.705
320.747
320.783
320.815
320.844
320.87
320.893
320.916
320.937
320.957
320.977
320.998
321.018
321.04
321.063
321.087
321.113
321.14
321.169
321.2
321.233
321.268
321.305
321.345
321.387
321.431
321.477
321.526
321.576
321.629
321.684
321.741
321.801
321.862
321.925
321.989
322.056
322.124
322.194
322.265
322.338
322.412
322.487
322.563
322.64
322.718
300.665
302.015
303.394
304.788
306.178
307.546
308.874
310.148
311.356
312.486
313.535
314.499
315.379
316.175
316.891
317.533
318.105
318.613
319.063
319.461
319.812
320.12
320.39
320.627
320.834
321.014
321.172
321.309
321.428
321.532
321.622
321.701
321.77
321.829
321.882
321.928
321.968
322.004
322.037
322.067
322.094
322.119
322.144
322.167
322.19
322.213
322.237
322.26
322.285
322.311
322.337
322.365
322.395
322.426
322.459
322.493
322.53
322.568
322.608
322.65
322.693
322.739
322.786
322.835
322.886
322.938
322.993
323.048
323.106
323.164
323.224
323.286
323.348
323.412
323.477
323.543
323.609
323.677
323.745
323.814
323.884
300.751
302.272
303.824
305.387
306.937
308.452
309.911
311.296
312.594
313.796
314.896
315.895
316.796
317.603
318.319
318.953
319.513
320.006
320.439
320.818
321.151
321.441
321.695
321.917
322.11
322.279
322.426
322.554
322.667
322.765
322.851
322.927
322.993
323.052
323.105
323.152
323.195
323.234
323.27
323.303
323.335
323.365
323.395
323.423
323.452
323.48
323.509
323.538
323.568
323.598
323.63
323.663
323.696
323.731
323.768
323.805
323.844
323.885
323.927
323.97
324.014
324.06
324.108
324.156
324.206
324.258
324.31
324.363
324.418
324.473
324.53
324.587
324.645
324.704
324.764
324.824
324.885
324.946
325.008
325.07
325.132
300.848
302.566
304.314
306.066
307.792
309.464
311.057
312.551
313.933
315.193
316.326
317.339
318.239
319.035
319.736
320.352
320.89
321.361
321.772
322.13
322.442
322.714
322.951
323.158
323.339
323.497
323.636
323.758
323.865
323.961
324.045
324.121
324.189
324.251
324.307
324.359
324.407
324.452
324.494
324.534
324.573
324.611
324.648
324.684
324.72
324.756
324.792
324.828
324.865
324.902
324.94
324.978
325.018
325.058
325.099
325.14
325.183
325.227
325.271
325.317
325.363
325.41
325.459
325.508
325.557
325.608
325.659
325.711
325.763
325.816
325.869
325.923
325.977
326.032
326.087
326.142
326.198
326.253
326.309
326.365
326.421
300.959
302.901
304.87
306.831
308.747
310.584
312.309
313.89
315.322
316.606
317.748
318.757
319.643
320.419
321.095
321.683
322.194
322.637
323.022
323.357
323.647
323.901
324.122
324.315
324.485
324.635
324.768
324.887
324.993
325.088
325.175
325.253
325.326
325.393
325.456
325.515
325.57
325.624
325.675
325.724
325.772
325.819
325.865
325.91
325.955
326
326.044
326.089
326.133
326.178
326.222
326.267
326.312
326.358
326.404
326.45
326.496
326.543
326.591
326.639
326.687
326.735
326.784
326.833
326.883
326.932
326.982
327.033
327.083
327.133
327.184
327.234
327.285
327.335
327.386
327.436
327.487
327.537
327.587
327.637
327.686
301.084
303.277
305.494
307.684
309.802
311.775
313.584
315.219
316.678
317.969
319.102
320.091
320.95
321.693
322.335
322.89
323.368
323.781
324.138
324.448
324.718
324.953
325.16
325.342
325.504
325.648
325.777
325.895
326.001
326.099
326.19
326.274
326.353
326.427
326.498
326.566
326.63
326.693
326.753
326.812
326.87
326.926
326.982
327.036
327.09
327.143
327.196
327.248
327.3
327.351
327.402
327.453
327.503
327.554
327.604
327.654
327.704
327.753
327.803
327.853
327.902
327.951
328
328.049
328.098
328.147
328.195
328.243
328.291
328.339
328.386
328.433
328.48
328.526
328.573
328.618
328.663
328.708
328.753
328.797
328.84
301.219
303.688
306.176
308.589
310.849
312.921
314.789
316.451
317.913
319.189
320.294
321.247
322.066
322.769
323.371
323.887
324.331
324.713
325.043
325.329
325.58
325.799
325.993
326.166
326.322
326.462
326.59
326.707
326.816
326.917
327.012
327.102
327.187
327.268
327.346
327.422
327.494
327.565
327.634
327.701
327.767
327.831
327.894
327.956
328.017
328.077
328.136
328.194
328.252
328.308
328.364
328.419
328.474
328.528
328.581
328.634
328.686
328.737
328.788
328.839
328.889
328.938
328.987
329.035
329.083
329.13
329.177
329.223
329.268
329.313
329.358
329.401
329.444
329.487
329.529
329.571
329.611
329.652
329.691
329.73
329.769
301.345
304.083
306.796
309.356
311.712
313.838
315.725
317.382
318.822
320.065
321.131
322.043
322.821
323.484
324.05
324.533
324.947
325.304
325.612
325.881
326.116
326.324
326.509
326.675
326.825
326.963
327.089
327.206
327.316
327.419
327.517
327.609
327.698
327.784
327.866
327.946
328.023
328.099
328.172
328.244
328.314
328.383
328.45
328.516
328.581
328.645
328.708
328.769
328.83
328.889
328.948
329.006
329.062
329.118
329.173
329.227
329.28
329.333
329.385
329.435
329.485
329.535
329.583
329.631
329.678
329.724
329.769
329.814
329.858
329.901
329.943
329.985
330.026
330.066
330.105
330.144
330.182
330.219
330.256
330.292
330.327
379.608
387.539
394.223
400.062
405.254
409.908
414.084
417.816
421.117
423.989
426.42
428.387
429.854
430.773
431.077
430.676
429.438
427.168
423.534
417.879
408.556
402.253
397.429
393.483
390.128
387.201
384.602
382.261
380.131
378.175
376.366
374.681
373.104
371.62
370.217
368.885
367.617
366.404
365.242
364.124
363.046
362.003
360.993
360.013
359.058
358.127
357.218
356.328
355.456
354.601
353.76
352.932
352.117
351.313
350.52
349.736
348.961
348.193
347.434
346.682
345.937
345.198
344.465
343.739
343.019
342.305
341.596
340.894
340.197
339.506
338.821
338.142
337.47
336.803
336.143
335.49
334.843
334.204
333.571
332.945
332.328
331.717
331.115
330.521
329.936
329.359
328.792
328.233
327.684
327.145
326.616
326.097
325.588
325.09
324.603
324.127
323.662
323.209
322.767
322.336
321.917
321.509
321.113
320.728
320.355
319.993
319.642
319.303
318.975
318.657
318.35
318.053
317.767
317.49
317.224
316.966
316.718
316.478
316.247
316.023
315.808
315.6
315.399
315.205
315.018
314.837
314.661
314.491
314.327
314.167
314.012
313.861
313.714
313.571
313.432
313.296
313.163
313.033
312.905
312.78
312.658
312.537
312.418
312.302
312.186
312.073
311.96
311.85
311.74
311.631
311.523
311.417
311.311
311.206
311.102
310.999
310.896
310.795
310.694
310.595
310.498
374.875
381.762
387.974
393.566
398.616
403.181
407.301
410.997
414.278
417.141
419.572
421.548
423.034
423.983
424.333
423.999
422.869
420.787
417.535
412.844
406.671
401.336
396.888
393.123
389.869
387.006
384.449
382.139
380.031
378.092
376.296
374.622
373.053
371.576
370.179
368.852
367.588
366.379
365.219
364.104
363.028
361.988
360.979
360
359.046
358.117
357.208
356.32
355.449
354.594
353.753
352.927
352.112
351.308
350.515
349.731
348.957
348.19
347.431
346.679
345.933
345.195
344.463
343.736
343.016
342.302
341.594
340.891
340.195
339.504
338.819
338.14
337.468
336.801
336.141
335.488
334.841
334.202
333.569
332.943
332.326
331.715
331.113
330.519
329.934
329.357
328.79
328.231
327.682
327.143
326.614
326.095
325.587
325.089
324.602
324.126
323.661
323.207
322.765
322.334
321.915
321.508
321.111
320.727
320.354
319.992
319.641
319.302
318.974
318.656
318.349
318.053
317.766
317.49
317.223
316.965
316.717
316.477
316.246
316.023
315.808
315.6
315.399
315.205
315.018
314.836
314.661
314.491
314.327
314.167
314.012
313.861
313.714
313.571
313.432
313.296
313.163
313.033
312.906
312.781
312.658
312.537
312.419
312.302
312.187
312.073
311.961
311.85
311.74
311.631
311.524
311.417
311.311
311.206
311.102
310.999
310.897
310.795
310.695
310.595
310.498
370.798
376.686
382.263
387.45
392.232
396.617
400.613
404.225
407.452
410.285
412.706
414.692
416.209
417.213
417.649
417.446
416.519
414.763
412.074
408.406
403.975
399.676
395.797
392.359
389.307
386.576
384.11
381.867
379.808
377.908
376.141
374.491
372.942
371.48
370.096
368.78
367.525
366.324
365.171
364.061
362.99
361.954
360.949
359.973
359.022
358.095
357.189
356.302
355.433
354.579
353.74
352.914
352.101
351.298
350.506
349.723
348.948
348.182
347.424
346.672
345.927
345.189
344.457
343.731
343.011
342.297
341.589
340.887
340.19
339.499
338.815
338.136
337.464
336.797
336.137
335.484
334.837
334.198
333.565
332.94
332.322
331.712
331.11
330.516
329.93
329.354
328.786
328.228
327.679
327.14
326.61
326.092
325.583
325.085
324.598
324.122
323.658
323.204
322.762
322.331
321.912
321.505
321.109
320.724
320.351
319.99
319.639
319.3
318.972
318.654
318.347
318.051
317.765
317.488
317.222
316.964
316.716
316.476
316.245
316.022
315.807
315.599
315.399
315.205
315.017
314.836
314.661
314.491
314.327
314.167
314.012
313.861
313.714
313.572
313.432
313.296
313.163
313.033
312.906
312.781
312.658
312.538
312.419
312.303
312.187
312.074
311.961
311.851
311.741
311.632
311.525
311.418
311.312
311.207
311.103
311
310.897
310.796
310.695
310.596
310.499
366.982
372.055
377
381.719
386.158
390.292
394.106
397.587
400.724
403.5
405.897
407.887
409.44
410.516
411.068
411.041
410.377
409.018
406.927
404.141
400.85
397.455
394.198
391.177
388.407
385.873
383.551
381.413
379.435
377.597
375.881
374.271
372.754
371.319
369.957
368.66
367.421
366.233
365.091
363.991
362.928
361.899
360.9
359.93
358.984
358.06
357.158
356.274
355.407
354.556
353.72
352.896
352.084
351.283
350.492
349.71
348.936
348.171
347.413
346.662
345.918
345.181
344.449
343.724
343.004
342.29
341.582
340.88
340.184
339.494
338.809
338.13
337.458
336.792
336.132
335.479
334.832
334.192
333.56
332.934
332.317
331.707
331.104
330.51
329.925
329.348
328.781
328.222
327.673
327.134
326.605
326.086
325.578
325.08
324.593
324.117
323.653
323.199
322.757
322.327
321.908
321.5
321.105
320.72
320.347
319.986
319.636
319.297
318.969
318.651
318.345
318.048
317.762
317.486
317.22
316.963
316.714
316.475
316.244
316.021
315.806
315.598
315.398
315.204
315.017
314.836
314.661
314.491
314.327
314.167
314.012
313.861
313.715
313.572
313.433
313.297
313.164
313.034
312.907
312.782
312.659
312.539
312.42
312.304
312.189
312.075
311.963
311.852
311.742
311.633
311.526
311.419
311.313
311.208
311.104
311.001
310.899
310.797
310.697
310.597
310.5
363.305
367.716
372.088
376.337
380.402
384.243
387.83
391.142
394.155
396.85
399.204
401.189
402.776
403.931
404.616
404.79
404.417
403.467
401.939
399.884
397.434
394.799
392.146
389.58
387.148
384.867
382.735
380.744
378.881
377.134
375.49
373.939
372.471
371.077
369.749
368.481
367.265
366.098
364.974
363.888
362.838
361.82
360.831
359.868
358.929
358.012
357.114
356.235
355.373
354.525
353.691
352.87
352.061
351.262
350.473
349.692
348.921
348.157
347.4
346.65
345.907
345.17
344.439
343.714
342.995
342.282
341.574
340.873
340.177
339.486
338.802
338.124
337.451
336.785
336.125
335.472
334.826
334.186
333.553
332.928
332.31
331.7
331.098
330.504
329.918
329.342
328.774
328.215
327.666
327.127
326.598
326.079
325.571
325.073
324.587
324.111
323.646
323.193
322.751
322.321
321.902
321.495
321.099
320.715
320.342
319.981
319.631
319.292
318.964
318.647
318.341
318.045
317.759
317.483
317.217
316.96
316.712
316.473
316.242
316.02
315.805
315.598
315.397
315.204
315.017
314.836
314.661
314.491
314.327
314.168
314.013
313.862
313.716
313.573
313.434
313.298
313.166
313.036
312.908
312.784
312.661
312.541
312.422
312.305
312.19
312.077
311.965
311.854
311.744
311.635
311.528
311.421
311.315
311.211
311.106
311.003
310.901
310.799
310.699
310.599
310.501
359.729
363.592
367.458
371.262
374.95
378.48
381.816
384.93
387.795
390.386
392.678
394.645
396.26
397.492
398.313
398.692
398.607
398.045
397.017
395.568
393.786
391.79
389.696
387.589
385.525
383.535
381.634
379.827
378.112
376.485
374.94
373.471
372.07
370.733
369.453
368.225
367.045
365.907
364.808
363.744
362.713
361.71
360.735
359.783
358.855
357.946
357.056
356.184
355.327
354.484
353.655
352.838
352.031
351.235
350.449
349.671
348.901
348.139
347.384
346.635
345.893
345.158
344.428
343.704
342.985
342.273
341.566
340.864
340.169
339.479
338.794
338.116
337.444
336.778
336.118
335.465
334.818
334.179
333.546
332.92
332.302
331.692
331.09
330.496
329.91
329.333
328.766
328.207
327.658
327.119
326.59
326.071
325.562
325.065
324.578
324.102
323.638
323.185
322.743
322.313
321.894
321.487
321.092
320.708
320.336
319.975
319.625
319.287
318.959
318.642
318.336
318.041
317.755
317.48
317.214
316.957
316.71
316.471
316.241
316.018
315.804
315.597
315.397
315.203
315.017
314.836
314.661
314.492
314.328
314.169
314.014
313.864
313.717
313.575
313.436
313.3
313.168
313.038
312.911
312.786
312.664
312.543
312.425
312.308
312.193
312.08
311.967
311.857
311.747
311.638
311.531
311.424
311.318
311.214
311.11
311.006
310.904
310.802
310.701
310.602
310.503
356.242
359.641
363.062
366.459
369.786
373.004
376.078
378.978
381.676
384.145
386.36
388.296
389.927
391.227
392.174
392.745
392.927
392.714
392.119
391.175
389.939
388.487
386.895
385.23
383.542
381.866
380.226
378.635
377.099
375.621
374.201
372.836
371.525
370.263
369.047
367.874
366.741
365.643
364.58
363.546
362.541
361.562
360.606
359.671
358.757
357.86
356.981
356.117
355.268
354.432
353.609
352.797
351.995
351.203
350.42
349.645
348.878
348.118
347.365
346.619
345.878
345.144
344.415
343.692
342.975
342.263
341.556
340.856
340.16
339.471
338.787
338.109
337.437
336.771
336.111
335.458
334.811
334.171
333.538
332.913
332.294
331.684
331.081
330.487
329.901
329.324
328.756
328.197
327.648
327.109
326.58
326.061
325.552
325.055
324.568
324.092
323.628
323.175
322.734
322.304
321.885
321.479
321.083
320.7
320.328
319.967
319.618
319.28
318.953
318.637
318.331
318.036
317.751
317.476
317.21
316.954
316.707
316.469
316.239
316.017
315.803
315.596
315.396
315.203
315.017
314.837
314.662
314.493
314.329
314.17
314.016
313.866
313.72
313.578
313.439
313.303
313.171
313.041
312.914
312.79
312.667
312.547
312.429
312.312
312.197
312.084
311.972
311.861
311.751
311.643
311.535
311.428
311.323
311.218
311.114
311.011
310.908
310.806
310.706
310.606
310.507
352.846
355.845
358.875
361.903
364.892
367.809
370.622
373.302
375.822
378.157
380.281
382.172
383.804
385.158
386.214
386.954
387.37
387.459
387.23
386.707
385.927
384.938
383.792
382.538
381.218
379.864
378.503
377.15
375.818
374.515
373.244
372.007
370.806
369.639
368.505
367.404
366.332
365.289
364.272
363.279
362.31
361.361
360.432
359.521
358.627
357.748
356.884
356.033
355.194
354.368
353.552
352.747
351.951
351.164
350.386
349.615
348.852
348.095
347.345
346.6
345.862
345.129
344.402
343.681
342.964
342.253
341.548
340.848
340.153
339.464
338.78
338.102
337.43
336.764
336.105
335.451
334.804
334.164
333.531
332.905
332.286
331.676
331.073
330.478
329.892
329.314
328.746
328.187
327.638
327.098
326.569
326.05
325.541
325.043
324.557
324.081
323.617
323.164
322.723
322.293
321.875
321.468
321.074
320.691
320.319
319.959
319.61
319.272
318.946
318.63
318.325
318.031
317.746
317.471
317.207
316.951
316.704
316.466
316.237
316.016
315.802
315.596
315.396
315.204
315.018
314.838
314.664
314.495
314.332
314.173
314.019
313.869
313.723
313.581
313.443
313.308
313.175
313.046
312.919
312.795
312.672
312.552
312.434
312.318
312.203
312.089
311.977
311.867
311.757
311.648
311.541
311.434
311.329
311.224
311.12
311.016
310.914
310.812
310.711
310.611
310.512
349.548
352.197
354.883
357.579
360.257
362.89
365.45
367.912
370.251
372.444
374.466
376.298
377.917
379.306
380.447
381.327
381.939
382.28
382.357
382.183
381.783
381.189
380.434
379.554
378.581
377.544
376.466
375.365
374.255
373.146
372.045
370.958
369.887
368.835
367.802
366.788
365.794
364.82
363.863
362.924
362.001
361.093
360.201
359.321
358.455
357.6
356.757
355.924
355.101
354.287
353.482
352.686
351.898
351.118
350.346
349.58
348.821
348.069
347.322
346.581
345.845
345.115
344.39
343.67
342.955
342.245
341.541
340.841
340.147
339.458
338.775
338.097
337.426
336.76
336.1
335.446
334.799
334.158
333.525
332.898
332.279
331.668
331.064
330.469
329.882
329.305
328.736
328.176
327.626
327.087
326.557
326.038
325.529
325.031
324.544
324.069
323.604
323.152
322.711
322.281
321.863
321.457
321.063
320.68
320.309
319.95
319.601
319.264
318.938
318.623
318.319
318.025
317.741
317.467
317.203
316.948
316.702
316.465
316.236
316.015
315.802
315.596
315.398
315.206
315.02
314.841
314.667
314.499
314.336
314.177
314.024
313.874
313.729
313.587
313.449
313.314
313.182
313.052
312.926
312.801
312.679
312.559
312.441
312.325
312.21
312.097
311.985
311.874
311.765
311.656
311.549
311.442
311.337
311.232
311.128
311.024
310.922
310.82
310.719
310.619
310.519
346.357
348.699
351.08
353.478
355.873
358.242
360.563
362.813
364.972
367.018
368.932
370.692
372.283
373.686
374.888
375.877
376.646
377.192
377.517
377.63
377.546
377.284
376.868
376.322
375.669
374.933
374.133
373.286
372.406
371.505
370.59
369.669
368.746
367.826
366.912
366.004
365.104
364.212
363.331
362.458
361.594
360.739
359.893
359.056
358.226
357.403
356.588
355.78
354.978
354.183
353.394
352.611
351.834
351.063
350.298
349.54
348.787
348.039
347.297
346.56
345.827
345.1
344.377
343.66
342.947
342.238
341.535
340.837
340.143
339.455
338.772
338.095
337.423
336.757
336.097
335.443
334.795
334.154
333.52
332.893
332.273
331.661
331.057
330.461
329.874
329.295
328.726
328.166
327.615
327.075
326.545
326.025
325.516
325.018
324.531
324.056
323.591
323.139
322.698
322.269
321.851
321.446
321.052
320.669
320.299
319.94
319.592
319.256
318.931
318.616
318.313
318.019
317.736
317.463
317.2
316.946
316.7
316.464
316.236
316.016
315.803
315.598
315.4
315.209
315.024
314.845
314.672
314.504
314.341
314.184
314.03
313.881
313.736
313.595
313.457
313.322
313.19
313.061
312.935
312.811
312.689
312.569
312.451
312.335
312.22
312.107
311.995
311.885
311.775
311.667
311.56
311.453
311.347
311.243
311.138
311.035
310.932
310.831
310.729
310.629
310.529
343.284
345.356
347.465
349.597
351.735
353.861
355.958
358.007
359.991
361.891
363.689
365.37
366.916
368.315
369.552
370.619
371.507
372.212
372.735
373.08
373.254
373.27
373.143
372.888
372.523
372.065
371.53
370.931
370.282
369.593
368.873
368.13
367.369
366.596
365.815
365.028
364.237
363.444
362.651
361.859
361.068
360.279
359.491
358.706
357.923
357.142
356.364
355.589
354.816
354.046
353.279
352.514
351.753
350.996
350.242
349.492
348.747
348.006
347.27
346.537
345.809
345.086
344.366
343.651
342.941
342.234
341.532
340.835
340.143
339.455
338.773
338.096
337.424
336.758
336.097
335.443
334.795
334.153
333.518
332.89
332.27
331.657
331.052
330.455
329.866
329.287
328.717
328.156
327.605
327.064
326.533
326.013
325.504
325.005
324.518
324.043
323.578
323.126
322.685
322.256
321.839
321.434
321.04
320.659
320.289
319.931
319.584
319.248
318.924
318.61
318.307
318.015
317.733
317.461
317.198
316.945
316.7
316.465
316.237
316.018
315.806
315.602
315.405
315.214
315.03
314.852
314.679
314.512
314.35
314.193
314.04
313.891
313.747
313.605
313.468
313.334
313.202
313.073
312.947
312.823
312.702
312.582
312.464
312.348
312.234
312.121
312.009
311.899
311.789
311.681
311.574
311.467
311.361
311.257
311.152
311.049
310.946
310.844
310.743
310.642
310.542
340.343
342.174
344.042
345.935
347.841
349.746
351.636
353.495
355.311
357.066
358.747
360.339
361.829
363.205
364.454
365.569
366.54
367.365
368.04
368.567
368.949
369.192
369.307
369.302
369.19
368.982
368.691
368.327
367.901
367.423
366.9
366.34
365.75
365.135
364.498
363.844
363.176
362.495
361.805
361.106
360.401
359.689
358.973
358.252
357.527
356.799
356.068
355.335
354.599
353.863
353.125
352.386
351.647
350.909
350.171
349.434
348.699
347.967
347.239
346.513
345.79
345.072
344.356
343.645
342.937
342.233
341.533
340.837
340.146
339.46
338.778
338.101
337.429
336.763
336.102
335.447
334.798
334.156
333.52
332.891
332.269
331.655
331.049
330.451
329.862
329.281
328.71
328.148
327.596
327.054
326.523
326.002
325.492
324.994
324.506
324.03
323.566
323.114
322.673
322.244
321.828
321.423
321.03
320.649
320.28
319.922
319.576
319.242
318.918
318.606
318.304
318.012
317.731
317.46
317.198
316.946
316.703
316.468
316.241
316.023
315.812
315.609
315.413
315.223
315.039
314.862
314.69
314.523
314.362
314.205
314.053
313.905
313.761
313.62
313.483
313.349
313.218
313.089
312.964
312.84
312.719
312.599
312.482
312.366
312.252
312.139
312.027
311.917
311.807
311.699
311.592
311.485
311.38
311.275
311.171
311.067
310.964
310.862
310.761
310.66
310.559
337.545
339.163
340.816
342.495
344.192
345.895
347.594
349.277
350.932
352.547
354.109
355.608
357.03
358.367
359.607
360.743
361.767
362.675
363.461
364.126
364.671
365.096
365.409
365.614
365.718
365.73
365.657
365.509
365.293
365.016
364.687
364.31
363.893
363.44
362.956
362.444
361.908
361.351
360.774
360.181
359.573
358.952
358.318
357.673
357.018
356.353
355.68
354.999
354.312
353.617
352.918
352.213
351.504
350.791
350.076
349.358
348.64
347.921
347.202
346.485
345.77
345.057
344.347
343.64
342.936
342.235
341.537
340.844
340.154
339.469
338.788
338.111
337.44
336.773
336.112
335.456
334.807
334.163
333.526
332.896
332.273
331.658
331.05
330.451
329.861
329.279
328.706
328.143
327.59
327.048
326.515
325.994
325.483
324.984
324.496
324.02
323.556
323.104
322.663
322.235
321.818
321.414
321.022
320.642
320.273
319.916
319.571
319.238
318.915
318.604
318.303
318.013
317.733
317.462
317.202
316.951
316.708
316.475
316.249
316.032
315.822
315.62
315.424
315.236
315.053
314.876
314.705
314.539
314.379
314.223
314.071
313.923
313.78
313.64
313.503
313.369
313.239
313.111
312.985
312.862
312.741
312.622
312.504
312.389
312.274
312.162
312.05
311.94
311.831
311.723
311.615
311.509
311.403
311.298
311.194
311.091
310.988
310.885
310.784
310.682
310.581
334.905
336.332
337.793
339.281
340.789
342.309
343.833
345.351
346.855
348.334
349.779
351.18
352.527
353.811
355.024
356.159
357.208
358.166
359.028
359.793
360.459
361.026
361.496
361.871
362.156
362.356
362.474
362.518
362.493
362.404
362.258
362.058
361.811
361.521
361.191
360.826
360.429
360.002
359.549
359.071
358.571
358.05
357.509
356.951
356.377
355.787
355.183
354.565
353.935
353.293
352.641
351.979
351.308
350.63
349.945
349.253
348.557
347.857
347.155
346.45
345.745
345.041
344.337
343.636
342.937
342.24
341.546
340.855
340.167
339.483
338.803
338.128
337.456
336.79
336.128
335.472
334.821
334.177
333.539
332.908
332.283
331.666
331.058
330.457
329.865
329.281
328.707
328.143
327.589
327.045
326.512
325.989
325.478
324.979
324.49
324.014
323.55
323.097
322.657
322.229
321.813
321.409
321.017
320.638
320.27
319.914
319.57
319.238
318.916
318.606
318.306
318.017
317.738
317.47
317.21
316.96
316.719
316.487
316.263
316.046
315.838
315.636
315.442
315.254
315.072
314.897
314.726
314.562
314.402
314.246
314.095
313.948
313.805
313.666
313.529
313.396
313.266
313.138
313.013
312.89
312.77
312.651
312.534
312.418
312.304
312.191
312.08
311.97
311.861
311.753
311.645
311.539
311.433
311.328
311.224
311.121
311.018
310.915
310.813
310.711
310.61
332.434
333.691
334.98
336.296
337.634
338.989
340.352
341.718
343.08
344.429
345.758
347.059
348.324
349.546
350.717
351.83
352.88
353.862
354.769
355.601
356.352
357.024
357.614
358.124
358.555
358.91
359.19
359.4
359.544
359.624
359.646
359.612
359.527
359.394
359.217
358.999
358.742
358.45
358.124
357.768
357.383
356.971
356.533
356.072
355.588
355.082
354.557
354.013
353.45
352.872
352.277
351.668
351.045
350.41
349.763
349.106
348.44
347.767
347.087
346.401
345.712
345.019
344.326
343.632
342.939
342.248
341.558
340.871
340.186
339.504
338.826
338.151
337.48
336.814
336.152
335.495
334.844
334.199
333.559
332.927
332.301
331.682
331.072
330.469
329.876
329.291
328.715
328.15
327.594
327.049
326.514
325.991
325.479
324.979
324.49
324.013
323.548
323.096
322.656
322.228
321.813
321.409
321.018
320.64
320.273
319.918
319.575
319.244
318.923
318.614
318.316
318.028
317.751
317.483
317.225
316.977
316.737
316.506
316.283
316.068
315.86
315.66
315.467
315.28
315.099
314.925
314.755
314.591
314.432
314.278
314.127
313.981
313.839
313.7
313.564
313.431
313.301
313.174
313.049
312.927
312.806
312.688
312.571
312.456
312.342
312.229
312.118
312.008
311.899
311.791
311.683
311.577
311.471
311.366
311.262
311.158
311.055
310.953
310.85
310.748
310.647
330.144
331.249
332.385
333.547
334.732
335.935
337.152
338.377
339.605
340.831
342.047
343.247
344.426
345.577
346.694
347.771
348.803
349.785
350.711
351.58
352.386
353.129
353.807
354.418
354.962
355.44
355.853
356.203
356.491
356.719
356.89
357.007
357.071
357.086
357.054
356.978
356.86
356.701
356.506
356.274
356.008
355.71
355.382
355.024
354.638
354.226
353.788
353.327
352.842
352.335
351.808
351.261
350.696
350.113
349.515
348.901
348.274
347.635
346.985
346.326
345.659
344.986
344.307
343.625
342.941
342.257
341.573
340.89
340.21
339.531
338.855
338.182
337.512
336.846
336.185
335.528
334.876
334.229
333.589
332.955
332.328
331.708
331.095
330.491
329.896
329.309
328.732
328.165
327.608
327.061
326.525
326.001
325.488
324.987
324.498
324.02
323.555
323.103
322.663
322.235
321.82
321.418
321.027
320.65
320.284
319.93
319.588
319.258
318.939
318.631
318.334
318.048
317.772
317.506
317.249
317.002
316.764
316.534
316.312
316.099
315.892
315.693
315.501
315.316
315.136
314.962
314.794
314.631
314.472
314.319
314.169
314.024
313.882
313.743
313.608
313.476
313.347
313.22
313.096
312.973
312.853
312.735
312.618
312.503
312.389
312.277
312.166
312.056
311.947
311.839
311.731
311.625
311.519
311.414
311.31
311.206
311.103
311
310.897
310.795
310.693
328.045
329.015
330.013
331.036
332.083
333.15
334.233
335.328
336.432
337.54
338.646
339.747
340.838
341.912
342.966
343.994
344.992
345.955
346.879
347.76
348.595
349.381
350.115
350.797
351.424
351.997
352.513
352.975
353.382
353.734
354.034
354.282
354.48
354.63
354.732
354.789
354.802
354.774
354.705
354.597
354.451
354.27
354.053
353.804
353.522
353.209
352.866
352.495
352.096
351.67
351.219
350.743
350.245
349.724
349.183
348.622
348.043
347.447
346.836
346.211
345.575
344.927
344.271
343.608
342.938
342.265
341.59
340.914
340.238
339.564
338.891
338.22
337.552
336.888
336.227
335.57
334.918
334.271
333.63
332.995
332.366
331.745
331.131
330.525
329.927
329.339
328.76
328.191
327.632
327.084
326.548
326.022
325.508
325.006
324.516
324.039
323.573
323.121
322.681
322.254
321.839
321.437
321.048
320.67
320.306
319.953
319.612
319.283
318.966
318.659
318.364
318.079
317.804
317.54
317.285
317.039
316.802
316.574
316.353
316.141
315.936
315.739
315.548
315.363
315.185
315.012
314.845
314.682
314.525
314.372
314.223
314.078
313.937
313.8
313.665
313.533
313.404
313.278
313.154
313.032
312.912
312.794
312.677
312.563
312.449
312.337
312.226
312.116
312.007
311.899
311.791
311.685
311.579
311.474
311.369
311.265
311.162
311.058
310.956
310.853
310.751
326.146
326.994
327.869
328.769
329.691
330.634
331.595
332.571
333.558
334.555
335.557
336.561
337.562
338.556
339.541
340.51
341.462
342.391
343.293
344.167
345.007
345.812
346.578
347.304
347.987
348.625
349.218
349.765
350.265
350.718
351.124
351.484
351.797
352.064
352.286
352.464
352.599
352.691
352.743
352.754
352.725
352.659
352.555
352.415
352.239
352.029
351.786
351.51
351.203
350.864
350.497
350.1
349.677
349.227
348.751
348.252
347.73
347.186
346.623
346.042
345.444
344.831
344.205
343.567
342.92
342.264
341.603
340.937
340.27
339.601
338.933
338.267
337.602
336.94
336.28
335.624
334.973
334.326
333.684
333.048
332.418
331.795
331.18
330.572
329.973
329.383
328.803
328.232
327.672
327.123
326.584
326.058
325.543
325.04
324.549
324.071
323.606
323.153
322.713
322.286
321.872
321.471
321.082
320.706
320.342
319.991
319.651
319.323
319.007
318.702
318.408
318.125
317.852
317.588
317.335
317.091
316.855
316.628
316.41
316.199
315.995
315.799
315.609
315.426
315.248
315.077
314.91
314.749
314.592
314.44
314.292
314.148
314.008
313.87
313.736
313.605
313.477
313.351
313.227
313.105
312.986
312.868
312.752
312.637
312.523
312.411
312.3
312.19
312.081
311.973
311.866
311.759
311.653
311.548
311.443
311.338
311.235
311.131
311.028
310.925
310.823
324.453
325.194
325.959
326.747
327.557
328.388
329.237
330.103
330.984
331.876
332.778
333.687
334.6
335.513
336.424
337.328
338.224
339.107
339.975
340.824
341.652
342.455
343.23
343.976
344.69
345.37
346.014
346.622
347.19
347.72
348.209
348.658
349.065
349.432
349.757
350.041
350.283
350.485
350.647
350.769
350.851
350.895
350.9
350.867
350.798
350.691
350.549
350.371
350.159
349.913
349.634
349.323
348.981
348.609
348.207
347.777
347.32
346.838
346.331
345.802
345.251
344.681
344.094
343.49
342.872
342.243
341.603
340.955
340.3
339.641
338.981
338.32
337.66
337.001
336.344
335.691
335.04
334.394
333.752
333.116
332.486
331.862
331.246
330.637
330.036
329.445
328.863
328.291
327.729
327.179
326.639
326.111
325.595
325.092
324.601
324.122
323.657
323.204
322.764
322.337
321.924
321.523
321.135
320.76
320.397
320.047
319.708
319.382
319.067
318.763
318.471
318.189
317.917
317.656
317.403
317.161
316.927
316.701
316.484
316.274
316.072
315.877
315.688
315.506
315.33
315.159
314.994
314.834
314.678
314.527
314.379
314.236
314.096
313.959
313.826
313.695
313.567
313.441
313.318
313.197
313.077
312.959
312.843
312.728
312.615
312.503
312.392
312.282
312.173
312.064
311.957
311.85
311.744
311.638
311.533
311.428
311.324
311.22
311.117
311.014
310.911
322.971
323.616
324.283
324.972
325.682
326.411
327.159
327.924
328.706
329.501
330.309
331.127
331.953
332.785
333.62
334.455
335.289
336.118
336.94
337.752
338.552
339.336
340.102
340.849
341.573
342.272
342.945
343.59
344.204
344.787
345.337
345.853
346.335
346.781
347.19
347.562
347.897
348.194
348.454
348.675
348.858
349.004
349.111
349.18
349.212
349.207
349.164
349.084
348.969
348.817
348.63
348.408
348.152
347.862
347.54
347.186
346.802
346.388
345.946
345.476
344.982
344.463
343.923
343.362
342.782
342.186
341.575
340.952
340.319
339.677
339.03
338.378
337.725
337.071
336.419
335.769
335.121
334.477
333.837
333.201
332.571
331.948
331.331
330.721
330.12
329.527
328.944
328.371
327.808
327.257
326.716
326.187
325.671
325.166
324.675
324.196
323.73
323.278
322.838
322.412
321.998
321.598
321.211
320.837
320.475
320.125
319.788
319.463
319.15
318.847
318.556
318.276
318.006
317.745
317.495
317.253
317.021
316.797
316.581
316.372
316.172
315.978
315.79
315.609
315.434
315.264
315.1
314.94
314.785
314.635
314.488
314.345
314.206
314.07
313.937
313.806
313.678
313.553
313.43
313.309
313.189
313.072
312.955
312.841
312.727
312.615
312.504
312.394
312.284
312.176
312.068
311.961
311.854
311.749
311.643
311.538
311.433
311.329
311.225
311.122
311.018
321.704
322.264
322.843
323.443
324.063
324.701
325.357
326.031
326.721
327.426
328.146
328.877
329.62
330.372
331.131
331.896
332.664
333.433
334.202
334.967
335.727
336.479
337.222
337.952
338.668
339.368
340.05
340.711
341.35
341.966
342.555
343.118
343.653
344.158
344.632
345.074
345.484
345.86
346.202
346.509
346.781
347.017
347.217
347.38
347.506
347.596
347.648
347.663
347.642
347.583
347.488
347.356
347.188
346.984
346.746
346.473
346.166
345.826
345.455
345.053
344.622
344.163
343.678
343.168
342.635
342.081
341.508
340.918
340.313
339.696
339.069
338.434
337.793
337.148
336.503
335.859
335.216
334.575
333.938
333.305
332.676
332.053
331.437
330.828
330.226
329.634
329.05
328.476
327.913
327.36
326.819
326.29
325.773
325.268
324.776
324.297
323.831
323.379
322.94
322.514
322.101
321.701
321.315
320.941
320.58
320.232
319.896
319.572
319.26
318.959
318.669
318.39
318.121
317.862
317.613
317.373
317.142
316.919
316.704
316.497
316.297
316.105
315.918
315.738
315.564
315.395
315.231
315.073
314.918
314.768
314.622
314.48
314.341
314.205
314.072
313.942
313.815
313.69
313.567
313.446
313.326
313.209
313.092
312.978
312.864
312.752
312.64
312.53
312.42
312.311
312.203
312.096
311.989
311.882
311.776
311.671
311.566
311.461
311.356
311.252
311.148
320.651
321.135
321.638
322.159
322.697
323.254
323.828
324.418
325.025
325.648
326.285
326.935
327.599
328.273
328.958
329.652
330.352
331.058
331.768
332.48
333.193
333.903
334.61
335.312
336.006
336.691
337.364
338.025
338.67
339.298
339.908
340.498
341.066
341.611
342.131
342.624
343.091
343.529
343.937
344.314
344.66
344.973
345.253
345.498
345.709
345.885
346.025
346.129
346.196
346.227
346.221
346.177
346.097
345.98
345.826
345.636
345.41
345.149
344.853
344.524
344.162
343.769
343.346
342.894
342.416
341.912
341.385
340.836
340.269
339.685
339.086
338.475
337.854
337.226
336.593
335.958
335.322
334.687
334.055
333.426
332.801
332.181
331.566
330.959
330.358
329.766
329.183
328.61
328.047
327.494
326.953
326.424
325.906
325.402
324.91
324.431
323.965
323.513
323.074
322.648
322.236
321.837
321.452
321.079
320.719
320.372
320.037
319.714
319.403
319.104
318.815
318.537
318.27
318.012
317.764
317.525
317.295
317.073
316.86
316.654
316.455
316.263
316.078
315.898
315.725
315.557
315.394
315.236
315.082
314.932
314.787
314.645
314.506
314.371
314.238
314.108
313.981
313.856
313.733
313.611
313.492
313.374
313.258
313.143
313.029
312.916
312.805
312.694
312.584
312.475
312.366
312.258
312.151
312.044
311.937
311.831
311.725
311.619
311.514
311.409
311.305
319.811
320.229
320.664
321.114
321.581
322.065
322.565
323.08
323.612
324.158
324.719
325.295
325.884
326.485
327.098
327.722
328.355
328.997
329.646
330.301
330.96
331.622
332.285
332.948
333.609
334.266
334.918
335.562
336.198
336.824
337.437
338.036
338.619
339.185
339.733
340.26
340.765
341.246
341.703
342.134
342.538
342.914
343.259
343.574
343.858
344.109
344.326
344.51
344.658
344.771
344.848
344.888
344.892
344.859
344.788
344.681
344.536
344.355
344.138
343.885
343.596
343.274
342.919
342.532
342.114
341.668
341.194
340.695
340.173
339.629
339.067
338.489
337.896
337.292
336.679
336.06
335.436
334.811
334.187
333.564
332.945
332.33
331.719
331.115
330.518
329.928
329.347
328.775
328.213
327.661
327.121
326.592
326.075
325.571
325.08
324.602
324.137
323.685
323.247
322.822
322.41
322.012
321.628
321.256
320.897
320.551
320.217
319.895
319.585
319.287
318.999
318.722
318.456
318.199
317.953
317.715
317.486
317.265
317.052
316.847
316.649
316.458
316.273
316.095
315.922
315.754
315.592
315.434
315.281
315.132
314.986
314.845
314.706
314.571
314.438
314.309
314.181
314.056
313.933
313.811
313.692
313.574
313.457
313.342
313.227
313.114
313.002
312.891
312.78
312.67
312.561
312.452
312.344
312.237
312.129
312.022
311.916
311.809
311.703
311.597
311.492
319.181
319.541
319.915
320.304
320.708
321.126
321.56
322.009
322.472
322.95
323.442
323.948
324.467
325
325.545
326.102
326.67
327.248
327.836
328.432
329.035
329.644
330.257
330.875
331.494
332.115
332.734
333.352
333.965
334.574
335.175
335.768
336.351
336.923
337.481
338.024
338.551
339.059
339.548
340.016
340.462
340.884
341.28
341.65
341.992
342.305
342.588
342.839
343.058
343.244
343.396
343.513
343.595
343.64
343.649
343.621
343.556
343.453
343.314
343.137
342.925
342.676
342.392
342.073
341.722
341.338
340.924
340.482
340.012
339.517
339
338.461
337.905
337.333
336.748
336.153
335.55
334.941
334.329
333.717
333.107
332.499
331.895
331.297
330.704
330.119
329.541
328.973
328.413
327.864
327.326
326.799
326.284
325.781
325.291
324.814
324.35
323.9
323.462
323.039
322.628
322.231
321.848
321.477
321.119
320.774
320.441
320.121
319.812
319.514
319.228
318.952
318.686
318.431
318.185
317.948
317.72
317.5
317.288
317.084
316.886
316.696
316.512
316.333
316.161
315.994
315.832
315.674
315.521
315.372
315.227
315.085
314.947
314.811
314.679
314.549
314.421
314.296
314.172
314.05
313.93
313.812
313.695
313.579
313.464
313.35
313.238
313.126
313.014
312.904
312.794
312.684
312.575
312.466
312.358
312.25
312.143
312.035
311.928
311.821
311.714
318.755
319.063
319.385
319.72
320.068
320.43
320.805
321.194
321.596
322.012
322.442
322.885
323.341
323.81
324.292
324.786
325.291
325.808
326.335
326.872
327.418
327.972
328.534
329.101
329.674
330.251
330.831
331.412
331.994
332.575
333.153
333.728
334.297
334.86
335.414
335.958
336.49
337.01
337.515
338.004
338.476
338.928
339.359
339.769
340.154
340.515
340.849
341.156
341.434
341.681
341.897
342.081
342.232
342.348
342.429
342.475
342.484
342.457
342.392
342.291
342.153
341.978
341.766
341.519
341.236
340.92
340.57
340.189
339.777
339.338
338.871
338.381
337.869
337.337
336.788
336.225
335.649
335.065
334.474
333.879
333.282
332.686
332.092
331.502
330.918
330.339
329.768
329.204
328.65
328.105
327.571
327.047
326.535
326.035
325.547
325.072
324.611
324.162
323.726
323.304
322.895
322.5
322.118
321.748
321.392
321.048
320.716
320.397
320.089
319.792
319.507
319.232
318.968
318.713
318.468
318.231
318.004
317.785
317.573
317.369
317.172
316.982
316.799
316.621
316.448
316.281
316.119
315.962
315.809
315.66
315.514
315.373
315.234
315.098
314.965
314.835
314.707
314.581
314.457
314.335
314.214
314.095
313.977
313.861
313.745
313.631
313.517
313.404
313.292
313.181
313.069
312.959
312.849
312.739
312.63
312.52
312.412
312.303
312.194
312.086
311.978
318.525
318.79
319.067
319.354
319.654
319.965
320.289
320.625
320.974
321.335
321.708
322.095
322.493
322.904
323.327
323.763
324.209
324.668
325.137
325.617
326.107
326.606
327.114
327.631
328.154
328.684
329.219
329.758
330.301
330.847
331.393
331.939
332.484
333.026
333.564
334.096
334.621
335.138
335.644
336.139
336.622
337.089
337.541
337.974
338.389
338.782
339.154
339.502
339.824
340.12
340.388
340.627
340.836
341.013
341.157
341.268
341.345
341.386
341.392
341.361
341.294
341.19
341.05
340.873
340.66
340.412
340.129
339.812
339.463
339.083
338.674
338.238
337.776
337.291
336.785
336.262
335.722
335.17
334.608
334.038
333.462
332.884
332.305
331.728
331.155
330.587
330.025
329.47
328.923
328.384
327.856
327.338
326.831
326.335
325.851
325.38
324.921
324.476
324.043
323.623
323.217
322.823
322.443
322.075
321.72
321.378
321.048
320.73
320.423
320.128
319.843
319.569
319.306
319.052
318.807
318.572
318.345
318.126
317.915
317.711
317.515
317.325
317.141
316.963
316.791
316.624
316.462
316.304
316.151
316.002
315.856
315.714
315.575
315.439
315.305
315.174
315.045
314.919
314.794
314.671
314.55
314.43
314.311
314.194
314.077
313.962
313.847
313.733
313.62
313.507
313.395
313.283
313.172
313.061
312.95
312.839
312.729
312.619
312.509
312.399
312.289
318.486
318.713
318.949
319.196
319.454
319.722
320.001
320.291
320.592
320.904
321.228
321.564
321.91
322.269
322.639
323.021
323.414
323.818
324.233
324.659
325.095
325.541
325.996
326.461
326.934
327.415
327.903
328.397
328.897
329.401
329.909
330.419
330.932
331.444
331.956
332.466
332.972
333.474
333.97
334.458
334.938
335.407
335.864
336.307
336.736
337.148
337.543
337.917
338.271
338.602
338.908
339.19
339.444
339.67
339.867
340.033
340.167
340.268
340.336
340.369
340.367
340.33
340.256
340.147
340.001
339.82
339.604
339.353
339.068
338.751
338.403
338.024
337.618
337.186
336.731
336.254
335.757
335.245
334.718
334.181
333.634
333.082
332.526
331.969
331.412
330.858
330.309
329.766
329.23
328.701
328.181
327.671
327.171
326.682
326.205
325.739
325.285
324.844
324.415
323.999
323.596
323.206
322.828
322.463
322.111
321.77
321.442
321.125
320.82
320.526
320.243
319.97
319.708
319.455
319.211
318.976
318.749
318.531
318.32
318.117
317.92
317.731
317.547
317.369
317.197
317.029
316.867
316.709
316.555
316.405
316.259
316.116
315.976
315.84
315.705
315.574
315.444
315.317
315.191
315.067
314.945
314.824
314.704
314.585
314.468
314.351
314.235
314.12
314.005
313.891
313.777
313.664
313.551
313.439
313.326
313.214
313.102
312.99
312.878
312.766
312.655
318.627
318.821
319.024
319.236
319.457
319.688
319.928
320.178
320.437
320.707
320.987
321.278
321.579
321.891
322.213
322.547
322.89
323.245
323.61
323.985
324.37
324.766
325.171
325.586
326.009
326.441
326.881
327.328
327.783
328.243
328.709
329.179
329.653
330.13
330.609
331.088
331.567
332.044
332.519
332.99
333.455
333.913
334.364
334.805
335.234
335.652
336.055
336.443
336.813
337.165
337.497
337.807
338.094
338.357
338.593
338.802
338.983
339.133
339.253
339.341
339.396
339.417
339.405
339.357
339.275
339.158
339.006
338.819
338.598
338.344
338.057
337.74
337.393
337.018
336.616
336.191
335.744
335.278
334.794
334.296
333.786
333.267
332.742
332.211
331.679
331.146
330.615
330.088
329.567
329.052
328.545
328.046
327.556
327.077
326.608
326.15
325.703
325.269
324.846
324.435
324.037
323.651
323.278
322.916
322.567
322.23
321.904
321.59
321.287
320.995
320.713
320.442
320.18
319.928
319.685
319.451
319.225
319.007
318.797
318.594
318.397
318.207
318.023
317.845
317.673
317.505
317.342
317.183
317.029
316.878
316.731
316.588
316.447
316.309
316.174
316.041
315.911
315.782
315.656
315.53
315.407
315.284
315.163
315.043
314.924
314.806
314.689
314.572
314.456
314.34
314.225
314.11
313.995
313.88
313.766
313.652
313.538
313.424
313.31
313.196
313.082
318.94
319.107
319.281
319.464
319.654
319.852
320.058
320.274
320.498
320.73
320.973
321.224
321.485
321.755
322.035
322.325
322.625
322.934
323.254
323.583
323.921
324.27
324.628
324.995
325.371
325.755
326.148
326.549
326.957
327.373
327.795
328.222
328.655
329.092
329.532
329.976
330.421
330.866
331.312
331.756
332.198
332.636
333.069
333.496
333.915
334.325
334.725
335.113
335.488
335.848
336.191
336.517
336.823
337.109
337.372
337.612
337.827
338.015
338.176
338.308
338.41
338.481
338.52
338.527
338.501
338.442
338.348
338.222
338.062
337.869
337.643
337.387
337.099
336.783
336.439
336.069
335.676
335.261
334.826
334.374
333.907
333.428
332.94
332.444
331.942
331.438
330.934
330.43
329.929
329.432
328.942
328.458
327.983
327.516
327.059
326.612
326.176
325.75
325.336
324.933
324.542
324.162
323.794
323.438
323.094
322.76
322.439
322.128
321.828
321.538
321.259
320.99
320.73
320.479
320.238
320.004
319.779
319.562
319.352
319.149
318.953
318.763
318.579
318.4
318.227
318.059
317.895
317.736
317.581
317.43
317.282
317.137
316.995
316.856
316.72
316.586
316.454
316.324
316.196
316.07
315.944
315.821
315.698
315.576
315.456
315.336
315.217
315.098
314.98
314.862
314.745
314.628
314.511
314.395
314.278
314.162
314.045
313.929
313.813
313.697
313.58
319.418
319.561
319.711
319.868
320.032
320.203
320.381
320.566
320.759
320.96
321.17
321.387
321.613
321.847
322.09
322.341
322.602
322.871
323.149
323.437
323.733
324.038
324.352
324.675
325.006
325.346
325.694
326.049
326.413
326.784
327.161
327.545
327.935
328.33
328.73
329.133
329.54
329.949
330.36
330.772
331.183
331.593
332
332.404
332.803
333.196
333.581
333.958
334.326
334.681
335.024
335.353
335.666
335.962
336.24
336.498
336.734
336.947
337.137
337.301
337.438
337.548
337.63
337.681
337.703
337.693
337.652
337.58
337.475
337.339
337.171
336.973
336.744
336.486
336.2
335.887
335.55
335.189
334.807
334.406
333.988
333.555
333.11
332.654
332.191
331.723
331.25
330.777
330.304
329.833
329.365
328.902
328.446
327.996
327.555
327.123
326.7
326.287
325.884
325.492
325.11
324.739
324.379
324.031
323.693
323.365
323.049
322.743
322.447
322.162
321.886
321.619
321.362
321.114
320.874
320.642
320.419
320.202
319.993
319.791
319.595
319.405
319.221
319.042
318.869
318.7
318.536
318.376
318.22
318.067
317.918
317.772
317.629
317.489
317.352
317.216
317.083
316.951
316.821
316.693
316.566
316.441
316.316
316.193
316.07
315.948
315.827
315.706
315.586
315.466
315.347
315.228
315.108
314.989
314.871
314.752
314.633
314.514
314.395
314.276
314.157
320.051
320.175
320.305
320.44
320.582
320.729
320.883
321.043
321.21
321.384
321.565
321.753
321.948
322.151
322.361
322.579
322.805
323.039
323.28
323.53
323.788
324.054
324.328
324.61
324.9
325.198
325.504
325.817
326.137
326.465
326.799
327.14
327.487
327.839
328.197
328.559
328.926
329.295
329.668
330.042
330.418
330.794
331.169
331.543
331.914
332.281
332.644
333.001
333.35
333.691
334.023
334.344
334.652
334.947
335.226
335.49
335.735
335.961
336.168
336.352
336.513
336.651
336.763
336.849
336.907
336.938
336.94
336.914
336.857
336.771
336.656
336.511
336.337
336.135
335.905
335.649
335.367
335.062
334.735
334.387
334.021
333.639
333.242
332.833
332.414
331.987
331.554
331.117
330.678
330.239
329.801
329.366
328.935
328.509
328.089
327.676
327.271
326.874
326.486
326.108
325.74
325.381
325.032
324.693
324.364
324.045
323.736
323.437
323.148
322.867
322.596
322.334
322.081
321.836
321.599
321.37
321.148
320.934
320.726
320.524
320.329
320.14
319.956
319.777
319.604
319.435
319.27
319.109
318.952
318.799
318.649
318.502
318.357
318.216
318.077
317.939
317.804
317.671
317.54
317.409
317.281
317.153
317.027
316.901
316.776
316.652
316.529
316.406
316.283
316.161
316.039
315.917
315.795
315.673
315.552
315.43
315.308
315.187
315.065
314.943
314.821
320.832
320.94
321.052
321.17
321.293
321.421
321.554
321.693
321.838
321.988
322.145
322.307
322.476
322.652
322.834
323.022
323.218
323.42
323.63
323.846
324.07
324.301
324.539
324.784
325.036
325.295
325.561
325.835
326.115
326.401
326.694
326.993
327.298
327.609
327.924
328.245
328.57
328.899
329.231
329.565
329.902
330.24
330.579
330.918
331.255
331.591
331.924
332.253
332.577
332.895
333.206
333.509
333.803
334.085
334.356
334.614
334.858
335.085
335.296
335.489
335.663
335.816
335.947
336.056
336.141
336.202
336.237
336.247
336.23
336.186
336.115
336.018
335.893
335.741
335.564
335.361
335.134
334.883
334.61
334.317
334.005
333.676
333.331
332.972
332.602
332.221
331.833
331.439
331.041
330.64
330.237
329.836
329.436
329.04
328.647
328.26
327.878
327.504
327.136
326.777
326.425
326.082
325.748
325.422
325.106
324.798
324.499
324.209
323.928
323.656
323.392
323.136
322.888
322.648
322.415
322.19
321.971
321.759
321.554
321.354
321.161
320.972
320.789
320.611
320.438
320.269
320.104
319.943
319.785
319.631
319.48
319.331
319.186
319.043
318.902
318.763
318.626
318.491
318.358
318.225
318.095
317.965
317.836
317.708
317.581
317.454
317.328
317.203
317.078
316.953
316.828
316.703
316.578
316.454
316.329
316.204
316.079
315.954
315.829
315.703
315.578
321.751
321.846
321.944
322.047
322.154
322.266
322.382
322.502
322.628
322.759
322.894
323.035
323.182
323.334
323.491
323.654
323.823
323.998
324.179
324.366
324.559
324.758
324.963
325.175
325.392
325.616
325.847
326.083
326.325
326.573
326.827
327.086
327.351
327.621
327.896
328.175
328.459
328.746
329.037
329.331
329.628
329.926
330.226
330.526
330.826
331.126
331.424
331.719
332.012
332.3
332.584
332.861
333.131
333.394
333.647
333.889
334.121
334.34
334.545
334.736
334.91
335.068
335.208
335.329
335.429
335.509
335.567
335.603
335.616
335.605
335.57
335.512
335.429
335.321
335.19
335.036
334.859
334.659
334.439
334.199
333.94
333.664
333.372
333.066
332.747
332.417
332.078
331.731
331.378
331.021
330.661
330.299
329.936
329.575
329.216
328.86
328.508
328.161
327.819
327.484
327.154
326.832
326.517
326.209
325.909
325.616
325.331
325.054
324.784
324.522
324.268
324.02
323.78
323.547
323.321
323.101
322.887
322.679
322.477
322.281
322.09
321.904
321.723
321.546
321.373
321.205
321.04
320.879
320.721
320.566
320.414
320.265
320.118
319.974
319.832
319.691
319.553
319.416
319.28
319.146
319.013
318.881
318.749
318.619
318.489
318.36
318.231
318.103
317.975
317.847
317.719
317.591
317.463
317.335
317.207
317.079
316.95
316.821
316.692
316.562
316.433
322.798
322.881
322.968
323.058
323.152
323.25
323.351
323.456
323.566
323.679
323.797
323.919
324.046
324.177
324.313
324.454
324.599
324.75
324.905
325.066
325.231
325.402
325.578
325.759
325.946
326.137
326.334
326.536
326.744
326.956
327.173
327.395
327.622
327.853
328.088
328.328
328.571
328.818
329.068
329.321
329.577
329.834
330.093
330.354
330.614
330.875
331.135
331.394
331.651
331.904
332.155
332.401
332.642
332.877
333.105
333.325
333.536
333.737
333.928
334.107
334.273
334.426
334.564
334.687
334.793
334.881
334.952
335.004
335.037
335.049
335.041
335.013
334.963
334.892
334.8
334.688
334.555
334.402
334.23
334.039
333.831
333.607
333.367
333.113
332.846
332.568
332.28
331.984
331.68
331.37
331.056
330.739
330.42
330.1
329.779
329.461
329.144
328.83
328.519
328.213
327.911
327.615
327.323
327.038
326.759
326.485
326.218
325.958
325.703
325.455
325.214
324.978
324.749
324.525
324.308
324.096
323.889
323.687
323.491
323.3
323.113
322.93
322.752
322.577
322.407
322.24
322.076
321.916
321.758
321.604
321.452
321.302
321.154
321.009
320.865
320.723
320.583
320.444
320.307
320.17
320.035
319.901
319.767
319.634
319.502
319.37
319.238
319.107
318.976
318.845
318.714
318.583
318.451
318.32
318.188
318.055
317.922
317.789
317.655
317.52
317.385
323.955
324.029
324.106
324.185
324.268
324.353
324.442
324.534
324.629
324.728
324.83
324.935
325.045
325.158
325.275
325.395
325.52
325.648
325.781
325.918
326.059
326.204
326.353
326.507
326.665
326.827
326.993
327.164
327.338
327.517
327.7
327.887
328.078
328.272
328.47
328.672
328.876
329.084
329.294
329.507
329.722
329.939
330.158
330.378
330.598
330.819
331.039
331.259
331.477
331.694
331.908
332.119
332.326
332.529
332.727
332.918
333.103
333.281
333.45
333.61
333.76
333.9
334.027
334.143
334.245
334.334
334.408
334.467
334.51
334.536
334.546
334.538
334.513
334.471
334.41
334.332
334.236
334.123
333.993
333.847
333.685
333.509
333.318
333.114
332.898
332.671
332.435
332.189
331.936
331.676
331.411
331.142
330.869
330.594
330.318
330.041
329.764
329.489
329.215
328.943
328.674
328.409
328.147
327.889
327.635
327.386
327.141
326.902
326.667
326.437
326.212
325.992
325.776
325.566
325.36
325.158
324.962
324.769
324.58
324.396
324.215
324.038
323.865
323.694
323.527
323.363
323.202
323.043
322.887
322.734
322.582
322.433
322.285
322.139
321.995
321.852
321.71
321.57
321.431
321.293
321.155
321.019
320.883
320.747
320.612
320.478
320.343
320.209
320.075
319.94
319.806
319.671
319.536
319.401
319.265
319.128
318.991
318.852
318.713
318.572
318.43
325.196
325.261
325.329
325.4
325.472
325.547
325.625
325.705
325.787
325.873
325.961
326.052
326.146
326.242
326.342
326.445
326.55
326.659
326.771
326.886
327.005
327.126
327.251
327.379
327.511
327.646
327.784
327.925
328.07
328.217
328.368
328.522
328.679
328.838
329.001
329.166
329.334
329.504
329.676
329.85
330.026
330.204
330.383
330.562
330.743
330.923
331.104
331.285
331.464
331.642
331.819
331.993
332.165
332.333
332.497
332.657
332.812
332.961
333.104
333.24
333.369
333.489
333.6
333.702
333.794
333.875
333.944
334.002
334.048
334.08
334.099
334.104
334.096
334.073
334.035
333.984
333.918
333.837
333.743
333.635
333.513
333.379
333.232
333.075
332.906
332.727
332.539
332.343
332.14
331.93
331.714
331.494
331.269
331.041
330.811
330.579
330.346
330.113
329.879
329.647
329.415
329.185
328.957
328.731
328.508
328.288
328.07
327.856
327.645
327.437
327.233
327.032
326.834
326.64
326.45
326.262
326.078
325.897
325.719
325.545
325.373
325.203
325.037
324.873
324.711
324.552
324.395
324.24
324.086
323.935
323.785
323.637
323.49
323.345
323.201
323.058
322.916
322.774
322.634
322.494
322.355
322.217
322.079
321.941
321.804
321.667
321.529
321.392
321.255
321.118
320.98
320.842
320.704
320.564
320.424
320.283
320.141
319.998
319.853
319.705
319.556
326.477
326.535
326.595
326.657
326.721
326.786
326.853
326.923
326.994
327.067
327.142
327.22
327.299
327.381
327.465
327.551
327.639
327.73
327.823
327.918
328.016
328.116
328.219
328.324
328.431
328.541
328.653
328.767
328.884
329.003
329.124
329.247
329.373
329.5
329.63
329.761
329.894
330.029
330.166
330.304
330.443
330.583
330.724
330.865
331.007
331.15
331.292
331.434
331.575
331.715
331.854
331.991
332.127
332.26
332.39
332.516
332.639
332.759
332.873
332.982
333.086
333.184
333.275
333.359
333.435
333.504
333.564
333.614
333.656
333.688
333.709
333.72
333.721
333.71
333.689
333.656
333.612
333.557
333.49
333.413
333.325
333.227
333.119
333.001
332.874
332.739
332.596
332.445
332.288
332.125
331.957
331.783
331.606
331.424
331.24
331.054
330.865
330.675
330.484
330.293
330.101
329.91
329.718
329.528
329.339
329.151
328.964
328.779
328.595
328.414
328.234
328.056
327.88
327.706
327.534
327.364
327.196
327.03
326.866
326.704
326.543
326.385
326.228
326.072
325.918
325.766
325.615
325.465
325.317
325.169
325.023
324.878
324.733
324.589
324.447
324.304
324.163
324.022
323.881
323.741
323.601
323.461
323.322
323.182
323.043
322.904
322.764
322.625
322.485
322.344
322.204
322.063
321.921
321.778
321.634
321.49
321.343
321.195
321.044
320.89
320.733
327.736
327.787
327.84
327.893
327.948
328.005
328.062
328.121
328.182
328.244
328.307
328.372
328.438
328.506
328.576
328.647
328.719
328.793
328.869
328.946
329.025
329.105
329.187
329.271
329.356
329.443
329.532
329.621
329.713
329.806
329.9
329.996
330.093
330.192
330.291
330.392
330.494
330.597
330.701
330.806
330.911
331.018
331.124
331.231
331.338
331.445
331.551
331.658
331.763
331.868
331.972
332.075
332.176
332.275
332.372
332.467
332.559
332.648
332.734
332.816
332.894
332.968
333.037
333.101
333.16
333.213
333.26
333.301
333.334
333.361
333.38
333.392
333.396
333.392
333.38
333.36
333.331
333.294
333.249
333.196
333.134
333.065
332.988
332.904
332.812
332.714
332.609
332.499
332.383
332.261
332.135
332.005
331.87
331.732
331.591
331.448
331.302
331.153
331.004
330.852
330.7
330.547
330.393
330.239
330.084
329.93
329.775
329.621
329.467
329.314
329.161
329.008
328.856
328.705
328.554
328.404
328.255
328.107
327.959
327.812
327.666
327.52
327.375
327.23
327.087
326.943
326.8
326.658
326.516
326.375
326.234
326.093
325.952
325.812
325.672
325.532
325.392
325.252
325.112
324.972
324.833
324.693
324.553
324.412
324.272
324.131
323.99
323.848
323.707
323.564
323.421
323.277
323.133
322.987
322.84
322.692
322.542
322.389
322.233
322.074
321.909
328.884
328.929
328.974
329.02
329.067
329.115
329.164
329.214
329.264
329.316
329.368
329.422
329.476
329.532
329.588
329.645
329.704
329.763
329.823
329.884
329.947
330.01
330.074
330.139
330.205
330.272
330.339
330.408
330.478
330.548
330.619
330.691
330.764
330.837
330.911
330.986
331.061
331.137
331.213
331.289
331.366
331.442
331.519
331.596
331.673
331.749
331.825
331.901
331.976
332.05
332.123
332.196
332.267
332.336
332.405
332.471
332.535
332.598
332.658
332.715
332.77
332.821
332.87
332.915
332.956
332.993
333.026
333.055
333.08
333.099
333.114
333.123
333.127
333.125
333.118
333.105
333.086
333.062
333.032
332.996
332.954
332.907
332.854
332.795
332.732
332.663
332.59
332.512
332.429
332.342
332.252
332.158
332.06
331.959
331.856
331.749
331.64
331.529
331.416
331.301
331.185
331.066
330.947
330.826
330.704
330.581
330.457
330.332
330.206
330.08
329.953
329.826
329.698
329.57
329.441
329.311
329.182
329.051
328.921
328.79
328.659
328.527
328.396
328.263
328.131
327.998
327.865
327.731
327.597
327.463
327.329
327.194
327.058
326.923
326.786
326.65
326.513
326.376
326.238
326.1
325.961
325.822
325.682
325.542
325.401
325.26
325.118
324.976
324.832
324.689
324.544
324.398
324.252
324.104
323.955
323.804
323.651
323.495
323.335
323.171
323
329.807
329.846
329.885
329.925
329.965
330.006
330.047
330.089
330.132
330.175
330.218
330.262
330.307
330.352
330.398
330.444
330.491
330.538
330.586
330.635
330.683
330.733
330.783
330.833
330.884
330.935
330.986
331.038
331.091
331.144
331.197
331.25
331.304
331.357
331.411
331.466
331.52
331.574
331.629
331.683
331.737
331.792
331.846
331.899
331.953
332.006
332.058
332.11
332.161
332.212
332.262
332.311
332.359
332.405
332.451
332.495
332.538
332.579
332.618
332.656
332.692
332.725
332.757
332.786
332.813
332.837
332.858
332.877
332.892
332.904
332.913
332.919
332.921
332.919
332.914
332.905
332.892
332.876
332.855
332.83
332.802
332.77
332.734
332.694
332.65
332.603
332.552
332.498
332.441
332.38
332.316
332.249
332.18
332.107
332.032
331.955
331.875
331.792
331.708
331.621
331.533
331.442
331.35
331.256
331.16
331.062
330.963
330.862
330.76
330.657
330.551
330.445
330.337
330.228
330.118
330.006
329.893
329.779
329.664
329.547
329.43
329.311
329.191
329.07
328.948
328.825
328.701
328.576
328.45
328.323
328.195
328.066
327.936
327.805
327.673
327.541
327.407
327.273
327.138
327.002
326.865
326.727
326.588
326.449
326.309
326.168
326.026
325.883
325.739
325.595
325.449
325.303
325.155
325.006
324.855
324.703
324.548
324.39
324.228
324.06
323.884
330.362
330.397
330.432
330.468
330.504
330.541
330.578
330.615
330.652
330.69
330.728
330.767
330.805
330.844
330.883
330.923
330.963
331.003
331.043
331.084
331.125
331.166
331.207
331.249
331.29
331.332
331.374
331.416
331.458
331.5
331.543
331.585
331.627
331.67
331.712
331.754
331.796
331.838
331.88
331.921
331.962
332.003
332.044
332.084
332.124
332.163
332.201
332.239
332.277
332.313
332.349
332.384
332.418
332.452
332.484
332.515
332.545
332.573
332.6
332.626
332.651
332.673
332.695
332.714
332.732
332.747
332.761
332.773
332.782
332.79
332.795
332.798
332.798
332.796
332.791
332.783
332.773
332.76
332.745
332.726
332.705
332.681
332.654
332.625
332.592
332.557
332.519
332.479
332.436
332.39
332.342
332.291
332.237
332.181
332.123
332.062
331.999
331.934
331.866
331.796
331.724
331.65
331.574
331.496
331.415
331.333
331.248
331.162
331.074
330.984
330.892
330.798
330.702
330.605
330.506
330.405
330.302
330.198
330.092
329.984
329.875
329.764
329.652
329.538
329.423
329.306
329.188
329.068
328.947
328.825
328.701
328.576
328.45
328.323
328.194
328.064
327.933
327.801
327.667
327.533
327.397
327.261
327.123
326.985
326.845
326.704
326.563
326.42
326.276
326.132
325.986
325.839
325.691
325.541
325.39
325.237
325.081
324.922
324.759
324.589
324.411
310.307
310.031
309.76
309.496
309.238
308.988
308.745
308.51
308.283
308.062
307.848
307.639
307.435
307.236
307.04
306.847
306.656
306.466
306.277
306.089
305.9
305.71
305.519
305.326
305.131
304.934
304.735
304.533
304.328
304.121
303.911
303.699
303.485
303.269
303.052
302.835
302.618
302.402
302.188
301.978
301.773
301.575
301.386
301.209
301.045
300.897
300.768
300.661
300.577
300.52
300.491
310.308
310.031
309.761
309.496
309.238
308.988
308.746
308.511
308.283
308.062
307.848
307.639
307.436
307.236
307.04
306.847
306.656
306.466
306.278
306.089
305.9
305.71
305.519
305.326
305.132
304.935
304.735
304.534
304.329
304.122
303.912
303.7
303.486
303.27
303.053
302.835
302.618
302.402
302.188
301.978
301.774
301.576
301.387
301.209
301.045
300.897
300.768
300.661
300.577
300.52
300.491
310.309
310.032
309.761
309.497
309.239
308.989
308.746
308.511
308.284
308.063
307.849
307.64
307.436
307.237
307.041
306.848
306.657
306.467
306.278
306.09
305.901
305.711
305.52
305.327
305.133
304.936
304.737
304.535
304.33
304.123
303.913
303.701
303.487
303.271
303.054
302.837
302.619
302.403
302.19
301.98
301.775
301.577
301.388
301.21
301.046
300.898
300.769
300.661
300.578
300.52
300.492
310.31
310.034
309.763
309.498
309.24
308.99
308.748
308.513
308.285
308.064
307.85
307.641
307.438
307.238
307.042
306.849
306.658
306.469
306.28
306.091
305.902
305.713
305.522
305.329
305.135
304.938
304.738
304.537
304.332
304.125
303.915
303.703
303.489
303.273
303.056
302.839
302.622
302.406
302.192
301.982
301.777
301.579
301.39
301.212
301.048
300.899
300.77
300.662
300.578
300.521
300.492
310.312
310.036
309.765
309.5
309.243
308.992
308.75
308.515
308.287
308.066
307.852
307.643
307.44
307.24
307.044
306.851
306.66
306.471
306.282
306.094
305.905
305.715
305.524
305.332
305.137
304.941
304.741
304.54
304.335
304.128
303.919
303.707
303.493
303.277
303.06
302.842
302.625
302.409
302.195
301.985
301.78
301.582
301.392
301.214
301.05
300.901
300.772
300.664
300.58
300.522
300.493
310.315
310.039
309.768
309.503
309.246
308.995
308.753
308.518
308.29
308.069
307.855
307.646
307.443
307.243
307.047
306.854
306.664
306.474
306.286
306.097
305.909
305.719
305.528
305.336
305.142
304.945
304.746
304.544
304.34
304.133
303.924
303.712
303.498
303.282
303.065
302.848
302.63
302.414
302.2
301.99
301.784
301.586
301.396
301.218
301.053
300.904
300.774
300.666
300.581
300.524
300.495
310.32
310.044
309.773
309.508
309.25
309
308.757
308.522
308.294
308.074
307.859
307.65
307.447
307.248
307.052
306.859
306.668
306.479
306.291
306.102
305.914
305.725
305.534
305.342
305.148
304.951
304.752
304.551
304.347
304.14
303.931
303.719
303.505
303.289
303.073
302.855
302.637
302.421
302.207
301.996
301.79
301.591
301.401
301.222
301.057
300.908
300.777
300.668
300.584
300.526
300.496
310.326
310.05
309.779
309.514
309.256
309.005
308.763
308.528
308.3
308.079
307.865
307.656
307.453
307.254
307.058
306.865
306.675
306.486
306.297
306.109
305.921
305.732
305.542
305.35
305.156
304.96
304.761
304.56
304.356
304.15
303.94
303.729
303.515
303.299
303.082
302.865
302.647
302.43
302.216
302.005
301.799
301.599
301.408
301.229
301.063
300.913
300.782
300.672
300.587
300.528
300.499
310.334
310.058
309.787
309.522
309.264
309.013
308.771
308.535
308.308
308.087
307.873
307.664
307.461
307.262
307.066
306.874
306.683
306.495
306.307
306.119
305.931
305.742
305.552
305.361
305.167
304.971
304.773
304.572
304.369
304.162
303.953
303.742
303.528
303.313
303.096
302.878
302.66
302.443
302.228
302.016
301.809
301.609
301.418
301.237
301.07
300.919
300.787
300.677
300.591
300.532
300.502
310.345
310.069
309.798
309.533
309.275
309.024
308.781
308.546
308.318
308.097
307.883
307.675
307.471
307.272
307.077
306.885
306.695
306.506
306.319
306.131
305.944
305.755
305.566
305.375
305.182
304.986
304.788
304.588
304.385
304.179
303.97
303.759
303.545
303.33
303.112
302.894
302.676
302.459
302.243
302.031
301.823
301.622
301.429
301.247
301.079
300.927
300.794
300.682
300.595
300.536
300.506
310.359
310.083
309.812
309.547
309.288
309.038
308.795
308.559
308.332
308.111
307.897
307.688
307.485
307.286
307.091
306.899
306.71
306.522
306.334
306.148
305.96
305.773
305.584
305.393
305.2
305.006
304.808
304.608
304.405
304.2
303.991
303.78
303.567
303.351
303.134
302.916
302.697
302.479
302.262
302.049
301.84
301.638
301.444
301.26
301.091
300.937
300.802
300.689
300.601
300.541
300.51
310.377
310.102
309.83
309.565
309.306
309.055
308.812
308.577
308.349
308.128
307.914
307.706
307.503
307.304
307.11
306.918
306.729
306.541
306.354
306.168
305.982
305.794
305.606
305.416
305.224
305.03
304.833
304.634
304.431
304.226
304.018
303.807
303.594
303.378
303.161
302.942
302.723
302.504
302.286
302.072
301.861
301.657
301.462
301.277
301.105
300.949
300.813
300.698
300.609
300.547
300.516
310.401
310.125
309.854
309.588
309.329
309.078
308.834
308.599
308.371
308.15
307.936
307.728
307.526
307.327
307.133
306.942
306.753
306.566
306.38
306.194
306.008
305.822
305.634
305.445
305.254
305.06
304.864
304.665
304.464
304.259
304.051
303.84
303.627
303.411
303.193
302.974
302.754
302.534
302.316
302.1
301.887
301.681
301.484
301.296
301.122
300.964
300.825
300.709
300.618
300.555
300.523
310.43
310.155
309.883
309.617
309.358
309.106
308.863
308.627
308.399
308.179
307.964
307.757
307.554
307.356
307.162
306.971
306.783
306.597
306.411
306.226
306.042
305.856
305.669
305.481
305.291
305.098
304.903
304.705
304.503
304.299
304.092
303.881
303.668
303.452
303.234
303.014
302.793
302.572
302.351
302.133
301.919
301.711
301.51
301.32
301.143
300.982
300.841
300.722
300.629
300.564
300.531
310.468
310.193
309.921
309.654
309.394
309.142
308.898
308.663
308.434
308.214
308
307.792
307.589
307.392
307.198
307.008
306.821
306.635
306.45
306.266
306.082
305.898
305.712
305.525
305.335
305.144
304.949
304.752
304.552
304.348
304.141
303.931
303.717
303.501
303.282
303.061
302.839
302.617
302.394
302.174
301.957
301.746
301.542
301.349
301.168
301.004
300.859
300.737
300.642
300.575
300.541
310.515
310.24
309.967
309.7
309.439
309.187
308.943
308.706
308.478
308.257
308.043
307.835
307.633
307.436
307.243
307.053
306.866
306.681
306.498
306.315
306.132
305.948
305.764
305.578
305.39
305.199
305.006
304.809
304.61
304.407
304.2
303.99
303.777
303.56
303.341
303.119
302.895
302.671
302.446
302.223
302.003
301.788
301.58
301.383
301.198
301.03
300.881
300.756
300.657
300.589
300.553
310.573
310.298
310.024
309.756
309.495
309.242
308.997
308.76
308.532
308.31
308.096
307.888
307.686
307.49
307.297
307.108
306.922
306.738
306.556
306.374
306.192
306.01
305.826
305.642
305.455
305.266
305.074
304.878
304.68
304.477
304.271
304.061
303.848
303.631
303.41
303.187
302.962
302.735
302.507
302.281
302.057
301.838
301.626
301.423
301.234
301.061
300.907
300.778
300.675
300.604
300.568
310.645
310.369
310.094
309.825
309.563
309.309
309.064
308.826
308.597
308.375
308.161
307.953
307.751
307.555
307.363
307.175
306.989
306.806
306.625
306.444
306.264
306.083
305.901
305.718
305.533
305.345
305.154
304.96
304.763
304.561
304.355
304.146
303.932
303.714
303.493
303.268
303.04
302.811
302.58
302.35
302.122
301.897
301.68
301.472
301.276
301.097
300.938
300.804
300.697
300.623
300.584
310.733
310.455
310.18
309.91
309.646
309.391
309.145
308.906
308.676
308.454
308.239
308.031
307.83
307.633
307.442
307.254
307.07
306.888
306.708
306.529
306.35
306.171
305.991
305.809
305.626
305.44
305.25
305.057
304.861
304.66
304.455
304.245
304.031
303.813
303.59
303.364
303.134
302.901
302.666
302.431
302.198
301.967
301.743
301.528
301.326
301.14
300.975
300.834
300.723
300.645
300.604
310.839
310.561
310.283
310.012
309.747
309.491
309.243
309.003
308.772
308.549
308.334
308.125
307.923
307.727
307.536
307.349
307.166
306.985
306.807
306.629
306.452
306.274
306.096
305.917
305.735
305.551
305.363
305.172
304.976
304.777
304.572
304.363
304.148
303.929
303.705
303.476
303.243
303.006
302.767
302.527
302.287
302.05
301.818
301.595
301.385
301.191
301.018
300.87
300.753
300.671
300.628
310.968
310.688
310.408
310.135
309.868
309.61
309.36
309.119
308.887
308.663
308.446
308.238
308.035
307.839
307.649
307.462
307.28
307.1
306.923
306.747
306.572
306.397
306.221
306.043
305.864
305.681
305.496
305.306
305.112
304.913
304.709
304.5
304.285
304.065
303.839
303.607
303.371
303.13
302.885
302.639
302.391
302.146
301.906
301.674
301.454
301.25
301.068
300.913
300.789
300.701
300.656
311.123
310.84
310.558
310.282
310.013
309.752
309.501
309.258
309.024
308.798
308.581
308.371
308.168
307.972
307.782
307.596
307.414
307.236
307.061
306.887
306.713
306.54
306.366
306.191
306.014
305.834
305.65
305.463
305.27
305.072
304.869
304.66
304.444
304.223
303.995
303.76
303.519
303.273
303.023
302.769
302.514
302.259
302.008
301.765
301.534
301.32
301.127
300.962
300.83
300.737
300.689
311.307
311.021
310.736
310.457
310.185
309.922
309.668
309.422
309.186
308.959
308.74
308.529
308.325
308.129
307.938
307.753
307.573
307.396
307.222
307.05
306.878
306.708
306.536
306.364
306.189
306.012
305.83
305.644
305.453
305.257
305.054
304.845
304.629
304.406
304.175
303.937
303.692
303.44
303.183
302.921
302.656
302.39
302.128
301.872
301.628
301.401
301.196
301.02
300.879
300.779
300.727
311.527
311.237
310.948
310.665
310.39
310.123
309.866
309.617
309.379
309.149
308.928
308.715
308.511
308.313
308.123
307.938
307.758
307.582
307.41
307.24
307.071
306.902
306.734
306.564
306.392
306.217
306.038
305.854
305.665
305.47
305.268
305.059
304.842
304.617
304.384
304.142
303.892
303.634
303.368
303.096
302.82
302.543
302.267
301.997
301.738
301.496
301.277
301.088
300.936
300.828
300.772
311.787
311.492
311.199
310.912
310.632
310.361
310.1
309.848
309.605
309.372
309.149
308.934
308.728
308.53
308.338
308.154
307.974
307.8
307.629
307.46
307.294
307.128
306.962
306.795
306.626
306.454
306.278
306.096
305.909
305.715
305.514
305.305
305.087
304.86
304.624
304.378
304.122
303.856
303.581
303.299
303.011
302.719
302.428
302.142
301.866
301.607
301.372
301.168
301.003
300.886
300.824
312.093
311.792
311.494
311.201
310.917
310.641
310.375
310.119
309.872
309.635
309.408
309.191
308.982
308.782
308.59
308.405
308.226
308.052
307.882
307.716
307.551
307.388
307.225
307.061
306.895
306.726
306.552
306.373
306.187
305.995
305.795
305.585
305.367
305.138
304.898
304.648
304.385
304.111
303.827
303.532
303.23
302.923
302.615
302.31
302.015
301.736
301.481
301.26
301.081
300.953
300.886
312.453
312.145
311.84
311.542
311.251
310.97
310.698
310.436
310.184
309.943
309.712
309.491
309.279
309.077
308.883
308.696
308.517
308.343
308.175
308.01
307.848
307.687
307.526
307.365
307.202
307.036
306.865
306.688
306.504
306.313
306.114
305.904
305.685
305.454
305.211
304.955
304.685
304.403
304.107
303.8
303.482
303.158
302.83
302.504
302.187
301.885
301.609
301.368
301.171
301.032
300.957
312.874
312.558
312.245
311.94
311.642
311.354
311.075
310.807
310.549
310.302
310.066
309.84
309.624
309.418
309.222
309.033
308.853
308.679
308.511
308.347
308.186
308.028
307.87
307.711
307.551
307.387
307.219
307.044
306.863
306.673
306.474
306.265
306.044
305.811
305.564
305.302
305.026
304.734
304.426
304.105
303.771
303.427
303.077
302.728
302.386
302.059
301.758
301.493
301.277
301.123
301.041
313.364
313.038
312.717
312.403
312.098
311.801
311.515
311.239
310.974
310.719
310.476
310.245
310.024
309.813
309.613
309.422
309.239
309.064
308.896
308.732
308.572
308.415
308.259
308.103
307.945
307.784
307.617
307.445
307.265
307.076
306.878
306.669
306.447
306.211
305.961
305.694
305.41
305.108
304.788
304.451
304.099
303.734
303.361
302.985
302.615
302.259
301.93
301.638
301.4
301.229
301.137
313.932
313.594
313.263
312.94
312.625
312.32
312.024
311.739
311.465
311.203
310.952
310.713
310.485
310.269
310.063
309.868
309.682
309.504
309.334
309.169
309.009
308.853
308.698
308.543
308.387
308.227
308.062
307.891
307.713
307.526
307.328
307.118
306.895
306.658
306.403
306.131
305.839
305.527
305.194
304.841
304.47
304.082
303.683
303.279
302.878
302.49
302.128
301.807
301.543
301.353
301.249
314.584
314.234
313.892
313.558
313.233
312.918
312.612
312.317
312.032
311.76
311.499
311.251
311.015
310.79
310.578
310.376
310.185
310.003
309.83
309.663
309.501
309.344
309.188
309.034
308.878
308.719
308.555
308.385
308.208
308.021
307.824
307.614
307.39
307.15
306.892
306.614
306.315
305.993
305.648
305.279
304.887
304.476
304.049
303.614
303.179
302.755
302.357
302.002
301.709
301.495
301.378
315.329
314.965
314.611
314.266
313.929
313.602
313.285
312.978
312.682
312.398
312.126
311.866
311.619
311.385
311.164
310.954
310.755
310.567
310.388
310.216
310.051
309.891
309.733
309.577
309.421
309.261
309.097
308.927
308.749
308.562
308.365
308.154
307.929
307.687
307.426
307.144
306.838
306.506
306.149
305.764
305.352
304.917
304.462
303.993
303.521
303.058
302.62
302.228
301.901
301.66
301.526
316.169
315.792
315.425
315.068
314.719
314.379
314.048
313.728
313.419
313.121
312.836
312.564
312.304
312.058
311.825
311.604
311.396
311.198
311.011
310.832
310.661
310.495
310.333
310.174
310.013
309.851
309.685
309.513
309.334
309.147
308.948
308.737
308.51
308.266
308.002
307.716
307.404
307.065
306.696
306.296
305.866
305.406
304.922
304.419
303.909
303.404
302.923
302.487
302.121
301.847
301.695
317.106
316.716
316.336
315.965
315.603
315.249
314.905
314.57
314.246
313.934
313.634
313.347
313.072
312.812
312.564
312.33
312.108
311.899
311.7
311.511
311.33
311.156
310.987
310.82
310.654
310.487
310.316
310.141
309.959
309.769
309.568
309.355
309.127
308.881
308.615
308.325
308.009
307.663
307.284
306.872
306.424
305.943
305.43
304.894
304.343
303.794
303.266
302.782
302.37
302.06
301.885
318.134
317.732
317.34
316.955
316.579
316.21
315.851
315.501
315.161
314.833
314.516
314.212
313.92
313.643
313.378
313.128
312.89
312.665
312.452
312.249
312.055
311.869
311.689
311.512
311.337
311.162
310.984
310.803
310.616
310.421
310.217
310.001
309.771
309.523
309.254
308.962
308.642
308.291
307.906
307.483
307.021
306.52
305.982
305.413
304.824
304.229
303.65
303.114
302.652
302.299
302.098
319.242
318.827
318.421
318.023
317.632
317.248
316.873
316.507
316.151
315.805
315.47
315.148
314.838
314.541
314.258
313.988
313.732
313.488
313.257
313.036
312.826
312.624
312.429
312.239
312.052
311.865
311.677
311.487
311.292
311.091
310.882
310.662
310.428
310.178
309.907
309.613
309.291
308.937
308.547
308.117
307.644
307.127
306.568
305.97
305.343
304.703
304.073
303.481
302.963
302.563
302.331
320.399
319.972
319.552
319.14
318.734
318.336
317.946
317.563
317.19
316.826
316.473
316.131
315.802
315.485
315.181
314.89
314.612
314.347
314.095
313.854
313.624
313.404
313.191
312.983
312.78
312.579
312.378
312.176
311.971
311.761
311.545
311.319
311.08
310.827
310.554
310.259
309.936
309.581
309.189
308.756
308.276
307.748
307.171
306.549
305.889
305.208
304.526
303.877
303.3
302.847
302.58
321.556
321.116
320.683
320.257
319.837
319.425
319.019
318.621
318.232
317.851
317.48
317.119
316.77
316.432
316.107
315.794
315.495
315.207
314.933
314.669
314.417
314.175
313.942
313.715
313.493
313.275
313.059
312.843
312.626
312.405
312.179
311.946
311.702
311.444
311.169
310.873
310.55
310.196
309.805
309.371
308.889
308.356
307.768
307.128
306.441
305.723
304.994
304.289
303.652
303.143
302.838
322.628
322.176
321.731
321.293
320.861
320.436
320.017
319.605
319.201
318.805
318.418
318.041
317.674
317.317
316.972
316.639
316.318
316.009
315.712
315.427
315.153
314.889
314.635
314.388
314.147
313.911
313.678
313.447
313.216
312.984
312.749
312.507
312.257
311.995
311.717
311.42
311.098
310.746
310.357
309.926
309.447
308.912
308.32
307.669
306.964
306.216
305.448
304.693
303.999
303.435
303.09
323.498
323.037
322.582
322.134
321.692
321.257
320.828
320.405
319.99
319.582
319.183
318.792
318.411
318.039
317.679
317.329
316.99
316.664
316.348
316.044
315.752
315.469
315.197
314.932
314.674
314.422
314.175
313.931
313.688
313.445
313.201
312.952
312.696
312.43
312.15
311.852
311.531
311.182
310.798
310.371
309.896
309.365
308.774
308.119
307.404
306.639
305.842
305.048
304.306
303.692
303.308
324.016
323.549
323.088
322.634
322.187
321.746
321.311
320.882
320.46
320.046
319.639
319.241
318.851
318.471
318.101
317.741
317.393
317.055
316.728
316.413
316.109
315.815
315.531
315.255
314.987
314.725
314.469
314.216
313.966
313.717
313.467
313.213
312.954
312.685
312.404
312.107
311.787
311.44
311.059
310.637
310.167
309.641
309.053
308.4
307.683
306.91
306.099
305.283
304.511
303.863
303.452
)
;

boundaryField
{
    inlet
    {
        type            fixedValue;
        value           uniform 300;
    }
    outlet
    {
        type            zeroGradient;
    }
    top
    {
        type            zeroGradient;
    }
    slip-bottom
    {
        type            zeroGradient;
    }
    bottom
    {
        type            zeroGradient;
    }
    interface
    {
        type            fixedGradient;
        gradient        nonuniform List<scalar> 
161
(
2999.99
2999.99
2999.99
2999.99
2999.99
2999.99
2999.99
2999.99
2999.99
2999.99
2999.99
2999.99
2999.99
2999.99
2999.99
2999.99
2999.99
2999.99
2999.99
2999.99
2.13163e-12
2.13163e-12
2.13163e-12
2.13163e-12
2.13163e-12
2.13163e-12
2.13163e-12
2.13163e-12
2.13163e-12
2.13163e-12
2.13163e-12
2.13163e-12
2.13163e-12
2.13163e-12
2.13163e-12
2.13163e-12
2.13163e-12
2.13163e-12
2.13163e-12
2.13163e-12
2.55795e-13
2.55795e-13
2.55795e-13
2.55795e-13
2.55795e-13
2.55795e-13
2.55795e-13
2.55795e-13
2.55795e-13
2.55795e-13
2.55795e-13
2.55795e-13
2.55795e-13
2.55795e-13
2.55795e-13
2.55795e-13
-1.42109e-13
-1.42109e-13
-1.42109e-13
-1.42109e-13
-1.42109e-13
-1.42109e-13
-1.42109e-13
-1.42109e-13
-1.42109e-13
-1.42109e-13
-1.42109e-13
-1.42109e-13
-1.42109e-13
-1.42109e-13
-1.42109e-13
5.68434e-14
5.68434e-14
5.68434e-14
5.68434e-14
5.68434e-14
5.68434e-14
5.68434e-14
5.68434e-14
5.68434e-14
5.68434e-14
5.68434e-14
5.68434e-14
8.52651e-14
8.52651e-14
8.52651e-14
8.52651e-14
8.52651e-14
8.52651e-14
8.52651e-14
8.52651e-14
8.52651e-14
8.52651e-14
8.52651e-14
-2.84217e-13
-2.84217e-13
-2.84217e-13
-2.84217e-13
-2.84217e-13
-2.84217e-13
-2.84217e-13
-2.84217e-13
-2.84217e-13
-2.84217e-13
6.25278e-13
6.25278e-13
6.25278e-13
6.25278e-13
6.25278e-13
6.25278e-13
6.25278e-13
6.25278e-13
6.25278e-13
1.90425e-12
1.90425e-12
1.90425e-12
1.90425e-12
1.90425e-12
1.90425e-12
1.90425e-12
1.90425e-12
4.26326e-13
4.26326e-13
4.26326e-13
4.26326e-13
4.26326e-13
4.26326e-13
4.26326e-13
4.26326e-13
6.25278e-13
6.25278e-13
6.25278e-13
6.25278e-13
6.25278e-13
6.25278e-13
6.25278e-13
5.68434e-14
5.68434e-14
5.68434e-14
5.68434e-14
5.68434e-14
5.68434e-14
5.68434e-14
1.25056e-12
1.25056e-12
1.25056e-12
1.25056e-12
1.25056e-12
1.25056e-12
6.53699e-13
6.53699e-13
6.53699e-13
6.53699e-13
6.53699e-13
6.53699e-13
-7.67386e-13
-7.67386e-13
-7.67386e-13
-7.67386e-13
-7.67386e-13
-7.67386e-13
)
;
    }
    defaultFaces
    {
        type            empty;
    }
}


// ************************************************************************* //
