/*--------------------------------*- C++ -*----------------------------------*\
  =========                 |
  \\      /  F ield         | OpenFOAM: The Open Source CFD Toolbox
   \\    /   O peration     | Website:  https://openfoam.org
    \\  /    A nd           | Version:  7
     \\/     M anipulation  |
\*---------------------------------------------------------------------------*/
FoamFile
{
    version     2.0;
    format      ascii;
    class       volScalarField;
    location    "7.29";
    object      T;
}
// * * * * * * * * * * * * * * * * * * * * * * * * * * * * * * * * * * * * * //

dimensions      [0 0 0 1 0 0 0];

internalField   nonuniform List<scalar> 
12013
(
300.12
300.362
300.61
300.863
301.117
301.371
301.624
301.874
302.121
302.363
302.6
302.831
303.055
303.273
303.484
303.688
303.885
304.075
304.258
304.435
304.605
304.769
304.928
305.08
305.228
305.37
305.508
305.642
305.772
305.898
306.022
306.143
306.262
306.379
306.496
306.612
306.729
306.847
306.968
307.091
307.219
307.352
307.492
307.641
307.799
307.969
308.153
308.352
308.57
308.81
309.073
309.364
309.685
310.042
310.437
310.876
311.364
311.906
312.508
313.177
313.92
314.745
315.66
316.674
317.798
319.044
320.422
321.948
323.637
325.507
327.577
329.872
332.419
335.252
338.411
341.949
345.935
350.466
355.688
361.844
369.398
300.12
300.362
300.611
300.863
301.117
301.371
301.624
301.875
302.122
302.364
302.601
302.832
303.057
303.275
303.486
303.69
303.887
304.077
304.26
304.437
304.608
304.772
304.93
305.083
305.23
305.373
305.511
305.645
305.775
305.901
306.025
306.145
306.264
306.382
306.499
306.615
306.732
306.85
306.97
307.094
307.221
307.355
307.495
307.643
307.801
307.971
308.154
308.354
308.572
308.811
309.074
309.364
309.685
310.041
310.436
310.874
311.361
311.903
312.504
313.172
313.913
314.736
315.649
316.661
317.782
319.023
320.397
321.918
323.599
325.46
327.52
329.801
332.329
335.136
338.261
341.749
345.661
350.073
355.085
360.822
367.395
300.12
300.363
300.611
300.864
301.118
301.373
301.626
301.877
302.124
302.367
302.604
302.835
303.06
303.278
303.49
303.694
303.891
304.082
304.265
304.442
304.613
304.777
304.935
305.088
305.236
305.378
305.516
305.65
305.78
305.907
306.03
306.151
306.27
306.388
306.504
306.62
306.737
306.855
306.976
307.099
307.226
307.359
307.499
307.647
307.805
307.975
308.158
308.357
308.574
308.813
309.075
309.365
309.685
310.04
310.433
310.87
311.356
311.895
312.494
313.159
313.897
314.716
315.625
316.631
317.745
318.978
320.342
321.85
323.517
325.359
327.394
329.644
332.132
334.887
337.939
341.326
345.091
349.283
353.947
359.113
364.742
300.12
300.363
300.612
300.865
301.12
301.375
301.629
301.88
302.128
302.371
302.609
302.841
303.066
303.285
303.496
303.701
303.899
304.089
304.273
304.45
304.621
304.785
304.944
305.097
305.245
305.388
305.526
305.66
305.79
305.916
306.04
306.161
306.28
306.397
306.514
306.63
306.746
306.864
306.984
307.108
307.235
307.368
307.507
307.655
307.812
307.981
308.164
308.362
308.579
308.816
309.077
309.366
309.685
310.038
310.429
310.864
311.347
311.883
312.478
313.138
313.871
314.684
315.584
316.582
317.685
318.905
320.252
321.741
323.383
325.194
327.191
329.392
331.817
334.489
337.433
340.673
344.235
348.141
352.4
356.993
361.849
300.12
300.364
300.614
300.868
301.123
301.379
301.634
301.886
302.134
302.378
302.616
302.848
303.074
303.294
303.506
303.711
303.909
304.1
304.285
304.462
304.633
304.798
304.957
305.11
305.258
305.401
305.539
305.673
305.804
305.93
306.054
306.175
306.294
306.411
306.527
306.643
306.76
306.878
306.997
307.12
307.247
307.38
307.518
307.665
307.822
307.99
308.172
308.37
308.585
308.821
309.081
309.367
309.684
310.035
310.424
310.855
311.333
311.865
312.454
313.108
313.833
314.637
315.526
316.51
317.597
318.798
320.123
321.582
323.19
324.958
326.901
329.035
331.376
333.939
336.742
339.799
343.121
346.711
350.558
354.629
358.856
300.121
300.366
300.616
300.871
301.128
301.384
301.64
301.893
302.142
302.387
302.626
302.859
303.086
303.306
303.519
303.725
303.924
304.116
304.301
304.479
304.65
304.816
304.975
305.129
305.277
305.42
305.558
305.693
305.823
305.95
306.073
306.194
306.313
306.43
306.546
306.662
306.779
306.896
307.016
307.138
307.264
307.396
307.534
307.681
307.837
308.004
308.184
308.38
308.594
308.829
309.086
309.37
309.684
310.031
310.416
310.843
311.316
311.84
312.422
313.068
313.782
314.573
315.447
316.414
317.48
318.655
319.948
321.371
322.933
324.645
326.52
328.57
330.805
333.237
335.875
338.725
341.789
345.057
348.512
352.119
355.825
300.121
300.367
300.619
300.875
301.133
301.391
301.648
301.902
302.153
302.399
302.639
302.874
303.102
303.323
303.537
303.744
303.944
304.136
304.322
304.501
304.673
304.839
304.999
305.153
305.301
305.445
305.584
305.718
305.849
305.975
306.099
306.22
306.339
306.456
306.572
306.688
306.804
306.921
307.04
307.161
307.287
307.418
307.556
307.701
307.856
308.022
308.201
308.395
308.607
308.838
309.093
309.374
309.684
310.027
310.406
310.827
311.293
311.809
312.382
313.015
313.716
314.491
315.346
316.289
317.328
318.471
319.726
321.102
322.608
324.253
326.046
327.995
330.108
332.392
334.85
337.481
340.281
343.238
346.33
349.527
352.791
300.122
300.37
300.623
300.881
301.14
301.4
301.658
301.914
302.167
302.414
302.657
302.893
303.122
303.345
303.56
303.768
303.969
304.163
304.349
304.529
304.702
304.869
305.029
305.184
305.333
305.477
305.616
305.751
305.882
306.009
306.132
306.253
306.372
306.489
306.605
306.72
306.836
306.952
307.071
307.192
307.317
307.447
307.583
307.727
307.881
308.045
308.222
308.414
308.623
308.852
309.103
309.38
309.685
310.022
310.395
310.808
311.265
311.771
312.331
312.95
313.634
314.389
315.22
316.136
317.142
318.246
319.454
320.775
322.214
323.78
325.479
327.316
329.295
331.42
333.688
336.098
338.639
341.3
344.061
346.897
349.779
300.123
300.372
300.628
300.888
301.149
301.411
301.672
301.93
302.184
302.434
302.678
302.916
303.148
303.372
303.589
303.799
304.001
304.196
304.384
304.565
304.739
304.907
305.068
305.224
305.374
305.518
305.658
305.793
305.924
306.051
306.175
306.296
306.414
306.531
306.647
306.762
306.877
306.993
307.111
307.231
307.355
307.484
307.619
307.761
307.913
308.075
308.249
308.438
308.644
308.869
309.116
309.388
309.687
310.017
310.382
310.786
311.232
311.725
312.27
312.872
313.535
314.266
315.07
315.952
316.92
317.977
319.132
320.389
321.754
323.232
324.827
326.542
328.379
330.338
332.416
334.606
336.901
339.287
341.748
344.263
346.81
300.124
300.376
300.634
300.896
301.16
301.425
301.688
301.949
302.206
302.459
302.705
302.946
303.179
303.406
303.625
303.837
304.041
304.238
304.428
304.61
304.786
304.954
305.117
305.273
305.424
305.569
305.71
305.845
305.976
306.104
306.228
306.349
306.467
306.584
306.699
306.814
306.928
307.043
307.16
307.28
307.402
307.53
307.663
307.804
307.953
308.112
308.284
308.47
308.672
308.892
309.134
309.399
309.691
310.013
310.369
310.761
311.195
311.673
312.2
312.781
313.421
314.124
314.895
315.739
316.662
317.668
318.762
319.948
321.231
322.614
324.098
325.686
327.378
329.17
331.059
333.039
335.101
337.233
339.422
341.652
343.904
300.125
300.38
300.641
300.907
301.174
301.442
301.709
301.973
302.233
302.489
302.739
302.982
303.219
303.448
303.67
303.884
304.091
304.289
304.481
304.665
304.843
305.013
305.177
305.334
305.486
305.632
305.773
305.91
306.041
306.169
306.293
306.414
306.533
306.649
306.764
306.878
306.992
307.106
307.222
307.34
307.461
307.587
307.719
307.857
308.003
308.16
308.328
308.51
308.707
308.922
309.157
309.416
309.699
310.012
310.356
310.736
311.154
311.614
312.122
312.679
313.291
313.962
314.697
315.498
316.372
317.32
318.348
319.459
320.654
321.936
323.307
324.765
326.31
327.938
329.646
331.426
333.271
335.171
337.114
339.088
341.08
300.127
300.386
300.65
300.92
301.191
301.463
301.733
302.002
302.266
302.525
302.779
303.026
303.266
303.499
303.724
303.941
304.151
304.352
304.546
304.733
304.912
305.084
305.25
305.409
305.562
305.71
305.851
305.988
306.121
306.249
306.373
306.494
306.613
306.729
306.843
306.957
307.07
307.183
307.298
307.414
307.534
307.658
307.787
307.922
308.066
308.219
308.383
308.56
308.752
308.961
309.189
309.439
309.713
310.014
310.346
310.71
311.111
311.552
312.037
312.568
313.149
313.785
314.479
315.234
316.053
316.941
317.898
318.928
320.033
321.212
322.467
323.796
325.197
326.667
328.202
329.795
331.439
333.127
334.849
336.595
338.355
300.129
300.392
300.661
300.935
301.211
301.488
301.763
302.036
302.305
302.57
302.828
303.079
303.324
303.56
303.789
304.01
304.223
304.428
304.625
304.814
304.996
305.171
305.338
305.499
305.654
305.803
305.946
306.084
306.217
306.346
306.47
306.592
306.71
306.826
306.94
307.052
307.164
307.277
307.39
307.505
307.622
307.744
307.87
308.003
308.143
308.292
308.451
308.623
308.809
309.01
309.23
309.471
309.734
310.023
310.34
310.688
311.07
311.489
311.948
312.45
312.999
313.596
314.246
314.951
315.714
316.537
317.421
318.369
319.381
320.458
321.598
322.8
324.063
325.382
326.754
328.173
329.634
331.129
332.651
334.193
335.746
300.132
300.4
300.674
300.954
301.235
301.518
301.799
302.078
302.353
302.623
302.886
303.143
303.393
303.634
303.868
304.093
304.31
304.519
304.72
304.912
305.097
305.275
305.445
305.608
305.765
305.915
306.06
306.199
306.333
306.462
306.587
306.709
306.827
306.942
307.056
307.168
307.279
307.39
307.501
307.614
307.73
307.849
307.972
308.101
308.237
308.382
308.536
308.701
308.88
309.074
309.285
309.515
309.767
310.042
310.343
310.673
311.034
311.429
311.861
312.331
312.844
313.401
314.005
314.658
315.362
316.118
316.929
317.794
318.714
319.689
320.717
321.798
322.928
324.106
325.326
326.585
327.878
329.199
330.542
331.901
333.269
300.135
300.409
300.69
300.976
301.265
301.554
301.842
302.128
302.41
302.686
302.956
303.219
303.475
303.723
303.962
304.192
304.414
304.628
304.833
305.03
305.218
305.399
305.572
305.738
305.897
306.05
306.196
306.337
306.472
306.602
306.727
306.849
306.967
307.082
307.195
307.306
307.416
307.526
307.635
307.746
307.859
307.975
308.095
308.221
308.352
308.492
308.64
308.799
308.97
309.155
309.356
309.575
309.813
310.073
310.358
310.668
311.007
311.376
311.779
312.217
312.692
313.207
313.764
314.363
315.008
315.697
316.434
317.217
318.047
318.924
319.845
320.81
321.817
322.862
323.943
325.056
326.196
327.359
328.541
329.736
330.939
300.139
300.42
300.709
301.002
301.299
301.596
301.893
302.187
302.477
302.761
303.039
303.31
303.573
303.827
304.073
304.31
304.538
304.757
304.968
305.169
305.362
305.547
305.724
305.893
306.055
306.21
306.358
306.501
306.637
306.768
306.894
307.016
307.134
307.249
307.361
307.471
307.58
307.688
307.796
307.904
308.015
308.127
308.244
308.365
308.492
308.625
308.767
308.919
309.082
309.258
309.448
309.654
309.879
310.123
310.389
310.679
310.994
311.337
311.71
312.114
312.551
313.023
313.532
314.078
314.662
315.287
315.951
316.654
317.398
318.181
319.001
319.858
320.749
321.673
322.626
323.605
324.607
325.628
326.665
327.714
328.77
300.143
300.433
300.731
301.034
301.34
301.647
301.953
302.257
302.556
302.85
303.137
303.417
303.689
303.951
304.205
304.45
304.685
304.911
305.127
305.335
305.533
305.723
305.904
306.077
306.242
306.4
306.55
306.694
306.832
306.965
307.092
307.214
307.332
307.447
307.558
307.667
307.774
307.881
307.986
308.092
308.2
308.309
308.421
308.538
308.659
308.787
308.922
309.066
309.221
309.386
309.565
309.759
309.968
310.196
310.443
310.711
311.003
311.319
311.661
312.03
312.429
312.858
313.319
313.813
314.339
314.899
315.494
316.122
316.783
317.478
318.204
318.96
319.746
320.558
321.394
322.252
323.13
324.024
324.932
325.85
326.775
300.148
300.448
300.757
301.071
301.388
301.706
302.024
302.339
302.65
302.955
303.253
303.543
303.825
304.098
304.361
304.614
304.858
305.092
305.316
305.53
305.734
305.929
306.115
306.293
306.462
306.623
306.776
306.923
307.063
307.196
307.324
307.447
307.565
307.68
307.79
307.898
308.004
308.108
308.211
308.315
308.419
308.524
308.633
308.744
308.86
308.981
309.11
309.245
309.39
309.546
309.713
309.893
310.087
310.298
310.526
310.772
311.039
311.328
311.639
311.975
312.336
312.723
313.137
313.58
314.05
314.55
315.078
315.635
316.219
316.832
317.471
318.135
318.824
319.534
320.266
321.015
321.782
322.562
323.354
324.155
324.963
300.154
300.466
300.787
301.114
301.444
301.776
302.107
302.436
302.76
303.078
303.389
303.691
303.985
304.27
304.544
304.808
305.061
305.304
305.537
305.758
305.97
306.172
306.364
306.546
306.72
306.885
307.041
307.19
307.332
307.468
307.597
307.72
307.838
307.952
308.062
308.169
308.273
308.375
308.476
308.577
308.677
308.779
308.882
308.989
309.099
309.214
309.334
309.462
309.597
309.741
309.896
310.063
310.242
310.435
310.644
310.869
311.111
311.373
311.654
311.957
312.281
312.627
312.997
313.391
313.809
314.251
314.717
315.207
315.721
316.259
316.818
317.399
317.999
318.619
319.256
319.908
320.575
321.253
321.943
322.64
323.344
300.161
300.487
300.823
301.165
301.511
301.858
302.205
302.549
302.889
303.222
303.548
303.865
304.173
304.471
304.758
305.034
305.299
305.553
305.795
306.026
306.246
306.455
306.653
306.842
307.02
307.19
307.35
307.502
307.646
307.783
307.914
308.038
308.157
308.27
308.379
308.485
308.587
308.687
308.786
308.883
308.98
309.077
309.176
309.277
309.381
309.489
309.602
309.72
309.846
309.98
310.122
310.275
310.439
310.615
310.804
311.008
311.227
311.462
311.714
311.985
312.274
312.582
312.91
313.258
313.626
314.015
314.424
314.854
315.303
315.772
316.259
316.764
317.286
317.824
318.377
318.943
319.521
320.109
320.707
321.312
321.924
300.169
300.512
300.865
301.224
301.588
301.954
302.319
302.682
303.039
303.39
303.734
304.068
304.393
304.706
305.008
305.298
305.577
305.842
306.096
306.337
306.566
306.784
306.99
307.185
307.369
307.543
307.708
307.863
308.01
308.149
308.281
308.406
308.525
308.638
308.747
308.851
308.951
309.049
309.145
309.239
309.332
309.425
309.519
309.614
309.712
309.812
309.917
310.027
310.143
310.266
310.396
310.535
310.684
310.843
311.014
311.197
311.394
311.604
311.828
312.068
312.324
312.596
312.885
313.191
313.514
313.854
314.211
314.586
314.977
315.384
315.806
316.244
316.696
317.161
317.639
318.128
318.628
319.136
319.653
320.177
320.707
300.178
300.541
300.914
301.294
301.679
302.066
302.452
302.836
303.215
303.587
303.951
304.305
304.648
304.98
305.299
305.605
305.899
306.178
306.444
306.697
306.937
307.164
307.378
307.581
307.771
307.951
308.12
308.279
308.429
308.571
308.704
308.83
308.949
309.062
309.169
309.272
309.371
309.466
309.559
309.649
309.738
309.827
309.916
310.005
310.097
310.19
310.287
310.389
310.495
310.606
310.725
310.851
310.985
311.128
311.281
311.444
311.619
311.805
312.004
312.216
312.441
312.68
312.933
313.2
313.482
313.778
314.088
314.413
314.751
315.103
315.468
315.846
316.236
316.637
317.049
317.471
317.901
318.34
318.786
319.238
319.696
300.189
300.575
300.971
301.375
301.784
302.196
302.608
303.016
303.42
303.816
304.203
304.58
304.945
305.297
305.636
305.961
306.271
306.566
306.847
307.113
307.364
307.601
307.825
308.035
308.233
308.418
308.593
308.756
308.909
309.053
309.187
309.314
309.434
309.546
309.653
309.754
309.851
309.943
310.033
310.12
310.205
310.289
310.372
310.456
310.541
310.628
310.717
310.809
310.906
311.007
311.114
311.227
311.347
311.475
311.611
311.756
311.91
312.074
312.249
312.435
312.632
312.841
313.061
313.293
313.538
313.794
314.063
314.343
314.635
314.939
315.253
315.578
315.913
316.258
316.612
316.975
317.345
317.722
318.106
318.495
318.889
300.202
300.614
301.037
301.469
301.907
302.348
302.788
303.226
303.657
304.081
304.496
304.898
305.288
305.664
306.025
306.37
306.699
307.012
307.309
307.589
307.853
308.102
308.335
308.554
308.76
308.951
309.131
309.298
309.455
309.601
309.737
309.865
309.984
310.096
310.202
310.301
310.396
310.486
310.572
310.655
310.736
310.815
310.893
310.971
311.05
311.129
311.211
311.295
311.382
311.473
311.569
311.67
311.776
311.89
312.01
312.138
312.273
312.417
312.57
312.732
312.904
313.085
313.276
313.477
313.689
313.91
314.142
314.383
314.634
314.895
315.165
315.444
315.731
316.027
316.331
316.641
316.959
317.283
317.612
317.946
318.285
300.217
300.659
301.114
301.579
302.05
302.524
302.998
303.469
303.933
304.389
304.834
305.266
305.684
306.087
306.472
306.84
307.19
307.522
307.836
308.132
308.41
308.671
308.915
309.144
309.357
309.555
309.74
309.911
310.071
310.219
310.357
310.486
310.605
310.717
310.821
310.919
311.011
311.098
311.18
311.26
311.336
311.41
311.483
311.555
311.627
311.7
311.774
311.85
311.928
312.009
312.094
312.184
312.278
312.378
312.483
312.595
312.714
312.839
312.972
313.113
313.262
313.419
313.584
313.758
313.94
314.13
314.329
314.536
314.752
314.975
315.207
315.446
315.692
315.945
316.205
316.471
316.743
317.02
317.302
317.589
317.88
300.235
300.713
301.204
301.707
302.216
302.729
303.241
303.75
304.252
304.744
305.224
305.69
306.139
306.571
306.984
307.378
307.751
308.104
308.436
308.749
309.042
309.315
309.571
309.808
310.029
310.234
310.424
310.6
310.763
310.914
311.053
311.181
311.301
311.411
311.514
311.609
311.699
311.782
311.862
311.937
312.009
312.078
312.145
312.212
312.277
312.343
312.41
312.478
312.547
312.619
312.695
312.773
312.856
312.943
313.035
313.133
313.236
313.345
313.46
313.582
313.71
313.846
313.988
314.137
314.294
314.457
314.628
314.806
314.99
315.182
315.38
315.584
315.795
316.011
316.233
316.461
316.693
316.931
317.172
317.418
317.667
300.255
300.774
301.309
301.855
302.409
302.966
303.523
304.075
304.62
305.153
305.673
306.176
306.661
307.125
307.568
307.989
308.387
308.762
309.115
309.445
309.753
310.04
310.306
310.554
310.783
310.994
311.189
311.369
311.534
311.686
311.826
311.955
312.073
312.182
312.283
312.376
312.462
312.543
312.618
312.689
312.756
312.82
312.882
312.943
313.002
313.062
313.121
313.181
313.243
313.306
313.372
313.441
313.513
313.589
313.669
313.754
313.843
313.937
314.037
314.142
314.252
314.369
314.491
314.619
314.754
314.894
315.04
315.192
315.35
315.514
315.684
315.858
316.038
316.223
316.413
316.608
316.807
317.01
317.216
317.426
317.64
300.279
300.846
301.43
302.027
302.632
303.24
303.848
304.451
305.044
305.624
306.188
306.732
307.256
307.756
308.231
308.681
309.106
309.504
309.877
310.225
310.549
310.849
311.127
311.383
311.62
311.837
312.036
312.219
312.386
312.54
312.68
312.808
312.925
313.032
313.13
313.22
313.303
313.38
313.451
313.517
313.58
313.639
313.696
313.75
313.804
313.857
313.909
313.962
314.016
314.072
314.129
314.189
314.252
314.318
314.387
314.46
314.537
314.618
314.704
314.794
314.889
314.989
315.094
315.205
315.32
315.44
315.565
315.696
315.831
315.972
316.117
316.266
316.42
316.579
316.741
316.907
317.078
317.251
317.428
317.608
317.791
300.306
300.929
301.571
302.226
302.89
303.557
304.223
304.883
305.531
306.163
306.776
307.366
307.931
308.47
308.98
309.461
309.913
310.336
310.73
311.095
311.434
311.747
312.035
312.3
312.542
312.764
312.967
313.152
313.321
313.474
313.613
313.74
313.855
313.959
314.055
314.141
314.22
314.293
314.36
314.421
314.479
314.533
314.585
314.634
314.682
314.728
314.775
314.821
314.869
314.917
314.967
315.018
315.073
315.129
315.189
315.252
315.318
315.388
315.462
315.54
315.622
315.708
315.798
315.893
315.992
316.096
316.203
316.315
316.432
316.552
316.676
316.805
316.937
317.073
317.212
317.355
317.501
317.65
317.801
317.956
318.113
300.338
301.026
301.734
302.456
303.188
303.923
304.656
305.379
306.088
306.778
307.445
308.085
308.696
309.275
309.822
310.335
310.814
311.261
311.675
312.058
312.411
312.735
313.032
313.303
313.551
313.777
313.981
314.167
314.335
314.488
314.625
314.749
314.862
314.963
315.054
315.137
315.212
315.28
315.342
315.399
315.452
315.501
315.548
315.592
315.634
315.676
315.716
315.757
315.798
315.84
315.883
315.928
315.975
316.024
316.076
316.13
316.188
316.248
316.312
316.379
316.45
316.525
316.603
316.685
316.77
316.859
316.952
317.049
317.149
317.253
317.36
317.471
317.585
317.702
317.822
317.945
318.07
318.199
318.329
318.462
318.597
300.375
301.138
301.922
302.723
303.533
304.345
305.152
305.948
306.725
307.479
308.204
308.898
309.556
310.178
310.761
311.306
311.813
312.282
312.715
313.114
313.478
313.812
314.116
314.392
314.642
314.869
315.074
315.259
315.426
315.576
315.71
315.831
315.94
316.037
316.124
316.203
316.273
316.337
316.395
316.447
316.496
316.54
316.582
316.621
316.659
316.696
316.732
316.768
316.804
316.84
316.878
316.917
316.958
317.001
317.046
317.094
317.144
317.197
317.252
317.311
317.373
317.438
317.506
317.578
317.652
317.73
317.811
317.895
317.982
318.073
318.166
318.262
318.361
318.462
318.566
318.672
318.781
318.892
319.005
319.12
319.236
300.418
301.267
302.14
303.031
303.93
304.83
305.721
306.597
307.45
308.273
309.061
309.81
310.518
311.182
311.802
312.378
312.91
313.4
313.849
314.259
314.633
314.973
315.28
315.559
315.81
316.036
316.239
316.421
316.584
316.73
316.861
316.977
317.081
317.174
317.257
317.331
317.397
317.457
317.51
317.559
317.603
317.644
317.682
317.718
317.752
317.785
317.817
317.849
317.881
317.914
317.948
317.983
318.02
318.058
318.098
318.14
318.185
318.232
318.282
318.334
318.389
318.447
318.507
318.57
318.636
318.705
318.776
318.851
318.927
319.007
319.088
319.173
319.259
319.348
319.439
319.532
319.627
319.723
319.822
319.922
320.023
300.467
301.417
302.392
303.385
304.386
305.385
306.371
307.336
308.27
309.167
310.021
310.828
311.585
312.291
312.945
313.548
314.101
314.607
315.068
315.486
315.865
316.207
316.515
316.792
317.041
317.263
317.462
317.64
317.798
317.939
318.065
318.176
318.275
318.363
318.442
318.512
318.574
318.63
318.68
318.726
318.767
318.805
318.841
318.874
318.906
318.937
318.967
318.997
319.027
319.057
319.089
319.122
319.155
319.191
319.228
319.267
319.308
319.352
319.397
319.445
319.495
319.548
319.602
319.66
319.719
319.781
319.845
319.912
319.981
320.051
320.124
320.199
320.276
320.355
320.435
320.517
320.601
320.686
320.772
320.86
320.949
300.524
301.59
302.682
303.793
304.909
306.019
307.11
308.171
309.193
310.168
311.089
311.952
312.756
313.499
314.182
314.807
315.376
315.893
316.359
316.78
317.159
317.499
317.803
318.075
318.318
318.535
318.727
318.899
319.051
319.186
319.306
319.412
319.507
319.591
319.665
319.732
319.791
319.845
319.893
319.937
319.977
320.014
320.049
320.082
320.113
320.144
320.173
320.203
320.233
320.264
320.295
320.327
320.36
320.395
320.431
320.469
320.509
320.55
320.594
320.639
320.686
320.736
320.787
320.84
320.895
320.953
321.012
321.073
321.135
321.2
321.266
321.334
321.403
321.474
321.546
321.619
321.694
321.769
321.846
321.924
322.002
300.59
301.788
303.016
304.26
305.506
306.74
307.946
309.11
310.224
311.276
312.262
313.178
314.023
314.797
315.501
316.14
316.717
317.236
317.702
318.119
318.492
318.824
319.121
319.385
319.619
319.827
320.012
320.176
320.321
320.45
320.565
320.667
320.757
320.838
320.911
320.975
321.034
321.087
321.135
321.179
321.22
321.259
321.295
321.329
321.363
321.395
321.427
321.459
321.491
321.524
321.557
321.591
321.626
321.662
321.699
321.738
321.778
321.819
321.863
321.907
321.954
322.002
322.051
322.102
322.155
322.209
322.265
322.322
322.38
322.44
322.501
322.564
322.627
322.691
322.757
322.823
322.891
322.959
323.027
323.097
323.167
300.666
302.016
303.397
304.793
306.185
307.554
308.883
310.156
311.361
312.489
313.534
314.493
315.369
316.163
316.879
317.521
318.095
318.608
319.064
319.47
319.831
320.152
320.436
320.688
320.912
321.111
321.287
321.443
321.583
321.707
321.817
321.916
322.005
322.085
322.157
322.223
322.282
322.337
322.388
322.435
322.48
322.522
322.562
322.601
322.639
322.676
322.713
322.749
322.786
322.822
322.86
322.897
322.936
322.975
323.015
323.057
323.099
323.142
323.187
323.232
323.279
323.327
323.376
323.427
323.478
323.531
323.584
323.639
323.694
323.751
323.808
323.866
323.925
323.984
324.044
324.105
324.166
324.228
324.29
324.352
324.415
300.752
302.276
303.831
305.397
306.95
308.466
309.924
311.305
312.597
313.794
314.884
315.871
316.759
317.555
318.266
318.898
319.46
319.959
320.4
320.79
321.136
321.442
321.712
321.953
322.165
322.355
322.523
322.674
322.808
322.929
323.038
323.136
323.225
323.307
323.381
323.45
323.514
323.573
323.629
323.682
323.733
323.781
323.828
323.873
323.918
323.962
324.005
324.048
324.09
324.133
324.176
324.219
324.263
324.307
324.351
324.396
324.441
324.488
324.534
324.582
324.63
324.679
324.729
324.779
324.83
324.882
324.934
324.987
325.04
325.094
325.148
325.202
325.257
325.312
325.368
325.423
325.479
325.535
325.591
325.647
325.703
300.849
302.571
304.323
306.078
307.806
309.476
311.067
312.546
313.902
315.134
316.245
317.24
318.127
318.914
319.61
320.225
320.767
321.245
321.667
322.038
322.365
322.655
322.911
323.139
323.342
323.523
323.685
323.831
323.962
324.082
324.191
324.291
324.383
324.468
324.548
324.622
324.692
324.758
324.822
324.882
324.941
324.997
325.052
325.106
325.158
325.21
325.261
325.311
325.361
325.41
325.46
325.509
325.558
325.607
325.656
325.705
325.754
325.803
325.853
325.902
325.952
326.002
326.053
326.103
326.154
326.205
326.256
326.307
326.358
326.409
326.46
326.511
326.562
326.613
326.664
326.715
326.766
326.817
326.867
326.917
326.967
300.958
302.901
304.872
306.834
308.752
310.565
312.249
313.79
315.186
316.438
317.554
318.542
319.413
320.179
320.852
321.441
321.957
322.41
322.808
323.157
323.465
323.738
323.98
324.196
324.39
324.563
324.721
324.864
324.994
325.114
325.225
325.329
325.425
325.516
325.601
325.682
325.76
325.834
325.905
325.974
326.041
326.106
326.169
326.231
326.291
326.351
326.409
326.467
326.523
326.579
326.635
326.69
326.744
326.797
326.85
326.903
326.955
327.007
327.059
327.111
327.162
327.213
327.263
327.313
327.363
327.413
327.463
327.512
327.561
327.609
327.657
327.705
327.752
327.8
327.846
327.892
327.938
327.984
328.029
328.073
328.117
301.075
303.256
305.467
307.642
309.703
311.618
313.369
314.95
316.362
317.613
318.715
319.68
320.524
321.259
321.899
322.457
322.943
323.368
323.74
324.068
324.357
324.614
324.843
325.048
325.233
325.401
325.555
325.696
325.826
325.948
326.061
326.168
326.268
326.364
326.455
326.543
326.626
326.707
326.786
326.862
326.935
327.007
327.077
327.146
327.212
327.278
327.342
327.406
327.467
327.528
327.588
327.647
327.705
327.762
327.818
327.874
327.928
327.982
328.035
328.087
328.139
328.19
328.24
328.29
328.339
328.388
328.436
328.483
328.529
328.575
328.621
328.665
328.709
328.753
328.796
328.838
328.879
328.92
328.961
329
329.039
301.18
303.584
306.006
308.322
310.481
312.457
314.239
315.827
317.23
318.461
319.535
320.469
321.28
321.982
322.591
323.12
323.579
323.981
324.332
324.642
324.916
325.16
325.378
325.576
325.754
325.918
326.068
326.208
326.337
326.459
326.573
326.682
326.785
326.883
326.978
327.068
327.156
327.241
327.323
327.402
327.48
327.556
327.629
327.701
327.772
327.841
327.908
327.974
328.039
328.102
328.165
328.226
328.286
328.345
328.402
328.459
328.515
328.569
328.623
328.676
328.728
328.779
328.829
328.878
328.927
328.974
329.021
329.067
329.112
329.156
329.2
329.242
329.284
329.325
329.366
329.405
329.444
329.482
329.52
329.556
329.592
379.523
387.45
394.127
399.956
405.138
409.781
413.945
417.664
420.952
423.811
426.229
428.182
429.637
430.545
430.839
430.427
429.181
426.904
423.264
417.603
408.275
401.966
397.137
393.187
389.827
386.896
384.292
381.948
379.814
377.854
376.04
374.352
372.771
371.282
369.875
368.539
367.266
366.049
364.881
363.758
362.674
361.625
360.609
359.621
358.658
357.719
356.801
355.902
355.02
354.154
353.301
352.462
351.634
350.816
350.009
349.209
348.419
347.635
346.858
346.088
345.324
344.566
343.814
343.066
342.324
341.588
340.856
340.13
339.408
338.692
337.981
337.276
336.576
335.882
335.194
334.512
333.836
333.167
332.505
331.85
331.202
330.563
329.931
329.308
328.694
328.089
327.494
326.908
326.333
325.768
325.214
324.671
324.139
323.62
323.111
322.616
322.132
321.66
321.202
320.755
320.322
319.9
319.492
319.096
318.712
318.341
317.982
317.635
317.3
316.976
316.664
316.363
316.073
315.793
315.523
315.263
315.013
314.772
314.54
314.317
314.101
313.893
313.693
313.5
313.314
313.134
312.96
312.792
312.629
312.471
312.319
312.171
312.027
311.887
311.751
311.618
311.489
311.363
311.24
311.119
311.001
310.885
310.772
310.66
310.551
310.443
310.337
310.232
310.129
310.027
309.927
309.828
309.73
309.633
309.537
309.442
309.348
309.255
309.164
309.074
308.986
374.788
381.671
387.876
393.46
398.499
403.053
407.161
410.845
414.113
416.962
419.38
421.343
422.817
423.754
424.093
423.75
422.612
420.522
417.263
412.567
406.389
401.049
396.597
392.827
389.568
386.7
384.139
381.825
379.713
377.771
375.971
374.293
372.72
371.238
369.837
368.506
367.237
366.023
364.859
363.738
362.656
361.61
360.595
359.608
358.647
357.709
356.792
355.894
355.012
354.147
353.295
352.456
351.628
350.811
350.004
349.205
348.415
347.631
346.855
346.085
345.321
344.563
343.811
343.064
342.322
341.585
340.854
340.127
339.406
338.69
337.979
337.274
336.574
335.88
335.192
334.51
333.834
333.165
332.503
331.848
331.2
330.561
329.929
329.306
328.692
328.087
327.492
326.906
326.331
325.766
325.212
324.669
324.138
323.618
323.11
322.614
322.13
321.659
321.2
320.754
320.32
319.899
319.49
319.095
318.711
318.34
317.981
317.634
317.299
316.975
316.663
316.362
316.072
315.792
315.523
315.263
315.013
314.772
314.54
314.316
314.101
313.893
313.693
313.5
313.313
313.134
312.96
312.792
312.629
312.471
312.319
312.171
312.027
311.887
311.751
311.618
311.489
311.363
311.24
311.119
311.001
310.885
310.772
310.66
310.551
310.443
310.337
310.232
310.129
310.028
309.927
309.828
309.73
309.633
309.537
309.442
309.349
309.256
309.164
309.074
308.986
370.707
376.591
382.163
387.341
392.114
396.488
400.472
404.072
407.286
410.105
412.513
414.486
415.991
416.983
417.408
417.195
416.259
414.496
411.8
408.126
403.691
399.387
395.504
392.061
389.004
386.269
383.799
381.552
379.49
377.585
375.815
374.161
372.608
371.142
369.754
368.434
367.174
365.968
364.81
363.695
362.618
361.576
360.564
359.581
358.623
357.687
356.772
355.876
354.997
354.132
353.282
352.444
351.618
350.801
349.995
349.197
348.407
347.624
346.848
346.079
345.315
344.558
343.805
343.059
342.317
341.58
340.849
340.123
339.402
338.686
337.975
337.27
336.57
335.876
335.188
334.506
333.83
333.161
332.499
331.844
331.196
330.557
329.925
329.302
328.688
328.083
327.488
326.902
326.327
325.762
325.208
324.665
324.134
323.614
323.106
322.61
322.127
321.655
321.197
320.75
320.317
319.896
319.488
319.092
318.708
318.337
317.979
317.632
317.297
316.973
316.661
316.36
316.07
315.791
315.521
315.262
315.012
314.771
314.539
314.315
314.1
313.893
313.693
313.5
313.313
313.133
312.96
312.792
312.629
312.472
312.319
312.171
312.027
311.887
311.751
311.619
311.49
311.364
311.24
311.12
311.002
310.886
310.773
310.661
310.552
310.444
310.338
310.233
310.13
310.028
309.928
309.829
309.731
309.634
309.538
309.443
309.349
309.257
309.165
309.075
308.987
366.886
371.955
376.895
381.606
386.037
390.16
393.962
397.431
400.555
403.318
405.701
407.679
409.219
410.283
410.824
410.787
410.114
408.747
406.65
403.857
400.562
397.162
393.901
390.875
388.101
385.564
383.237
381.096
379.114
377.273
375.553
373.939
372.418
370.98
369.615
368.313
367.07
365.877
364.73
363.625
362.556
361.521
360.516
359.538
358.585
357.653
356.742
355.849
354.972
354.11
353.262
352.426
351.601
350.786
349.981
349.184
348.395
347.613
346.838
346.07
345.307
344.549
343.798
343.051
342.31
341.574
340.843
340.117
339.396
338.68
337.969
337.264
336.564
335.87
335.182
334.5
333.824
333.155
332.493
331.838
331.191
330.551
329.92
329.297
328.682
328.077
327.482
326.896
326.321
325.756
325.202
324.659
324.128
323.608
323.1
322.605
322.121
321.65
321.191
320.745
320.312
319.891
319.483
319.087
318.704
318.334
317.975
317.628
317.294
316.97
316.659
316.358
316.068
315.789
315.519
315.26
315.01
314.77
314.538
314.314
314.099
313.892
313.692
313.499
313.313
313.133
312.96
312.792
312.629
312.472
312.319
312.171
312.028
311.888
311.752
311.62
311.491
311.365
311.241
311.121
311.003
310.887
310.774
310.662
310.553
310.445
310.339
310.235
310.131
310.03
309.929
309.83
309.732
309.635
309.539
309.444
309.351
309.258
309.166
309.076
308.988
363.202
367.61
371.977
376.219
380.275
384.106
387.683
390.982
393.983
396.665
399.005
400.977
402.552
403.694
404.368
404.532
404.149
403.191
401.656
399.595
397.14
394.5
391.844
389.273
386.838
384.553
382.417
380.423
378.556
376.806
375.159
373.605
372.134
370.736
369.405
368.132
366.913
365.741
364.612
363.522
362.466
361.442
360.446
359.476
358.53
357.605
356.699
355.81
354.938
354.079
353.234
352.401
351.579
350.766
349.963
349.168
348.38
347.6
346.826
346.058
345.296
344.539
343.788
343.042
342.302
341.566
340.835
340.109
339.388
338.673
337.962
337.257
336.557
335.864
335.175
334.493
333.818
333.149
332.486
331.831
331.184
330.544
329.912
329.289
328.675
328.07
327.474
326.889
326.313
325.748
325.194
324.652
324.12
323.601
323.093
322.597
322.114
321.643
321.185
320.739
320.306
319.885
319.477
319.082
318.699
318.328
317.97
317.624
317.289
316.966
316.655
316.354
316.065
315.786
315.517
315.258
315.008
314.768
314.536
314.313
314.098
313.891
313.692
313.499
313.313
313.133
312.96
312.792
312.63
312.473
312.32
312.173
312.029
311.889
311.754
311.621
311.492
311.366
311.243
311.123
311.005
310.889
310.776
310.664
310.555
310.447
310.341
310.237
310.134
310.032
309.931
309.832
309.734
309.637
309.541
309.447
309.353
309.26
309.168
309.078
308.989
359.617
363.477
367.339
371.136
374.817
378.337
381.663
384.765
387.617
390.195
392.475
394.429
396.031
397.251
398.06
398.428
398.333
397.763
396.728
395.272
393.485
391.484
389.385
387.274
385.207
383.214
381.31
379.5
377.782
376.152
374.604
373.132
371.729
370.389
369.105
367.874
366.69
365.548
364.445
363.376
362.34
361.332
360.35
359.392
358.456
357.54
356.641
355.76
354.893
354.039
353.199
352.369
351.55
350.741
349.94
349.147
348.362
347.583
346.81
346.044
345.283
344.528
343.778
343.032
342.292
341.557
340.827
340.101
339.381
338.665
337.955
337.25
336.55
335.856
335.168
334.486
333.81
333.141
332.479
331.823
331.176
330.536
329.904
329.28
328.666
328.061
327.465
326.879
326.304
325.739
325.185
324.642
324.111
323.591
323.084
322.588
322.105
321.634
321.176
320.73
320.298
319.877
319.47
319.075
318.692
318.322
317.964
317.618
317.284
316.961
316.65
316.35
316.061
315.782
315.514
315.255
315.006
314.766
314.535
314.312
314.098
313.891
313.691
313.499
313.313
313.134
312.961
312.793
312.631
312.474
312.322
312.174
312.031
311.891
311.756
311.624
311.495
311.369
311.246
311.125
311.007
310.892
310.779
310.667
310.558
310.45
310.344
310.24
310.137
310.035
309.935
309.835
309.737
309.64
309.545
309.45
309.356
309.263
309.171
309.081
308.992
356.12
359.516
362.934
366.324
369.644
372.853
375.917
378.806
381.492
383.948
386.151
388.074
389.692
390.98
391.915
392.476
392.647
392.425
391.822
390.871
389.629
388.172
386.576
384.906
383.215
381.536
379.894
378.3
376.761
375.281
373.858
372.491
371.177
369.913
368.694
367.518
366.382
365.281
364.214
363.176
362.166
361.182
360.22
359.28
358.358
357.454
356.567
355.694
354.835
353.989
353.154
352.33
351.515
350.71
349.912
349.123
348.34
347.563
346.793
346.029
345.269
344.515
343.766
343.022
342.283
341.548
340.818
340.093
339.373
338.658
337.948
337.243
336.543
335.849
335.161
334.479
333.803
333.133
332.47
331.815
331.167
330.527
329.894
329.271
328.656
328.051
327.455
326.869
326.293
325.728
325.174
324.631
324.1
323.58
323.073
322.577
322.094
321.624
321.166
320.721
320.288
319.868
319.461
319.066
318.684
318.314
317.957
317.611
317.278
316.956
316.645
316.346
316.057
315.779
315.511
315.252
315.004
314.764
314.533
314.311
314.097
313.89
313.691
313.499
313.314
313.135
312.962
312.795
312.633
312.476
312.324
312.177
312.034
311.895
311.759
311.627
311.498
311.372
311.249
311.129
311.011
310.896
310.783
310.671
310.562
310.454
310.348
310.244
310.141
310.039
309.939
309.84
309.742
309.645
309.549
309.454
309.36
309.267
309.176
309.085
308.995
352.712
355.709
358.736
361.758
364.74
367.648
370.452
373.121
375.63
377.953
380.065
381.942
383.563
384.904
385.948
386.677
387.083
387.162
386.924
386.394
385.608
384.613
383.462
382.204
380.88
379.524
378.159
376.804
375.47
374.165
372.892
371.654
370.45
369.281
368.145
367.041
365.967
364.921
363.901
362.905
361.932
360.979
360.045
359.128
358.227
357.342
356.47
355.61
354.762
353.925
353.099
352.281
351.473
350.673
349.88
349.094
348.315
347.542
346.774
346.012
345.255
344.502
343.755
343.012
342.274
341.54
340.811
340.086
339.367
338.652
337.942
337.237
336.537
335.843
335.154
334.472
333.796
333.126
332.463
331.807
331.158
330.517
329.885
329.261
328.646
328.04
327.443
326.857
326.281
325.716
325.162
324.619
324.087
323.568
323.06
322.565
322.082
321.612
321.154
320.709
320.277
319.858
319.451
319.057
318.675
318.306
317.949
317.604
317.271
316.95
316.64
316.341
316.053
315.775
315.507
315.25
315.002
314.763
314.532
314.311
314.097
313.891
313.692
313.501
313.316
313.137
312.965
312.798
312.636
312.48
312.328
312.181
312.038
311.899
311.764
311.632
311.503
311.378
311.255
311.135
311.017
310.902
310.789
310.677
310.568
310.46
310.355
310.25
310.147
310.045
309.945
309.846
309.748
309.651
309.555
309.46
309.366
309.273
309.181
309.09
309.001
349.4
352.048
354.73
357.421
360.093
362.718
365.269
367.721
370.05
372.23
374.241
376.06
377.667
379.044
380.173
381.042
381.643
381.975
382.042
381.86
381.454
380.853
380.093
379.208
378.232
377.192
376.111
375.007
373.895
372.784
371.682
370.593
369.521
368.467
367.432
366.417
365.422
364.445
363.486
362.543
361.617
360.706
359.809
358.925
358.053
357.192
356.341
355.5
354.669
353.845
353.03
352.222
351.422
350.629
349.842
349.062
348.287
347.518
346.754
345.994
345.24
344.49
343.744
343.003
342.266
341.533
340.805
340.081
339.362
338.647
337.937
337.233
336.533
335.838
335.15
334.467
333.79
333.119
332.456
331.799
331.15
330.509
329.876
329.251
328.635
328.029
327.432
326.845
326.269
325.703
325.149
324.606
324.074
323.555
323.047
322.552
322.069
321.599
321.142
320.697
320.265
319.846
319.44
319.047
318.665
318.297
317.941
317.596
317.264
316.943
316.634
316.336
316.048
315.772
315.505
315.248
315
314.762
314.532
314.311
314.098
313.893
313.695
313.504
313.319
313.141
312.969
312.802
312.641
312.485
312.334
312.187
312.044
311.905
311.77
311.639
311.51
311.385
311.262
311.142
311.025
310.91
310.796
310.685
310.576
310.469
310.363
310.258
310.155
310.054
309.953
309.854
309.756
309.659
309.563
309.468
309.374
309.281
309.189
309.098
309.008
346.193
348.535
350.912
353.306
355.695
358.057
360.369
362.61
364.759
366.795
368.696
370.445
372.024
373.415
374.605
375.583
376.341
376.877
377.192
377.297
377.205
376.937
376.515
375.964
375.307
374.567
373.765
372.915
372.033
371.13
370.214
369.291
368.368
367.447
366.531
365.622
364.721
363.828
362.944
362.069
361.203
360.346
359.496
358.654
357.82
356.992
356.17
355.355
354.545
353.741
352.942
352.148
351.359
350.576
349.797
349.024
348.255
347.491
346.731
345.976
345.225
344.477
343.734
342.995
342.26
341.529
340.801
340.078
339.36
338.646
337.936
337.231
336.531
335.836
335.147
334.464
333.786
333.115
332.451
331.794
331.144
330.501
329.867
329.242
328.626
328.018
327.421
326.834
326.257
325.691
325.136
324.592
324.061
323.541
323.033
322.538
322.056
321.586
321.129
320.685
320.253
319.835
319.429
319.036
318.656
318.288
317.933
317.589
317.258
316.938
316.629
316.332
316.045
315.769
315.503
315.247
315
314.763
314.534
314.313
314.101
313.896
313.699
313.508
313.324
313.147
312.975
312.809
312.649
312.493
312.342
312.195
312.053
311.914
311.78
311.648
311.52
311.395
311.272
311.153
311.035
310.92
310.807
310.696
310.587
310.48
310.374
310.269
310.166
310.065
309.965
309.865
309.767
309.67
309.574
309.479
309.385
309.292
309.2
309.108
309.018
343.103
345.174
347.281
349.409
351.541
353.661
355.75
357.791
359.765
361.655
363.442
365.111
366.647
368.033
369.259
370.315
371.192
371.887
372.4
372.736
372.902
372.911
372.778
372.517
372.148
371.686
371.147
370.546
369.894
369.204
368.482
367.738
366.977
366.203
365.421
364.633
363.841
363.048
362.254
361.46
360.668
359.876
359.086
358.297
357.511
356.725
355.942
355.161
354.381
353.603
352.826
352.052
351.28
350.51
349.743
348.979
348.218
347.461
346.707
345.957
345.21
344.466
343.726
342.989
342.256
341.527
340.801
340.079
339.361
338.648
337.938
337.233
336.533
335.838
335.149
334.464
333.786
333.114
332.449
331.791
331.14
330.497
329.862
329.235
328.618
328.01
327.411
326.823
326.246
325.679
325.124
324.58
324.048
323.528
323.02
322.525
322.043
321.573
321.117
320.673
320.242
319.824
319.419
319.027
318.647
318.28
317.925
317.583
317.252
316.933
316.626
316.329
316.044
315.768
315.503
315.248
315.002
314.765
314.537
314.318
314.106
313.902
313.705
313.516
313.332
313.156
312.984
312.819
312.659
312.504
312.353
312.207
312.065
311.927
311.792
311.661
311.533
311.408
311.286
311.166
311.049
310.934
310.821
310.71
310.601
310.494
310.388
310.284
310.181
310.079
309.979
309.88
309.782
309.685
309.589
309.494
309.4
309.306
309.214
309.122
309.031
340.142
341.973
343.839
345.728
347.63
349.529
351.411
353.263
355.07
356.816
358.487
360.068
361.547
362.912
364.15
365.254
366.215
367.029
367.694
368.212
368.586
368.822
368.929
368.919
368.801
368.589
368.294
367.927
367.498
367.018
366.494
365.933
365.342
364.726
364.089
363.434
362.766
362.085
361.394
360.695
359.988
359.276
358.557
357.834
357.106
356.375
355.639
354.901
354.16
353.416
352.67
351.923
351.174
350.424
349.674
348.924
348.174
347.426
346.68
345.936
345.195
344.456
343.72
342.986
342.256
341.529
340.805
340.084
339.368
338.654
337.945
337.241
336.54
335.845
335.155
334.47
333.791
333.118
332.451
331.792
331.14
330.495
329.859
329.231
328.613
328.004
327.404
326.815
326.237
325.669
325.113
324.569
324.037
323.517
323.009
322.514
322.031
321.562
321.106
320.662
320.232
319.815
319.41
319.019
318.64
318.274
317.92
317.579
317.249
316.931
316.625
316.329
316.045
315.77
315.506
315.252
315.007
314.772
314.545
314.326
314.115
313.912
313.716
313.527
313.344
313.168
312.998
312.833
312.673
312.519
312.369
312.223
312.081
311.944
311.809
311.679
311.551
311.426
311.304
311.185
311.068
310.953
310.84
310.729
310.62
310.513
310.407
310.303
310.2
310.098
309.998
309.899
309.801
309.704
309.608
309.512
309.418
309.325
309.232
309.14
309.049
337.323
338.94
340.591
342.268
343.961
345.659
347.351
349.027
350.674
352.28
353.834
355.322
356.735
358.061
359.291
360.416
361.43
362.327
363.104
363.76
364.295
364.713
365.019
365.217
365.316
365.322
365.246
365.094
364.874
364.596
364.264
363.886
363.468
363.015
362.53
362.018
361.482
360.925
360.349
359.755
359.147
358.525
357.89
357.244
356.586
355.919
355.243
354.558
353.866
353.166
352.459
351.746
351.028
350.306
349.579
348.849
348.116
347.382
346.647
345.912
345.178
344.445
343.715
342.986
342.259
341.535
340.813
340.095
339.379
338.667
337.958
337.254
336.554
335.858
335.167
334.481
333.801
333.127
332.459
331.799
331.145
330.499
329.861
329.232
328.612
328.002
327.401
326.811
326.232
325.663
325.107
324.562
324.029
323.508
323
322.505
322.023
321.554
321.098
320.655
320.225
319.808
319.405
319.014
318.636
318.271
317.918
317.578
317.249
316.933
316.627
316.333
316.05
315.777
315.514
315.261
315.017
314.782
314.556
314.338
314.129
313.926
313.731
313.543
313.362
313.186
313.016
312.852
312.693
312.539
312.389
312.244
312.103
311.966
311.832
311.701
311.574
311.45
311.328
311.209
311.092
310.977
310.864
310.754
310.645
310.537
310.432
310.327
310.225
310.123
310.023
309.923
309.825
309.728
309.632
309.537
309.442
309.349
309.256
309.164
309.072
334.659
336.086
337.545
339.031
340.536
342.051
343.57
345.082
346.579
348.05
349.486
350.878
352.216
353.491
354.694
355.818
356.857
357.805
358.658
359.414
360.071
360.63
361.093
361.461
361.74
361.934
362.048
362.088
362.059
361.968
361.819
361.618
361.369
361.078
360.748
360.383
359.986
359.559
359.106
358.629
358.128
357.607
357.067
356.508
355.933
355.341
354.735
354.114
353.48
352.834
352.176
351.508
350.829
350.142
349.446
348.744
348.035
347.321
346.603
345.882
345.158
344.434
343.71
342.987
342.265
341.545
340.826
340.11
339.397
338.686
337.978
337.274
336.574
335.878
335.187
334.5
333.819
333.144
332.475
331.812
331.157
330.51
329.87
329.24
328.618
328.006
327.404
326.813
326.232
325.663
325.105
324.559
324.026
323.505
322.997
322.502
322.019
321.55
321.095
320.652
320.223
319.807
319.404
319.015
318.638
318.274
317.922
317.583
317.255
316.94
316.636
316.343
316.06
315.789
315.527
315.275
315.033
314.799
314.574
314.358
314.149
313.948
313.753
313.566
313.385
313.211
313.042
312.878
312.72
312.566
312.417
312.273
312.132
311.995
311.861
311.731
311.604
311.48
311.358
311.239
311.123
311.008
310.896
310.785
310.676
310.569
310.463
310.359
310.256
310.154
310.054
309.954
309.856
309.759
309.663
309.567
309.473
309.379
309.286
309.193
309.101
332.163
333.42
334.708
336.022
337.358
338.708
340.067
341.428
342.783
344.125
345.446
346.739
347.996
349.209
350.37
351.475
352.515
353.487
354.386
355.208
355.951
356.615
357.197
357.7
358.125
358.474
358.749
358.955
359.094
359.172
359.19
359.155
359.068
358.934
358.756
358.538
358.281
357.989
357.664
357.308
356.924
356.512
356.075
355.613
355.129
354.622
354.096
353.55
352.985
352.402
351.803
351.189
350.56
349.917
349.261
348.594
347.917
347.231
346.536
345.835
345.129
344.418
343.704
342.989
342.273
341.558
340.844
340.132
339.421
338.712
338.006
337.303
336.603
335.907
335.215
334.528
333.846
333.169
332.499
331.835
331.178
330.529
329.888
329.256
328.633
328.019
327.415
326.823
326.241
325.67
325.111
324.565
324.031
323.509
323.001
322.505
322.023
321.554
321.099
320.657
320.228
319.813
319.411
319.022
318.646
318.283
317.933
317.595
317.269
316.955
316.652
316.36
316.079
315.809
315.548
315.298
315.056
314.824
314.6
314.385
314.177
313.977
313.784
313.598
313.418
313.244
313.076
312.913
312.755
312.602
312.454
312.309
312.169
312.033
311.9
311.77
311.643
311.519
311.398
311.279
311.162
311.048
310.935
310.825
310.716
310.609
310.503
310.399
310.296
310.194
310.093
309.994
309.895
309.798
309.701
309.606
309.511
309.417
309.324
309.231
309.139
329.845
330.951
332.086
333.246
334.429
335.629
336.843
338.063
339.286
340.505
341.715
342.908
344.079
345.222
346.331
347.399
348.422
349.395
350.313
351.173
351.971
352.706
353.376
353.98
354.518
354.99
355.398
355.742
356.026
356.25
356.418
356.532
356.595
356.608
356.576
356.499
356.38
356.222
356.027
355.796
355.531
355.233
354.905
354.548
354.163
353.75
353.312
352.849
352.363
351.854
351.324
350.772
350.202
349.613
349.007
348.385
347.748
347.097
346.435
345.761
345.078
344.388
343.69
342.988
342.282
341.574
340.866
340.158
339.451
338.746
338.042
337.34
336.641
335.946
335.254
334.566
333.884
333.206
332.534
331.869
331.211
330.56
329.917
329.283
328.658
328.043
327.437
326.843
326.26
325.688
325.128
324.581
324.046
323.524
323.015
322.519
322.037
321.568
321.113
320.671
320.243
319.829
319.428
319.04
318.665
318.303
317.954
317.617
317.292
316.98
316.678
316.388
316.108
315.839
315.58
315.331
315.091
314.86
314.637
314.423
314.216
314.017
313.825
313.64
313.461
313.288
313.12
312.958
312.801
312.649
312.501
312.357
312.217
312.081
311.949
311.819
311.693
311.569
311.448
311.329
311.212
311.098
310.986
310.875
310.766
310.659
310.553
310.448
310.345
310.243
310.143
310.043
309.944
309.847
309.75
309.654
309.559
309.465
309.371
309.278
309.186
327.717
328.687
329.685
330.708
331.753
332.817
333.897
334.989
336.088
337.191
338.292
339.387
340.47
341.538
342.584
343.604
344.594
345.549
346.464
347.337
348.164
348.943
349.67
350.345
350.965
351.531
352.043
352.499
352.901
353.25
353.546
353.791
353.987
354.134
354.235
354.292
354.305
354.276
354.207
354.099
353.955
353.774
353.558
353.31
353.028
352.716
352.373
352.002
351.602
351.174
350.721
350.243
349.74
349.214
348.667
348.099
347.511
346.906
346.283
345.646
344.995
344.331
343.658
342.975
342.285
341.59
340.89
340.189
339.488
338.786
338.086
337.387
336.69
335.996
335.305
334.617
333.934
333.256
332.583
331.917
331.257
330.604
329.96
329.324
328.697
328.08
327.473
326.877
326.292
325.719
325.158
324.61
324.074
323.551
323.042
322.546
322.064
321.595
321.14
320.699
320.272
319.858
319.458
319.071
318.697
318.337
317.989
317.653
317.33
317.018
316.718
316.429
316.151
315.883
315.625
315.378
315.139
314.909
314.688
314.474
314.269
314.071
313.88
313.695
313.517
313.345
313.178
313.017
312.861
312.709
312.561
312.418
312.279
312.143
312.011
311.881
311.755
311.631
311.51
311.392
311.275
311.161
311.048
310.938
310.829
310.721
310.615
310.511
310.407
310.305
310.204
310.104
310.005
309.908
309.811
309.714
309.619
309.524
309.43
309.337
309.244
325.787
326.637
327.512
328.411
329.332
330.273
331.232
332.205
333.189
334.181
335.179
336.177
337.172
338.16
339.138
340.101
341.045
341.966
342.862
343.728
344.561
345.358
346.117
346.836
347.512
348.145
348.732
349.274
349.769
350.218
350.62
350.976
351.286
351.551
351.772
351.948
352.083
352.175
352.226
352.237
352.209
352.144
352.041
351.902
351.727
351.518
351.275
350.999
350.692
350.353
349.984
349.586
349.159
348.705
348.225
347.72
347.191
346.639
346.066
345.474
344.863
344.235
343.593
342.938
342.271
341.595
340.911
340.222
339.528
338.833
338.138
337.443
336.749
336.057
335.368
334.681
333.999
333.32
332.647
331.98
331.319
330.665
330.019
329.382
328.753
328.135
327.526
326.929
326.343
325.768
325.206
324.657
324.12
323.597
323.087
322.591
322.108
321.64
321.185
320.744
320.318
319.904
319.505
319.119
318.746
318.387
318.04
317.706
317.384
317.073
316.775
316.487
316.21
315.944
315.688
315.441
315.203
314.975
314.755
314.543
314.338
314.141
313.951
313.767
313.59
313.419
313.253
313.092
312.936
312.785
312.638
312.495
312.356
312.221
312.088
311.959
311.833
311.71
311.589
311.47
311.353
311.239
311.126
311.015
310.906
310.799
310.692
310.588
310.484
310.382
310.28
310.18
310.081
309.982
309.885
309.788
309.693
309.597
309.503
309.409
309.316
324.063
324.805
325.57
326.359
327.168
327.998
328.845
329.709
330.587
331.476
332.374
333.278
334.186
335.094
335.999
336.897
337.787
338.664
339.525
340.367
341.188
341.984
342.753
343.492
344.2
344.874
345.513
346.115
346.679
347.204
347.689
348.134
348.539
348.902
349.225
349.508
349.749
349.951
350.112
350.234
350.317
350.361
350.367
350.335
350.266
350.16
350.019
349.842
349.63
349.384
349.105
348.793
348.449
348.074
347.668
347.234
346.772
346.282
345.767
345.228
344.667
344.084
343.482
342.862
342.227
341.578
340.917
340.246
339.568
338.884
338.196
337.508
336.819
336.131
335.444
334.76
334.078
333.401
332.728
332.061
331.399
330.745
330.098
329.459
328.83
328.21
327.6
327.001
326.414
325.838
325.275
324.725
324.187
323.663
323.153
322.657
322.174
321.706
321.251
320.811
320.385
319.972
319.574
319.189
318.817
318.458
318.113
317.78
317.459
317.15
316.852
316.566
316.29
316.025
315.77
315.525
315.288
315.061
314.842
314.631
314.428
314.231
314.042
313.859
313.683
313.512
313.347
313.186
313.031
312.88
312.734
312.591
312.452
312.317
312.185
312.056
311.93
311.806
311.685
311.566
311.45
311.335
311.222
311.111
311.002
310.894
310.787
310.682
310.578
310.475
310.373
310.272
310.173
310.074
309.976
309.879
309.782
309.687
309.592
309.497
309.404
322.549
323.195
323.863
324.552
325.262
325.99
326.737
327.501
328.28
329.073
329.878
330.692
331.514
332.341
333.171
334.002
334.83
335.654
336.47
337.276
338.069
338.847
339.608
340.348
341.066
341.76
342.427
343.066
343.676
344.255
344.801
345.313
345.791
346.234
346.641
347.012
347.345
347.641
347.9
348.121
348.305
348.45
348.558
348.629
348.661
348.657
348.615
348.536
348.421
348.27
348.083
347.86
347.603
347.312
346.987
346.63
346.241
345.822
345.373
344.896
344.392
343.862
343.309
342.733
342.138
341.524
340.894
340.251
339.595
338.929
338.256
337.578
336.896
336.214
335.533
334.852
334.174
333.499
332.828
332.161
331.501
330.846
330.199
329.56
328.93
328.309
327.698
327.099
326.51
325.934
325.37
324.819
324.281
323.756
323.246
322.749
322.266
321.798
321.344
320.904
320.478
320.066
319.668
319.284
318.913
318.556
318.211
317.879
317.559
317.251
316.955
316.67
316.396
316.132
315.878
315.633
315.398
315.172
314.954
314.744
314.541
314.346
314.157
313.975
313.799
313.629
313.464
313.304
313.149
312.999
312.852
312.71
312.571
312.436
312.304
312.175
312.049
311.925
311.804
311.685
311.568
311.453
311.339
311.228
311.118
311.01
310.902
310.797
310.692
310.589
310.486
310.385
310.284
310.185
310.086
309.988
309.891
309.795
309.699
309.604
309.51
321.249
321.81
322.392
322.992
323.612
324.25
324.905
325.578
326.267
326.97
327.687
328.416
329.155
329.903
330.658
331.419
332.182
332.947
333.71
334.47
335.225
335.971
336.708
337.433
338.144
338.839
339.515
340.172
340.806
341.417
342.003
342.562
343.093
343.595
344.067
344.507
344.915
345.29
345.631
345.938
346.209
346.445
346.645
346.809
346.936
347.027
347.08
347.096
347.076
347.018
346.923
346.791
346.623
346.418
346.178
345.902
345.592
345.249
344.872
344.463
344.024
343.556
343.059
342.537
341.99
341.42
340.83
340.221
339.596
338.956
338.306
337.646
336.978
336.306
335.632
334.958
334.285
333.615
332.947
332.283
331.624
330.971
330.325
329.686
329.056
328.435
327.825
327.225
326.636
326.059
325.494
324.943
324.405
323.88
323.369
322.872
322.39
321.922
321.468
321.028
320.603
320.192
319.794
319.411
319.041
318.684
318.34
318.009
317.69
317.384
317.088
316.804
316.531
316.268
316.015
315.771
315.537
315.312
315.094
314.885
314.683
314.488
314.3
314.119
313.943
313.773
313.609
313.449
313.295
313.144
312.998
312.856
312.717
312.581
312.449
312.32
312.193
312.069
311.948
311.828
311.711
311.595
311.482
311.369
311.259
311.15
311.042
310.935
310.83
310.726
310.623
310.52
310.419
310.319
310.219
310.121
310.023
309.925
309.829
309.733
309.638
320.164
320.65
321.154
321.676
322.215
322.772
323.345
323.936
324.541
325.162
325.798
326.446
327.107
327.779
328.46
329.15
329.847
330.549
331.255
331.962
332.67
333.376
334.078
334.774
335.464
336.144
336.812
337.468
338.109
338.733
339.339
339.926
340.49
341.032
341.549
342.041
342.505
342.941
343.348
343.725
344.07
344.383
344.663
344.909
345.121
345.298
345.439
345.543
345.612
345.643
345.638
345.595
345.514
345.397
345.242
345.05
344.822
344.558
344.258
343.923
343.555
343.154
342.722
342.259
341.768
341.251
340.708
340.143
339.557
338.952
338.332
337.698
337.053
336.399
335.739
335.075
334.41
333.746
333.084
332.425
331.77
331.12
330.477
329.84
329.212
328.592
327.982
327.382
326.794
326.217
325.653
325.102
324.564
324.039
323.528
323.032
322.549
322.081
321.628
321.189
320.764
320.353
319.957
319.574
319.204
318.848
318.506
318.175
317.857
317.551
317.257
316.974
316.701
316.439
316.187
315.944
315.71
315.485
315.269
315.06
314.859
314.664
314.477
314.295
314.12
313.95
313.786
313.627
313.472
313.321
313.175
313.033
312.894
312.758
312.625
312.496
312.369
312.244
312.122
312.002
311.884
311.767
311.653
311.54
311.429
311.319
311.21
311.102
310.996
310.891
310.787
310.684
310.581
310.48
310.379
310.279
310.18
310.082
309.985
309.888
309.792
319.294
319.713
320.149
320.601
321.069
321.553
322.052
322.568
323.099
323.644
324.204
324.778
325.365
325.964
326.575
327.195
327.826
328.464
329.11
329.76
330.416
331.073
331.732
332.391
333.048
333.7
334.348
334.989
335.62
336.242
336.851
337.447
338.027
338.59
339.135
339.659
340.162
340.643
341.098
341.528
341.932
342.307
342.652
342.968
343.252
343.503
343.722
343.906
344.055
344.169
344.247
344.288
344.292
344.259
344.188
344.08
343.934
343.75
343.529
343.272
342.979
342.65
342.287
341.891
341.463
341.004
340.517
340.003
339.464
338.903
338.321
337.721
337.106
336.478
335.84
335.195
334.544
333.891
333.238
332.587
331.938
331.294
330.655
330.023
329.397
328.78
328.173
327.575
326.988
326.413
325.85
325.299
324.762
324.238
323.728
323.232
322.75
322.283
321.83
321.391
320.967
320.557
320.161
319.779
319.41
319.055
318.712
318.383
318.066
317.76
317.467
317.184
316.912
316.65
316.399
316.157
315.923
315.699
315.483
315.274
315.073
314.879
314.692
314.51
314.335
314.165
314.001
313.841
313.686
313.536
313.389
313.246
313.106
312.97
312.837
312.707
312.579
312.454
312.331
312.21
312.091
311.974
311.858
311.744
311.632
311.521
311.411
311.302
311.195
311.088
310.983
310.878
310.775
310.672
310.57
310.469
310.369
310.269
310.17
310.072
309.975
318.633
318.995
319.37
319.761
320.165
320.585
321.019
321.467
321.93
322.408
322.899
323.404
323.922
324.453
324.996
325.551
326.116
326.692
327.276
327.869
328.469
329.074
329.684
330.298
330.914
331.53
332.146
332.76
333.37
333.975
334.573
335.163
335.743
336.311
336.867
337.408
337.932
338.439
338.927
339.394
339.839
340.26
340.656
341.026
341.369
341.682
341.965
342.218
342.438
342.625
342.777
342.895
342.977
343.023
343.032
343.004
342.937
342.833
342.692
342.512
342.295
342.041
341.751
341.425
341.065
340.671
340.246
339.79
339.306
338.795
338.26
337.702
337.126
336.532
335.924
335.305
334.677
334.042
333.404
332.764
332.126
331.49
330.859
330.233
329.613
329.001
328.398
327.804
327.22
326.648
326.087
325.538
325.003
324.48
323.972
323.477
322.996
322.53
322.078
321.64
321.217
320.808
320.412
320.031
319.663
319.309
318.967
318.638
318.321
318.017
317.723
317.441
317.17
316.909
316.657
316.415
316.183
315.958
315.742
315.534
315.333
315.138
314.951
314.77
314.594
314.424
314.259
314.099
313.944
313.793
313.645
313.502
313.362
313.225
313.091
312.959
312.831
312.704
312.58
312.458
312.338
312.22
312.103
311.988
311.874
311.762
311.651
311.54
311.431
311.324
311.217
311.11
311.005
310.901
310.797
310.695
310.593
310.491
310.391
310.291
310.192
318.178
318.489
318.812
319.149
319.498
319.86
320.236
320.625
321.028
321.443
321.873
322.315
322.77
323.238
323.718
324.21
324.714
325.228
325.753
326.287
326.83
327.382
327.94
328.505
329.074
329.648
330.225
330.803
331.382
331.959
332.534
333.106
333.673
334.232
334.784
335.326
335.857
336.375
336.878
337.366
337.837
338.288
338.72
339.129
339.515
339.876
340.211
340.518
340.796
341.045
341.262
341.447
341.598
341.715
341.796
341.842
341.851
341.822
341.757
341.653
341.512
341.333
341.116
340.863
340.573
340.248
339.888
339.496
339.072
338.618
338.137
337.629
337.099
336.548
335.978
335.393
334.795
334.187
333.571
332.951
332.328
331.705
331.085
330.469
329.859
329.254
328.658
328.07
327.491
326.924
326.367
325.822
325.289
324.77
324.264
323.771
323.293
322.828
322.378
321.941
321.519
321.111
320.717
320.337
319.97
319.616
319.275
318.947
318.631
318.326
318.033
317.752
317.481
317.22
316.969
316.727
316.494
316.27
316.054
315.845
315.644
315.449
315.261
315.08
314.904
314.733
314.568
314.407
314.251
314.099
313.951
313.806
313.665
313.527
313.392
313.26
313.13
313.002
312.877
312.753
312.632
312.512
312.394
312.277
312.162
312.048
311.935
311.823
311.712
311.602
311.493
311.386
311.278
311.172
311.067
310.962
310.858
310.755
310.652
310.55
310.449
317.923
318.19
318.467
318.756
319.057
319.37
319.694
320.031
320.379
320.74
321.114
321.499
321.897
322.307
322.729
323.163
323.609
324.065
324.533
325.011
325.498
325.995
326.501
327.014
327.535
328.062
328.594
329.131
329.671
330.214
330.757
331.301
331.843
332.383
332.918
333.449
333.972
334.487
334.992
335.486
335.968
336.435
336.886
337.319
337.734
338.128
338.499
338.848
339.171
339.468
339.737
339.977
340.186
340.364
340.509
340.62
340.697
340.738
340.742
340.71
340.641
340.534
340.39
340.208
339.989
339.734
339.443
339.117
338.757
338.365
337.943
337.492
337.014
336.512
335.988
335.445
334.885
334.312
333.727
333.134
332.535
331.932
331.329
330.727
330.129
329.536
328.95
328.371
327.801
327.24
326.69
326.151
325.624
325.109
324.607
324.118
323.642
323.181
322.733
322.299
321.879
321.472
321.08
320.701
320.335
319.982
319.642
319.315
319
318.696
318.404
318.122
317.851
317.591
317.34
317.098
316.865
316.641
316.424
316.215
316.014
315.819
315.63
315.448
315.271
315.1
314.934
314.772
314.615
314.462
314.313
314.167
314.024
313.885
313.749
313.615
313.484
313.354
313.227
313.102
312.979
312.858
312.737
312.619
312.501
312.385
312.27
312.157
312.044
311.932
311.821
311.711
311.601
311.493
311.385
311.278
311.171
311.066
310.961
310.857
310.753
317.859
318.088
318.326
318.574
318.833
319.102
319.381
319.672
319.973
320.286
320.61
320.945
321.291
321.649
322.019
322.399
322.791
323.194
323.607
324.031
324.466
324.91
325.363
325.826
326.296
326.775
327.26
327.752
328.249
328.751
329.257
329.765
330.275
330.786
331.296
331.804
332.309
332.809
333.303
333.791
334.269
334.738
335.194
335.638
336.067
336.479
336.874
337.249
337.603
337.935
338.242
338.525
338.78
339.007
339.204
339.37
339.505
339.606
339.673
339.705
339.702
339.662
339.586
339.473
339.323
339.136
338.913
338.655
338.361
338.034
337.674
337.284
336.864
336.417
335.945
335.451
334.937
334.405
333.858
333.3
332.732
332.158
331.58
331
330.42
329.843
329.271
328.705
328.146
327.596
327.055
326.525
326.005
325.497
325.001
324.518
324.048
323.59
323.146
322.716
322.299
321.896
321.506
321.129
320.765
320.414
320.076
319.749
319.435
319.132
318.841
318.56
318.289
318.029
317.778
317.536
317.303
317.078
316.862
316.652
316.45
316.255
316.065
315.882
315.705
315.532
315.365
315.202
315.044
314.889
314.739
314.592
314.448
314.307
314.169
314.033
313.9
313.769
313.64
313.513
313.388
313.264
313.142
313.021
312.901
312.783
312.666
312.549
312.434
312.319
312.206
312.093
311.981
311.87
311.759
311.649
311.54
311.432
311.324
311.217
311.111
317.979
318.175
318.379
318.593
318.815
319.046
319.287
319.537
319.797
320.067
320.348
320.638
320.939
321.25
321.572
321.904
322.247
322.6
322.964
323.338
323.722
324.116
324.519
324.932
325.354
325.784
326.222
326.667
327.119
327.578
328.042
328.51
328.982
329.457
329.934
330.412
330.889
331.366
331.839
332.309
332.773
333.231
333.681
334.122
334.552
334.969
335.373
335.761
336.132
336.485
336.817
337.128
337.416
337.68
337.917
338.127
338.307
338.458
338.578
338.665
338.719
338.739
338.725
338.674
338.589
338.467
338.31
338.117
337.889
337.626
337.33
337.003
336.644
336.256
335.841
335.401
334.939
334.455
333.954
333.438
332.909
332.371
331.824
331.274
330.72
330.167
329.615
329.066
328.524
327.988
327.46
326.942
326.433
325.935
325.448
324.973
324.51
324.059
323.621
323.196
322.784
322.385
321.998
321.625
321.264
320.916
320.58
320.255
319.943
319.641
319.351
319.071
318.801
318.541
318.291
318.049
317.816
317.591
317.374
317.164
316.961
316.765
316.575
316.391
316.212
316.039
315.87
315.706
315.546
315.39
315.238
315.089
314.943
314.801
314.661
314.523
314.388
314.255
314.124
313.994
313.867
313.74
313.616
313.492
313.37
313.249
313.129
313.01
312.892
312.774
312.658
312.542
312.427
312.312
312.199
312.085
311.973
311.861
311.75
311.64
311.53
318.274
318.442
318.618
318.801
318.992
319.191
319.398
319.614
319.838
320.071
320.313
320.565
320.825
321.095
321.375
321.664
321.963
322.272
322.59
322.918
323.255
323.602
323.959
324.324
324.699
325.082
325.473
325.872
326.279
326.693
327.113
327.539
327.97
328.405
328.844
329.286
329.73
330.175
330.619
331.063
331.504
331.941
332.374
332.801
333.22
333.631
334.031
334.419
334.794
335.155
335.499
335.826
336.133
336.42
336.684
336.924
337.14
337.328
337.489
337.621
337.722
337.793
337.831
337.835
337.807
337.744
337.647
337.516
337.35
337.15
336.917
336.652
336.355
336.028
335.673
335.291
334.884
334.455
334.005
333.537
333.053
332.557
332.051
331.536
331.016
330.493
329.969
329.446
328.926
328.41
327.9
327.398
326.904
326.419
325.945
325.481
325.028
324.587
324.158
323.74
323.335
322.942
322.561
322.193
321.837
321.492
321.159
320.838
320.528
320.229
319.94
319.662
319.394
319.135
318.885
318.644
318.411
318.186
317.969
317.759
317.555
317.358
317.168
316.983
316.803
316.628
316.458
316.293
316.131
315.973
315.819
315.669
315.521
315.376
315.234
315.094
314.957
314.821
314.687
314.555
314.425
314.296
314.169
314.042
313.917
313.793
313.67
313.547
313.426
313.305
313.185
313.066
312.947
312.829
312.712
312.595
312.479
312.363
312.249
312.134
312.021
318.736
318.88
319.031
319.189
319.354
319.525
319.704
319.889
320.083
320.284
320.493
320.711
320.936
321.17
321.413
321.664
321.923
322.192
322.469
322.756
323.051
323.355
323.668
323.989
324.319
324.658
325.004
325.359
325.721
326.09
326.466
326.849
327.237
327.631
328.03
328.432
328.838
329.246
329.656
330.067
330.478
330.887
331.294
331.698
332.097
332.49
332.876
333.254
333.622
333.978
334.322
334.651
334.965
335.262
335.541
335.799
336.036
336.25
336.44
336.604
336.742
336.851
336.931
336.982
337.002
336.99
336.946
336.869
336.76
336.619
336.445
336.24
336.004
335.737
335.442
335.119
334.77
334.398
334.003
333.588
333.156
332.708
332.247
331.776
331.296
330.811
330.322
329.831
329.34
328.851
328.366
327.886
327.412
326.946
326.488
326.039
325.6
325.172
324.754
324.348
323.952
323.568
323.196
322.834
322.485
322.146
321.818
321.502
321.196
320.9
320.615
320.339
320.073
319.816
319.567
319.327
319.095
318.871
318.654
318.444
318.24
318.043
317.852
317.666
317.485
317.309
317.138
316.971
316.808
316.648
316.492
316.339
316.19
316.043
315.898
315.756
315.616
315.477
315.341
315.206
315.073
314.941
314.81
314.681
314.552
314.425
314.298
314.172
314.047
313.922
313.799
313.675
313.553
313.431
313.309
313.188
313.068
312.948
312.829
312.71
312.592
319.356
319.481
319.612
319.748
319.89
320.038
320.192
320.353
320.52
320.694
320.874
321.062
321.257
321.46
321.67
321.887
322.113
322.346
322.587
322.836
323.093
323.358
323.631
323.912
324.201
324.498
324.802
325.114
325.433
325.76
326.093
326.433
326.779
327.13
327.487
327.848
328.214
328.583
328.955
329.328
329.704
330.079
330.454
330.828
331.199
331.567
331.93
332.287
332.637
332.979
333.312
333.633
333.942
334.238
334.518
334.782
335.028
335.255
335.462
335.647
335.808
335.945
336.057
336.142
336.199
336.229
336.229
336.199
336.14
336.05
335.93
335.779
335.6
335.391
335.153
334.889
334.598
334.284
333.946
333.587
333.209
332.814
332.405
331.982
331.549
331.107
330.659
330.207
329.753
329.298
328.844
328.393
327.947
327.505
327.07
326.642
326.222
325.81
325.408
325.016
324.634
324.262
323.9
323.549
323.209
322.878
322.558
322.248
321.948
321.658
321.377
321.106
320.843
320.589
320.343
320.105
319.875
319.652
319.436
319.227
319.023
318.826
318.634
318.448
318.266
318.09
317.917
317.749
317.584
317.423
317.265
317.11
316.958
316.809
316.662
316.517
316.374
316.233
316.094
315.956
315.819
315.684
315.55
315.417
315.285
315.154
315.023
314.893
314.764
314.636
314.507
314.38
314.253
314.126
314
313.874
313.749
313.624
313.5
313.376
313.253
320.127
320.236
320.349
320.467
320.59
320.719
320.852
320.991
321.136
321.287
321.443
321.606
321.774
321.95
322.131
322.32
322.515
322.717
322.925
323.141
323.364
323.594
323.831
324.075
324.327
324.585
324.85
325.123
325.402
325.687
325.979
326.278
326.582
326.891
327.206
327.526
327.851
328.179
328.51
328.845
329.181
329.519
329.858
330.197
330.534
330.87
331.204
331.533
331.858
332.176
332.488
332.792
333.086
333.369
333.641
333.9
334.144
334.372
334.584
334.777
334.951
335.104
335.235
335.343
335.428
335.487
335.521
335.529
335.51
335.463
335.389
335.287
335.158
335.001
334.818
334.609
334.374
334.116
333.835
333.533
333.211
332.872
332.516
332.146
331.764
331.372
330.971
330.564
330.152
329.738
329.322
328.906
328.493
328.082
327.676
327.275
326.879
326.491
326.111
325.738
325.374
325.018
324.672
324.334
324.006
323.687
323.377
323.076
322.785
322.502
322.228
321.963
321.706
321.456
321.215
320.98
320.753
320.533
320.319
320.111
319.909
319.713
319.521
319.335
319.153
318.976
318.803
318.633
318.467
318.305
318.145
317.989
317.834
317.683
317.533
317.386
317.24
317.096
316.954
316.813
316.673
316.534
316.397
316.26
316.124
315.989
315.854
315.72
315.587
315.454
315.321
315.188
315.056
314.925
314.793
314.662
314.532
314.401
314.271
314.142
314.014
321.04
321.135
321.234
321.337
321.444
321.556
321.672
321.793
321.919
322.049
322.185
322.326
322.472
322.623
322.78
322.943
323.112
323.286
323.466
323.653
323.845
324.044
324.248
324.459
324.676
324.899
325.129
325.364
325.606
325.853
326.106
326.365
326.629
326.899
327.173
327.452
327.735
328.022
328.313
328.606
328.903
329.201
329.5
329.801
330.101
330.401
330.699
330.995
331.288
331.577
331.861
332.139
332.41
332.673
332.927
333.17
333.402
333.622
333.828
334.019
334.194
334.351
334.491
334.612
334.712
334.791
334.848
334.883
334.894
334.881
334.844
334.782
334.696
334.585
334.449
334.29
334.108
333.903
333.676
333.429
333.163
332.879
332.578
332.263
331.935
331.595
331.246
330.888
330.524
330.156
329.784
329.41
329.036
328.663
328.292
327.924
327.559
327.2
326.846
326.499
326.158
325.824
325.497
325.178
324.867
324.564
324.268
323.981
323.701
323.429
323.165
322.908
322.659
322.417
322.181
321.952
321.73
321.514
321.303
321.098
320.899
320.704
320.514
320.329
320.148
319.971
319.798
319.628
319.461
319.297
319.137
318.978
318.822
318.669
318.517
318.367
318.219
318.072
317.927
317.783
317.639
317.497
317.356
317.215
317.076
316.936
316.797
316.659
316.521
316.383
316.245
316.108
315.971
315.833
315.696
315.56
315.423
315.286
315.15
315.014
314.879
322.083
322.166
322.253
322.344
322.438
322.535
322.637
322.742
322.851
322.965
323.083
323.205
323.331
323.462
323.598
323.738
323.883
324.033
324.188
324.348
324.513
324.684
324.859
325.04
325.226
325.417
325.613
325.815
326.022
326.233
326.45
326.671
326.898
327.128
327.363
327.603
327.846
328.092
328.342
328.595
328.851
329.108
329.367
329.627
329.888
330.149
330.41
330.669
330.926
331.18
331.431
331.677
331.919
332.154
332.383
332.603
332.815
333.017
333.208
333.387
333.554
333.707
333.845
333.967
334.073
334.161
334.231
334.282
334.314
334.325
334.315
334.284
334.232
334.159
334.064
333.948
333.811
333.654
333.477
333.282
333.068
332.837
332.591
332.33
332.057
331.771
331.475
331.17
330.858
330.539
330.216
329.889
329.56
329.23
328.9
328.571
328.244
327.919
327.598
327.282
326.97
326.663
326.361
326.066
325.777
325.493
325.217
324.947
324.683
324.426
324.175
323.93
323.692
323.46
323.233
323.012
322.797
322.587
322.382
322.182
321.987
321.796
321.609
321.426
321.247
321.071
320.899
320.73
320.563
320.399
320.238
320.079
319.921
319.766
319.613
319.461
319.31
319.161
319.013
318.866
318.719
318.574
318.429
318.285
318.141
317.997
317.854
317.711
317.569
317.426
317.283
317.141
316.998
316.855
316.712
316.569
316.426
316.282
316.138
315.994
315.85
323.238
323.312
323.389
323.469
323.551
323.637
323.725
323.817
323.913
324.011
324.113
324.219
324.328
324.441
324.557
324.678
324.802
324.93
325.063
325.199
325.34
325.485
325.634
325.787
325.944
326.106
326.272
326.442
326.617
326.795
326.978
327.164
327.355
327.549
327.747
327.948
328.152
328.36
328.57
328.783
328.998
329.215
329.433
329.653
329.873
330.094
330.315
330.535
330.754
330.97
331.185
331.396
331.604
331.807
332.005
332.197
332.382
332.56
332.729
332.89
333.04
333.18
333.307
333.423
333.525
333.613
333.687
333.745
333.787
333.813
333.821
333.812
333.786
333.741
333.679
333.598
333.5
333.384
333.25
333.101
332.935
332.754
332.558
332.35
332.129
331.896
331.653
331.402
331.142
330.875
330.603
330.326
330.046
329.763
329.479
329.194
328.909
328.625
328.343
328.062
327.785
327.511
327.24
326.974
326.712
326.454
326.201
325.953
325.709
325.471
325.238
325.009
324.786
324.567
324.353
324.143
323.938
323.738
323.541
323.348
323.159
322.974
322.792
322.614
322.438
322.265
322.095
321.928
321.763
321.6
321.439
321.28
321.122
320.966
320.812
320.658
320.506
320.355
320.204
320.055
319.906
319.757
319.609
319.461
319.314
319.166
319.019
318.872
318.725
318.577
318.43
318.282
318.134
317.985
317.836
317.686
317.536
317.385
317.233
317.08
316.926
324.479
324.544
324.612
324.683
324.755
324.831
324.908
324.988
325.071
325.156
325.244
325.335
325.429
325.525
325.625
325.727
325.833
325.942
326.054
326.169
326.287
326.408
326.533
326.661
326.792
326.927
327.064
327.206
327.35
327.497
327.648
327.802
327.958
328.118
328.28
328.445
328.613
328.783
328.955
329.129
329.305
329.483
329.661
329.841
330.022
330.203
330.383
330.564
330.744
330.922
331.099
331.274
331.445
331.614
331.778
331.938
332.093
332.242
332.385
332.521
332.65
332.77
332.882
332.983
333.075
333.156
333.225
333.282
333.327
333.359
333.377
333.381
333.372
333.347
333.309
333.255
333.187
333.105
333.008
332.898
332.773
332.636
332.487
332.325
332.153
331.97
331.778
331.578
331.37
331.155
330.934
330.708
330.478
330.244
330.008
329.77
329.53
329.291
329.051
328.811
328.573
328.336
328.101
327.869
327.639
327.411
327.187
326.965
326.747
326.532
326.321
326.113
325.908
325.707
325.509
325.315
325.123
324.935
324.75
324.567
324.388
324.211
324.036
323.865
323.695
323.527
323.362
323.198
323.036
322.875
322.716
322.559
322.402
322.246
322.092
321.938
321.785
321.633
321.481
321.33
321.178
321.028
320.877
320.726
320.576
320.425
320.274
320.123
319.971
319.82
319.668
319.515
319.362
319.208
319.053
318.897
318.74
318.581
318.421
318.259
318.095
325.76
325.818
325.879
325.94
326.004
326.07
326.137
326.206
326.278
326.351
326.426
326.504
326.583
326.665
326.749
326.835
326.923
327.014
327.107
327.202
327.3
327.4
327.502
327.607
327.715
327.824
327.936
328.05
328.167
328.286
328.407
328.53
328.656
328.783
328.913
329.044
329.178
329.312
329.449
329.587
329.726
329.866
330.007
330.149
330.291
330.433
330.576
330.717
330.859
330.999
331.138
331.276
331.411
331.544
331.674
331.801
331.924
332.043
332.158
332.267
332.371
332.468
332.559
332.643
332.719
332.788
332.847
332.898
332.939
332.97
332.991
333.001
333.001
332.99
332.967
332.933
332.888
332.832
332.764
332.685
332.595
332.495
332.385
332.265
332.136
331.998
331.852
331.698
331.538
331.371
331.199
331.022
330.84
330.655
330.467
330.276
330.083
329.888
329.692
329.496
329.299
329.102
328.906
328.71
328.516
328.322
328.13
327.939
327.75
327.563
327.377
327.193
327.012
326.832
326.654
326.478
326.304
326.131
325.961
325.792
325.625
325.46
325.295
325.133
324.972
324.812
324.653
324.495
324.338
324.182
324.027
323.872
323.719
323.565
323.412
323.26
323.107
322.955
322.803
322.651
322.499
322.347
322.194
322.042
321.889
321.735
321.582
321.428
321.273
321.117
320.961
320.805
320.647
320.488
320.328
320.167
320.004
319.839
319.671
319.5
319.325
327.017
327.069
327.121
327.175
327.231
327.287
327.345
327.404
327.465
327.527
327.591
327.656
327.722
327.79
327.86
327.931
328.003
328.078
328.153
328.231
328.31
328.39
328.473
328.556
328.642
328.729
328.817
328.907
328.999
329.092
329.186
329.282
329.379
329.478
329.578
329.679
329.781
329.884
329.988
330.093
330.199
330.305
330.411
330.518
330.625
330.732
330.839
330.946
331.052
331.157
331.26
331.363
331.464
331.563
331.661
331.755
331.848
331.937
332.022
332.105
332.183
332.256
332.326
332.39
332.448
332.501
332.548
332.588
332.622
332.648
332.667
332.678
332.682
332.677
332.664
332.643
332.614
332.576
332.53
332.476
332.413
332.343
332.264
332.179
332.086
331.986
331.879
331.766
331.648
331.524
331.396
331.263
331.126
330.985
330.841
330.694
330.545
330.393
330.24
330.085
329.929
329.773
329.615
329.457
329.298
329.14
328.981
328.823
328.664
328.506
328.349
328.192
328.035
327.879
327.724
327.569
327.415
327.261
327.108
326.956
326.804
326.652
326.501
326.35
326.2
326.05
325.9
325.75
325.601
325.451
325.302
325.153
325.004
324.854
324.704
324.555
324.404
324.254
324.103
323.952
323.8
323.648
323.495
323.342
323.188
323.033
322.878
322.722
322.565
322.407
322.248
322.088
321.927
321.764
321.601
321.435
321.267
321.096
320.922
320.744
320.56
328.161
328.206
328.252
328.299
328.346
328.394
328.444
328.494
328.545
328.597
328.649
328.703
328.758
328.814
328.87
328.928
328.987
329.046
329.107
329.168
329.231
329.294
329.359
329.424
329.49
329.558
329.626
329.695
329.764
329.835
329.907
329.979
330.052
330.126
330.2
330.275
330.35
330.426
330.502
330.579
330.656
330.733
330.81
330.887
330.964
331.04
331.117
331.193
331.268
331.342
331.416
331.488
331.559
331.629
331.697
331.764
331.828
331.891
331.951
332.008
332.063
332.114
332.163
332.208
332.249
332.286
332.319
332.348
332.372
332.391
332.405
332.414
332.418
332.416
332.408
332.395
332.376
332.351
332.32
332.283
332.241
332.192
332.138
332.079
332.015
331.945
331.87
331.791
331.707
331.619
331.526
331.43
331.331
331.228
331.122
331.014
330.903
330.789
330.674
330.556
330.437
330.316
330.193
330.069
329.944
329.818
329.691
329.563
329.434
329.305
329.174
329.043
328.912
328.78
328.647
328.513
328.379
328.245
328.11
327.975
327.839
327.702
327.565
327.427
327.289
327.15
327.011
326.871
326.73
326.589
326.447
326.304
326.161
326.017
325.872
325.726
325.579
325.432
325.284
325.135
324.985
324.834
324.682
324.529
324.375
324.22
324.064
323.907
323.749
323.59
323.43
323.268
323.105
322.94
322.774
322.605
322.434
322.26
322.081
321.897
321.705
329.078
329.117
329.157
329.198
329.239
329.28
329.322
329.365
329.408
329.451
329.495
329.54
329.585
329.631
329.677
329.724
329.771
329.819
329.868
329.916
329.966
330.016
330.066
330.117
330.168
330.22
330.272
330.324
330.377
330.43
330.484
330.538
330.592
330.646
330.701
330.755
330.81
330.865
330.92
330.975
331.029
331.084
331.138
331.192
331.246
331.299
331.352
331.405
331.456
331.507
331.557
331.606
331.655
331.702
331.747
331.792
331.835
331.876
331.916
331.953
331.989
332.023
332.054
332.084
332.11
332.134
332.155
332.174
332.189
332.201
332.21
332.215
332.217
332.215
332.21
332.2
332.187
332.17
332.149
332.124
332.095
332.062
332.025
331.985
331.94
331.892
331.84
331.785
331.727
331.665
331.6
331.532
331.46
331.386
331.31
331.231
331.149
331.065
330.978
330.89
330.799
330.707
330.612
330.515
330.417
330.317
330.216
330.112
330.007
329.901
329.793
329.684
329.573
329.46
329.347
329.231
329.115
328.997
328.878
328.757
328.635
328.512
328.387
328.261
328.134
328.006
327.876
327.745
327.613
327.479
327.344
327.208
327.07
326.932
326.792
326.65
326.508
326.364
326.219
326.072
325.925
325.776
325.625
325.474
325.321
325.167
325.012
324.855
324.697
324.537
324.376
324.214
324.05
323.884
323.717
323.547
323.374
323.197
323.016
322.828
322.631
329.628
329.664
329.7
329.736
329.773
329.811
329.848
329.886
329.924
329.963
330.001
330.04
330.08
330.119
330.159
330.2
330.24
330.281
330.322
330.363
330.405
330.447
330.489
330.531
330.573
330.616
330.658
330.701
330.744
330.786
330.829
330.872
330.915
330.958
331.001
331.044
331.086
331.129
331.171
331.213
331.255
331.296
331.337
331.378
331.418
331.458
331.497
331.535
331.573
331.61
331.647
331.682
331.717
331.75
331.782
331.814
331.844
331.873
331.9
331.926
331.951
331.974
331.995
332.015
332.032
332.048
332.062
332.074
332.083
332.09
332.095
332.098
332.098
332.095
332.09
332.083
332.072
332.059
332.042
332.024
332.002
331.977
331.95
331.919
331.886
331.85
331.812
331.77
331.726
331.679
331.63
331.578
331.523
331.466
331.406
331.344
331.279
331.212
331.143
331.071
330.998
330.922
330.843
330.763
330.681
330.596
330.509
330.421
330.33
330.237
330.143
330.046
329.947
329.847
329.745
329.64
329.534
329.427
329.317
329.205
329.092
328.977
328.86
328.741
328.621
328.499
328.375
328.25
328.123
327.994
327.864
327.732
327.598
327.463
327.326
327.188
327.048
326.907
326.764
326.619
326.473
326.326
326.177
326.027
325.875
325.721
325.567
325.41
325.253
325.093
324.933
324.77
324.606
324.44
324.272
324.101
323.928
323.751
323.568
323.379
323.179
308.815
308.568
308.326
308.09
307.859
307.634
307.413
307.197
306.983
306.772
306.563
306.353
306.143
305.933
305.72
305.505
305.288
305.067
304.844
304.617
304.387
304.153
303.918
303.679
303.439
303.198
302.957
302.717
302.478
302.243
302.013
301.789
301.574
301.369
301.177
300.998
300.836
300.69
300.561
300.451
300.357
300.279
300.216
300.165
300.125
300.094
300.07
300.052
300.04
300.031
300.027
308.815
308.568
308.326
308.09
307.859
307.634
307.414
307.197
306.984
306.773
306.563
306.354
306.144
305.933
305.72
305.506
305.288
305.068
304.844
304.617
304.387
304.154
303.918
303.68
303.44
303.199
302.958
302.717
302.479
302.244
302.014
301.79
301.575
301.37
301.177
300.999
300.836
300.69
300.562
300.451
300.357
300.279
300.216
300.165
300.125
300.094
300.07
300.052
300.04
300.031
300.027
308.816
308.569
308.327
308.091
307.86
307.635
307.414
307.198
306.985
306.774
306.564
306.355
306.145
305.934
305.721
305.507
305.289
305.069
304.845
304.619
304.388
304.155
303.919
303.681
303.441
303.2
302.959
302.719
302.48
302.245
302.015
301.791
301.576
301.371
301.178
301
300.837
300.691
300.562
300.451
300.357
300.28
300.216
300.165
300.125
300.094
300.07
300.052
300.04
300.032
300.028
308.818
308.57
308.329
308.092
307.862
307.636
307.416
307.199
306.986
306.775
306.565
306.356
306.147
305.936
305.723
305.509
305.291
305.071
304.848
304.621
304.391
304.158
303.922
303.684
303.444
303.203
302.962
302.721
302.483
302.248
302.017
301.793
301.578
301.373
301.18
301.001
300.838
300.692
300.563
300.452
300.358
300.28
300.216
300.165
300.125
300.094
300.07
300.052
300.04
300.032
300.028
308.82
308.573
308.331
308.094
307.864
307.638
307.418
307.202
306.988
306.777
306.568
306.359
306.149
305.939
305.726
305.512
305.294
305.074
304.851
304.624
304.394
304.161
303.926
303.688
303.448
303.207
302.966
302.725
302.487
302.251
302.021
301.797
301.581
301.376
301.183
301.003
300.84
300.693
300.564
300.453
300.359
300.281
300.217
300.166
300.126
300.094
300.07
300.052
300.04
300.032
300.028
308.823
308.576
308.334
308.098
307.867
307.642
307.421
307.205
306.992
306.781
306.572
306.363
306.153
305.943
305.731
305.516
305.299
305.079
304.856
304.63
304.4
304.167
303.931
303.693
303.454
303.213
302.972
302.731
302.492
302.257
302.026
301.802
301.586
301.38
301.186
301.007
300.843
300.696
300.566
300.455
300.36
300.282
300.218
300.166
300.126
300.094
300.07
300.053
300.04
300.032
300.028
308.827
308.58
308.339
308.102
307.872
307.646
307.426
307.21
306.997
306.786
306.577
306.368
306.159
305.949
305.737
305.523
305.306
305.086
304.863
304.637
304.408
304.175
303.94
303.702
303.462
303.221
302.98
302.739
302.5
302.264
302.033
301.808
301.592
301.386
301.191
301.011
300.847
300.699
300.569
300.457
300.362
300.283
300.219
300.167
300.127
300.095
300.071
300.053
300.04
300.032
300.028
308.834
308.587
308.345
308.109
307.878
307.653
307.432
307.216
307.004
306.793
306.584
306.376
306.167
305.957
305.745
305.532
305.315
305.096
304.873
304.647
304.418
304.186
303.95
303.713
303.473
303.232
302.991
302.75
302.511
302.274
302.043
301.817
301.6
301.393
301.198
301.017
300.852
300.703
300.573
300.46
300.364
300.285
300.22
300.168
300.127
300.095
300.071
300.053
300.04
300.032
300.028
308.842
308.595
308.353
308.117
307.886
307.661
307.441
307.225
307.013
306.803
306.594
306.386
306.177
305.968
305.757
305.544
305.328
305.109
304.887
304.661
304.432
304.2
303.965
303.727
303.488
303.247
303.005
302.764
302.524
302.288
302.055
301.829
301.611
301.403
301.207
301.025
300.858
300.709
300.577
300.463
300.367
300.287
300.222
300.17
300.128
300.096
300.072
300.053
300.041
300.032
300.028
308.853
308.607
308.365
308.128
307.898
307.673
307.453
307.237
307.025
306.815
306.607
306.399
306.191
305.982
305.772
305.559
305.344
305.125
304.904
304.679
304.45
304.219
303.984
303.746
303.507
303.266
303.024
302.782
302.542
302.305
302.071
301.844
301.625
301.415
301.218
301.034
300.866
300.716
300.583
300.468
300.37
300.29
300.224
300.171
300.129
300.097
300.072
300.054
300.041
300.032
300.028
308.867
308.621
308.379
308.143
307.912
307.687
307.468
307.253
307.041
306.831
306.624
306.417
306.209
306.001
305.791
305.579
305.365
305.147
304.926
304.702
304.474
304.242
304.008
303.77
303.531
303.29
303.047
302.805
302.564
302.326
302.092
301.863
301.642
301.431
301.232
301.046
300.877
300.724
300.59
300.473
300.375
300.293
300.226
300.173
300.131
300.098
300.073
300.054
300.041
300.033
300.028
308.886
308.64
308.398
308.162
307.931
307.707
307.487
307.272
307.061
306.852
306.645
306.439
306.232
306.025
305.816
305.605
305.391
305.174
304.954
304.73
304.503
304.272
304.038
303.8
303.561
303.319
303.077
302.834
302.592
302.352
302.117
301.886
301.663
301.45
301.249
301.061
300.889
300.735
300.598
300.48
300.38
300.297
300.23
300.175
300.133
300.099
300.074
300.055
300.042
300.033
300.029
308.91
308.664
308.422
308.186
307.955
307.731
307.512
307.297
307.087
306.878
306.672
306.467
306.261
306.055
305.847
305.637
305.424
305.208
304.989
304.766
304.539
304.309
304.075
303.838
303.598
303.356
303.113
302.869
302.626
302.385
302.147
301.915
301.689
301.474
301.27
301.079
300.905
300.747
300.609
300.488
300.387
300.302
300.233
300.178
300.135
300.101
300.075
300.056
300.042
300.034
300.029
308.94
308.695
308.452
308.216
307.985
307.761
307.542
307.329
307.118
306.911
306.706
306.501
306.297
306.092
305.885
305.676
305.464
305.25
305.031
304.809
304.583
304.354
304.12
303.883
303.643
303.401
303.157
302.912
302.667
302.424
302.184
301.949
301.721
301.502
301.295
301.101
300.923
300.763
300.621
300.498
300.394
300.308
300.238
300.182
300.137
300.103
300.077
300.057
300.043
300.034
300.03
308.978
308.733
308.49
308.253
308.023
307.799
307.581
307.367
307.158
306.952
306.747
306.544
306.341
306.137
305.932
305.724
305.514
305.3
305.083
304.862
304.637
304.408
304.175
303.938
303.698
303.455
303.21
302.964
302.717
302.472
302.229
301.991
301.759
301.536
301.325
301.127
300.945
300.781
300.636
300.51
300.403
300.315
300.243
300.186
300.14
300.105
300.078
300.058
300.044
300.035
300.03
309.026
308.78
308.537
308.3
308.07
307.846
307.628
307.415
307.207
307.001
306.798
306.596
306.395
306.192
305.988
305.782
305.574
305.362
305.146
304.926
304.702
304.474
304.241
304.004
303.764
303.52
303.274
303.026
302.777
302.528
302.282
302.04
301.805
301.577
301.361
301.159
300.972
300.803
300.654
300.524
300.414
300.324
300.25
300.191
300.144
300.108
300.08
300.06
300.045
300.035
300.031
309.084
308.838
308.594
308.357
308.127
307.903
307.685
307.473
307.266
307.062
306.86
306.659
306.459
306.259
306.057
305.853
305.646
305.435
305.221
305.003
304.78
304.552
304.32
304.083
303.842
303.597
303.35
303.099
302.848
302.596
302.346
302.1
301.859
301.626
301.404
301.196
301.003
300.829
300.675
300.541
300.427
300.334
300.257
300.196
300.148
300.111
300.082
300.061
300.046
300.036
300.031
309.156
308.908
308.664
308.426
308.196
307.972
307.755
307.544
307.337
307.134
306.934
306.735
306.537
306.338
306.138
305.936
305.731
305.523
305.311
305.094
304.872
304.646
304.414
304.177
303.935
303.689
303.44
303.187
302.932
302.676
302.422
302.17
301.923
301.684
301.455
301.24
301.041
300.86
300.7
300.561
300.443
300.345
300.267
300.203
300.153
300.114
300.085
300.063
300.047
300.037
300.032
309.243
308.994
308.749
308.51
308.279
308.056
307.839
307.628
307.422
307.221
307.022
306.825
306.629
306.433
306.235
306.036
305.833
305.627
305.417
305.202
304.982
304.756
304.524
304.287
304.045
303.798
303.546
303.29
303.031
302.771
302.511
302.252
301.999
301.752
301.515
301.292
301.085
300.897
300.73
300.584
300.461
300.359
300.277
300.211
300.159
300.119
300.088
300.065
300.049
300.038
300.033
309.348
309.098
308.851
308.611
308.38
308.156
307.939
307.729
307.524
307.324
307.127
306.933
306.739
306.545
306.35
306.153
305.954
305.75
305.542
305.329
305.11
304.885
304.655
304.417
304.174
303.925
303.671
303.411
303.148
302.882
302.616
302.35
302.088
301.832
301.586
301.353
301.137
300.94
300.764
300.612
300.482
300.376
300.29
300.22
300.166
300.124
300.091
300.068
300.051
300.04
300.034
309.474
309.222
308.973
308.732
308.499
308.275
308.058
307.849
307.645
307.447
307.252
307.059
306.868
306.677
306.485
306.291
306.095
305.894
305.689
305.478
305.261
305.037
304.807
304.569
304.325
304.074
303.817
303.553
303.285
303.012
302.738
302.464
302.192
301.926
301.669
301.425
301.197
300.99
300.805
300.644
300.507
300.395
300.304
300.231
300.174
300.129
300.095
300.07
300.053
300.041
300.035
309.625
309.37
309.119
308.876
308.642
308.417
308.2
307.991
307.788
307.591
307.398
307.208
307.02
306.832
306.644
306.453
306.26
306.062
305.86
305.651
305.436
305.214
304.984
304.746
304.501
304.247
303.986
303.718
303.444
303.164
302.881
302.597
302.314
302.036
301.766
301.509
301.269
301.049
300.853
300.682
300.537
300.418
300.321
300.244
300.183
300.136
300.1
300.074
300.055
300.043
300.037
309.805
309.546
309.292
309.047
308.811
308.584
308.367
308.158
307.956
307.761
307.57
307.383
307.198
307.013
306.828
306.641
306.451
306.258
306.058
305.853
305.64
305.419
305.189
304.951
304.704
304.448
304.184
303.91
303.629
303.341
303.048
302.752
302.456
302.164
301.88
301.608
301.352
301.118
300.909
300.726
300.571
300.444
300.341
300.258
300.193
300.143
300.105
300.077
300.058
300.045
300.038
310.019
309.755
309.497
309.248
309.01
308.782
308.563
308.354
308.153
307.959
307.771
307.586
307.404
307.223
307.042
306.859
306.674
306.484
306.288
306.085
305.875
305.655
305.427
305.188
304.94
304.681
304.411
304.132
303.843
303.545
303.241
302.932
302.621
302.313
302.012
301.722
301.45
301.199
300.974
300.778
300.612
300.475
300.364
300.275
300.206
300.152
300.112
300.082
300.061
300.047
300.04
310.272
310.002
309.739
309.486
309.244
309.014
308.794
308.584
308.384
308.191
308.004
307.822
307.644
307.467
307.29
307.111
306.93
306.744
306.552
306.353
306.144
305.927
305.699
305.46
305.21
304.947
304.673
304.387
304.089
303.781
303.464
303.14
302.813
302.487
302.166
301.856
301.564
301.294
301.051
300.838
300.659
300.511
300.391
300.295
300.22
300.162
300.119
300.087
300.064
300.049
300.042
310.57
310.293
310.024
309.765
309.519
309.285
309.063
308.852
308.652
308.459
308.275
308.095
307.92
307.747
307.574
307.4
307.224
307.042
306.854
306.658
306.453
306.237
306.01
305.771
305.518
305.253
304.973
304.679
304.372
304.052
303.721
303.38
303.035
302.688
302.345
302.012
301.697
301.404
301.141
300.909
300.715
300.554
300.423
300.318
300.237
300.174
300.127
300.092
300.068
300.052
300.044
310.92
310.634
310.357
310.093
309.841
309.603
309.378
309.165
308.963
308.771
308.587
308.41
308.238
308.069
307.9
307.731
307.559
307.382
307.198
307.006
306.803
306.59
306.363
306.124
305.869
305.6
305.315
305.013
304.695
304.362
304.015
303.657
303.29
302.92
302.552
302.193
301.851
301.533
301.245
300.993
300.78
300.603
300.46
300.345
300.256
300.188
300.136
300.099
300.073
300.056
300.047
311.331
311.034
310.748
310.475
310.217
309.973
309.743
309.527
309.323
309.13
308.947
308.771
308.602
308.436
308.272
308.107
307.939
307.767
307.588
307.399
307.199
306.988
306.762
306.522
306.266
305.993
305.701
305.391
305.063
304.716
304.352
303.973
303.583
303.187
302.791
302.403
302.031
301.683
301.367
301.09
300.856
300.661
300.503
300.377
300.279
300.203
300.147
300.106
300.078
300.059
300.05
311.811
311.501
311.204
310.921
310.654
310.403
310.166
309.945
309.738
309.543
309.359
309.184
309.017
308.853
308.693
308.532
308.369
308.201
308.025
307.84
307.643
307.434
307.21
306.969
306.711
306.434
306.137
305.818
305.478
305.116
304.734
304.334
303.919
303.494
303.067
302.646
302.239
301.857
301.509
301.204
300.945
300.729
300.553
300.413
300.305
300.222
300.16
300.115
300.084
300.064
300.053
312.369
312.044
311.734
311.439
311.161
310.9
310.656
310.428
310.215
310.016
309.83
309.654
309.487
309.325
309.167
309.009
308.85
308.685
308.513
308.332
308.138
307.93
307.707
307.466
307.207
306.926
306.623
306.296
305.944
305.567
305.166
304.743
304.3
303.845
303.384
302.925
302.48
302.06
301.676
301.338
301.049
300.808
300.612
300.456
300.335
300.243
300.174
300.125
300.09
300.068
300.057
313.016
312.673
312.347
312.038
311.747
311.474
311.219
310.981
310.761
310.556
310.365
310.186
310.017
309.856
309.698
309.542
309.385
309.223
309.054
308.874
308.683
308.477
308.255
308.014
307.753
307.47
307.161
306.826
306.463
306.071
305.65
305.203
304.733
304.244
303.745
303.246
302.758
302.294
301.87
301.494
301.171
300.9
300.68
300.505
300.37
300.267
300.191
300.136
300.098
300.074
300.061
313.759
313.396
313.052
312.727
312.42
312.132
311.864
311.614
311.383
311.169
310.97
310.786
310.612
310.448
310.289
310.132
309.975
309.814
309.646
309.468
309.278
309.073
308.852
308.612
308.35
308.064
307.751
307.408
307.035
306.628
306.189
305.718
305.218
304.694
304.156
303.612
303.076
302.566
302.095
301.675
301.312
301.008
300.759
300.562
300.41
300.295
300.21
300.149
300.107
300.08
300.066
314.604
314.22
313.857
313.513
313.188
312.882
312.597
312.332
312.087
311.86
311.651
311.456
311.275
311.104
310.94
310.78
310.62
310.458
310.288
310.11
309.92
309.716
309.495
309.255
308.992
308.704
308.388
308.04
307.657
307.238
306.781
306.287
305.758
305.199
304.619
304.028
303.443
302.88
302.356
301.886
301.477
301.132
300.851
300.628
300.456
300.327
300.231
300.163
300.116
300.087
300.072
315.554
315.15
314.765
314.4
314.055
313.729
313.424
313.14
312.877
312.633
312.408
312.2
312.006
311.825
311.652
311.484
311.318
311.15
310.977
310.796
310.604
310.399
310.177
309.937
309.673
309.384
309.065
308.713
308.324
307.895
307.423
306.908
306.352
305.759
305.137
304.498
303.859
303.238
302.656
302.128
301.666
301.276
300.956
300.703
300.509
300.363
300.256
300.179
300.127
300.094
300.077
316.607
316.182
315.776
315.388
315.019
314.671
314.343
314.036
313.751
313.486
313.241
313.015
312.804
312.606
312.419
312.239
312.063
311.886
311.705
311.518
311.322
311.113
310.889
310.647
310.383
310.094
309.774
309.419
309.025
308.589
308.106
307.574
306.994
306.37
305.708
305.021
304.326
303.643
302.996
302.404
301.882
301.439
301.076
300.789
300.568
300.403
300.282
300.197
300.139
300.102
300.084
317.751
317.305
316.875
316.463
316.07
315.696
315.343
315.011
314.7
314.411
314.141
313.891
313.658
313.44
313.233
313.036
312.844
312.653
312.461
312.264
312.06
311.845
311.617
311.373
311.107
310.817
310.497
310.142
309.746
309.306
308.815
308.271
307.673
307.021
306.323
305.59
304.839
304.093
303.376
302.714
302.125
301.623
301.211
300.884
300.634
300.447
300.312
300.216
300.152
300.111
300.09
318.955
318.488
318.036
317.6
317.181
316.781
316.401
316.041
315.703
315.385
315.087
314.809
314.549
314.306
314.075
313.855
313.642
313.433
313.225
313.014
312.799
312.576
312.341
312.092
311.824
311.533
311.213
310.859
310.465
310.024
309.531
308.98
308.368
307.696
306.967
306.193
305.389
304.579
303.791
303.054
302.394
301.827
301.359
300.989
300.705
300.495
300.343
300.237
300.165
300.12
300.097
320.165
319.678
319.205
318.746
318.303
317.878
317.471
317.083
316.715
316.367
316.04
315.732
315.442
315.17
314.911
314.665
314.428
314.197
313.969
313.741
313.512
313.277
313.033
312.778
312.506
312.213
311.894
311.542
311.151
310.713
310.221
309.669
309.052
308.366
307.615
306.806
305.955
305.086
304.228
303.416
302.68
302.043
301.517
301.099
300.78
300.544
300.375
300.257
300.178
300.128
300.104
321.289
320.785
320.294
319.816
319.352
318.904
318.473
318.06
317.665
317.29
316.933
316.596
316.277
315.975
315.688
315.415
315.152
314.897
314.648
314.401
314.156
313.907
313.654
313.391
313.114
312.819
312.5
312.151
311.764
311.332
310.846
310.297
309.68
308.989
308.225
307.391
306.503
305.584
304.663
303.78
302.969
302.262
301.675
301.209
300.853
300.592
300.406
300.277
300.19
300.137
300.11
322.199
321.683
321.179
320.687
320.207
319.742
319.293
318.86
318.444
318.046
317.666
317.304
316.96
316.633
316.322
316.024
315.739
315.463
315.194
314.931
314.671
314.41
314.146
313.876
313.595
313.298
312.979
312.633
312.251
311.825
311.346
310.806
310.194
309.505
308.736
307.89
306.978
306.021
305.051
304.107
303.231
302.46
301.817
301.306
300.917
300.633
300.431
300.293
300.2
300.143
300.115
322.738
322.216
321.705
321.205
320.717
320.243
319.783
319.338
318.91
318.499
318.105
317.729
317.37
317.027
316.7
316.388
316.088
315.799
315.519
315.245
314.975
314.707
314.437
314.162
313.877
313.579
313.261
312.917
312.54
312.119
311.647
311.113
310.508
309.825
309.058
308.209
307.287
306.311
305.312
304.33
303.411
302.596
301.913
301.37
300.959
300.659
300.447
300.302
300.206
300.147
300.118
)
;

boundaryField
{
    inlet
    {
        type            fixedValue;
        value           uniform 300;
    }
    outlet
    {
        type            zeroGradient;
    }
    top
    {
        type            zeroGradient;
    }
    slip-bottom
    {
        type            zeroGradient;
    }
    bottom
    {
        type            zeroGradient;
    }
    interface
    {
        type            fixedGradient;
        gradient        nonuniform List<scalar> 
161
(
2999.99
2999.99
2999.99
2999.99
2999.99
2999.99
2999.99
2999.99
2999.99
2999.99
2999.99
2999.99
2999.99
2999.99
2999.99
2999.99
2999.99
2999.99
2999.99
2999.99
-2.55795e-13
-2.55795e-13
-2.55795e-13
-2.55795e-13
-2.55795e-13
-2.55795e-13
-2.55795e-13
-2.55795e-13
-2.55795e-13
-2.55795e-13
-2.55795e-13
-2.55795e-13
-2.55795e-13
-2.55795e-13
-2.55795e-13
-2.55795e-13
-2.55795e-13
-2.55795e-13
-2.55795e-13
-2.55795e-13
-2.84217e-14
-2.84217e-14
-2.84217e-14
-2.84217e-14
-2.84217e-14
-2.84217e-14
-2.84217e-14
-2.84217e-14
-2.84217e-14
-2.84217e-14
-2.84217e-14
-2.84217e-14
-2.84217e-14
-2.84217e-14
-2.84217e-14
-2.84217e-14
-2.84217e-14
-2.84217e-14
-2.84217e-14
-2.84217e-14
-2.84217e-14
-2.84217e-14
-2.84217e-14
-2.84217e-14
-2.84217e-14
-2.84217e-14
-2.84217e-14
-2.84217e-14
-2.84217e-14
-2.84217e-14
-2.84217e-14
5.68434e-14
5.68434e-14
5.68434e-14
5.68434e-14
5.68434e-14
5.68434e-14
5.68434e-14
5.68434e-14
5.68434e-14
5.68434e-14
5.68434e-14
5.68434e-14
8.52651e-14
8.52651e-14
8.52651e-14
8.52651e-14
8.52651e-14
8.52651e-14
8.52651e-14
8.52651e-14
8.52651e-14
8.52651e-14
8.52651e-14
-2.84217e-13
-2.84217e-13
-2.84217e-13
-2.84217e-13
-2.84217e-13
-2.84217e-13
-2.84217e-13
-2.84217e-13
-2.84217e-13
-2.84217e-13
6.25278e-13
6.25278e-13
6.25278e-13
6.25278e-13
6.25278e-13
6.25278e-13
6.25278e-13
6.25278e-13
6.25278e-13
-9.37916e-13
-9.37916e-13
-9.37916e-13
-9.37916e-13
-9.37916e-13
-9.37916e-13
-9.37916e-13
-9.37916e-13
-1.44951e-12
-1.44951e-12
-1.44951e-12
-1.44951e-12
-1.44951e-12
-1.44951e-12
-1.44951e-12
-1.44951e-12
1.7053e-13
1.7053e-13
1.7053e-13
1.7053e-13
1.7053e-13
1.7053e-13
1.7053e-13
5.68434e-14
5.68434e-14
5.68434e-14
5.68434e-14
5.68434e-14
5.68434e-14
5.68434e-14
1.42109e-14
1.42109e-14
1.42109e-14
1.42109e-14
1.42109e-14
1.42109e-14
-8.52651e-14
-8.52651e-14
-8.52651e-14
-8.52651e-14
-8.52651e-14
-8.52651e-14
1.10845e-12
1.10845e-12
1.10845e-12
1.10845e-12
1.10845e-12
1.10845e-12
)
;
    }
    defaultFaces
    {
        type            empty;
    }
}


// ************************************************************************* //
