/*--------------------------------*- C++ -*----------------------------------*\
  =========                 |
  \\      /  F ield         | OpenFOAM: The Open Source CFD Toolbox
   \\    /   O peration     | Website:  https://openfoam.org
    \\  /    A nd           | Version:  7
     \\/     M anipulation  |
\*---------------------------------------------------------------------------*/
FoamFile
{
    version     2.0;
    format      ascii;
    class       volScalarField;
    location    "2.08";
    object      T;
}
// * * * * * * * * * * * * * * * * * * * * * * * * * * * * * * * * * * * * * //

dimensions      [0 0 0 1 0 0 0];

internalField   nonuniform List<scalar> 
12013
(
300.026
300.078
300.132
300.189
300.248
300.31
300.374
300.442
300.512
300.587
300.664
300.745
300.83
300.919
301.013
301.111
301.213
301.321
301.434
301.552
301.676
301.806
301.942
302.085
302.234
302.391
302.556
302.729
302.911
303.101
303.301
303.512
303.733
303.966
304.211
304.469
304.742
305.029
305.333
305.653
305.992
306.351
306.731
307.134
307.561
308.014
308.496
309.009
309.554
310.134
310.753
311.413
312.116
312.868
313.67
314.528
315.446
316.429
317.48
318.607
319.816
321.112
322.504
323.998
325.605
327.334
329.195
331.202
333.367
335.707
338.24
340.988
343.976
347.235
350.804
354.733
359.088
363.963
369.5
375.939
383.738
300.026
300.078
300.132
300.189
300.248
300.31
300.374
300.442
300.512
300.587
300.664
300.745
300.83
300.919
301.013
301.111
301.213
301.321
301.434
301.552
301.676
301.806
301.942
302.085
302.235
302.392
302.556
302.729
302.911
303.101
303.302
303.512
303.733
303.966
304.211
304.47
304.742
305.03
305.333
305.654
305.992
306.351
306.731
307.134
307.561
308.015
308.496
309.009
309.554
310.134
310.752
311.412
312.115
312.866
313.668
314.526
315.443
316.424
317.475
318.601
319.808
321.102
322.492
323.984
325.588
327.312
329.169
331.17
333.328
335.659
338.181
340.913
343.882
347.115
350.649
354.527
358.806
363.56
368.885
374.902
381.716
300.026
300.078
300.132
300.189
300.248
300.31
300.374
300.442
300.513
300.587
300.664
300.745
300.83
300.92
301.013
301.111
301.214
301.321
301.434
301.552
301.676
301.806
301.942
302.085
302.235
302.392
302.557
302.73
302.911
303.102
303.302
303.513
303.734
303.967
304.212
304.47
304.743
305.03
305.334
305.654
305.993
306.352
306.732
307.134
307.561
308.015
308.496
309.008
309.553
310.133
310.751
311.409
312.112
312.862
313.663
314.519
315.435
316.415
317.463
318.586
319.79
321.081
322.465
323.952
325.549
327.265
329.111
331.099
333.241
335.553
338.049
340.75
343.677
346.855
350.314
354.089
358.219
362.749
367.722
373.163
379.029
300.026
300.078
300.132
300.189
300.248
300.31
300.374
300.442
300.513
300.587
300.664
300.745
300.83
300.92
301.013
301.111
301.214
301.321
301.434
301.552
301.676
301.806
301.943
302.086
302.235
302.392
302.557
302.73
302.912
303.103
303.303
303.513
303.735
303.968
304.213
304.472
304.744
305.031
305.335
305.655
305.994
306.353
306.733
307.135
307.562
308.015
308.496
309.008
309.552
310.131
310.748
311.406
312.107
312.856
313.655
314.509
315.422
316.399
317.443
318.562
319.76
321.045
322.422
323.899
325.484
327.186
329.016
330.983
333.1
335.379
337.836
340.486
343.348
346.442
349.788
353.412
357.334
361.574
366.137
371.001
376.09
300.026
300.078
300.132
300.189
300.248
300.31
300.374
300.442
300.513
300.587
300.664
300.745
300.831
300.92
301.013
301.111
301.214
301.322
301.435
301.553
301.677
301.807
301.943
302.086
302.236
302.393
302.558
302.731
302.913
303.104
303.304
303.515
303.736
303.969
304.215
304.473
304.746
305.033
305.336
305.657
305.996
306.354
306.734
307.136
307.563
308.015
308.496
309.007
309.55
310.128
310.744
311.4
312.1
312.846
313.643
314.494
315.403
316.375
317.414
318.526
319.717
320.992
322.357
323.821
325.389
327.072
328.877
330.815
332.895
335.13
337.531
340.111
342.885
345.866
349.069
352.504
356.181
360.1
364.246
368.582
373.04
300.026
300.078
300.132
300.189
300.248
300.31
300.374
300.442
300.513
300.587
300.664
300.745
300.831
300.92
301.013
301.111
301.214
301.322
301.435
301.553
301.678
301.808
301.944
302.087
302.237
302.394
302.559
302.733
302.914
303.105
303.306
303.517
303.738
303.971
304.217
304.475
304.748
305.035
305.339
305.659
305.998
306.356
306.735
307.137
307.563
308.015
308.495
309.005
309.547
310.124
310.738
311.392
312.089
312.833
313.626
314.472
315.376
316.342
317.374
318.477
319.656
320.918
322.269
323.714
325.26
326.916
328.689
330.588
332.621
334.797
337.127
339.62
342.284
345.13
348.162
351.386
354.799
358.39
362.139
366.007
369.943
300.026
300.078
300.132
300.189
300.248
300.31
300.374
300.442
300.513
300.587
300.664
300.746
300.831
300.92
301.014
301.112
301.215
301.323
301.436
301.554
301.678
301.809
301.945
302.088
302.238
302.396
302.561
302.734
302.916
303.107
303.308
303.519
303.741
303.974
304.22
304.478
304.751
305.038
305.342
305.662
306
306.359
306.737
307.139
307.564
308.015
308.494
309.003
309.544
310.118
310.73
311.381
312.075
312.814
313.603
314.443
315.34
316.298
317.32
318.411
319.577
320.822
322.153
323.574
325.093
326.715
328.447
330.297
332.271
334.377
336.621
339.009
341.547
344.239
347.086
350.085
353.229
356.502
359.883
363.34
366.831
300.026
300.078
300.132
300.189
300.248
300.31
300.374
300.442
300.513
300.587
300.664
300.746
300.831
300.92
301.014
301.112
301.215
301.323
301.436
301.555
301.679
301.81
301.946
302.09
302.24
302.398
302.563
302.737
302.919
303.11
303.311
303.522
303.744
303.977
304.223
304.482
304.754
305.042
305.345
305.665
306.004
306.361
306.74
307.141
307.565
308.015
308.493
309
309.538
310.111
310.719
311.367
312.056
312.79
313.572
314.406
315.294
316.241
317.25
318.327
319.475
320.7
322.006
323.398
324.882
326.463
328.146
329.938
331.842
333.865
336.011
338.282
340.681
343.208
345.859
348.63
351.51
354.483
357.529
360.621
363.729
300.025
300.078
300.132
300.189
300.248
300.31
300.374
300.442
300.513
300.587
300.665
300.746
300.831
300.921
301.014
301.113
301.216
301.324
301.437
301.556
301.681
301.811
301.948
302.092
302.242
302.4
302.566
302.739
302.922
303.113
303.314
303.526
303.748
303.981
304.227
304.486
304.759
305.046
305.349
305.669
306.007
306.365
306.742
307.142
307.566
308.015
308.49
308.995
309.531
310.1
310.705
311.348
312.032
312.76
313.534
314.358
315.235
316.169
317.163
318.222
319.349
320.548
321.825
323.182
324.625
326.157
327.784
329.508
331.334
333.264
335.301
337.445
339.696
342.052
344.506
347.053
349.68
352.374
355.115
357.885
360.658
300.025
300.078
300.132
300.189
300.248
300.31
300.374
300.442
300.513
300.587
300.665
300.746
300.832
300.921
301.015
301.113
301.217
301.325
301.438
301.557
301.682
301.813
301.95
302.094
302.245
302.403
302.569
302.743
302.925
303.117
303.319
303.53
303.753
303.986
304.232
304.491
304.764
305.051
305.354
305.674
306.012
306.368
306.745
307.144
307.566
308.013
308.487
308.989
309.522
310.087
310.687
311.325
312.002
312.721
313.486
314.298
315.162
316.081
317.057
318.094
319.196
320.365
321.607
322.924
324.319
325.796
327.358
329.008
330.747
332.577
334.497
336.508
338.607
340.79
343.051
345.381
347.77
350.206
352.673
355.155
357.633
300.025
300.078
300.132
300.189
300.248
300.31
300.374
300.442
300.513
300.587
300.665
300.746
300.832
300.922
301.016
301.114
301.218
301.326
301.44
301.559
301.684
301.815
301.952
302.096
302.248
302.406
302.572
302.747
302.93
303.122
303.324
303.535
303.758
303.992
304.238
304.497
304.77
305.057
305.36
305.679
306.016
306.372
306.748
307.146
307.566
308.011
308.482
308.981
309.509
310.07
310.664
311.295
311.964
312.673
313.427
314.226
315.074
315.974
316.929
317.941
319.013
320.149
321.351
322.622
323.964
325.38
326.871
328.44
330.086
331.809
333.609
335.484
337.431
339.443
341.516
343.641
345.809
348.008
350.228
352.453
354.671
300.025
300.078
300.132
300.188
300.248
300.309
300.374
300.442
300.513
300.587
300.665
300.747
300.832
300.922
301.016
301.115
301.219
301.327
301.441
301.561
301.686
301.817
301.955
302.1
302.251
302.41
302.577
302.751
302.935
303.127
303.329
303.542
303.764
303.999
304.245
304.504
304.777
305.064
305.367
305.685
306.022
306.377
306.751
307.147
307.565
308.007
308.475
308.97
309.494
310.048
310.636
311.258
311.917
312.616
313.356
314.139
314.969
315.848
316.778
317.761
318.8
319.897
321.055
322.275
323.559
324.909
326.325
327.807
329.356
330.97
332.648
334.387
336.183
338.031
339.925
341.858
343.821
345.805
347.801
349.798
351.785
300.025
300.077
300.132
300.188
300.248
300.309
300.374
300.442
300.513
300.587
300.665
300.747
300.833
300.923
301.017
301.116
301.22
301.329
301.443
301.563
301.688
301.82
301.958
302.103
302.255
302.414
302.581
302.757
302.941
303.134
303.336
303.549
303.772
304.006
304.253
304.512
304.785
305.072
305.374
305.692
306.027
306.381
306.754
307.147
307.563
308.002
308.466
308.956
309.474
310.022
310.601
311.214
311.862
312.547
313.271
314.037
314.846
315.701
316.602
317.554
318.556
319.611
320.721
321.886
323.108
324.387
325.723
327.117
328.567
330.071
331.627
333.232
334.883
336.574
338.3
340.054
341.829
343.618
345.413
347.205
348.986
300.025
300.077
300.132
300.188
300.247
300.309
300.374
300.442
300.513
300.587
300.665
300.747
300.833
300.923
301.018
301.117
301.221
301.33
301.445
301.565
301.691
301.823
301.962
302.107
302.26
302.419
302.587
302.763
302.947
303.141
303.344
303.557
303.78
304.015
304.262
304.521
304.793
305.08
305.381
305.699
306.033
306.385
306.756
307.147
307.56
307.995
308.454
308.938
309.45
309.989
310.559
311.161
311.796
312.466
313.173
313.918
314.704
315.532
316.403
317.319
318.281
319.291
320.349
321.456
322.613
323.819
325.074
326.377
327.727
329.122
330.559
332.036
333.548
335.091
336.659
338.249
339.852
341.465
343.079
344.688
346.286
300.025
300.077
300.132
300.188
300.247
300.309
300.374
300.442
300.513
300.587
300.666
300.748
300.834
300.924
301.019
301.118
301.223
301.332
301.447
301.568
301.694
301.827
301.966
302.112
302.265
302.425
302.593
302.77
302.955
303.149
303.352
303.565
303.789
304.024
304.271
304.53
304.803
305.089
305.39
305.706
306.039
306.389
306.758
307.146
307.554
307.985
308.439
308.916
309.42
309.951
310.51
311.099
311.719
312.373
313.06
313.783
314.543
315.341
316.179
317.057
317.976
318.938
319.942
320.989
322.078
323.21
324.383
325.597
326.849
328.137
329.46
330.813
332.194
333.599
335.022
336.461
337.908
339.361
340.813
342.259
343.694
300.025
300.077
300.132
300.188
300.247
300.309
300.374
300.442
300.513
300.587
300.666
300.748
300.834
300.925
301.02
301.12
301.224
301.334
301.45
301.571
301.698
301.831
301.971
302.117
302.271
302.432
302.6
302.777
302.963
303.157
303.361
303.575
303.8
304.035
304.282
304.541
304.813
305.098
305.398
305.713
306.044
306.392
306.758
307.143
307.547
307.972
308.42
308.89
309.385
309.905
310.452
311.027
311.632
312.266
312.932
313.631
314.363
315.13
315.932
316.77
317.644
318.556
319.504
320.49
321.511
322.569
323.661
324.786
325.943
327.129
328.342
329.579
330.838
332.114
333.405
334.705
336.012
337.32
338.627
339.927
341.217
300.025
300.077
300.131
300.188
300.247
300.309
300.374
300.442
300.513
300.587
300.666
300.748
300.835
300.925
301.021
301.121
301.226
301.336
301.452
301.574
301.701
301.835
301.976
302.123
302.277
302.439
302.608
302.786
302.972
303.167
303.372
303.586
303.811
304.046
304.293
304.552
304.824
305.108
305.407
305.721
306.05
306.395
306.757
307.138
307.537
307.957
308.397
308.859
309.344
309.853
310.386
310.946
311.532
312.147
312.79
313.462
314.165
314.898
315.663
316.46
317.288
318.149
319.041
319.964
320.919
321.903
322.915
323.955
325.021
326.11
327.22
328.349
329.494
330.652
331.821
332.996
334.175
335.355
336.531
337.701
338.861
300.025
300.077
300.131
300.188
300.247
300.309
300.373
300.441
300.513
300.587
300.666
300.748
300.835
300.926
301.022
301.122
301.228
301.339
301.455
301.577
301.706
301.84
301.981
302.129
302.284
302.446
302.617
302.795
302.982
303.178
303.383
303.598
303.823
304.058
304.305
304.564
304.835
305.118
305.416
305.727
306.054
306.396
306.755
307.131
307.525
307.937
308.37
308.822
309.296
309.793
310.312
310.855
311.422
312.015
312.633
313.278
313.95
314.649
315.376
316.13
316.912
317.721
318.557
319.42
320.308
321.221
322.157
323.115
324.094
325.091
326.105
327.134
328.175
329.225
330.283
331.345
332.409
333.473
334.532
335.586
336.631
300.025
300.077
300.131
300.187
300.246
300.308
300.373
300.441
300.512
300.587
300.666
300.749
300.836
300.927
301.023
301.124
301.23
301.341
301.458
301.581
301.71
301.845
301.987
302.135
302.291
302.455
302.626
302.805
302.992
303.189
303.394
303.61
303.835
304.071
304.317
304.576
304.846
305.128
305.424
305.734
306.058
306.396
306.751
307.121
307.509
307.914
308.338
308.78
309.242
309.725
310.229
310.754
311.301
311.871
312.464
313.081
313.721
314.385
315.073
315.784
316.519
317.278
318.059
318.862
319.686
320.531
321.394
322.276
323.173
324.085
325.01
325.947
326.892
327.844
328.801
329.762
330.723
331.682
332.638
333.588
334.53
300.025
300.077
300.131
300.187
300.246
300.308
300.372
300.44
300.512
300.587
300.666
300.749
300.836
300.927
301.024
301.125
301.232
301.344
301.461
301.585
301.714
301.85
301.993
302.142
302.299
302.463
302.635
302.815
303.003
303.2
303.407
303.622
303.848
304.083
304.33
304.588
304.857
305.138
305.432
305.739
306.06
306.394
306.744
307.109
307.49
307.887
308.301
308.732
309.182
309.65
310.138
310.644
311.171
311.717
312.284
312.871
313.48
314.108
314.757
315.427
316.116
316.825
317.553
318.299
319.062
319.842
320.637
321.446
322.268
323.102
323.945
324.797
325.655
326.518
327.385
328.254
329.122
329.988
330.851
331.709
332.56
300.025
300.077
300.13
300.187
300.245
300.307
300.372
300.44
300.511
300.586
300.665
300.748
300.836
300.928
301.025
301.126
301.234
301.346
301.464
301.588
301.719
301.855
301.999
302.149
302.307
302.472
302.645
302.825
303.014
303.212
303.419
303.635
303.86
304.096
304.342
304.599
304.867
305.147
305.439
305.743
306.06
306.39
306.735
307.093
307.467
307.855
308.259
308.679
309.116
309.569
310.039
310.527
311.032
311.554
312.095
312.653
313.229
313.823
314.434
315.063
315.708
316.369
317.046
317.737
318.443
319.162
319.893
320.635
321.388
322.149
322.917
323.692
324.472
325.255
326.04
326.827
327.612
328.395
329.175
329.95
330.719
300.025
300.076
300.13
300.186
300.245
300.306
300.371
300.439
300.51
300.586
300.665
300.748
300.836
300.928
301.025
301.127
301.235
301.348
301.467
301.592
301.723
301.861
302.005
302.156
302.315
302.48
302.654
302.836
303.025
303.224
303.431
303.647
303.873
304.108
304.354
304.61
304.877
305.154
305.444
305.745
306.058
306.384
306.722
307.074
307.44
307.819
308.213
308.621
309.043
309.481
309.934
310.402
310.885
311.384
311.899
312.428
312.973
313.533
314.107
314.696
315.298
315.914
316.543
317.183
317.835
318.498
319.17
319.85
320.539
321.234
321.935
322.64
323.349
324.06
324.772
325.484
326.195
326.904
327.61
328.312
329.008
300.025
300.076
300.129
300.185
300.244
300.305
300.37
300.438
300.509
300.584
300.664
300.747
300.835
300.928
301.025
301.128
301.236
301.35
301.469
301.595
301.727
301.865
302.011
302.163
302.322
302.489
302.663
302.846
303.036
303.235
303.442
303.659
303.885
304.12
304.364
304.619
304.884
305.16
305.447
305.744
306.053
306.374
306.707
307.051
307.409
307.779
308.161
308.557
308.966
309.388
309.823
310.272
310.734
311.209
311.698
312.199
312.714
313.241
313.78
314.331
314.893
315.466
316.049
316.642
317.244
317.855
318.472
319.097
319.727
320.362
321.002
321.644
322.289
322.936
323.582
324.229
324.873
325.516
326.156
326.792
327.423
300.025
300.076
300.129
300.184
300.243
300.304
300.368
300.436
300.508
300.583
300.662
300.746
300.834
300.927
301.025
301.128
301.237
301.351
301.471
301.598
301.73
301.869
302.016
302.168
302.329
302.496
302.671
302.854
303.046
303.245
303.453
303.669
303.895
304.129
304.373
304.627
304.89
305.163
305.447
305.741
306.045
306.361
306.687
307.024
307.373
307.733
308.105
308.488
308.883
309.289
309.707
310.137
310.578
311.031
311.494
311.969
312.454
312.95
313.455
313.971
314.495
315.029
315.57
316.119
316.675
317.238
317.806
318.379
318.957
319.538
320.122
320.708
321.296
321.884
322.472
323.06
323.645
324.229
324.81
325.387
325.96
300.025
300.075
300.128
300.183
300.241
300.303
300.367
300.434
300.506
300.581
300.66
300.744
300.832
300.925
301.024
301.127
301.236
301.351
301.472
301.599
301.733
301.873
302.019
302.173
302.334
302.502
302.678
302.862
303.054
303.253
303.461
303.678
303.903
304.137
304.379
304.631
304.893
305.163
305.444
305.734
306.033
306.343
306.663
306.993
307.333
307.683
308.044
308.414
308.795
309.186
309.587
309.998
310.419
310.85
311.289
311.738
312.196
312.662
313.137
313.619
314.109
314.605
315.108
315.617
316.131
316.65
317.173
317.7
318.23
318.763
319.297
319.833
320.369
320.905
321.441
321.976
322.509
323.04
323.568
324.092
324.613
300.025
300.075
300.127
300.182
300.24
300.301
300.364
300.432
300.503
300.578
300.657
300.741
300.83
300.923
301.021
301.125
301.235
301.35
301.472
301.599
301.733
301.874
302.022
302.176
302.338
302.507
302.683
302.867
303.059
303.259
303.467
303.683
303.908
304.141
304.382
304.632
304.891
305.159
305.436
305.722
306.017
306.32
306.634
306.956
307.287
307.628
307.977
308.335
308.703
309.079
309.463
309.857
310.258
310.667
311.085
311.509
311.941
312.38
312.825
313.277
313.734
314.197
314.664
315.136
315.613
316.092
316.575
317.06
317.547
318.036
318.526
319.016
319.507
319.997
320.486
320.974
321.46
321.943
322.424
322.902
323.376
300.024
300.074
300.126
300.181
300.238
300.298
300.362
300.429
300.5
300.575
300.654
300.737
300.826
300.919
301.018
301.122
301.232
301.348
301.47
301.598
301.732
301.874
302.022
302.177
302.339
302.508
302.685
302.87
303.062
303.261
303.469
303.685
303.908
304.14
304.38
304.628
304.885
305.149
305.422
305.704
305.994
306.292
306.598
306.912
307.235
307.566
307.904
308.251
308.605
308.966
309.335
309.711
310.094
310.484
310.88
311.282
311.69
312.103
312.522
312.945
313.373
313.804
314.24
314.679
315.12
315.564
316.01
316.458
316.907
317.357
317.807
318.257
318.706
319.155
319.602
320.048
320.492
320.933
321.372
321.808
322.241
300.024
300.073
300.125
300.179
300.235
300.295
300.358
300.425
300.496
300.57
300.649
300.733
300.821
300.914
301.013
301.117
301.227
301.343
301.466
301.594
301.729
301.871
302.019
302.174
302.337
302.507
302.684
302.868
303.06
303.259
303.466
303.681
303.904
304.134
304.372
304.618
304.871
305.133
305.402
305.679
305.963
306.255
306.554
306.861
307.175
307.496
307.824
308.159
308.5
308.848
309.202
309.562
309.927
310.298
310.674
311.055
311.441
311.83
312.224
312.622
313.022
313.426
313.832
314.241
314.651
315.063
315.477
315.891
316.305
316.72
317.134
317.548
317.961
318.373
318.783
319.191
319.597
320.001
320.402
320.801
321.196
300.024
300.072
300.123
300.176
300.233
300.292
300.354
300.42
300.49
300.565
300.643
300.726
300.815
300.908
301.006
301.111
301.221
301.337
301.459
301.587
301.723
301.864
302.013
302.168
302.331
302.5
302.677
302.861
303.053
303.251
303.458
303.671
303.892
304.121
304.357
304.6
304.85
305.108
305.373
305.645
305.923
306.209
306.501
306.8
307.106
307.417
307.735
308.058
308.387
308.721
309.061
309.405
309.754
310.108
310.465
310.827
311.192
311.56
311.931
312.305
312.681
313.059
313.439
313.82
314.202
314.585
314.969
315.353
315.736
316.119
316.502
316.883
317.263
317.642
318.019
318.393
318.766
319.136
319.503
319.868
320.229
300.023
300.071
300.121
300.174
300.229
300.288
300.349
300.415
300.484
300.558
300.636
300.719
300.806
300.899
300.998
301.101
301.211
301.327
301.449
301.578
301.712
301.854
302.002
302.158
302.32
302.489
302.665
302.849
303.039
303.237
303.442
303.654
303.873
304.099
304.332
304.572
304.819
305.072
305.333
305.599
305.872
306.151
306.437
306.728
307.024
307.326
307.634
307.946
308.263
308.584
308.91
309.24
309.573
309.91
310.25
310.593
310.939
311.287
311.637
311.989
312.343
312.698
313.053
313.41
313.766
314.123
314.48
314.836
315.192
315.546
315.9
316.252
316.603
316.952
317.299
317.643
317.985
318.325
318.662
318.996
319.327
300.023
300.07
300.119
300.171
300.225
300.283
300.344
300.408
300.477
300.55
300.627
300.709
300.796
300.888
300.986
301.09
301.199
301.314
301.436
301.564
301.698
301.839
301.987
302.141
302.303
302.471
302.646
302.828
303.018
303.214
303.417
303.626
303.843
304.066
304.296
304.533
304.775
305.024
305.28
305.541
305.807
306.08
306.357
306.64
306.928
307.221
307.517
307.819
308.124
308.433
308.745
309.061
309.379
309.701
310.024
310.35
310.678
311.007
311.338
311.669
312.002
312.335
312.668
313.002
313.335
313.668
314
314.332
314.662
314.991
315.318
315.644
315.968
316.29
316.609
316.927
317.241
317.553
317.863
318.169
318.472
300.022
300.068
300.116
300.167
300.221
300.277
300.337
300.401
300.468
300.54
300.617
300.698
300.784
300.875
300.972
301.075
301.183
301.298
301.418
301.545
301.679
301.819
301.966
302.119
302.279
302.446
302.619
302.8
302.987
303.181
303.381
303.588
303.802
304.022
304.248
304.48
304.718
304.962
305.211
305.466
305.726
305.991
306.261
306.535
306.814
307.096
307.383
307.673
307.966
308.263
308.562
308.864
309.168
309.474
309.781
310.09
310.401
310.712
311.024
311.337
311.65
311.963
312.275
312.587
312.899
313.209
313.519
313.827
314.134
314.439
314.743
315.044
315.343
315.641
315.935
316.228
316.517
316.804
317.088
317.369
317.647
300.022
300.067
300.114
300.163
300.215
300.271
300.329
300.392
300.458
300.529
300.604
300.684
300.769
300.86
300.955
301.057
301.164
301.277
301.397
301.522
301.654
301.793
301.938
302.09
302.248
302.413
302.584
302.762
302.946
303.137
303.335
303.538
303.748
303.963
304.185
304.412
304.644
304.882
305.125
305.373
305.625
305.882
306.144
306.409
306.678
306.95
307.226
307.504
307.786
308.069
308.355
308.643
308.932
309.223
309.515
309.808
310.101
310.395
310.69
310.984
311.278
311.571
311.864
312.156
312.446
312.736
313.024
313.311
313.595
313.878
314.159
314.438
314.714
314.988
315.26
315.529
315.795
316.059
316.319
316.577
316.831
300.021
300.065
300.11
300.159
300.21
300.264
300.321
300.382
300.447
300.516
300.59
300.669
300.752
300.841
300.936
301.035
301.141
301.253
301.371
301.494
301.625
301.761
301.904
302.053
302.209
302.371
302.54
302.714
302.895
303.082
303.276
303.475
303.679
303.89
304.106
304.327
304.553
304.784
305.02
305.26
305.504
305.752
306.004
306.259
306.518
306.779
307.043
307.309
307.578
307.848
308.12
308.394
308.668
308.944
309.22
309.496
309.773
310.049
310.326
310.602
310.877
311.151
311.425
311.697
311.967
312.237
312.504
312.77
313.033
313.295
313.554
313.811
314.066
314.318
314.567
314.814
315.058
315.3
315.538
315.774
316.006
300.021
300.063
300.107
300.154
300.203
300.256
300.312
300.371
300.435
300.503
300.575
300.652
300.734
300.821
300.913
301.011
301.115
301.225
301.34
301.462
301.59
301.724
301.864
302.01
302.163
302.321
302.486
302.657
302.834
303.016
303.205
303.398
303.598
303.802
304.011
304.226
304.444
304.668
304.895
305.126
305.361
305.599
305.841
306.085
306.332
306.582
306.833
307.086
307.341
307.598
307.855
308.114
308.373
308.632
308.892
309.151
309.41
309.669
309.927
310.185
310.441
310.697
310.95
311.203
311.454
311.702
311.95
312.195
312.437
312.678
312.916
313.152
313.386
313.617
313.845
314.071
314.293
314.513
314.731
314.945
315.157
300.02
300.061
300.103
300.149
300.197
300.248
300.302
300.36
300.422
300.488
300.558
300.633
300.713
300.798
300.889
300.985
301.086
301.194
301.307
301.426
301.55
301.681
301.818
301.961
302.11
302.265
302.425
302.591
302.763
302.94
303.123
303.311
303.503
303.701
303.903
304.109
304.32
304.534
304.752
304.974
305.198
305.426
305.656
305.888
306.123
306.36
306.598
306.837
307.078
307.319
307.561
307.803
308.046
308.288
308.53
308.772
309.014
309.254
309.494
309.732
309.969
310.205
310.439
310.671
310.902
311.13
311.357
311.581
311.804
312.024
312.241
312.456
312.669
312.879
313.086
313.291
313.494
313.693
313.89
314.084
314.275
300.019
300.058
300.1
300.143
300.19
300.239
300.292
300.348
300.408
300.472
300.541
300.614
300.692
300.775
300.863
300.957
301.056
301.161
301.271
301.387
301.509
301.636
301.769
301.908
302.053
302.203
302.359
302.52
302.687
302.858
303.034
303.215
303.401
303.591
303.785
303.983
304.184
304.389
304.597
304.808
305.021
305.237
305.455
305.674
305.895
306.118
306.341
306.566
306.791
307.016
307.242
307.467
307.693
307.918
308.142
308.365
308.588
308.81
309.03
309.249
309.466
309.682
309.896
310.108
310.319
310.527
310.733
310.937
311.139
311.338
311.535
311.729
311.921
312.111
312.298
312.482
312.664
312.843
313.02
313.194
313.365
300.018
300.056
300.096
300.139
300.183
300.231
300.282
300.337
300.395
300.458
300.524
300.596
300.672
300.753
300.839
300.93
301.026
301.128
301.236
301.349
301.467
301.591
301.721
301.856
301.996
302.142
302.293
302.449
302.609
302.775
302.945
303.119
303.297
303.479
303.665
303.854
304.046
304.24
304.438
304.637
304.839
305.042
305.247
305.453
305.66
305.868
306.077
306.286
306.495
306.705
306.913
307.122
307.33
307.537
307.744
307.949
308.153
308.355
308.557
308.756
308.954
309.15
309.344
309.536
309.727
309.915
310.101
310.284
310.465
310.644
310.821
310.995
311.167
311.336
311.503
311.668
311.83
311.989
312.146
312.3
312.452
300.018
300.055
300.093
300.134
300.178
300.224
300.274
300.327
300.384
300.444
300.51
300.579
300.653
300.732
300.816
300.905
300.999
301.099
301.204
301.314
301.429
301.55
301.676
301.808
301.944
302.086
302.232
302.383
302.539
302.699
302.862
303.03
303.201
303.375
303.552
303.733
303.915
304.1
304.287
304.476
304.667
304.858
305.051
305.245
305.439
305.633
305.828
306.022
306.217
306.411
306.604
306.797
306.988
307.179
307.368
307.556
307.742
307.927
308.11
308.292
308.471
308.649
308.824
308.998
309.169
309.338
309.505
309.669
309.832
309.992
310.149
310.304
310.457
310.607
310.755
310.901
311.044
311.184
311.323
311.459
311.592
300.017
300.053
300.091
300.131
300.173
300.218
300.267
300.319
300.375
300.434
300.498
300.566
300.639
300.716
300.799
300.886
300.979
301.076
301.179
301.287
301.4
301.519
301.642
301.771
301.904
302.043
302.185
302.332
302.484
302.638
302.797
302.959
303.124
303.292
303.463
303.636
303.811
303.989
304.167
304.347
304.529
304.711
304.893
305.077
305.26
305.443
305.626
305.809
305.991
306.172
306.353
306.532
306.71
306.887
307.062
307.236
307.408
307.578
307.746
307.913
308.077
308.239
308.399
308.557
308.712
308.866
309.017
309.166
309.312
309.456
309.597
309.737
309.873
310.008
310.14
310.27
310.397
310.522
310.645
310.765
310.883
300.017
300.052
300.089
300.129
300.171
300.215
300.263
300.315
300.37
300.428
300.491
300.559
300.631
300.707
300.789
300.875
300.967
301.063
301.165
301.272
301.384
301.501
301.624
301.751
301.883
302.019
302.16
302.304
302.453
302.605
302.761
302.92
303.082
303.246
303.413
303.582
303.753
303.926
304.1
304.275
304.451
304.628
304.805
304.982
305.159
305.336
305.512
305.688
305.863
306.037
306.209
306.381
306.551
306.72
306.886
307.052
307.215
307.376
307.536
307.693
307.848
308.001
308.152
308.3
308.446
308.59
308.731
308.87
309.007
309.141
309.273
309.402
309.529
309.654
309.777
309.897
310.014
310.13
310.243
310.353
310.462
394.064
402.133
408.911
414.806
420.021
424.664
428.798
432.457
435.653
438.389
440.652
442.418
443.654
444.31
444.322
443.598
442.012
439.369
435.342
429.277
419.535
412.809
407.556
403.173
399.369
395.982
392.909
390.082
387.451
384.981
382.642
380.415
378.281
376.228
374.243
372.317
370.444
368.617
366.831
365.08
363.361
361.671
360.007
358.366
356.746
355.144
353.561
351.993
350.442
348.907
347.388
345.885
344.4
342.933
341.485
340.059
338.655
337.275
335.921
334.594
333.297
332.03
330.796
329.595
328.428
327.298
326.203
325.146
324.126
323.144
322.2
321.293
320.423
319.589
318.791
318.029
317.3
316.604
315.94
315.307
314.703
314.127
313.577
313.053
312.553
312.076
311.62
311.184
310.768
310.368
309.986
309.619
309.267
308.928
308.602
308.289
307.986
307.693
307.411
307.138
306.873
306.617
306.368
306.127
305.892
305.665
305.444
305.228
305.019
304.816
304.618
304.426
304.239
304.057
303.88
303.708
303.541
303.378
303.221
303.068
302.92
302.776
302.637
302.503
302.372
302.247
302.125
302.008
301.895
301.787
301.682
301.582
301.486
301.394
301.305
301.221
301.141
301.064
300.991
300.922
300.856
300.793
300.734
300.678
300.626
300.576
300.53
300.486
300.445
300.407
300.371
300.337
300.306
300.278
300.251
300.226
300.204
300.183
300.163
300.146
300.13
389.306
396.339
402.653
408.308
413.385
417.944
422.025
425.65
428.827
431.554
433.818
435.594
436.849
437.535
437.591
436.935
435.455
432.999
429.351
424.25
417.656
411.898
407.021
402.818
399.116
395.792
392.762
389.966
387.357
384.903
382.578
380.36
378.235
376.188
374.208
372.287
370.418
368.594
366.81
365.061
363.345
361.657
359.994
358.354
356.734
355.134
353.551
351.984
350.434
348.899
347.38
345.877
344.392
342.924
341.477
340.05
338.646
337.266
335.912
334.585
333.287
332.021
330.786
329.585
328.419
327.289
326.194
325.137
324.118
323.136
322.192
321.285
320.415
319.582
318.785
318.022
317.294
316.599
315.935
315.302
314.698
314.123
313.574
313.05
312.55
312.073
311.617
311.182
310.765
310.367
309.984
309.618
309.266
308.927
308.601
308.288
307.985
307.693
307.41
307.137
306.873
306.616
306.368
306.126
305.892
305.665
305.443
305.228
305.019
304.816
304.618
304.426
304.239
304.057
303.88
303.708
303.541
303.379
303.221
303.068
302.92
302.776
302.637
302.503
302.373
302.247
302.125
302.008
301.895
301.787
301.682
301.582
301.486
301.394
301.306
301.221
301.141
301.064
300.991
300.922
300.856
300.793
300.734
300.679
300.626
300.576
300.53
300.486
300.445
300.407
300.371
300.337
300.306
300.278
300.251
300.226
300.204
300.183
300.164
300.146
300.13
385.19
391.23
396.918
402.176
406.994
411.379
415.342
418.888
422.016
424.717
426.974
428.763
430.051
430.793
430.936
430.411
429.133
427.002
423.917
419.837
414.984
410.26
405.95
402.074
398.572
395.38
392.441
389.71
387.15
384.733
382.437
380.242
378.134
376.102
374.134
372.223
370.362
368.545
366.766
365.023
363.31
361.625
359.965
358.328
356.71
355.112
353.53
351.964
350.415
348.88
347.361
345.859
344.373
342.906
341.458
340.031
338.627
337.247
335.892
334.566
333.268
332.001
330.767
329.566
328.4
327.27
326.177
325.12
324.101
323.12
322.176
321.27
320.401
319.569
318.772
318.011
317.283
316.589
315.926
315.293
314.69
314.115
313.567
313.044
312.545
312.068
311.613
311.178
310.762
310.364
309.982
309.615
309.264
308.926
308.6
308.286
307.984
307.692
307.41
307.137
306.872
306.616
306.368
306.126
305.892
305.665
305.444
305.229
305.02
304.816
304.619
304.426
304.239
304.057
303.88
303.709
303.541
303.379
303.222
303.069
302.921
302.777
302.638
302.503
302.373
302.247
302.126
302.009
301.896
301.787
301.683
301.583
301.486
301.394
301.306
301.222
301.141
301.064
300.991
300.922
300.856
300.794
300.735
300.679
300.626
300.577
300.53
300.486
300.445
300.407
300.371
300.338
300.307
300.278
300.251
300.226
300.204
300.183
300.164
300.146
300.13
381.323
386.552
391.616
396.415
400.899
405.043
408.831
412.254
415.299
417.95
420.188
421.987
423.315
424.134
424.397
424.051
423.04
421.307
418.822
415.624
411.911
408.088
404.397
400.934
397.713
394.716
391.918
389.291
386.81
384.454
382.205
380.049
377.971
375.963
374.015
372.12
370.272
368.466
366.697
364.961
363.255
361.576
359.92
358.287
356.673
355.076
353.497
351.933
350.384
348.851
347.332
345.83
344.345
342.877
341.429
340.002
338.598
337.217
335.863
334.536
333.239
331.972
330.738
329.538
328.373
327.243
326.15
325.095
324.077
323.097
322.154
321.249
320.382
319.55
318.755
317.995
317.268
316.575
315.913
315.282
314.68
314.106
313.559
313.037
312.538
312.063
311.608
311.174
310.759
310.361
309.979
309.614
309.262
308.925
308.599
308.286
307.984
307.692
307.41
307.137
306.873
306.617
306.369
306.128
305.894
305.666
305.445
305.23
305.021
304.818
304.62
304.428
304.241
304.059
303.882
303.71
303.543
303.38
303.223
303.07
302.922
302.778
302.639
302.504
302.374
302.248
302.127
302.01
301.897
301.788
301.684
301.583
301.487
301.395
301.307
301.222
301.142
301.065
300.992
300.922
300.857
300.794
300.735
300.679
300.627
300.577
300.53
300.486
300.445
300.407
300.371
300.338
300.307
300.278
300.251
300.227
300.204
300.183
300.164
300.146
300.13
377.583
382.155
386.652
390.99
395.109
398.969
402.542
405.804
408.735
411.314
413.517
415.32
416.69
417.596
417.999
417.861
417.147
415.829
413.912
411.449
408.58
405.515
402.426
399.414
396.527
393.779
391.168
388.684
386.314
384.046
381.866
379.765
377.733
375.761
373.842
371.972
370.144
368.354
366.598
364.873
363.177
361.505
359.857
358.229
356.619
355.026
353.45
351.888
350.341
348.809
347.291
345.79
344.305
342.837
341.389
339.962
338.558
337.177
335.823
334.497
333.2
331.934
330.7
329.501
328.337
327.208
326.117
325.063
324.046
323.068
322.127
321.224
320.358
319.529
318.735
317.976
317.252
316.56
315.9
315.27
314.669
314.097
313.551
313.03
312.533
312.058
311.604
311.171
310.756
310.359
309.979
309.613
309.263
308.925
308.601
308.288
307.986
307.694
307.413
307.14
306.876
306.62
306.372
306.131
305.897
305.669
305.448
305.233
305.024
304.821
304.623
304.431
304.243
304.061
303.884
303.712
303.545
303.383
303.225
303.072
302.924
302.78
302.641
302.506
302.376
302.25
302.128
302.011
301.898
301.789
301.685
301.584
301.488
301.396
301.308
301.223
301.143
301.066
300.993
300.923
300.857
300.795
300.736
300.68
300.627
300.577
300.531
300.487
300.446
300.407
300.372
300.338
300.307
300.278
300.251
300.227
300.204
300.183
300.164
300.146
300.13
373.932
377.959
381.957
385.858
389.61
393.17
396.502
399.577
402.37
404.857
407.011
408.806
410.215
411.21
411.76
411.838
411.422
410.504
409.095
407.247
405.049
402.626
400.093
397.538
395.015
392.554
390.17
387.865
385.639
383.486
381.4
379.374
377.404
375.483
373.607
371.77
369.97
368.202
366.465
364.756
363.072
361.412
359.772
358.151
356.548
354.96
353.388
351.829
350.285
348.754
347.238
345.737
344.253
342.786
341.339
339.912
338.508
337.128
335.774
334.449
333.152
331.888
330.656
329.458
328.295
327.169
326.079
325.027
324.013
323.036
322.098
321.197
320.333
319.506
318.714
317.958
317.235
316.545
315.887
315.259
314.66
314.089
313.545
313.025
312.529
312.056
311.603
311.171
310.757
310.361
309.981
309.616
309.266
308.929
308.605
308.292
307.991
307.699
307.418
307.145
306.881
306.625
306.377
306.136
305.902
305.674
305.453
305.238
305.029
304.826
304.628
304.435
304.248
304.066
303.888
303.716
303.549
303.386
303.229
303.075
302.927
302.783
302.644
302.509
302.378
302.252
302.131
302.013
301.9
301.791
301.687
301.586
301.49
301.397
301.309
301.224
301.144
301.067
300.994
300.924
300.858
300.796
300.736
300.681
300.628
300.578
300.531
300.487
300.446
300.408
300.372
300.339
300.307
300.279
300.252
300.227
300.204
300.183
300.164
300.147
300.13
370.358
373.925
377.484
380.986
384.386
387.644
390.725
393.6
396.238
398.616
400.706
402.483
403.923
405
405.691
405.976
405.842
405.286
404.324
402.991
401.349
399.474
397.446
395.332
393.183
391.034
388.906
386.813
384.76
382.75
380.782
378.855
376.966
375.113
373.293
371.503
369.741
368.005
366.293
364.605
362.938
361.291
359.663
358.052
356.457
354.876
353.309
351.755
350.214
348.686
347.173
345.674
344.191
342.725
341.279
339.853
338.45
337.071
335.718
334.394
333.1
331.837
330.607
329.411
328.25
327.126
326.039
324.99
323.978
323.004
322.069
321.171
320.309
319.485
318.696
317.942
317.222
316.534
315.878
315.252
314.655
314.086
313.543
313.024
312.53
312.058
311.606
311.175
310.762
310.367
309.987
309.623
309.274
308.937
308.613
308.301
308
307.708
307.427
307.154
306.89
306.634
306.386
306.145
305.911
305.683
305.462
305.246
305.037
304.833
304.635
304.442
304.254
304.072
303.895
303.722
303.554
303.392
303.234
303.08
302.931
302.787
302.648
302.513
302.382
302.256
302.134
302.016
301.903
301.794
301.689
301.589
301.492
301.399
301.311
301.226
301.145
301.068
300.995
300.926
300.859
300.797
300.738
300.682
300.629
300.579
300.532
300.488
300.447
300.409
300.373
300.339
300.308
300.279
300.252
300.228
300.205
300.184
300.164
300.147
300.131
366.862
370.032
373.206
376.347
379.418
382.386
385.218
387.886
390.361
392.618
394.633
396.38
397.839
398.986
399.803
400.275
400.393
400.156
399.576
398.679
397.505
396.103
394.528
392.829
391.049
389.22
387.369
385.51
383.657
381.816
379.991
378.185
376.398
374.631
372.884
371.155
369.444
367.75
366.073
364.413
362.768
361.14
359.527
357.929
356.344
354.772
353.213
351.665
350.129
348.605
347.095
345.599
344.118
342.655
341.211
339.787
338.386
337.009
335.658
334.336
333.044
331.784
330.556
329.363
328.206
327.085
326.001
324.955
323.946
322.976
322.044
321.148
320.29
319.469
318.683
317.931
317.214
316.528
315.875
315.251
314.656
314.088
313.547
313.03
312.537
312.066
311.616
311.185
310.773
310.379
310
309.637
309.287
308.951
308.627
308.315
308.014
307.723
307.441
307.168
306.904
306.648
306.399
306.158
305.923
305.695
305.474
305.258
305.048
304.844
304.645
304.452
304.264
304.081
303.903
303.73
303.562
303.399
303.241
303.087
302.938
302.793
302.653
302.518
302.387
302.26
302.138
302.02
301.907
301.797
301.692
301.592
301.495
301.402
301.313
301.229
301.148
301.07
300.997
300.927
300.861
300.798
300.739
300.683
300.63
300.58
300.533
300.489
300.448
300.409
300.373
300.34
300.309
300.28
300.253
300.228
300.205
300.184
300.165
300.147
300.131
363.449
366.273
369.108
371.925
374.695
377.389
379.981
382.444
384.753
386.883
388.813
390.519
391.982
393.183
394.106
394.738
395.072
395.108
394.852
394.323
393.545
392.551
391.378
390.061
388.634
387.125
385.557
383.95
382.315
380.665
379.005
377.342
375.678
374.016
372.359
370.707
369.061
367.423
365.792
364.17
362.557
360.954
359.361
357.779
356.208
354.648
353.098
351.558
350.029
348.512
347.007
345.515
344.039
342.579
341.138
339.717
338.319
336.945
335.598
334.279
332.99
331.733
330.509
329.32
328.166
327.049
325.969
324.926
323.922
322.955
322.026
321.134
320.279
319.461
318.678
317.929
317.214
316.531
315.88
315.258
314.665
314.099
313.56
313.044
312.553
312.083
311.634
311.204
310.793
310.398
310.02
309.657
309.308
308.972
308.648
308.336
308.035
307.743
307.461
307.188
306.924
306.667
306.418
306.176
305.941
305.712
305.49
305.274
305.063
304.859
304.659
304.465
304.277
304.093
303.915
303.741
303.573
303.409
303.25
303.095
302.946
302.801
302.66
302.524
302.393
302.266
302.144
302.025
301.912
301.802
301.697
301.595
301.498
301.405
301.316
301.231
301.15
301.073
300.999
300.929
300.863
300.8
300.741
300.684
300.631
300.581
300.534
300.49
300.449
300.41
300.374
300.341
300.309
300.28
300.253
300.229
300.206
300.185
300.165
300.148
300.131
360.125
362.646
365.181
367.708
370.204
372.646
375.011
377.277
379.421
381.422
383.259
384.914
386.368
387.604
388.609
389.372
389.885
390.148
390.163
389.941
389.498
388.854
388.034
387.063
385.966
384.766
383.482
382.131
380.728
379.284
377.807
376.306
374.784
373.247
371.699
370.141
368.576
367.007
365.436
363.863
362.292
360.723
359.158
357.598
356.045
354.5
352.963
351.435
349.916
348.407
346.909
345.424
343.953
342.499
341.062
339.646
338.253
336.883
335.541
334.226
332.942
331.689
330.469
329.284
328.135
327.022
325.946
324.908
323.907
322.944
322.019
321.131
320.28
319.464
318.684
317.939
317.226
316.546
315.896
315.277
314.686
314.121
313.583
313.069
312.578
312.11
311.661
311.232
310.821
310.428
310.05
309.687
309.338
309.002
308.678
308.365
308.064
307.772
307.489
307.216
306.95
306.693
306.443
306.2
305.965
305.735
305.512
305.295
305.083
304.878
304.678
304.483
304.293
304.109
303.93
303.755
303.586
303.421
303.262
303.107
302.956
302.811
302.67
302.533
302.401
302.274
302.151
302.032
301.918
301.808
301.702
301.6
301.503
301.41
301.32
301.235
301.154
301.076
301.002
300.932
300.865
300.802
300.743
300.686
300.633
300.583
300.536
300.492
300.45
300.412
300.375
300.342
300.31
300.281
300.254
300.229
300.206
300.185
300.166
300.148
300.132
356.898
359.153
361.423
363.691
365.939
368.15
370.304
372.383
374.368
376.24
377.982
379.576
381.007
382.26
383.323
384.187
384.843
385.29
385.527
385.559
385.396
385.051
384.538
383.875
383.08
382.169
381.159
380.064
378.897
377.669
376.388
375.063
373.701
372.305
370.882
369.436
367.969
366.485
364.987
363.478
361.959
360.435
358.908
357.379
355.851
354.326
352.807
351.293
349.788
348.29
346.803
345.327
343.865
342.418
340.988
339.579
338.192
336.828
335.491
334.182
332.903
331.656
330.441
329.262
328.117
327.009
325.938
324.904
323.907
322.948
322.027
321.143
320.295
319.483
318.705
317.962
317.252
316.574
315.927
315.309
314.719
314.157
313.62
313.107
312.617
312.149
311.701
311.272
310.862
310.468
310.09
309.727
309.378
309.041
308.717
308.404
308.102
307.809
307.526
307.251
306.985
306.727
306.476
306.232
305.995
305.764
305.54
305.322
305.109
304.902
304.701
304.505
304.315
304.129
303.949
303.773
303.603
303.437
303.277
303.121
302.97
302.823
302.681
302.544
302.411
302.283
302.159
302.04
301.925
301.815
301.708
301.606
301.508
301.415
301.325
301.239
301.157
301.08
301.006
300.935
300.868
300.805
300.745
300.689
300.635
300.585
300.538
300.493
300.452
300.413
300.377
300.343
300.311
300.282
300.255
300.23
300.207
300.186
300.166
300.148
300.132
353.778
355.797
357.831
359.868
361.895
363.896
365.856
367.76
369.593
371.339
372.982
374.509
375.905
377.159
378.258
379.194
379.959
380.55
380.965
381.204
381.273
381.179
380.929
380.537
380.012
379.368
378.616
377.768
376.834
375.823
374.745
373.607
372.415
371.176
369.894
368.574
367.22
365.837
364.428
362.996
361.545
360.078
358.6
357.112
355.619
354.123
352.626
351.133
349.645
348.163
346.69
345.226
343.775
342.339
340.919
339.518
338.139
336.783
335.453
334.151
332.879
331.638
330.429
329.255
328.116
327.013
325.947
324.918
323.926
322.971
322.053
321.172
320.328
319.519
318.744
318.004
317.296
316.62
315.974
315.358
314.769
314.208
313.671
313.159
312.67
312.202
311.755
311.326
310.916
310.522
310.144
309.78
309.43
309.093
308.768
308.454
308.15
307.857
307.572
307.297
307.029
306.769
306.517
306.272
306.033
305.801
305.575
305.355
305.142
304.933
304.73
304.533
304.341
304.154
303.972
303.796
303.624
303.457
303.295
303.138
302.986
302.838
302.695
302.557
302.423
302.294
302.17
302.05
301.934
301.823
301.716
301.613
301.515
301.421
301.33
301.244
301.162
301.084
301.009
300.939
300.872
300.808
300.748
300.691
300.638
300.587
300.54
300.495
300.453
300.414
300.378
300.344
300.312
300.283
300.256
300.231
300.208
300.186
300.167
300.149
300.133
350.772
352.582
354.407
356.239
358.066
359.877
361.66
363.403
365.092
366.716
368.261
369.715
371.067
372.305
373.42
374.403
375.247
375.947
376.5
376.904
377.162
377.275
377.248
377.088
376.802
376.397
375.883
375.266
374.556
373.76
372.885
371.938
370.925
369.851
368.721
367.541
366.315
365.047
363.741
362.401
361.032
359.637
358.22
356.786
355.338
353.881
352.417
350.95
349.485
348.024
346.569
345.122
343.686
342.263
340.856
339.466
338.097
336.751
335.431
334.137
332.872
331.639
330.437
329.27
328.137
327.039
325.978
324.953
323.966
323.015
322.101
321.224
320.382
319.575
318.803
318.065
317.359
316.684
316.04
315.425
314.838
314.277
313.741
313.229
312.74
312.272
311.825
311.396
310.985
310.591
310.212
309.847
309.496
309.158
308.832
308.517
308.212
307.916
307.63
307.353
307.084
306.822
306.568
306.321
306.081
305.847
305.619
305.397
305.181
304.971
304.766
304.567
304.373
304.185
304.001
303.823
303.649
303.481
303.318
303.159
303.005
302.856
302.712
302.573
302.438
302.308
302.182
302.061
301.945
301.833
301.725
301.622
301.523
301.428
301.337
301.25
301.168
301.089
301.014
300.943
300.876
300.812
300.751
300.694
300.64
300.59
300.542
300.497
300.455
300.416
300.379
300.345
300.314
300.284
300.257
300.232
300.209
300.187
300.168
300.15
300.133
347.888
349.512
351.151
352.8
354.448
356.088
357.71
359.304
360.86
362.366
363.814
365.192
366.492
367.702
368.815
369.823
370.719
371.498
372.154
372.687
373.094
373.375
373.533
373.569
373.489
373.295
372.994
372.591
372.091
371.5
370.823
370.066
369.233
368.33
367.361
366.33
365.242
364.102
362.912
361.679
360.405
359.095
357.754
356.386
354.996
353.589
352.168
350.739
349.304
347.87
346.439
345.014
343.597
342.192
340.8
339.425
338.07
336.736
335.426
334.142
332.887
331.662
330.468
329.308
328.181
327.09
326.034
325.014
324.031
323.084
322.174
321.299
320.46
319.656
318.886
318.149
317.445
316.772
316.128
315.514
314.927
314.366
313.831
313.319
312.83
312.362
311.913
311.484
311.072
310.677
310.297
309.931
309.579
309.239
308.911
308.594
308.287
307.99
307.702
307.422
307.151
306.887
306.631
306.381
306.139
305.902
305.672
305.448
305.23
305.017
304.81
304.609
304.412
304.222
304.036
303.856
303.68
303.51
303.345
303.184
303.029
302.878
302.733
302.592
302.456
302.324
302.197
302.075
301.958
301.845
301.736
301.632
301.532
301.436
301.344
301.257
301.174
301.095
301.019
300.948
300.88
300.816
300.755
300.698
300.643
300.592
300.545
300.5
300.457
300.418
300.381
300.347
300.315
300.285
300.258
300.233
300.209
300.188
300.168
300.15
300.134
345.133
346.591
348.065
349.55
351.039
352.525
354.001
355.458
356.888
358.284
359.637
360.938
362.178
363.351
364.448
365.462
366.387
367.218
367.949
368.577
369.099
369.514
369.821
370.02
370.113
370.102
369.989
369.777
369.469
369.069
368.58
368.006
367.352
366.62
365.814
364.939
363.997
362.994
361.932
360.816
359.65
358.439
357.187
355.899
354.58
353.236
351.87
350.489
349.097
347.697
346.297
344.899
343.507
342.124
340.752
339.396
338.056
336.737
335.441
334.169
332.925
331.709
330.525
329.372
328.253
327.167
326.117
325.103
324.124
323.181
322.274
321.402
320.565
319.763
318.995
318.26
317.556
316.884
316.241
315.627
315.04
314.479
313.944
313.431
312.941
312.472
312.023
311.593
311.179
310.783
310.401
310.033
309.679
309.338
309.007
308.688
308.379
308.079
307.789
307.506
307.232
306.966
306.706
306.454
306.208
305.969
305.736
305.509
305.288
305.072
304.862
304.658
304.459
304.266
304.078
303.895
303.717
303.544
303.377
303.214
303.057
302.904
302.757
302.614
302.476
302.343
302.215
302.092
301.973
301.858
301.748
301.643
301.542
301.445
301.353
301.265
301.181
301.101
301.025
300.953
300.885
300.82
300.759
300.701
300.647
300.596
300.547
300.502
300.46
300.42
300.383
300.349
300.317
300.287
300.259
300.234
300.21
300.189
300.169
300.151
300.134
342.51
343.822
345.149
346.489
347.834
349.182
350.524
351.856
353.171
354.462
355.722
356.945
358.124
359.251
360.32
361.325
362.261
363.121
363.901
364.596
365.204
365.721
366.146
366.477
366.714
366.856
366.905
366.86
366.723
366.497
366.183
365.782
365.299
364.734
364.091
363.373
362.582
361.721
360.795
359.807
358.76
357.659
356.508
355.313
354.078
352.808
351.51
350.189
348.85
347.498
346.136
344.773
343.412
342.057
340.71
339.376
338.057
336.755
335.475
334.218
332.987
331.783
330.608
329.465
328.353
327.275
326.231
325.221
324.247
323.308
322.404
321.535
320.701
319.9
319.133
318.399
317.696
317.024
316.382
315.767
315.18
314.619
314.082
313.569
313.078
312.607
312.157
311.725
311.31
310.911
310.527
310.157
309.801
309.456
309.123
308.801
308.489
308.186
307.892
307.607
307.329
307.059
306.797
306.541
306.291
306.049
305.812
305.581
305.357
305.138
304.925
304.717
304.515
304.318
304.127
303.941
303.76
303.585
303.415
303.25
303.09
302.935
302.785
302.64
302.501
302.366
302.236
302.11
301.99
301.874
301.763
301.656
301.554
301.456
301.363
301.274
301.19
301.109
301.032
300.96
300.891
300.825
300.764
300.706
300.651
300.599
300.55
300.505
300.462
300.422
300.385
300.35
300.318
300.288
300.261
300.235
300.211
300.19
300.17
300.152
300.135
340.025
341.206
342.403
343.612
344.83
346.052
347.274
348.492
349.699
350.892
352.063
353.209
354.323
355.399
356.432
357.416
358.346
359.217
360.025
360.764
361.432
362.025
362.54
362.974
363.326
363.595
363.779
363.878
363.891
363.819
363.663
363.422
363.098
362.693
362.207
361.643
361.003
360.288
359.502
358.647
357.727
356.746
355.707
354.616
353.477
352.295
351.077
349.827
348.553
347.258
345.949
344.63
343.307
341.985
340.67
339.363
338.068
336.789
335.528
334.288
333.072
331.882
330.719
329.586
328.484
327.413
326.376
325.372
324.403
323.468
322.567
321.701
320.868
320.07
319.304
318.57
317.868
317.195
316.553
315.938
315.35
314.787
314.249
313.735
313.242
312.77
312.317
311.883
311.465
311.064
310.678
310.305
309.945
309.598
309.262
308.936
308.62
308.313
308.016
307.726
307.445
307.17
306.903
306.643
306.39
306.143
305.902
305.667
305.438
305.215
304.998
304.786
304.58
304.38
304.185
303.995
303.811
303.632
303.459
303.291
303.128
302.971
302.818
302.671
302.529
302.392
302.259
302.132
302.01
301.892
301.78
301.672
301.568
301.469
301.375
301.285
301.199
301.118
301.04
300.967
300.897
300.831
300.769
300.71
300.655
300.603
300.554
300.508
300.465
300.425
300.387
300.352
300.32
300.29
300.262
300.236
300.212
300.191
300.171
300.152
300.136
337.68
338.745
339.825
340.918
342.021
343.13
344.243
345.356
346.465
347.565
348.652
349.722
350.77
351.791
352.781
353.734
354.647
355.515
356.333
357.097
357.803
358.448
359.028
359.541
359.983
360.353
360.648
360.866
361.007
361.069
361.052
360.955
360.778
360.52
360.184
359.768
359.274
358.704
358.059
357.341
356.553
355.698
354.779
353.801
352.768
351.685
350.558
349.392
348.193
346.968
345.72
344.457
343.183
341.903
340.625
339.351
338.087
336.834
335.597
334.378
333.18
332.006
330.858
329.737
328.645
327.584
326.554
325.557
324.593
323.662
322.765
321.901
321.071
320.274
319.509
318.776
318.073
317.401
316.757
316.141
315.552
314.988
314.449
313.932
313.437
312.963
312.507
312.07
311.65
311.246
310.856
310.48
310.116
309.765
309.424
309.094
308.774
308.463
308.161
307.867
307.58
307.301
307.029
306.764
306.505
306.253
306.007
305.767
305.533
305.305
305.083
304.867
304.656
304.451
304.252
304.058
303.87
303.688
303.511
303.339
303.173
303.012
302.856
302.706
302.561
302.421
302.287
302.157
302.033
301.913
301.799
301.689
301.584
301.484
301.388
301.297
301.21
301.127
301.049
300.975
300.904
300.838
300.775
300.715
300.659
300.607
300.557
300.511
300.468
300.427
300.389
300.354
300.322
300.291
300.263
300.237
300.213
300.192
300.171
300.153
300.136
335.476
336.437
337.413
338.402
339.402
340.41
341.424
342.441
343.458
344.472
345.479
346.475
347.457
348.422
349.364
350.28
351.166
352.019
352.833
353.605
354.332
355.009
355.634
356.203
356.712
357.16
357.543
357.859
358.106
358.282
358.385
358.414
358.367
358.244
358.045
357.768
357.414
356.983
356.477
355.895
355.241
354.515
353.722
352.864
351.946
350.971
349.945
348.873
347.761
346.615
345.44
344.243
343.028
341.802
340.568
339.335
338.106
336.886
335.677
334.483
333.308
332.153
331.022
329.915
328.836
327.786
326.765
325.776
324.818
323.892
322.999
322.139
321.311
320.515
319.751
319.019
318.316
317.643
316.999
316.382
315.791
315.225
314.683
314.164
313.667
313.189
312.731
312.29
311.867
311.458
311.064
310.684
310.316
309.96
309.615
309.28
308.955
308.638
308.33
308.03
307.738
307.453
307.175
306.904
306.639
306.381
306.129
305.884
305.644
305.41
305.183
304.961
304.745
304.535
304.33
304.132
303.939
303.751
303.57
303.394
303.224
303.059
302.9
302.747
302.599
302.456
302.318
302.186
302.059
301.937
301.821
301.709
301.602
301.5
301.403
301.31
301.222
301.138
301.059
300.984
300.912
300.845
300.781
300.721
300.664
300.611
300.561
300.515
300.471
300.43
300.392
300.356
300.323
300.293
300.265
300.239
300.215
300.193
300.172
300.154
300.137
333.414
334.282
335.165
336.061
336.968
337.885
338.809
339.739
340.672
341.605
342.535
343.461
344.379
345.285
346.177
347.051
347.904
348.731
349.531
350.299
351.031
351.724
352.376
352.981
353.538
354.044
354.494
354.886
355.219
355.488
355.692
355.829
355.897
355.893
355.817
355.668
355.444
355.145
354.771
354.323
353.8
353.205
352.539
351.805
351.006
350.146
349.229
348.26
347.245
346.188
345.096
343.975
342.83
341.666
340.49
339.306
338.12
336.937
335.763
334.599
333.451
332.319
331.208
330.12
329.056
328.019
327.009
326.029
325.079
324.159
323.271
322.415
321.59
320.796
320.034
319.301
318.599
317.925
317.28
316.661
316.068
315.501
314.956
314.434
313.934
313.453
312.991
312.546
312.118
311.706
311.307
310.922
310.549
310.187
309.836
309.495
309.164
308.841
308.526
308.22
307.921
307.629
307.344
307.066
306.794
306.529
306.27
306.018
305.771
305.531
305.297
305.069
304.846
304.63
304.42
304.216
304.017
303.825
303.638
303.457
303.283
303.114
302.95
302.793
302.641
302.495
302.354
302.219
302.089
301.965
301.845
301.731
301.622
301.519
301.42
301.325
301.236
301.151
301.07
300.993
300.921
300.853
300.788
300.727
300.67
300.616
300.566
300.518
300.474
300.433
300.394
300.359
300.325
300.295
300.266
300.24
300.216
300.193
300.173
300.154
300.137
331.492
332.278
333.077
333.89
334.714
335.548
336.39
337.24
338.095
338.953
339.812
340.671
341.525
342.374
343.214
344.042
344.856
345.653
346.429
347.182
347.908
348.604
349.267
349.894
350.481
351.026
351.525
351.975
352.374
352.718
353.005
353.231
353.396
353.496
353.529
353.493
353.388
353.211
352.961
352.639
352.244
351.776
351.237
350.628
349.951
349.21
348.407
347.548
346.637
345.678
344.678
343.642
342.576
341.485
340.375
339.251
338.118
336.981
335.847
334.72
333.603
332.5
331.414
330.347
329.302
328.28
327.284
326.316
325.375
324.464
323.582
322.73
321.909
321.118
320.357
319.626
318.924
318.25
317.603
316.983
316.388
315.818
315.271
314.746
314.241
313.757
313.29
312.842
312.409
311.991
311.587
311.196
310.816
310.448
310.091
309.743
309.404
309.074
308.752
308.437
308.131
307.831
307.538
307.252
306.972
306.699
306.432
306.172
305.917
305.669
305.427
305.192
304.962
304.739
304.522
304.311
304.107
303.908
303.716
303.529
303.349
303.175
303.007
302.845
302.689
302.539
302.395
302.256
302.123
301.995
301.873
301.757
301.645
301.539
301.438
301.342
301.251
301.164
301.082
301.004
300.931
300.861
300.796
300.734
300.676
300.621
300.57
300.522
300.478
300.436
300.397
300.361
300.327
300.296
300.268
300.241
300.217
300.194
300.174
300.155
300.138
329.707
330.42
331.145
331.882
332.631
333.39
334.159
334.935
335.719
336.507
337.299
338.093
338.887
339.679
340.467
341.248
342.02
342.781
343.527
344.257
344.968
345.656
346.319
346.953
347.556
348.125
348.657
349.148
349.595
349.997
350.349
350.648
350.893
351.08
351.206
351.27
351.27
351.202
351.067
350.862
350.587
350.241
349.824
349.338
348.784
348.163
347.478
346.733
345.931
345.078
344.177
343.235
342.256
341.246
340.211
339.156
338.086
337.006
335.921
334.837
333.758
332.689
331.632
330.591
329.569
328.567
327.589
326.634
325.706
324.804
323.931
323.086
322.27
321.483
320.724
319.995
319.293
318.619
317.972
317.35
316.754
316.181
315.63
315.102
314.593
314.104
313.633
313.179
312.741
312.317
311.907
311.509
311.123
310.747
310.382
310.026
309.679
309.34
309.009
308.686
308.37
308.061
307.759
307.463
307.174
306.892
306.616
306.346
306.083
305.826
305.576
305.332
305.094
304.863
304.638
304.42
304.208
304.002
303.803
303.611
303.425
303.245
303.072
302.904
302.743
302.589
302.44
302.297
302.16
302.03
301.905
301.785
301.671
301.563
301.459
301.361
301.268
301.179
301.096
301.016
300.941
300.871
300.804
300.741
300.682
300.627
300.575
300.527
300.481
300.439
300.4
300.363
300.329
300.298
300.269
300.242
300.218
300.195
300.175
300.156
300.138
328.057
328.703
329.361
330.032
330.713
331.404
332.105
332.815
333.533
334.257
334.986
335.72
336.455
337.192
337.928
338.661
339.389
340.11
340.823
341.524
342.212
342.883
343.536
344.167
344.774
345.354
345.905
346.422
346.903
347.346
347.747
348.103
348.412
348.67
348.875
349.023
349.114
349.143
349.109
349.011
348.847
348.615
348.315
347.947
347.511
347.009
346.442
345.813
345.125
344.381
343.586
342.744
341.86
340.94
339.988
339.01
338.011
336.997
335.972
334.94
333.908
332.878
331.858
330.848
329.854
328.876
327.918
326.982
326.069
325.18
324.317
323.481
322.672
321.89
321.136
320.409
319.709
319.035
318.387
317.765
317.166
316.591
316.037
315.505
314.992
314.499
314.022
313.562
313.118
312.687
312.27
311.864
311.47
311.086
310.712
310.347
309.99
309.642
309.301
308.968
308.641
308.322
308.009
307.703
307.403
307.11
306.824
306.544
306.27
306.003
305.743
305.489
305.242
305.002
304.768
304.541
304.321
304.108
303.902
303.702
303.509
303.323
303.143
302.97
302.804
302.644
302.491
302.343
302.203
302.068
301.939
301.817
301.7
301.588
301.482
301.382
301.286
301.196
301.11
301.029
300.953
300.881
300.813
300.749
300.689
300.633
300.58
300.531
300.485
300.442
300.403
300.366
300.331
300.3
300.271
300.244
300.219
300.196
300.175
300.156
300.139
326.536
327.123
327.721
328.33
328.95
329.581
330.221
330.87
331.527
332.191
332.862
333.538
334.218
334.902
335.587
336.272
336.955
337.635
338.311
338.979
339.639
340.287
340.922
341.542
342.143
342.723
343.28
343.811
344.313
344.783
345.218
345.616
345.974
346.288
346.556
346.775
346.942
347.054
347.11
347.106
347.041
346.914
346.722
346.465
346.143
345.756
345.305
344.792
344.218
343.586
342.9
342.163
341.38
340.556
339.695
338.802
337.883
336.942
335.985
335.015
334.039
333.06
332.082
331.11
330.149
329.201
328.269
327.354
326.46
325.588
324.739
323.914
323.114
322.339
321.591
320.868
320.171
319.499
318.852
318.229
317.629
317.051
316.494
315.958
315.441
314.942
314.46
313.994
313.543
313.104
312.679
312.265
311.862
311.468
311.084
310.708
310.341
309.981
309.629
309.284
308.946
308.614
308.289
307.971
307.659
307.354
307.056
306.764
306.479
306.201
305.929
305.665
305.407
305.157
304.913
304.677
304.448
304.226
304.011
303.803
303.603
303.409
303.223
303.044
302.871
302.706
302.547
302.395
302.25
302.111
301.978
301.852
301.731
301.617
301.508
301.405
301.307
301.214
301.126
301.044
300.965
300.892
300.823
300.757
300.696
300.639
300.586
300.536
300.489
300.446
300.406
300.368
300.334
300.302
300.272
300.245
300.22
300.197
300.176
300.157
300.139
325.137
325.671
326.215
326.77
327.335
327.91
328.494
329.087
329.689
330.298
330.914
331.537
332.165
332.797
333.433
334.071
334.709
335.348
335.984
336.617
337.244
337.865
338.476
339.077
339.664
340.236
340.79
341.324
341.835
342.32
342.778
343.204
343.597
343.954
344.271
344.545
344.775
344.957
345.088
345.166
345.189
345.155
345.061
344.907
344.691
344.413
344.073
343.672
343.21
342.691
342.115
341.487
340.809
340.086
339.322
338.522
337.689
336.83
335.948
335.049
334.137
333.217
332.293
331.369
330.448
329.535
328.634
327.747
326.876
326.025
325.193
324.382
323.595
322.83
322.089
321.373
320.68
320.011
319.365
318.743
318.142
317.562
317.003
316.463
315.942
315.437
314.949
314.476
314.017
313.571
313.136
312.712
312.299
311.894
311.499
311.112
310.732
310.36
309.994
309.636
309.284
308.939
308.601
308.269
307.944
307.625
307.314
307.009
306.711
306.42
306.136
305.859
305.59
305.328
305.074
304.827
304.587
304.356
304.131
303.915
303.706
303.504
303.31
303.124
302.945
302.773
302.609
302.451
302.301
302.157
302.02
301.89
301.766
301.648
301.536
301.429
301.329
301.234
301.144
301.059
300.979
300.903
300.833
300.766
300.704
300.646
300.591
300.541
300.493
300.449
300.409
300.371
300.336
300.303
300.273
300.246
300.221
300.198
300.177
300.157
300.14
323.853
324.339
324.835
325.341
325.856
326.381
326.915
327.457
328.007
328.566
329.131
329.704
330.282
330.866
331.454
332.046
332.641
333.237
333.833
334.428
335.021
335.61
336.194
336.77
337.338
337.894
338.437
338.965
339.476
339.967
340.435
340.879
341.295
341.681
342.034
342.351
342.63
342.868
343.061
343.209
343.307
343.354
343.347
343.285
343.166
342.989
342.753
342.459
342.106
341.696
341.231
340.711
340.141
339.523
338.86
338.157
337.418
336.648
335.85
335.029
334.19
333.337
332.474
331.606
330.736
329.869
329.006
328.152
327.311
326.484
325.675
324.883
324.111
323.36
322.63
321.921
321.235
320.571
319.928
319.307
318.707
318.126
317.564
317.021
316.495
315.985
315.49
315.01
314.542
314.086
313.642
313.207
312.782
312.366
311.958
311.557
311.163
310.777
310.397
310.024
309.657
309.297
308.944
308.597
308.256
307.923
307.596
307.277
306.964
306.659
306.362
306.072
305.79
305.515
305.249
304.99
304.74
304.497
304.263
304.036
303.818
303.608
303.406
303.212
303.026
302.847
302.676
302.513
302.357
302.208
302.066
301.931
301.803
301.681
301.565
301.456
301.352
301.254
301.162
301.075
300.993
300.916
300.843
300.776
300.712
300.653
300.597
300.546
300.498
300.453
300.411
300.373
300.338
300.305
300.275
300.247
300.222
300.198
300.177
300.158
300.14
322.675
323.119
323.571
324.033
324.503
324.982
325.469
325.965
326.469
326.98
327.499
328.024
328.556
329.094
329.637
330.185
330.736
331.291
331.847
332.404
332.961
333.516
334.069
334.618
335.161
335.696
336.222
336.737
337.24
337.727
338.197
338.647
339.076
339.48
339.857
340.205
340.521
340.802
341.045
341.249
341.409
341.525
341.593
341.612
341.58
341.494
341.354
341.16
340.91
340.605
340.246
339.834
339.371
338.858
338.3
337.699
337.058
336.382
335.674
334.939
334.18
333.403
332.61
331.807
330.996
330.183
329.369
328.559
327.755
326.961
326.178
325.41
324.658
323.924
323.208
322.511
321.834
321.177
320.539
319.921
319.322
318.741
318.178
317.631
317.1
316.585
316.083
315.594
315.117
314.652
314.196
313.749
313.311
312.881
312.459
312.043
311.634
311.232
310.836
310.446
310.063
309.686
309.316
308.952
308.595
308.245
307.903
307.567
307.239
306.919
306.606
306.302
306.005
305.717
305.437
305.166
304.904
304.65
304.404
304.168
303.94
303.72
303.509
303.307
303.113
302.927
302.749
302.579
302.417
302.262
302.115
301.975
301.842
301.716
301.597
301.484
301.377
301.276
301.181
301.092
301.008
300.929
300.855
300.785
300.72
300.66
300.603
300.551
300.502
300.456
300.414
300.375
300.339
300.306
300.276
300.248
300.222
300.199
300.177
300.158
300.14
321.593
321.997
322.41
322.832
323.261
323.699
324.144
324.597
325.058
325.526
326.002
326.484
326.972
327.467
327.967
328.472
328.982
329.496
330.012
330.531
331.051
331.572
332.092
332.61
333.125
333.635
334.14
334.636
335.124
335.601
336.064
336.513
336.945
337.358
337.749
338.116
338.457
338.77
339.051
339.298
339.509
339.682
339.813
339.901
339.943
339.939
339.885
339.781
339.626
339.42
339.162
338.853
338.494
338.087
337.633
337.135
336.596
336.019
335.406
334.763
334.092
333.397
332.683
331.952
331.21
330.459
329.702
328.944
328.188
327.436
326.69
325.954
325.228
324.516
323.818
323.137
322.473
321.825
321.194
320.581
319.984
319.404
318.84
318.291
317.755
317.234
316.724
316.227
315.74
315.262
314.794
314.334
313.882
313.437
312.998
312.566
312.14
311.721
311.307
310.899
310.498
310.103
309.714
309.332
308.957
308.59
308.229
307.876
307.532
307.195
306.866
306.546
306.235
305.932
305.638
305.354
305.079
304.812
304.555
304.307
304.069
303.839
303.619
303.407
303.205
303.011
302.826
302.649
302.48
302.319
302.167
302.022
301.884
301.753
301.63
301.513
301.403
301.299
301.201
301.109
301.023
300.942
300.866
300.795
300.729
300.667
300.609
300.555
300.506
300.46
300.417
300.377
300.341
300.307
300.277
300.248
300.223
300.199
300.177
300.158
300.14
320.592
320.962
321.34
321.725
322.117
322.517
322.924
323.339
323.76
324.188
324.623
325.065
325.513
325.967
326.427
326.892
327.362
327.836
328.314
328.795
329.278
329.764
330.25
330.736
331.22
331.703
332.182
332.656
333.124
333.584
334.036
334.476
334.903
335.316
335.712
336.089
336.445
336.778
337.086
337.366
337.615
337.833
338.015
338.16
338.266
338.33
338.352
338.328
338.259
338.142
337.978
337.766
337.507
337.201
336.85
336.455
336.018
335.541
335.028
334.48
333.902
333.297
332.668
332.018
331.351
330.671
329.981
329.284
328.584
327.882
327.182
326.487
325.798
325.117
324.446
323.786
323.139
322.505
321.884
321.278
320.686
320.108
319.544
318.992
318.453
317.924
317.407
316.899
316.401
315.911
315.429
314.954
314.486
314.024
313.568
313.118
312.674
312.235
311.802
311.376
310.955
310.54
310.132
309.73
309.336
308.95
308.571
308.2
307.838
307.484
307.138
306.802
306.475
306.157
305.849
305.551
305.262
304.983
304.713
304.454
304.204
303.964
303.733
303.512
303.301
303.099
302.905
302.721
302.546
302.379
302.22
302.069
301.927
301.792
301.664
301.543
301.43
301.322
301.222
301.127
301.038
300.955
300.877
300.805
300.737
300.673
300.615
300.56
300.509
300.463
300.419
300.379
300.342
300.308
300.277
300.249
300.223
300.199
300.177
300.157
300.14
319.659
319.998
320.343
320.695
321.054
321.419
321.791
322.17
322.556
322.948
323.346
323.75
324.16
324.576
324.998
325.425
325.857
326.293
326.734
327.178
327.625
328.075
328.527
328.98
329.433
329.886
330.337
330.785
331.23
331.67
332.104
332.529
332.946
333.352
333.745
334.124
334.486
334.831
335.155
335.456
335.734
335.984
336.205
336.396
336.553
336.675
336.76
336.806
336.811
336.774
336.695
336.572
336.405
336.195
335.941
335.645
335.308
334.931
334.517
334.068
333.586
333.075
332.536
331.973
331.39
330.788
330.172
329.545
328.908
328.266
327.621
326.974
326.33
325.688
325.052
324.422
323.8
323.188
322.584
321.991
321.408
320.835
320.273
319.72
319.176
318.642
318.115
317.597
317.087
316.583
316.086
315.595
315.11
314.63
314.156
313.686
313.222
312.764
312.311
311.864
311.422
310.988
310.56
310.139
309.725
309.319
308.921
308.532
308.151
307.779
307.417
307.064
306.721
306.388
306.064
305.751
305.449
305.156
304.874
304.603
304.342
304.091
303.85
303.619
303.399
303.188
302.987
302.795
302.612
302.439
302.274
302.118
301.97
301.83
301.698
301.574
301.456
301.346
301.242
301.145
301.053
300.968
300.888
300.814
300.744
300.68
300.62
300.564
300.513
300.465
300.421
300.381
300.343
300.309
300.278
300.249
300.223
300.199
300.177
300.157
300.139
318.777
319.087
319.402
319.724
320.052
320.386
320.727
321.073
321.425
321.783
322.147
322.517
322.892
323.272
323.658
324.049
324.445
324.846
325.25
325.659
326.071
326.487
326.904
327.324
327.745
328.167
328.589
329.01
329.429
329.845
330.257
330.664
331.065
331.458
331.842
332.216
332.577
332.924
333.256
333.57
333.864
334.137
334.387
334.611
334.808
334.976
335.112
335.215
335.283
335.315
335.31
335.265
335.182
335.058
334.895
334.692
334.45
334.17
333.853
333.5
333.115
332.698
332.253
331.781
331.285
330.768
330.232
329.681
329.116
328.541
327.958
327.369
326.777
326.183
325.589
324.997
324.408
323.823
323.243
322.669
322.1
321.538
320.982
320.433
319.889
319.351
318.818
318.291
317.769
317.252
316.74
316.233
315.731
315.233
314.739
314.251
313.767
313.288
312.815
312.348
311.886
311.431
310.983
310.542
310.109
309.684
309.267
308.859
308.461
308.072
307.692
307.323
306.964
306.615
306.277
305.95
305.634
305.328
305.034
304.75
304.478
304.216
303.965
303.725
303.495
303.276
303.067
302.868
302.678
302.498
302.327
302.166
302.013
301.868
301.732
301.603
301.482
301.368
301.261
301.161
301.068
300.98
300.898
300.822
300.751
300.686
300.624
300.568
300.515
300.467
300.423
300.381
300.344
300.309
300.277
300.248
300.222
300.198
300.176
300.156
300.138
317.926
318.21
318.498
318.793
319.092
319.397
319.708
320.024
320.345
320.672
321.005
321.342
321.685
322.032
322.385
322.742
323.104
323.47
323.841
324.215
324.594
324.975
325.36
325.747
326.136
326.527
326.918
327.31
327.702
328.092
328.48
328.865
329.246
329.622
329.992
330.354
330.708
331.051
331.382
331.7
332.003
332.289
332.557
332.804
333.03
333.231
333.407
333.555
333.674
333.763
333.819
333.841
333.83
333.782
333.699
333.58
333.425
333.235
333.009
332.749
332.457
332.133
331.779
331.398
330.991
330.561
330.109
329.638
329.15
328.648
328.133
327.608
327.075
326.536
325.992
325.444
324.895
324.345
323.795
323.247
322.699
322.154
321.611
321.07
320.532
319.996
319.461
318.929
318.399
317.872
317.348
316.827
316.31
315.795
315.285
314.778
314.276
313.779
313.287
312.8
312.32
311.846
311.38
310.92
310.469
310.026
309.592
309.167
308.752
308.347
307.952
307.567
307.193
306.83
306.479
306.138
305.809
305.491
305.185
304.891
304.608
304.336
304.075
303.826
303.588
303.36
303.143
302.937
302.741
302.555
302.378
302.211
302.053
301.904
301.763
301.631
301.506
301.389
301.279
301.177
301.081
300.991
300.908
300.83
300.758
300.69
300.628
300.571
300.517
300.468
300.423
300.382
300.344
300.309
300.277
300.248
300.221
300.197
300.175
300.155
300.137
317.086
317.346
317.61
317.878
318.152
318.43
318.713
319.001
319.294
319.591
319.894
320.201
320.513
320.83
321.151
321.477
321.807
322.141
322.479
322.821
323.167
323.516
323.868
324.223
324.581
324.94
325.302
325.664
326.027
326.39
326.752
327.113
327.472
327.827
328.179
328.525
328.865
329.198
329.523
329.837
330.141
330.431
330.708
330.968
331.211
331.436
331.639
331.82
331.978
332.11
332.215
332.291
332.339
332.355
332.341
332.294
332.215
332.104
331.96
331.785
331.578
331.341
331.075
330.781
330.46
330.115
329.746
329.356
328.947
328.52
328.077
327.62
327.15
326.67
326.181
325.684
325.18
324.672
324.158
323.642
323.122
322.601
322.077
321.552
321.025
320.498
319.969
319.439
318.909
318.378
317.848
317.318
316.791
316.265
315.742
315.222
314.706
314.194
313.688
313.186
312.691
312.202
311.72
311.246
310.779
310.322
309.874
309.435
309.006
308.587
308.179
307.781
307.395
307.02
306.657
306.305
305.965
305.637
305.321
305.016
304.724
304.443
304.174
303.917
303.671
303.436
303.213
303
302.798
302.606
302.424
302.252
302.089
301.936
301.791
301.655
301.527
301.408
301.295
301.19
301.092
301
300.915
300.836
300.762
300.694
300.631
300.572
300.518
300.469
300.423
300.381
300.343
300.308
300.275
300.246
300.22
300.195
300.173
300.154
300.136
316.239
316.476
316.716
316.961
317.21
317.463
317.72
317.981
318.247
318.517
318.791
319.07
319.353
319.64
319.932
320.228
320.528
320.831
321.139
321.45
321.764
322.082
322.403
322.727
323.054
323.383
323.714
324.047
324.38
324.715
325.05
325.385
325.719
326.051
326.381
326.708
327.031
327.348
327.66
327.965
328.262
328.549
328.825
329.09
329.341
329.577
329.797
330
330.183
330.345
330.486
330.603
330.696
330.763
330.803
330.815
330.799
330.755
330.681
330.579
330.447
330.287
330.099
329.885
329.644
329.377
329.087
328.775
328.441
328.087
327.715
327.326
326.921
326.503
326.071
325.628
325.175
324.712
324.24
323.762
323.276
322.784
322.287
321.785
321.278
320.767
320.252
319.733
319.211
318.686
318.16
317.631
317.103
316.575
316.048
315.523
315.001
314.482
313.968
313.459
312.955
312.457
311.967
311.484
311.009
310.542
310.085
309.637
309.199
308.771
308.354
307.948
307.553
307.17
306.798
306.439
306.091
305.755
305.431
305.119
304.82
304.532
304.257
303.993
303.741
303.5
303.271
303.053
302.846
302.649
302.463
302.286
302.12
301.963
301.815
301.676
301.545
301.423
301.308
301.201
301.101
301.008
300.921
300.84
300.765
300.696
300.632
300.573
300.518
300.468
300.422
300.38
300.341
300.306
300.274
300.244
300.218
300.193
300.171
300.152
300.134
315.368
315.583
315.801
316.023
316.249
316.478
316.71
316.946
317.187
317.43
317.678
317.929
318.184
318.443
318.706
318.973
319.243
319.518
319.796
320.077
320.362
320.649
320.94
321.234
321.53
321.828
322.129
322.432
322.737
323.043
323.349
323.657
323.964
324.271
324.576
324.88
325.181
325.48
325.774
326.063
326.346
326.623
326.892
327.152
327.401
327.64
327.866
328.078
328.275
328.455
328.618
328.762
328.885
328.988
329.067
329.124
329.156
329.164
329.146
329.102
329.032
328.936
328.815
328.668
328.496
328.3
328.08
327.837
327.572
327.286
326.981
326.657
326.315
325.957
325.583
325.194
324.793
324.378
323.953
323.516
323.07
322.614
322.15
321.678
321.198
320.712
320.22
319.723
319.22
318.713
318.201
317.687
317.17
316.652
316.133
315.615
315.099
314.585
314.075
313.568
313.067
312.571
312.081
311.598
311.123
310.655
310.197
309.748
309.308
308.878
308.458
308.05
307.652
307.265
306.89
306.527
306.175
305.835
305.507
305.192
304.888
304.596
304.316
304.049
303.792
303.548
303.315
303.093
302.882
302.682
302.492
302.313
302.143
301.983
301.833
301.691
301.558
301.434
301.317
301.208
301.107
301.012
300.924
300.842
300.766
300.696
300.632
300.572
300.517
300.466
300.42
300.378
300.339
300.303
300.271
300.242
300.215
300.191
300.169
300.149
300.132
314.466
314.66
314.857
315.057
315.259
315.465
315.674
315.887
316.102
316.32
316.542
316.767
316.995
317.227
317.461
317.7
317.941
318.186
318.434
318.685
318.94
319.197
319.458
319.721
319.987
320.256
320.526
320.799
321.073
321.35
321.627
321.905
322.184
322.463
322.741
323.019
323.295
323.569
323.841
324.109
324.374
324.633
324.887
325.134
325.374
325.604
325.826
326.037
326.235
326.421
326.593
326.75
326.89
327.013
327.118
327.203
327.267
327.311
327.333
327.332
327.309
327.262
327.193
327.1
326.984
326.845
326.683
326.5
326.295
326.069
325.823
325.558
325.274
324.972
324.654
324.319
323.969
323.605
323.227
322.836
322.433
322.019
321.594
321.16
320.717
320.265
319.806
319.34
318.867
318.389
317.906
317.419
316.928
316.435
315.94
315.443
314.948
314.453
313.96
313.47
312.984
312.502
312.026
311.555
311.091
310.634
310.184
309.743
309.311
308.887
308.473
308.069
307.675
307.292
306.92
306.558
306.208
305.869
305.542
305.226
304.922
304.63
304.349
304.08
303.822
303.576
303.341
303.117
302.904
302.702
302.511
302.329
302.158
301.996
301.844
301.701
301.566
301.44
301.322
301.212
301.109
301.014
300.925
300.842
300.766
300.695
300.63
300.57
300.514
300.464
300.417
300.375
300.336
300.3
300.268
300.239
300.212
300.188
300.167
300.147
300.129
313.536
313.71
313.886
314.064
314.245
314.429
314.615
314.803
314.995
315.189
315.385
315.585
315.787
315.992
316.199
316.409
316.622
316.838
317.056
317.277
317.501
317.728
317.957
318.19
318.424
318.661
318.9
319.14
319.383
319.627
319.872
320.119
320.366
320.614
320.861
321.109
321.356
321.602
321.847
322.089
322.328
322.565
322.796
323.023
323.244
323.459
323.666
323.865
324.055
324.235
324.403
324.559
324.703
324.832
324.946
325.045
325.126
325.19
325.236
325.263
325.27
325.257
325.224
325.171
325.096
325.002
324.886
324.751
324.595
324.419
324.224
324.011
323.779
323.529
323.262
322.979
322.68
322.366
322.038
321.696
321.341
320.974
320.596
320.207
319.809
319.401
318.985
318.561
318.13
317.693
317.251
316.804
316.354
315.9
315.442
314.983
314.523
314.063
313.603
313.145
312.688
312.235
311.785
311.339
310.899
310.463
310.034
309.612
309.197
308.789
308.39
307.999
307.617
307.244
306.881
306.528
306.185
305.853
305.531
305.22
304.919
304.63
304.352
304.084
303.828
303.583
303.349
303.125
302.912
302.71
302.518
302.336
302.164
302.001
301.848
301.704
301.569
301.442
301.323
301.212
301.109
301.012
300.923
300.84
300.763
300.692
300.627
300.566
300.511
300.46
300.413
300.371
300.332
300.297
300.265
300.235
300.209
300.185
300.164
300.144
300.127
312.604
312.757
312.913
313.07
313.23
313.391
313.555
313.721
313.889
314.059
314.231
314.405
314.582
314.76
314.941
315.124
315.309
315.496
315.685
315.876
316.07
316.265
316.463
316.662
316.864
317.068
317.273
317.48
317.689
317.899
318.11
318.322
318.535
318.748
318.962
319.175
319.389
319.601
319.813
320.023
320.231
320.436
320.639
320.838
321.032
321.222
321.406
321.584
321.755
321.919
322.073
322.217
322.352
322.475
322.585
322.683
322.768
322.838
322.893
322.933
322.956
322.963
322.953
322.925
322.879
322.816
322.735
322.636
322.52
322.385
322.233
322.065
321.879
321.677
321.459
321.226
320.977
320.715
320.438
320.149
319.847
319.533
319.207
318.872
318.526
318.171
317.808
317.437
317.058
316.674
316.283
315.888
315.488
315.085
314.679
314.269
313.857
313.444
313.029
312.615
312.201
311.787
311.376
310.967
310.56
310.158
309.759
309.365
308.976
308.593
308.216
307.846
307.483
307.128
306.78
306.441
306.111
305.79
305.478
305.175
304.883
304.6
304.327
304.065
303.813
303.571
303.339
303.118
302.907
302.706
302.514
302.333
302.161
301.999
301.846
301.702
301.566
301.439
301.32
301.209
301.106
301.009
300.919
300.836
300.759
300.688
300.622
300.562
300.507
300.456
300.409
300.367
300.328
300.293
300.261
300.232
300.206
300.182
300.161
300.142
300.124
311.725
311.86
311.996
312.133
312.273
312.413
312.556
312.7
312.846
312.993
313.142
313.292
313.444
313.598
313.753
313.909
314.067
314.227
314.388
314.551
314.715
314.88
315.047
315.215
315.384
315.555
315.726
315.9
316.074
316.249
316.424
316.601
316.778
316.955
317.132
317.309
317.486
317.662
317.837
318.011
318.183
318.353
318.521
318.686
318.847
319.005
319.159
319.307
319.45
319.588
319.718
319.841
319.957
320.063
320.161
320.248
320.324
320.389
320.443
320.484
320.512
320.526
320.527
320.514
320.487
320.445
320.389
320.318
320.232
320.132
320.017
319.887
319.744
319.586
319.414
319.229
319.031
318.82
318.597
318.362
318.116
317.858
317.591
317.313
317.026
316.731
316.427
316.115
315.796
315.471
315.139
314.802
314.46
314.114
313.764
313.41
313.052
312.692
312.33
311.965
311.6
311.233
310.866
310.499
310.133
309.769
309.406
309.046
308.689
308.335
307.986
307.641
307.301
306.967
306.639
306.318
306.004
305.697
305.398
305.107
304.824
304.55
304.285
304.03
303.783
303.546
303.319
303.101
302.893
302.694
302.505
302.325
302.154
301.993
301.84
301.697
301.562
301.435
301.316
301.205
301.101
301.005
300.915
300.832
300.755
300.684
300.618
300.558
300.502
300.452
300.405
300.363
300.324
300.289
300.257
300.229
300.203
300.179
300.158
300.139
300.122
311.001
311.119
311.239
311.36
311.482
311.605
311.729
311.855
311.982
312.11
312.239
312.369
312.5
312.632
312.765
312.899
313.034
313.17
313.307
313.445
313.583
313.723
313.863
314.003
314.145
314.287
314.429
314.572
314.715
314.859
315.003
315.147
315.29
315.434
315.577
315.72
315.861
316.002
316.142
316.28
316.417
316.552
316.684
316.814
316.942
317.066
317.186
317.303
317.415
317.523
317.625
317.722
317.813
317.897
317.974
318.043
318.105
318.158
318.202
318.237
318.262
318.277
318.282
318.276
318.259
318.231
318.192
318.142
318.08
318.007
317.922
317.826
317.718
317.6
317.47
317.329
317.177
317.014
316.841
316.658
316.465
316.262
316.05
315.829
315.599
315.361
315.114
314.86
314.599
314.331
314.055
313.774
313.487
313.194
312.897
312.595
312.288
311.977
311.663
311.345
311.024
310.701
310.375
310.048
309.72
309.391
309.062
308.734
308.407
308.081
307.758
307.437
307.12
306.807
306.498
306.193
305.895
305.602
305.315
305.036
304.763
304.498
304.241
303.992
303.752
303.52
303.296
303.082
302.877
302.681
302.493
302.315
302.146
301.986
301.834
301.691
301.556
301.43
301.311
301.2
301.097
301.001
300.911
300.828
300.751
300.68
300.614
300.554
300.499
300.448
300.402
300.36
300.321
300.286
300.255
300.226
300.2
300.177
300.156
300.137
300.12
310.57
310.678
310.788
310.898
311.01
311.122
311.236
311.35
311.465
311.581
311.697
311.815
311.933
312.052
312.171
312.291
312.412
312.533
312.655
312.777
312.9
313.023
313.146
313.27
313.393
313.517
313.641
313.765
313.888
314.011
314.134
314.257
314.379
314.5
314.62
314.739
314.857
314.974
315.089
315.202
315.314
315.423
315.53
315.635
315.737
315.836
315.931
316.023
316.112
316.196
316.276
316.351
316.421
316.487
316.546
316.6
316.647
316.688
316.722
316.749
316.769
316.781
316.785
316.781
316.769
316.749
316.719
316.681
316.635
316.579
316.514
316.441
316.358
316.266
316.164
316.054
315.935
315.806
315.668
315.522
315.366
315.202
315.029
314.848
314.658
314.46
314.253
314.039
313.818
313.588
313.352
313.109
312.859
312.602
312.34
312.071
311.798
311.519
311.235
310.947
310.655
310.36
310.061
309.759
309.455
309.149
308.842
308.535
308.227
307.919
307.613
307.308
307.005
306.705
306.408
306.115
305.826
305.543
305.264
304.992
304.726
304.467
304.214
303.97
303.733
303.504
303.284
303.072
302.868
302.673
302.488
302.31
302.142
301.982
301.831
301.688
301.554
301.428
301.309
301.198
301.095
300.998
300.909
300.826
300.749
300.678
300.612
300.552
300.497
300.446
300.4
300.358
300.319
300.285
300.253
300.224
300.199
300.175
300.155
300.136
300.119
300.1
300.068
300.046
300.031
300.02
300.013
300.008
300.005
300.003
300.002
300.001
300
300
300
300
300
300
300
300
300
300
300
300
300
300
300
300
300
300
300
300
300
300
300
300
300
300
300
300
300
300
300
300
300
300
300
300
300
300
300
300
300.1
300.068
300.046
300.031
300.02
300.013
300.008
300.005
300.003
300.002
300.001
300
300
300
300
300
300
300
300
300
300
300
300
300
300
300
300
300
300
300
300
300
300
300
300
300
300
300
300
300
300
300
300
300
300
300
300
300
300
300
300
300.1
300.068
300.046
300.031
300.02
300.013
300.008
300.005
300.003
300.002
300.001
300
300
300
300
300
300
300
300
300
300
300
300
300
300
300
300
300
300
300
300
300
300
300
300
300
300
300
300
300
300
300
300
300
300
300
300
300
300
300
300
300.1
300.069
300.046
300.031
300.02
300.013
300.008
300.005
300.003
300.002
300.001
300
300
300
300
300
300
300
300
300
300
300
300
300
300
300
300
300
300
300
300
300
300
300
300
300
300
300
300
300
300
300
300
300
300
300
300
300
300
300
300
300.1
300.069
300.046
300.031
300.02
300.013
300.008
300.005
300.003
300.002
300.001
300
300
300
300
300
300
300
300
300
300
300
300
300
300
300
300
300
300
300
300
300
300
300
300
300
300
300
300
300
300
300
300
300
300
300
300
300
300
300
300
300.1
300.069
300.046
300.031
300.02
300.013
300.008
300.005
300.003
300.002
300.001
300
300
300
300
300
300
300
300
300
300
300
300
300
300
300
300
300
300
300
300
300
300
300
300
300
300
300
300
300
300
300
300
300
300
300
300
300
300
300
300
300.101
300.069
300.047
300.031
300.02
300.013
300.008
300.005
300.003
300.002
300.001
300
300
300
300
300
300
300
300
300
300
300
300
300
300
300
300
300
300
300
300
300
300
300
300
300
300
300
300
300
300
300
300
300
300
300
300
300
300
300
300
300.101
300.069
300.047
300.031
300.02
300.013
300.008
300.005
300.003
300.002
300.001
300
300
300
300
300
300
300
300
300
300
300
300
300
300
300
300
300
300
300
300
300
300
300
300
300
300
300
300
300
300
300
300
300
300
300
300
300
300
300
300
300.101
300.069
300.047
300.031
300.021
300.013
300.008
300.005
300.003
300.002
300.001
300
300
300
300
300
300
300
300
300
300
300
300
300
300
300
300
300
300
300
300
300
300
300
300
300
300
300
300
300
300
300
300
300
300
300
300
300
300
300
300
300.101
300.069
300.047
300.031
300.021
300.013
300.008
300.005
300.003
300.002
300.001
300
300
300
300
300
300
300
300
300
300
300
300
300
300
300
300
300
300
300
300
300
300
300
300
300
300
300
300
300
300
300
300
300
300
300
300
300
300
300
300
300.102
300.07
300.047
300.032
300.021
300.013
300.008
300.005
300.003
300.002
300.001
300
300
300
300
300
300
300
300
300
300
300
300
300
300
300
300
300
300
300
300
300
300
300
300
300
300
300
300
300
300
300
300
300
300
300
300
300
300
300
300
300.102
300.07
300.047
300.032
300.021
300.013
300.009
300.005
300.003
300.002
300.001
300
300
300
300
300
300
300
300
300
300
300
300
300
300
300
300
300
300
300
300
300
300
300
300
300
300
300
300
300
300
300
300
300
300
300
300
300
300
300
300
300.102
300.07
300.048
300.032
300.021
300.014
300.009
300.005
300.003
300.002
300.001
300
300
300
300
300
300
300
300
300
300
300
300
300
300
300
300
300
300
300
300
300
300
300
300
300
300
300
300
300
300
300
300
300
300
300
300
300
300
300
300
300.103
300.071
300.048
300.032
300.021
300.014
300.009
300.005
300.003
300.002
300.001
300
300
300
300
300
300
300
300
300
300
300
300
300
300
300
300
300
300
300
300
300
300
300
300
300
300
300
300
300
300
300
300
300
300
300
300
300
300
300
300
300.103
300.071
300.048
300.032
300.021
300.014
300.009
300.005
300.003
300.002
300.001
300
300
300
300
300
300
300
300
300
300
300
300
300
300
300
300
300
300
300
300
300
300
300
300
300
300
300
300
300
300
300
300
300
300
300
300
300
300
300
300
300.104
300.071
300.048
300.032
300.021
300.014
300.009
300.005
300.003
300.002
300.001
300
300
300
300
300
300
300
300
300
300
300
300
300
300
300
300
300
300
300
300
300
300
300
300
300
300
300
300
300
300
300
300
300
300
300
300
300
300
300
300
300.104
300.072
300.049
300.032
300.021
300.014
300.009
300.005
300.003
300.002
300.001
300
300
300
300
300
300
300
300
300
300
300
300
300
300
300
300
300
300
300
300
300
300
300
300
300
300
300
300
300
300
300
300
300
300
300
300
300
300
300
300
300.104
300.072
300.049
300.033
300.021
300.014
300.009
300.005
300.003
300.002
300.001
300
300
300
300
300
300
300
300
300
300
300
300
300
300
300
300
300
300
300
300
300
300
300
300
300
300
300
300
300
300
300
300
300
300
300
300
300
300
300
300
300.105
300.072
300.049
300.033
300.022
300.014
300.009
300.005
300.003
300.002
300.001
300
300
300
300
300
300
300
300
300
300
300
300
300
300
300
300
300
300
300
300
300
300
300
300
300
300
300
300
300
300
300
300
300
300
300
300
300
300
300
300
300.105
300.072
300.049
300.033
300.022
300.014
300.009
300.006
300.003
300.002
300.001
300
300
300
300
300
300
300
300
300
300
300
300
300
300
300
300
300
300
300
300
300
300
300
300
300
300
300
300
300
300
300
300
300
300
300
300
300
300
300
300
300.106
300.073
300.049
300.033
300.022
300.014
300.009
300.006
300.003
300.002
300.001
300
300
300
300
300
300
300
300
300
300
300
300
300
300
300
300
300
300
300
300
300
300
300
300
300
300
300
300
300
300
300
300
300
300
300
300
300
300
300
300
300.106
300.073
300.049
300.033
300.022
300.014
300.009
300.006
300.003
300.002
300.001
300
300
300
300
300
300
300
300
300
300
300
300
300
300
300
300
300
300
300
300
300
300
300
300
300
300
300
300
300
300
300
300
300
300
300
300
300
300
300
300
300.106
300.073
300.05
300.033
300.022
300.014
300.009
300.006
300.003
300.002
300.001
300
300
300
300
300
300
300
300
300
300
300
300
300
300
300
300
300
300
300
300
300
300
300
300
300
300
300
300
300
300
300
300
300
300
300
300
300
300
300
300
300.107
300.073
300.05
300.033
300.022
300.014
300.009
300.006
300.003
300.002
300.001
300
300
300
300
300
300
300
300
300
300
300
300
300
300
300
300
300
300
300
300
300
300
300
300
300
300
300
300
300
300
300
300
300
300
300
300
300
300
300
300
300.107
300.073
300.05
300.033
300.022
300.014
300.009
300.006
300.003
300.002
300.001
300
300
300
300
300
300
300
300
300
300
300
300
300
300
300
300
300
300
300
300
300
300
300
300
300
300
300
300
300
300
300
300
300
300
300
300
300
300
300
300
300.107
300.073
300.05
300.033
300.022
300.014
300.009
300.006
300.003
300.002
300.001
300
300
300
300
300
300
300
300
300
300
300
300
300
300
300
300
300
300
300
300
300
300
300
300
300
300
300
300
300
300
300
300
300
300
300
300
300
300
300
300
300.107
300.073
300.049
300.033
300.022
300.014
300.009
300.005
300.003
300.002
300.001
300
300
300
300
300
300
300
300
300
300
300
300
300
300
300
300
300
300
300
300
300
300
300
300
300
300
300
300
300
300
300
300
300
300
300
300
300
300
300
300
300.106
300.073
300.049
300.033
300.021
300.014
300.009
300.005
300.003
300.002
300.001
300
300
300
300
300
300
300
300
300
300
300
300
300
300
300
300
300
300
300
300
300
300
300
300
300
300
300
300
300
300
300
300
300
300
300
300
300
300
300
300
300.106
300.072
300.049
300.032
300.021
300.014
300.009
300.005
300.003
300.002
300.001
300
300
300
300
300
300
300
300
300
300
300
300
300
300
300
300
300
300
300
300
300
300
300
300
300
300
300
300
300
300
300
300
300
300
300
300
300
300
300
300
300.105
300.072
300.048
300.032
300.021
300.014
300.009
300.005
300.003
300.002
300.001
300
300
300
300
300
300
300
300
300
300
300
300
300
300
300
300
300
300
300
300
300
300
300
300
300
300
300
300
300
300
300
300
300
300
300
300
300
300
300
300
300.105
300.071
300.048
300.032
300.021
300.013
300.008
300.005
300.003
300.002
300.001
300
300
300
300
300
300
300
300
300
300
300
300
300
300
300
300
300
300
300
300
300
300
300
300
300
300
300
300
300
300
300
300
300
300
300
300
300
300
300
300
300.104
300.07
300.047
300.031
300.02
300.013
300.008
300.005
300.003
300.002
300.001
300
300
300
300
300
300
300
300
300
300
300
300
300
300
300
300
300
300
300
300
300
300
300
300
300
300
300
300
300
300
300
300
300
300
300
300
300
300
300
300
300.102
300.069
300.046
300.031
300.02
300.013
300.008
300.005
300.003
300.002
300.001
300
300
300
300
300
300
300
300
300
300
300
300
300
300
300
300
300
300
300
300
300
300
300
300
300
300
300
300
300
300
300
300
300
300
300
300
300
300
300
300
300.101
300.068
300.045
300.03
300.019
300.012
300.008
300.005
300.003
300.002
300.001
300
300
300
300
300
300
300
300
300
299.999
299.999
299.999
299.999
299.999
299.999
299.999
299.999
299.999
299.999
299.999
299.999
299.999
299.999
299.999
299.999
299.999
299.999
299.999
299.999
299.999
299.999
299.999
299.999
299.999
299.999
299.999
299.999
299.999
299.999
299.999
300.099
300.067
300.044
300.029
300.019
300.012
300.008
300.005
300.003
300.001
300.001
300
300
300
300
300
300
300
299.999
299.999
299.999
299.999
299.999
299.999
299.999
299.999
299.999
299.999
299.999
299.999
299.999
299.999
299.999
299.999
299.999
299.999
299.999
299.999
299.999
299.999
299.999
299.999
299.999
299.999
299.999
299.999
299.999
299.999
299.999
299.999
299.999
300.097
300.065
300.043
300.028
300.018
300.012
300.007
300.004
300.003
300.001
300.001
300
300
300
300
300
300
299.999
299.999
299.999
299.999
299.999
299.999
299.999
299.999
299.999
299.999
299.999
299.999
299.999
299.999
299.999
299.999
299.999
299.999
299.999
299.999
299.999
299.999
299.999
299.999
299.999
299.999
299.999
299.999
299.999
299.999
299.999
299.999
299.999
299.999
300.095
300.063
300.042
300.027
300.018
300.011
300.007
300.004
300.002
300.001
300.001
300
300
300
300
300
300
299.999
299.999
299.999
299.999
299.999
299.999
299.999
299.999
299.999
299.999
299.999
299.999
299.999
299.999
299.999
299.999
299.999
299.999
299.999
299.999
299.999
299.999
299.999
299.999
299.999
299.999
299.999
299.999
299.999
299.999
299.999
299.999
299.999
299.999
300.093
300.062
300.041
300.027
300.017
300.011
300.007
300.004
300.002
300.001
300.001
300
300
300
300
300
299.999
299.999
299.999
299.999
299.999
299.999
299.999
299.999
299.999
299.999
299.999
299.999
299.999
299.999
299.999
299.999
299.999
299.999
299.999
299.999
299.999
299.999
299.999
299.999
299.999
299.999
299.999
299.999
299.999
299.999
299.999
299.999
299.999
299.999
299.999
300.091
300.06
300.04
300.026
300.017
300.01
300.006
300.004
300.002
300.001
300
300
300
300
300
300
299.999
299.999
299.999
299.999
299.999
299.999
299.999
299.999
299.999
299.999
299.999
299.999
299.999
299.999
299.999
299.999
299.999
299.999
299.999
299.999
299.999
299.999
299.999
299.999
299.999
299.999
299.999
299.999
299.999
299.999
299.999
299.999
299.999
299.999
299.999
300.089
300.059
300.039
300.025
300.016
300.01
300.006
300.004
300.002
300.001
300
300
300
300
300
300
299.999
299.999
299.999
299.999
299.999
299.999
299.999
299.999
299.999
299.999
299.999
299.999
299.999
299.999
299.999
299.999
299.999
299.999
299.999
299.999
299.999
299.999
299.999
299.999
299.999
299.999
299.999
299.999
299.999
299.999
299.999
299.999
299.999
299.999
299.999
300.088
300.059
300.039
300.025
300.016
300.01
300.006
300.004
300.002
300.001
300
300
300
300
300
300
299.999
299.999
299.999
299.999
299.999
299.999
299.999
299.999
299.999
299.999
299.999
299.999
299.999
299.999
299.999
299.999
299.999
299.999
299.999
299.999
299.999
299.999
299.999
299.999
299.999
299.999
299.999
299.999
299.999
299.999
299.999
299.999
299.999
299.999
299.999
)
;

boundaryField
{
    inlet
    {
        type            fixedValue;
        value           uniform 300;
    }
    outlet
    {
        type            zeroGradient;
    }
    top
    {
        type            zeroGradient;
    }
    slip-bottom
    {
        type            zeroGradient;
    }
    bottom
    {
        type            zeroGradient;
    }
    interface
    {
        type            fixedGradient;
        gradient        nonuniform List<scalar> 
161
(
2999.99
2999.99
2999.99
2999.99
2999.99
2999.99
2999.99
2999.99
2999.99
2999.99
2999.99
2999.99
2999.99
2999.99
2999.99
2999.99
2999.99
2999.99
2999.99
2999.99
1.98952e-13
1.98952e-13
1.98952e-13
1.98952e-13
1.98952e-13
1.98952e-13
1.98952e-13
1.98952e-13
1.98952e-13
1.98952e-13
1.98952e-13
1.98952e-13
1.98952e-13
1.98952e-13
1.98952e-13
1.98952e-13
1.98952e-13
1.98952e-13
1.98952e-13
1.98952e-13
-8.2423e-13
-8.2423e-13
-8.2423e-13
-8.2423e-13
-8.2423e-13
-8.2423e-13
-8.2423e-13
-8.2423e-13
-8.2423e-13
-8.2423e-13
-8.2423e-13
-8.2423e-13
-8.2423e-13
-8.2423e-13
-8.2423e-13
-8.2423e-13
-2.55795e-13
-2.55795e-13
-2.55795e-13
-2.55795e-13
-2.55795e-13
-2.55795e-13
-2.55795e-13
-2.55795e-13
-2.55795e-13
-2.55795e-13
-2.55795e-13
-2.55795e-13
-2.55795e-13
-2.55795e-13
-2.55795e-13
5.68434e-14
5.68434e-14
5.68434e-14
5.68434e-14
5.68434e-14
5.68434e-14
5.68434e-14
5.68434e-14
5.68434e-14
5.68434e-14
5.68434e-14
5.68434e-14
8.52651e-14
8.52651e-14
8.52651e-14
8.52651e-14
8.52651e-14
8.52651e-14
8.52651e-14
8.52651e-14
8.52651e-14
8.52651e-14
8.52651e-14
-2.84217e-13
-2.84217e-13
-2.84217e-13
-2.84217e-13
-2.84217e-13
-2.84217e-13
-2.84217e-13
-2.84217e-13
-2.84217e-13
-2.84217e-13
1.13687e-12
1.13687e-12
1.13687e-12
1.13687e-12
1.13687e-12
1.13687e-12
1.13687e-12
1.13687e-12
1.13687e-12
4.26326e-13
4.26326e-13
4.26326e-13
4.26326e-13
4.26326e-13
4.26326e-13
4.26326e-13
4.26326e-13
1.13687e-13
1.13687e-13
1.13687e-13
1.13687e-13
1.13687e-13
1.13687e-13
1.13687e-13
1.13687e-13
8.52651e-13
8.52651e-13
8.52651e-13
8.52651e-13
8.52651e-13
8.52651e-13
8.52651e-13
5.68434e-14
5.68434e-14
5.68434e-14
5.68434e-14
5.68434e-14
5.68434e-14
5.68434e-14
2.84217e-13
2.84217e-13
2.84217e-13
2.84217e-13
2.84217e-13
2.84217e-13
8.52651e-14
8.52651e-14
8.52651e-14
8.52651e-14
8.52651e-14
8.52651e-14
3.69482e-13
3.69482e-13
3.69482e-13
3.69482e-13
3.69482e-13
3.69482e-13
)
;
    }
    defaultFaces
    {
        type            empty;
    }
}


// ************************************************************************* //
