/*--------------------------------*- C++ -*----------------------------------*\
  =========                 |
  \\      /  F ield         | OpenFOAM: The Open Source CFD Toolbox
   \\    /   O peration     | Website:  https://openfoam.org
    \\  /    A nd           | Version:  7
     \\/     M anipulation  |
\*---------------------------------------------------------------------------*/
FoamFile
{
    version     2.0;
    format      ascii;
    class       volScalarField;
    location    "7.99";
    object      T;
}
// * * * * * * * * * * * * * * * * * * * * * * * * * * * * * * * * * * * * * //

dimensions      [0 0 0 1 0 0 0];

internalField   nonuniform List<scalar> 
12013
(
300.129
300.391
300.659
300.931
301.204
301.478
301.75
302.019
302.283
302.542
302.796
303.042
303.281
303.513
303.737
303.953
304.162
304.363
304.556
304.742
304.922
305.094
305.26
305.42
305.575
305.724
305.868
306.007
306.142
306.273
306.401
306.526
306.649
306.77
306.889
307.008
307.127
307.247
307.369
307.493
307.621
307.754
307.894
308.041
308.198
308.365
308.546
308.743
308.957
309.192
309.45
309.735
310.051
310.4
310.788
311.22
311.699
312.232
312.825
313.484
314.217
315.031
315.935
316.939
318.051
319.285
320.652
322.167
323.845
325.704
327.764
330.048
332.586
335.41
338.56
342.091
346.07
350.596
355.814
361.968
369.52
300.129
300.391
300.659
300.931
301.205
301.479
301.751
302.02
302.284
302.544
302.797
303.044
303.283
303.515
303.739
303.955
304.164
304.365
304.559
304.745
304.924
305.097
305.263
305.423
305.577
305.726
305.87
306.01
306.145
306.276
306.404
306.529
306.652
306.773
306.892
307.011
307.13
307.25
307.371
307.496
307.624
307.757
307.896
308.043
308.2
308.367
308.548
308.744
308.958
309.193
309.451
309.736
310.051
310.4
310.787
311.218
311.697
312.229
312.821
313.479
314.21
315.022
315.924
316.925
318.035
319.265
320.628
322.137
323.808
325.658
327.707
329.977
332.496
335.295
338.411
341.892
345.797
350.204
355.212
360.946
367.518
300.129
300.391
300.66
300.932
301.206
301.48
301.753
302.022
302.287
302.547
302.8
303.047
303.287
303.519
303.743
303.96
304.169
304.37
304.564
304.75
304.929
305.102
305.269
305.429
305.583
305.732
305.876
306.016
306.151
306.282
306.41
306.535
306.658
306.778
306.898
307.017
307.136
307.255
307.377
307.501
307.629
307.762
307.901
308.048
308.204
308.371
308.552
308.748
308.961
309.195
309.453
309.737
310.051
310.399
310.785
311.214
311.691
312.222
312.811
313.467
314.195
315.003
315.901
316.896
317.999
319.221
320.574
322.07
323.726
325.557
327.582
329.822
332.301
335.046
338.09
341.47
345.23
349.416
354.077
359.24
364.868
300.129
300.392
300.661
300.934
301.209
301.483
301.756
302.026
302.291
302.551
302.806
303.053
303.293
303.526
303.75
303.967
304.177
304.378
304.572
304.759
304.938
305.111
305.278
305.438
305.593
305.742
305.886
306.026
306.161
306.292
306.42
306.545
306.668
306.788
306.908
307.027
307.145
307.265
307.386
307.51
307.638
307.77
307.909
308.056
308.211
308.378
308.558
308.753
308.966
309.199
309.456
309.738
310.051
310.397
310.782
311.209
311.683
312.21
312.796
313.447
314.169
314.972
315.861
316.847
317.94
319.148
320.485
321.962
323.593
325.394
327.38
329.571
331.988
334.651
337.586
340.819
344.376
348.277
352.532
357.123
361.978
300.13
300.393
300.663
300.936
301.212
301.487
301.761
302.031
302.298
302.559
302.813
303.061
303.302
303.535
303.761
303.978
304.188
304.39
304.584
304.772
304.952
305.125
305.292
305.452
305.607
305.757
305.901
306.04
306.176
306.307
306.435
306.56
306.683
306.803
306.922
307.041
307.159
307.279
307.4
307.524
307.651
307.783
307.921
308.067
308.222
308.388
308.567
308.762
308.973
309.205
309.46
309.741
310.051
310.395
310.777
311.2
311.671
312.193
312.773
313.418
314.133
314.926
315.804
316.777
317.854
319.043
320.357
321.806
323.402
325.16
327.093
329.217
331.549
334.104
336.899
339.949
343.265
346.851
350.695
354.763
358.99
300.13
300.395
300.665
300.94
301.216
301.493
301.768
302.039
302.306
302.568
302.824
303.073
303.315
303.549
303.775
303.994
304.204
304.407
304.602
304.789
304.97
305.144
305.311
305.472
305.627
305.777
305.921
306.061
306.196
306.328
306.456
306.581
306.703
306.823
306.943
307.061
307.179
307.298
307.419
307.542
307.669
307.801
307.938
308.083
308.238
308.403
308.58
308.773
308.983
309.213
309.466
309.744
310.052
310.393
310.77
311.189
311.654
312.17
312.743
313.378
314.083
314.863
315.727
316.683
317.738
318.902
320.185
321.596
323.148
324.85
326.715
328.755
330.982
333.406
336.036
338.88
341.938
345.203
348.654
352.259
355.965
300.131
300.397
300.669
300.945
301.222
301.5
301.776
302.049
302.318
302.582
302.839
303.089
303.332
303.567
303.794
304.014
304.225
304.429
304.625
304.813
304.994
305.168
305.336
305.498
305.653
305.803
305.948
306.088
306.223
306.355
306.483
306.608
306.73
306.851
306.969
307.088
307.205
307.324
307.444
307.567
307.693
307.824
307.961
308.105
308.258
308.422
308.598
308.789
308.997
309.224
309.474
309.75
310.054
310.39
310.762
311.175
311.633
312.141
312.704
313.328
314.019
314.783
315.628
316.561
317.59
318.722
319.966
321.331
322.827
324.461
326.245
328.185
330.29
332.566
335.017
337.642
340.437
343.389
346.478
349.674
352.937
300.132
300.399
300.673
300.95
301.23
301.51
301.788
302.063
302.333
302.599
302.857
303.109
303.354
303.591
303.819
304.04
304.253
304.457
304.654
304.843
305.026
305.201
305.369
305.531
305.687
305.838
305.983
306.123
306.259
306.39
306.518
306.643
306.766
306.886
307.004
307.122
307.24
307.358
307.477
307.599
307.724
307.854
307.99
308.133
308.284
308.446
308.621
308.809
309.015
309.239
309.486
309.757
310.056
310.387
310.753
311.158
311.607
312.105
312.656
313.265
313.94
314.684
315.506
316.411
317.407
318.5
319.698
321.008
322.438
323.994
325.684
327.512
329.483
331.6
333.862
336.265
338.802
341.46
344.218
347.052
349.933
300.133
300.402
300.678
300.958
301.24
301.522
301.802
302.08
302.352
302.62
302.881
303.135
303.381
303.62
303.851
304.073
304.287
304.493
304.691
304.882
305.065
305.241
305.411
305.574
305.73
305.881
306.027
306.167
306.303
306.435
306.563
306.688
306.81
306.93
307.049
307.166
307.283
307.4
307.519
307.64
307.764
307.893
308.027
308.169
308.318
308.478
308.65
308.836
309.038
309.259
309.501
309.767
310.061
310.384
310.742
311.139
311.577
312.062
312.598
313.191
313.845
314.566
315.359
316.232
317.189
318.236
319.381
320.628
321.983
323.452
325.038
326.745
328.574
330.526
332.597
334.783
337.073
339.455
341.913
344.427
346.973
300.134
300.406
300.685
300.967
301.252
301.537
301.82
302.101
302.376
302.646
302.91
303.167
303.416
303.657
303.89
304.114
304.33
304.538
304.738
304.93
305.115
305.292
305.463
305.626
305.784
305.936
306.082
306.223
306.359
306.491
306.619
306.744
306.866
306.986
307.104
307.221
307.337
307.454
307.572
307.692
307.815
307.942
308.074
308.214
308.361
308.519
308.687
308.87
309.068
309.285
309.521
309.781
310.068
310.384
310.732
311.117
311.543
312.013
312.532
313.104
313.734
314.428
315.189
316.024
316.936
317.932
319.017
320.194
321.467
322.841
324.317
325.897
327.581
329.367
331.25
333.225
335.283
337.412
339.598
341.826
344.078
300.136
300.411
300.693
300.979
301.267
301.556
301.843
302.126
302.405
302.679
302.946
303.206
303.458
303.702
303.938
304.165
304.383
304.593
304.795
304.989
305.176
305.355
305.527
305.692
305.85
306.003
306.15
306.291
306.428
306.56
306.689
306.814
306.935
307.055
307.172
307.288
307.404
307.52
307.637
307.755
307.877
308.002
308.133
308.27
308.415
308.569
308.734
308.913
309.107
309.318
309.548
309.801
310.079
310.386
310.723
311.096
311.506
311.959
312.458
313.007
313.61
314.272
314.997
315.789
316.653
317.592
318.611
319.712
320.898
322.172
323.534
324.985
326.523
328.145
329.847
331.623
333.464
335.361
337.302
339.275
341.266
300.137
300.417
300.702
300.993
301.285
301.578
301.869
302.158
302.441
302.719
302.99
303.254
303.51
303.757
303.996
304.226
304.448
304.661
304.865
305.062
305.25
305.431
305.605
305.771
305.931
306.085
306.233
306.375
306.512
306.645
306.774
306.898
307.02
307.139
307.256
307.371
307.486
307.601
307.716
307.833
307.953
308.077
308.205
308.339
308.481
308.632
308.793
308.967
309.155
309.36
309.584
309.829
310.097
310.393
310.718
311.075
311.469
311.902
312.378
312.901
313.474
314.101
314.786
315.532
316.342
317.22
318.169
319.191
320.287
321.458
322.706
324.027
325.422
326.886
328.416
330.004
331.645
333.33
335.05
336.795
338.554
300.14
300.424
300.714
301.01
301.308
301.606
301.902
302.195
302.484
302.767
303.043
303.311
303.572
303.823
304.066
304.301
304.526
304.742
304.95
305.149
305.34
305.524
305.699
305.868
306.029
306.185
306.333
306.477
306.615
306.748
306.876
307.001
307.123
307.241
307.358
307.472
307.586
307.699
307.813
307.929
308.046
308.168
308.293
308.424
308.563
308.709
308.866
309.035
309.217
309.415
309.63
309.866
310.124
310.407
310.717
311.059
311.434
311.845
312.296
312.79
313.331
313.92
314.561
315.258
316.012
316.826
317.702
318.642
319.646
320.715
321.848
323.044
324.3
325.614
326.981
328.396
329.854
331.346
332.867
334.407
335.959
300.143
300.432
300.729
301.03
301.334
301.638
301.941
302.241
302.535
302.824
303.106
303.38
303.646
303.903
304.151
304.39
304.62
304.84
305.052
305.255
305.449
305.635
305.813
305.984
306.148
306.304
306.455
306.599
306.738
306.871
307
307.125
307.246
307.365
307.48
307.594
307.706
307.818
307.931
308.044
308.16
308.278
308.4
308.528
308.662
308.805
308.956
309.119
309.294
309.484
309.69
309.916
310.162
310.431
310.726
311.05
311.404
311.792
312.216
312.68
313.184
313.734
314.329
314.974
315.67
316.419
317.221
318.079
318.991
319.959
320.981
322.056
323.181
324.353
325.569
326.824
328.114
329.432
330.773
332.13
333.498
300.146
300.442
300.746
301.054
301.366
301.677
301.988
302.295
302.597
302.893
303.182
303.463
303.735
303.998
304.252
304.497
304.732
304.957
305.173
305.38
305.579
305.768
305.95
306.123
306.289
306.448
306.6
306.745
306.885
307.019
307.149
307.274
307.395
307.512
307.627
307.74
307.851
307.961
308.072
308.183
308.296
308.411
308.53
308.654
308.784
308.921
309.067
309.223
309.39
309.572
309.768
309.982
310.215
310.47
310.749
311.053
311.385
311.748
312.144
312.574
313.042
313.55
314.099
314.691
315.327
316.01
316.739
317.515
318.338
319.208
320.124
321.083
322.085
323.125
324.202
325.311
326.448
327.609
328.788
329.982
331.185
300.15
300.454
300.766
301.083
301.403
301.724
302.043
302.359
302.67
302.974
303.272
303.561
303.841
304.112
304.373
304.624
304.865
305.096
305.318
305.53
305.733
305.927
306.112
306.289
306.457
306.618
306.772
306.919
307.06
307.195
307.325
307.45
307.571
307.688
307.802
307.914
308.024
308.132
308.24
308.349
308.459
308.571
308.686
308.806
308.93
309.062
309.201
309.35
309.51
309.682
309.868
310.069
310.289
310.528
310.788
311.072
311.382
311.718
312.084
312.482
312.912
313.377
313.878
314.417
314.995
315.612
316.269
316.967
317.704
318.481
319.296
320.147
321.034
321.953
322.902
323.878
324.877
325.896
326.931
327.978
329.034
300.154
300.468
300.79
301.117
301.447
301.779
302.108
302.435
302.756
303.071
303.378
303.677
303.966
304.245
304.515
304.774
305.023
305.261
305.49
305.708
305.916
306.114
306.304
306.484
306.656
306.82
306.976
307.125
307.268
307.404
307.534
307.659
307.78
307.897
308.01
308.12
308.228
308.335
308.44
308.546
308.653
308.761
308.872
308.987
309.107
309.232
309.365
309.506
309.657
309.819
309.993
310.182
310.387
310.61
310.852
311.115
311.4
311.71
312.046
312.409
312.802
313.224
313.679
314.165
314.685
315.239
315.827
316.449
317.105
317.794
318.515
319.267
320.048
320.856
321.688
322.544
323.419
324.311
325.216
326.133
327.057
300.16
300.485
300.818
301.157
301.5
301.843
302.185
302.524
302.857
303.184
303.503
303.813
304.113
304.403
304.683
304.951
305.209
305.456
305.692
305.917
306.131
306.336
306.53
306.715
306.891
307.058
307.217
307.368
307.512
307.649
307.78
307.905
308.026
308.142
308.254
308.363
308.469
308.574
308.677
308.78
308.883
308.987
309.094
309.204
309.317
309.436
309.562
309.694
309.836
309.988
310.151
310.326
310.516
310.722
310.945
311.186
311.448
311.731
312.036
312.366
312.721
313.102
313.51
313.947
314.411
314.905
315.427
315.979
316.558
317.166
317.8
318.46
319.144
319.851
320.579
321.326
322.09
322.868
323.658
324.458
325.265
300.166
300.504
300.851
301.204
301.561
301.919
302.276
302.629
302.977
303.317
303.65
303.973
304.286
304.589
304.88
305.16
305.428
305.684
305.929
306.162
306.384
306.595
306.795
306.985
307.165
307.336
307.498
307.651
307.797
307.936
308.068
308.193
308.314
308.429
308.54
308.647
308.752
308.854
308.954
309.054
309.153
309.253
309.355
309.459
309.567
309.679
309.797
309.921
310.053
310.194
310.345
310.507
310.682
310.871
311.075
311.295
311.532
311.788
312.064
312.361
312.679
313.02
313.385
313.773
314.185
314.622
315.083
315.568
316.078
316.61
317.165
317.742
318.339
318.955
319.589
320.238
320.903
321.579
322.267
322.963
323.666
300.174
300.527
300.89
301.26
301.633
302.008
302.382
302.752
303.116
303.474
303.822
304.161
304.489
304.806
305.111
305.404
305.684
305.951
306.206
306.448
306.679
306.897
307.104
307.3
307.485
307.66
307.825
307.981
308.129
308.269
308.402
308.528
308.648
308.763
308.873
308.978
309.081
309.18
309.277
309.373
309.469
309.565
309.661
309.76
309.861
309.967
310.076
310.192
310.314
310.444
310.583
310.731
310.891
311.063
311.247
311.446
311.66
311.891
312.138
312.403
312.687
312.99
313.312
313.655
314.019
314.403
314.807
315.232
315.677
316.142
316.625
317.126
317.645
318.18
318.729
319.293
319.868
320.455
321.051
321.655
322.266
300.183
300.554
300.936
301.324
301.718
302.112
302.506
302.895
303.28
303.656
304.024
304.381
304.726
305.06
305.38
305.688
305.982
306.262
306.528
306.781
307.021
307.248
307.462
307.664
307.855
308.035
308.204
308.363
308.514
308.655
308.789
308.915
309.035
309.149
309.257
309.361
309.461
309.558
309.652
309.744
309.836
309.927
310.018
310.111
310.206
310.304
310.405
310.512
310.624
310.743
310.869
311.004
311.149
311.304
311.47
311.649
311.84
312.046
312.266
312.501
312.752
313.019
313.303
313.604
313.923
314.258
314.611
314.981
315.368
315.772
316.191
316.625
317.074
317.536
318.011
318.498
318.995
319.502
320.018
320.54
321.069
300.193
300.586
300.989
301.4
301.816
302.234
302.65
303.063
303.47
303.869
304.258
304.636
305.002
305.355
305.694
306.018
306.327
306.622
306.902
307.166
307.417
307.653
307.876
308.085
308.282
308.467
308.64
308.803
308.955
309.099
309.233
309.36
309.479
309.592
309.699
309.801
309.899
309.992
310.083
310.172
310.258
310.344
310.43
310.517
310.605
310.696
310.789
310.887
310.989
311.097
311.211
311.333
311.463
311.602
311.751
311.91
312.08
312.262
312.456
312.663
312.884
313.118
313.367
313.629
313.907
314.199
314.505
314.826
315.161
315.509
315.871
316.246
316.633
317.031
317.44
317.86
318.288
318.725
319.17
319.621
320.077
300.205
300.622
301.051
301.488
301.931
302.375
302.819
303.258
303.692
304.116
304.531
304.933
305.322
305.697
306.056
306.399
306.727
307.037
307.332
307.61
307.872
308.118
308.35
308.567
308.77
308.961
309.139
309.305
309.46
309.605
309.74
309.867
309.986
310.098
310.204
310.303
310.398
310.489
310.576
310.66
310.742
310.823
310.903
310.983
311.065
311.148
311.233
311.322
311.414
311.511
311.614
311.723
311.839
311.962
312.094
312.235
312.385
312.545
312.715
312.897
313.089
313.294
313.51
313.738
313.979
314.231
314.496
314.773
315.062
315.362
315.673
315.996
316.328
316.671
317.022
317.382
317.751
318.126
318.508
318.896
319.29
300.219
300.665
301.123
301.591
302.064
302.54
303.015
303.485
303.949
304.404
304.847
305.277
305.692
306.092
306.474
306.839
307.186
307.514
307.825
308.117
308.392
308.65
308.891
309.117
309.327
309.523
309.705
309.875
310.033
310.179
310.316
310.443
310.561
310.671
310.775
310.872
310.964
311.051
311.134
311.214
311.291
311.367
311.441
311.515
311.589
311.665
311.742
311.822
311.905
311.992
312.083
312.18
312.282
312.391
312.507
312.63
312.762
312.902
313.05
313.208
313.376
313.553
313.74
313.937
314.145
314.363
314.591
314.829
315.077
315.335
315.602
315.878
316.163
316.457
316.758
317.067
317.383
317.705
318.033
318.366
318.704
300.236
300.715
301.207
301.71
302.22
302.731
303.242
303.749
304.247
304.736
305.212
305.674
306.119
306.546
306.954
307.342
307.711
308.059
308.387
308.695
308.984
309.253
309.505
309.739
309.956
310.158
310.345
310.518
310.678
310.826
310.963
311.09
311.207
311.316
311.417
311.512
311.6
311.683
311.762
311.837
311.909
311.979
312.048
312.115
312.183
312.251
312.32
312.391
312.465
312.542
312.622
312.707
312.797
312.892
312.994
313.101
313.215
313.337
313.466
313.602
313.747
313.9
314.062
314.232
314.41
314.597
314.793
314.997
315.21
315.431
315.659
315.896
316.14
316.391
316.649
316.913
317.183
317.459
317.739
318.025
318.315
300.255
300.773
301.305
301.849
302.4
302.954
303.506
304.053
304.593
305.12
305.633
306.13
306.608
307.066
307.503
307.917
308.309
308.678
309.025
309.349
309.652
309.934
310.196
310.439
310.663
310.871
311.062
311.238
311.4
311.549
311.686
311.812
311.928
312.035
312.133
312.225
312.309
312.389
312.463
312.533
312.6
312.664
312.726
312.787
312.848
312.909
312.97
313.033
313.097
313.165
313.235
313.309
313.387
313.47
313.558
313.651
313.75
313.855
313.966
314.084
314.208
314.34
314.478
314.624
314.777
314.938
315.105
315.28
315.462
315.651
315.846
316.049
316.257
316.471
316.692
316.917
317.148
317.384
317.624
317.869
318.117
300.277
300.84
301.419
302.01
302.609
303.211
303.811
304.406
304.991
305.562
306.117
306.653
307.168
307.66
308.127
308.57
308.987
309.378
309.745
310.086
310.404
310.698
310.97
311.221
311.453
311.665
311.86
312.038
312.202
312.351
312.488
312.612
312.726
312.83
312.926
313.013
313.094
313.168
313.238
313.303
313.364
313.422
313.478
313.533
313.587
313.64
313.694
313.749
313.805
313.863
313.924
313.988
314.055
314.127
314.202
314.282
314.367
314.457
314.553
314.654
314.761
314.873
314.992
315.117
315.248
315.386
315.529
315.678
315.834
315.995
316.162
316.335
316.513
316.696
316.884
317.077
317.275
317.476
317.682
317.891
318.103
300.303
300.918
301.551
302.197
302.851
303.509
304.164
304.812
305.449
306.07
306.671
307.251
307.806
308.335
308.835
309.307
309.751
310.165
310.552
310.91
311.242
311.549
311.83
312.089
312.326
312.543
312.741
312.921
313.084
313.233
313.368
313.491
313.602
313.703
313.794
313.877
313.953
314.023
314.087
314.147
314.202
314.255
314.305
314.353
314.4
314.446
314.493
314.54
314.588
314.638
314.69
314.745
314.803
314.864
314.928
314.997
315.069
315.146
315.228
315.315
315.406
315.503
315.604
315.711
315.824
315.941
316.064
316.192
316.325
316.462
316.605
316.753
316.905
317.062
317.223
317.388
317.556
317.729
317.905
318.084
318.265
300.333
301.009
301.704
302.414
303.132
303.853
304.571
305.279
305.974
306.65
307.304
307.931
308.53
309.097
309.633
310.136
310.607
311.045
311.451
311.826
312.171
312.489
312.779
313.044
313.286
313.505
313.704
313.885
314.048
314.195
314.327
314.446
314.554
314.65
314.737
314.816
314.887
314.951
315.01
315.064
315.113
315.16
315.204
315.246
315.286
315.326
315.366
315.406
315.447
315.49
315.534
315.58
315.629
315.681
315.736
315.795
315.857
315.922
315.992
316.066
316.145
316.228
316.315
316.406
316.503
316.603
316.709
316.818
316.932
317.05
317.173
317.299
317.43
317.564
317.702
317.843
317.988
318.136
318.287
318.44
318.596
300.367
301.114
301.881
302.664
303.456
304.25
305.039
305.816
306.576
307.313
308.023
308.702
309.347
309.956
310.528
311.062
311.559
312.02
312.444
312.835
313.192
313.518
313.815
314.085
314.329
314.55
314.749
314.927
315.088
315.232
315.361
315.476
315.578
315.67
315.752
315.825
315.89
315.949
316.002
316.05
316.094
316.135
316.173
316.209
316.244
316.278
316.311
316.345
316.38
316.416
316.453
316.493
316.534
316.579
316.625
316.675
316.729
316.785
316.845
316.909
316.976
317.047
317.123
317.202
317.285
317.371
317.462
317.556
317.655
317.757
317.862
317.971
318.084
318.199
318.318
318.44
318.564
318.691
318.821
318.953
319.087
300.407
301.236
302.087
302.954
303.83
304.707
305.576
306.43
307.262
308.066
308.837
309.57
310.264
310.915
311.523
312.088
312.611
313.092
313.533
313.936
314.302
314.635
314.936
315.208
315.452
315.671
315.868
316.043
316.2
316.339
316.463
316.572
316.669
316.755
316.831
316.899
316.959
317.012
317.059
317.102
317.14
317.176
317.208
317.239
317.269
317.298
317.326
317.355
317.385
317.415
317.447
317.481
317.516
317.554
317.595
317.638
317.684
317.733
317.785
317.841
317.899
317.961
318.027
318.095
318.168
318.243
318.322
318.404
318.49
318.578
318.67
318.764
318.862
318.962
319.065
319.17
319.278
319.388
319.501
319.615
319.731
300.454
301.377
302.324
303.289
304.261
305.232
306.192
307.131
308.042
308.918
309.753
310.543
311.286
311.979
312.622
313.215
313.76
314.259
314.712
315.124
315.496
315.832
316.133
316.403
316.645
316.86
317.052
317.222
317.373
317.506
317.623
317.727
317.818
317.897
317.967
318.029
318.083
318.131
318.173
318.211
318.245
318.276
318.305
318.331
318.357
318.382
318.407
318.432
318.457
318.484
318.512
318.541
318.573
318.606
318.642
318.68
318.721
318.765
318.811
318.86
318.912
318.967
319.025
319.086
319.15
319.217
319.286
319.359
319.434
319.512
319.592
319.676
319.761
319.849
319.939
320.031
320.125
320.221
320.319
320.418
320.519
300.508
301.54
302.599
303.675
304.757
305.834
306.894
307.927
308.924
309.876
310.778
311.625
312.415
313.148
313.822
314.439
315.002
315.512
315.974
316.389
316.762
317.096
317.394
317.659
317.895
318.103
318.288
318.451
318.594
318.72
318.83
318.926
319.011
319.085
319.149
319.205
319.255
319.298
319.336
319.37
319.401
319.429
319.454
319.479
319.502
319.524
319.547
319.57
319.594
319.618
319.644
319.672
319.701
319.732
319.765
319.8
319.838
319.878
319.92
319.965
320.013
320.063
320.116
320.171
320.229
320.289
320.352
320.417
320.484
320.554
320.626
320.7
320.776
320.853
320.933
321.015
321.098
321.182
321.268
321.355
321.444
300.57
301.728
302.915
304.118
305.325
306.521
307.692
308.826
309.913
310.944
311.913
312.815
313.649
314.415
315.114
315.749
316.322
316.838
317.301
317.714
318.082
318.409
318.7
318.956
319.182
319.382
319.557
319.711
319.846
319.963
320.066
320.156
320.235
320.303
320.363
320.415
320.461
320.501
320.537
320.569
320.598
320.625
320.65
320.674
320.697
320.719
320.742
320.765
320.789
320.813
320.839
320.866
320.895
320.926
320.958
320.993
321.029
321.068
321.109
321.152
321.197
321.244
321.293
321.345
321.399
321.454
321.512
321.572
321.634
321.697
321.763
321.83
321.898
321.968
322.04
322.113
322.187
322.262
322.338
322.416
322.494
300.642
301.945
303.278
304.626
305.973
307.3
308.592
309.834
311.014
312.123
313.155
314.106
314.977
315.768
316.483
317.126
317.701
318.213
318.669
319.073
319.431
319.747
320.025
320.269
320.484
320.672
320.837
320.981
321.107
321.217
321.314
321.398
321.472
321.536
321.593
321.643
321.688
321.728
321.763
321.796
321.826
321.855
321.881
321.907
321.932
321.957
321.982
322.008
322.034
322.061
322.09
322.119
322.15
322.182
322.216
322.252
322.289
322.328
322.369
322.411
322.456
322.502
322.55
322.6
322.651
322.704
322.759
322.815
322.872
322.931
322.992
323.053
323.116
323.18
323.245
323.311
323.378
323.446
323.514
323.583
323.653
300.725
302.194
303.694
305.206
306.708
308.18
309.601
310.954
312.226
313.407
314.493
315.483
316.378
317.183
317.902
318.54
319.105
319.605
320.045
320.433
320.774
321.074
321.336
321.566
321.768
321.945
322.099
322.235
322.353
322.458
322.55
322.631
322.702
322.766
322.823
322.874
322.92
322.962
323.001
323.037
323.071
323.104
323.135
323.166
323.196
323.226
323.256
323.287
323.318
323.35
323.382
323.416
323.45
323.486
323.523
323.562
323.601
323.642
323.685
323.729
323.774
323.82
323.868
323.917
323.967
324.019
324.071
324.125
324.18
324.236
324.292
324.35
324.408
324.467
324.526
324.587
324.648
324.709
324.77
324.833
324.895
300.819
302.478
304.168
305.863
307.538
309.164
310.718
312.18
313.537
314.782
315.905
316.912
317.811
318.61
319.315
319.937
320.484
320.963
321.384
321.751
322.073
322.354
322.601
322.816
323.006
323.172
323.318
323.446
323.56
323.661
323.751
323.832
323.904
323.97
324.03
324.085
324.136
324.184
324.228
324.271
324.312
324.351
324.39
324.428
324.465
324.502
324.54
324.577
324.615
324.653
324.691
324.73
324.77
324.811
324.852
324.895
324.938
324.982
325.027
325.072
325.119
325.167
325.215
325.264
325.314
325.365
325.416
325.468
325.52
325.573
325.627
325.681
325.735
325.789
325.844
325.9
325.955
326.01
326.066
326.122
326.178
300.926
302.801
304.705
306.604
308.465
310.253
311.942
313.495
314.907
316.178
317.314
318.321
319.21
319.991
320.675
321.272
321.793
322.247
322.642
322.987
323.288
323.551
323.781
323.983
324.162
324.319
324.459
324.583
324.695
324.795
324.887
324.97
325.046
325.117
325.183
325.244
325.303
325.358
325.411
325.462
325.512
325.56
325.607
325.654
325.7
325.746
325.791
325.836
325.881
325.926
325.972
326.017
326.063
326.108
326.155
326.201
326.248
326.295
326.343
326.391
326.439
326.488
326.537
326.586
326.635
326.685
326.735
326.785
326.835
326.886
326.936
326.987
327.037
327.088
327.138
327.189
327.239
327.289
327.339
327.388
327.438
301.046
303.164
305.307
307.43
309.491
311.419
313.193
314.803
316.247
317.53
318.66
319.651
320.516
321.268
321.92
322.485
322.975
323.399
323.768
324.088
324.368
324.613
324.828
325.019
325.188
325.339
325.475
325.597
325.709
325.812
325.906
325.994
326.076
326.153
326.227
326.296
326.363
326.428
326.49
326.55
326.609
326.667
326.723
326.778
326.833
326.887
326.94
326.993
327.045
327.097
327.149
327.2
327.251
327.301
327.351
327.402
327.452
327.501
327.551
327.601
327.65
327.7
327.749
327.798
327.847
327.895
327.943
327.992
328.039
328.087
328.134
328.181
328.228
328.274
328.32
328.366
328.411
328.456
328.5
328.544
328.588
301.176
303.559
305.964
308.308
310.511
312.54
314.377
316.018
317.469
318.741
319.848
320.807
321.635
322.348
322.962
323.491
323.946
324.34
324.682
324.979
325.239
325.468
325.67
325.85
326.012
326.159
326.292
326.414
326.527
326.632
326.731
326.823
326.911
326.995
327.075
327.152
327.227
327.299
327.369
327.437
327.504
327.569
327.633
327.696
327.757
327.818
327.877
327.936
327.994
328.051
328.107
328.163
328.217
328.271
328.325
328.378
328.43
328.481
328.532
328.583
328.633
328.682
328.731
328.779
328.827
328.874
328.921
328.967
329.012
329.057
329.102
329.145
329.188
329.231
329.273
329.314
329.355
329.395
329.435
329.474
329.512
301.295
303.932
306.56
309.05
311.35
313.435
315.296
316.937
318.37
319.612
320.683
321.604
322.393
323.068
323.647
324.143
324.57
324.938
325.258
325.537
325.781
325.998
326.191
326.364
326.52
326.663
326.794
326.916
327.029
327.136
327.236
327.332
327.423
327.511
327.595
327.676
327.755
327.832
327.906
327.979
328.05
328.119
328.187
328.254
328.32
328.384
328.447
328.509
328.57
328.63
328.688
328.746
328.803
328.859
328.914
328.968
329.022
329.074
329.126
329.177
329.227
329.276
329.325
329.372
329.419
329.466
329.511
329.556
329.599
329.642
329.685
329.726
329.767
329.807
329.847
329.885
329.923
329.96
329.997
330.032
330.068
379.646
387.575
394.256
400.091
405.279
409.928
414.099
417.825
421.121
423.987
426.411
428.372
429.833
430.746
431.045
430.637
429.394
427.119
423.481
417.822
408.494
402.187
397.359
393.41
390.05
387.12
384.517
382.173
380.039
378.079
376.267
374.578
372.997
371.51
370.103
368.768
367.496
366.279
365.113
363.991
362.909
361.862
360.848
359.863
358.904
357.968
357.054
356.159
355.282
354.421
353.575
352.742
351.921
351.111
350.311
349.521
348.739
347.965
347.199
346.44
345.687
344.941
344.201
343.468
342.739
342.017
341.301
340.59
339.885
339.185
338.492
337.804
337.123
336.447
335.778
335.115
334.459
333.81
333.168
332.534
331.906
331.287
330.676
330.073
329.478
328.893
328.316
327.75
327.192
326.645
326.108
325.582
325.066
324.562
324.068
323.586
323.116
322.656
322.209
321.774
321.35
320.938
320.539
320.151
319.775
319.41
319.057
318.716
318.385
318.066
317.758
317.46
317.173
316.896
316.629
316.371
316.122
315.883
315.651
315.428
315.213
315.006
314.806
314.612
314.426
314.245
314.07
313.901
313.737
313.578
313.424
313.274
313.129
312.987
312.849
312.714
312.582
312.453
312.327
312.203
312.081
311.962
311.845
311.729
311.616
311.504
311.393
311.284
311.176
311.069
310.963
310.858
310.755
310.652
310.55
310.449
310.349
310.25
310.152
310.055
309.961
374.912
381.797
388.006
393.595
398.641
403.201
407.316
411.006
414.282
417.138
419.563
421.533
423.013
423.956
424.3
423.96
422.825
420.738
417.481
412.786
406.609
401.27
396.819
393.05
389.792
386.925
384.364
382.05
379.939
377.997
376.197
374.519
372.947
371.466
370.065
368.735
367.467
366.254
365.091
363.971
362.891
361.847
360.834
359.85
358.892
357.958
357.045
356.151
355.275
354.414
353.568
352.736
351.915
351.106
350.306
349.516
348.735
347.961
347.195
346.436
345.684
344.938
344.199
343.465
342.737
342.015
341.298
340.587
339.882
339.183
338.49
337.802
337.12
336.445
335.776
335.113
334.457
333.808
333.166
332.532
331.904
331.285
330.674
330.071
329.476
328.891
328.315
327.748
327.191
326.643
326.107
325.58
325.065
324.56
324.067
323.584
323.114
322.655
322.208
321.772
321.349
320.937
320.537
320.149
319.773
319.409
319.056
318.715
318.384
318.065
317.757
317.46
317.172
316.895
316.628
316.37
316.122
315.882
315.651
315.428
315.213
315.006
314.806
314.612
314.425
314.245
314.07
313.901
313.737
313.579
313.424
313.275
313.129
312.987
312.849
312.714
312.582
312.453
312.327
312.203
312.082
311.962
311.845
311.73
311.616
311.504
311.393
311.284
311.176
311.069
310.963
310.859
310.755
310.652
310.55
310.449
310.349
310.25
310.152
310.055
309.961
370.833
376.72
382.295
387.478
392.257
396.637
400.628
404.235
407.456
410.282
412.698
414.677
416.188
417.186
417.616
417.407
416.474
414.714
412.02
408.347
403.913
399.609
395.727
392.285
389.229
386.494
384.025
381.778
379.716
377.812
376.042
374.388
372.835
371.37
369.982
368.663
367.404
366.199
365.042
363.928
362.853
361.813
360.804
359.823
358.868
357.936
357.025
356.133
355.259
354.4
353.555
352.724
351.904
351.096
350.297
349.508
348.727
347.954
347.189
346.43
345.678
344.933
344.193
343.46
342.732
342.01
341.293
340.583
339.878
339.179
338.485
337.798
337.116
336.441
335.772
335.109
334.454
333.804
333.162
332.528
331.901
331.281
330.67
330.067
329.473
328.887
328.311
327.744
327.187
326.64
326.103
325.577
325.061
324.557
324.063
323.581
323.111
322.652
322.205
321.769
321.346
320.934
320.535
320.147
319.771
319.406
319.054
318.712
318.382
318.063
317.755
317.458
317.171
316.894
316.627
316.369
316.121
315.881
315.65
315.427
315.212
315.005
314.805
314.612
314.425
314.245
314.07
313.901
313.737
313.579
313.424
313.275
313.129
312.987
312.849
312.714
312.582
312.453
312.327
312.204
312.082
311.963
311.846
311.73
311.617
311.505
311.394
311.285
311.177
311.07
310.964
310.859
310.756
310.653
310.551
310.45
310.35
310.251
310.153
310.056
309.961
367.015
372.087
377.03
381.746
386.182
390.311
394.12
397.595
400.726
403.497
405.887
407.872
409.418
410.488
411.034
411.002
410.332
408.968
406.872
404.082
400.787
397.387
394.127
391.102
388.328
385.791
383.465
381.323
379.343
377.501
375.781
374.168
372.647
371.209
369.844
368.543
367.3
366.108
364.963
363.858
362.792
361.758
360.756
359.78
358.83
357.902
356.994
356.106
355.234
354.377
353.535
352.705
351.888
351.08
350.283
349.495
348.715
347.943
347.178
346.421
345.669
344.924
344.185
343.452
342.725
342.003
341.287
340.577
339.872
339.173
338.48
337.792
337.111
336.436
335.767
335.104
334.448
333.799
333.157
332.522
331.895
331.276
330.664
330.061
329.467
328.882
328.305
327.738
327.181
326.634
326.097
325.571
325.056
324.551
324.058
323.576
323.106
322.647
322.2
321.765
321.341
320.93
320.53
320.143
319.767
319.403
319.05
318.709
318.379
318.061
317.753
317.455
317.169
316.892
316.625
316.367
316.119
315.88
315.649
315.426
315.212
315.004
314.804
314.611
314.425
314.245
314.07
313.901
313.738
313.579
313.425
313.275
313.13
312.988
312.85
312.715
312.583
312.454
312.328
312.205
312.083
311.964
311.847
311.732
311.618
311.506
311.395
311.286
311.178
311.071
310.965
310.861
310.757
310.654
310.552
310.451
310.351
310.252
310.154
310.057
309.962
363.336
367.746
372.117
376.362
380.424
384.26
387.843
391.149
394.157
396.846
399.193
401.173
402.753
403.902
404.581
404.75
404.371
403.416
401.883
399.823
397.37
394.73
392.074
389.504
387.069
384.784
382.649
380.654
378.787
377.037
375.39
373.836
372.364
370.967
369.635
368.363
367.144
365.973
364.845
363.756
362.702
361.679
360.686
359.719
358.775
357.853
356.951
356.067
355.199
354.346
353.507
352.68
351.865
351.06
350.265
349.478
348.7
347.929
347.165
346.409
345.658
344.914
344.176
343.443
342.716
341.995
341.279
340.569
339.865
339.166
338.473
337.785
337.104
336.429
335.76
335.098
334.442
333.793
333.15
332.516
331.888
331.269
330.658
330.055
329.46
328.875
328.298
327.731
327.174
326.627
326.09
325.564
325.049
324.544
324.051
323.569
323.099
322.64
322.193
321.758
321.335
320.924
320.525
320.137
319.762
319.398
319.045
318.705
318.375
318.057
317.749
317.452
317.165
316.889
316.622
316.365
316.117
315.878
315.647
315.425
315.211
315.004
314.804
314.611
314.425
314.245
314.07
313.902
313.738
313.58
313.426
313.276
313.131
312.989
312.851
312.716
312.585
312.456
312.33
312.206
312.085
311.966
311.849
311.733
311.62
311.508
311.397
311.288
311.18
311.073
310.967
310.863
310.759
310.656
310.554
310.453
310.353
310.254
310.156
310.059
309.964
359.757
363.619
367.483
371.285
374.97
378.496
381.827
384.936
387.795
390.38
392.667
394.628
396.236
397.463
398.277
398.65
398.559
397.992
396.96
395.506
393.72
391.72
389.622
387.511
385.443
383.45
381.546
379.736
378.018
376.387
374.839
373.366
371.963
370.622
369.339
368.108
366.923
365.782
364.679
363.612
362.577
361.57
360.591
359.635
358.701
357.788
356.894
356.016
355.154
354.306
353.471
352.648
351.836
351.034
350.241
349.457
348.681
347.912
347.15
346.394
345.645
344.902
344.164
343.433
342.706
341.986
341.271
340.561
339.857
339.158
338.465
337.778
337.097
336.422
335.753
335.09
334.434
333.785
333.143
332.508
331.881
331.261
330.65
330.046
329.452
328.866
328.29
327.723
327.165
326.618
326.081
325.555
325.04
324.535
324.042
323.56
323.09
322.632
322.185
321.75
321.327
320.916
320.517
320.13
319.755
319.391
319.039
318.699
318.37
318.052
317.744
317.448
317.162
316.885
316.619
316.362
316.115
315.876
315.646
315.424
315.209
315.003
314.803
314.611
314.425
314.245
314.071
313.902
313.739
313.581
313.427
313.278
313.132
312.991
312.853
312.718
312.587
312.458
312.332
312.209
312.088
311.969
311.852
311.736
311.623
311.511
311.4
311.291
311.183
311.076
310.971
310.866
310.762
310.659
310.558
310.457
310.356
310.257
310.159
310.062
309.966
356.267
359.664
363.084
366.479
369.802
373.017
376.087
378.982
381.674
384.138
386.347
388.277
389.902
391.196
392.137
392.702
392.878
392.66
392.06
391.111
389.871
388.415
386.819
385.15
383.458
381.78
380.136
378.542
377.003
375.522
374.099
372.731
371.416
370.151
368.932
367.756
366.619
365.518
364.451
363.414
362.405
361.422
360.462
359.523
358.604
357.703
356.819
355.95
355.096
354.255
353.426
352.608
351.8
351.002
350.213
349.432
348.658
347.892
347.132
346.378
345.63
344.889
344.152
343.422
342.696
341.976
341.262
340.553
339.849
339.151
338.458
337.771
337.09
336.415
335.746
335.083
334.427
333.778
333.135
332.5
331.872
331.253
330.641
330.037
329.442
328.857
328.28
327.713
327.155
326.608
326.071
325.545
325.029
324.525
324.032
323.55
323.08
322.622
322.175
321.741
321.318
320.907
320.509
320.122
319.747
319.384
319.032
318.692
318.364
318.046
317.739
317.443
317.157
316.881
316.616
316.359
316.112
315.874
315.644
315.422
315.208
315.002
314.803
314.611
314.425
314.246
314.072
313.904
313.741
313.583
313.429
313.28
313.135
312.994
312.856
312.722
312.59
312.462
312.336
312.213
312.091
311.973
311.856
311.74
311.627
311.515
311.404
311.295
311.187
311.081
310.975
310.87
310.767
310.664
310.562
310.461
310.361
310.261
310.163
310.066
309.97
352.867
355.865
358.894
361.919
364.906
367.819
370.628
373.303
375.819
378.148
380.267
382.151
383.778
385.126
386.175
386.91
387.32
387.403
387.169
386.641
385.857
384.864
383.714
382.456
381.132
379.775
378.41
377.055
375.72
374.413
373.139
371.9
370.695
369.525
368.389
367.284
366.209
365.163
364.142
363.147
362.173
361.221
360.288
359.373
358.475
357.592
356.723
355.866
355.023
354.191
353.37
352.559
351.757
350.965
350.18
349.403
348.633
347.869
347.112
346.36
345.615
344.875
344.14
343.411
342.686
341.967
341.254
340.545
339.842
339.144
338.451
337.765
337.084
336.408
335.739
335.076
334.42
333.77
333.128
332.492
331.864
331.244
330.632
330.028
329.433
328.846
328.269
327.702
327.144
326.597
326.06
325.533
325.018
324.513
324.02
323.538
323.068
322.61
322.164
321.73
321.307
320.897
320.499
320.112
319.738
319.375
319.024
318.685
318.357
318.039
317.733
317.438
317.152
316.877
316.612
316.356
316.109
315.872
315.642
315.421
315.208
315.002
314.804
314.612
314.426
314.247
314.074
313.906
313.743
313.586
313.433
313.284
313.139
312.998
312.86
312.726
312.595
312.467
312.341
312.218
312.097
311.978
311.861
311.746
311.633
311.521
311.41
311.301
311.193
311.087
310.981
310.876
310.773
310.67
310.568
310.467
310.367
310.267
310.169
310.071
309.975
349.564
352.213
354.898
357.591
360.267
362.896
365.453
367.91
370.245
372.432
374.449
376.275
377.888
379.271
380.406
381.281
381.887
382.223
382.294
382.115
381.711
381.112
380.353
379.469
378.493
377.453
376.371
375.267
374.154
373.042
371.938
370.848
369.774
368.719
367.683
366.667
365.67
364.692
363.733
362.79
361.864
360.953
360.056
359.173
358.303
357.444
356.596
355.758
354.93
354.111
353.301
352.499
351.706
350.92
350.141
349.369
348.603
347.844
347.09
346.342
345.599
344.861
344.128
343.4
342.678
341.96
341.247
340.539
339.836
339.139
338.447
337.76
337.079
336.404
335.734
335.071
334.414
333.764
333.121
332.485
331.857
331.236
330.623
330.019
329.423
328.836
328.259
327.691
327.133
326.585
326.047
325.521
325.005
324.5
324.007
323.526
323.056
322.598
322.152
321.718
321.296
320.886
320.488
320.102
319.728
319.366
319.016
318.677
318.349
318.033
317.727
317.432
317.148
316.873
316.609
316.353
316.107
315.87
315.642
315.421
315.208
315.003
314.805
314.614
314.429
314.25
314.077
313.91
313.748
313.59
313.438
313.289
313.145
313.004
312.867
312.733
312.602
312.473
312.348
312.225
312.104
311.985
311.869
311.754
311.64
311.529
311.418
311.309
311.201
311.095
310.989
310.885
310.781
310.678
310.576
310.475
310.375
310.275
310.177
310.079
309.982
346.368
348.71
351.089
353.486
355.878
358.244
360.561
362.808
364.962
367.003
368.911
370.667
372.251
373.649
374.845
375.829
376.592
377.132
377.452
377.56
377.471
377.205
376.784
376.234
375.578
374.838
374.035
373.185
372.302
371.397
370.48
369.556
368.631
367.708
366.791
365.88
364.977
364.083
363.198
362.323
361.456
360.598
359.748
358.907
358.073
357.247
356.427
355.615
354.808
354.008
353.214
352.425
351.642
350.866
350.095
349.33
348.57
347.816
347.066
346.322
345.582
344.847
344.117
343.391
342.67
341.954
341.242
340.535
339.833
339.136
338.444
337.758
337.077
336.401
335.732
335.068
334.411
333.76
333.117
332.48
331.851
331.229
330.615
330.01
329.414
328.826
328.248
327.68
327.121
326.573
326.035
325.508
324.992
324.487
323.994
323.512
323.042
322.585
322.139
321.705
321.283
320.874
320.477
320.091
319.718
319.357
319.007
318.669
318.342
318.026
317.721
317.427
317.143
316.87
316.606
316.351
316.106
315.87
315.642
315.422
315.21
315.006
314.808
314.617
314.433
314.255
314.083
313.916
313.754
313.597
313.445
313.297
313.152
313.012
312.875
312.741
312.611
312.483
312.358
312.235
312.114
311.996
311.879
311.764
311.651
311.539
311.429
311.32
311.212
311.106
311
310.895
310.792
310.689
310.587
310.486
310.386
310.286
310.187
310.089
309.992
343.289
345.36
347.469
349.599
351.735
353.858
355.952
357.998
359.977
361.872
363.666
365.341
366.882
368.275
369.507
370.568
371.45
372.15
372.668
373.007
373.177
373.188
373.056
372.798
372.429
371.967
371.428
370.826
370.174
369.482
368.76
368.014
367.251
366.475
365.691
364.901
364.108
363.313
362.517
361.722
360.928
360.135
359.345
358.556
357.77
356.985
356.203
355.424
354.646
353.871
353.099
352.33
351.563
350.8
350.039
349.284
348.532
347.784
347.041
346.301
345.566
344.835
344.107
343.384
342.665
341.951
341.241
340.535
339.834
339.137
338.446
337.759
337.078
336.402
335.732
335.068
334.411
333.759
333.115
332.477
331.847
331.224
330.61
330.004
329.406
328.818
328.239
327.67
327.11
326.561
326.023
325.495
324.979
324.474
323.981
323.499
323.029
322.572
322.126
321.693
321.271
320.862
320.466
320.081
319.708
319.348
318.999
318.661
318.335
318.02
317.716
317.423
317.14
316.868
316.605
316.351
316.107
315.871
315.644
315.425
315.214
315.01
314.814
314.624
314.44
314.263
314.091
313.925
313.763
313.607
313.455
313.307
313.164
313.023
312.887
312.754
312.623
312.496
312.371
312.248
312.128
312.009
311.893
311.778
311.665
311.553
311.443
311.334
311.227
311.12
311.014
310.91
310.806
310.703
310.601
310.5
310.4
310.3
310.201
310.103
310.005
340.341
342.172
344.039
345.931
347.835
349.737
351.624
353.481
355.292
357.043
358.719
360.307
361.792
363.162
364.406
365.515
366.481
367.3
367.97
368.492
368.869
369.108
369.218
369.209
369.093
368.881
368.586
368.219
367.79
367.308
366.783
366.221
365.628
365.01
364.371
363.714
363.043
362.361
361.668
360.967
360.258
359.544
358.824
358.1
357.372
356.641
355.906
355.169
354.43
353.688
352.946
352.202
351.458
350.714
349.97
349.227
348.486
347.747
347.011
346.278
345.549
344.822
344.099
343.379
342.663
341.951
341.243
340.538
339.838
339.143
338.451
337.765
337.084
336.408
335.738
335.073
334.414
333.762
333.116
332.478
331.846
331.223
330.607
330
329.401
328.812
328.232
327.661
327.101
326.552
326.012
325.484
324.968
324.462
323.969
323.487
323.017
322.56
322.114
321.681
321.26
320.852
320.456
320.072
319.7
319.34
318.992
318.655
318.33
318.016
317.714
317.421
317.14
316.868
316.606
316.353
316.11
315.875
315.649
315.431
315.221
315.018
314.822
314.633
314.45
314.274
314.103
313.937
313.776
313.62
313.469
313.322
313.179
313.039
312.903
312.77
312.64
312.512
312.388
312.265
312.145
312.027
311.911
311.796
311.683
311.572
311.462
311.353
311.245
311.139
311.033
310.929
310.825
310.722
310.62
310.519
310.418
310.319
310.219
310.121
310.023
337.536
339.154
340.806
342.484
344.179
345.88
347.577
349.256
350.908
352.519
354.077
355.571
356.989
358.321
359.556
360.686
361.705
362.607
363.389
364.049
364.588
365.009
365.317
365.517
365.618
365.625
365.549
365.397
365.178
364.898
364.566
364.187
363.767
363.311
362.825
362.31
361.772
361.212
360.634
360.039
359.428
358.804
358.167
357.52
356.861
356.194
355.517
354.833
354.141
353.443
352.739
352.029
351.315
350.597
349.876
349.153
348.428
347.702
346.977
346.252
345.53
344.809
344.091
343.376
342.664
341.954
341.249
340.546
339.848
339.153
338.463
337.777
337.095
336.419
335.748
335.083
334.423
333.77
333.123
332.483
331.851
331.226
330.609
330
329.4
328.809
328.228
327.657
327.096
326.545
326.005
325.476
324.959
324.453
323.959
323.477
323.007
322.55
322.105
321.672
321.252
320.844
320.448
320.065
319.694
319.335
318.988
318.652
318.328
318.016
317.714
317.423
317.142
316.871
316.611
316.359
316.117
315.884
315.659
315.442
315.232
315.03
314.835
314.647
314.465
314.289
314.119
313.954
313.794
313.639
313.488
313.342
313.199
313.06
312.924
312.791
312.662
312.535
312.41
312.288
312.168
312.05
311.934
311.82
311.707
311.596
311.486
311.377
311.269
311.163
311.057
310.953
310.849
310.746
310.644
310.543
310.442
310.342
310.243
310.144
310.045
334.888
336.315
337.775
339.262
340.769
342.287
343.809
345.324
346.825
348.3
349.741
351.138
352.481
353.76
354.969
356.098
357.142
358.095
358.953
359.713
360.374
360.936
361.401
361.772
362.053
362.248
362.363
362.403
362.375
362.283
362.133
361.931
361.681
361.388
361.056
360.689
360.289
359.86
359.405
358.924
358.422
357.898
357.356
356.795
356.218
355.625
355.018
354.397
353.763
353.118
352.462
351.796
351.12
350.437
349.746
349.049
348.347
347.641
346.932
346.22
345.507
344.795
344.084
343.375
342.667
341.962
341.259
340.559
339.862
339.169
338.48
337.795
337.114
336.437
335.766
335.1
334.439
333.785
333.137
332.496
331.861
331.235
330.616
330.006
329.405
328.812
328.23
327.657
327.095
326.543
326.002
325.472
324.954
324.448
323.953
323.471
323.001
322.544
322.099
321.667
321.247
320.84
320.445
320.062
319.692
319.334
318.988
318.654
318.331
318.019
317.719
317.429
317.149
316.88
316.621
316.371
316.13
315.897
315.673
315.458
315.249
315.048
314.855
314.667
314.486
314.311
314.142
313.978
313.818
313.664
313.514
313.368
313.226
313.087
312.952
312.819
312.69
312.564
312.439
312.318
312.198
312.08
311.964
311.85
311.737
311.626
311.516
311.408
311.3
311.193
311.088
310.983
310.88
310.777
310.675
310.573
310.472
310.372
310.273
310.173
310.075
332.408
333.665
334.954
336.269
337.606
338.959
340.32
341.684
343.043
344.389
345.714
347.011
348.272
349.49
350.656
351.765
352.811
353.787
354.69
355.516
356.264
356.93
357.516
358.021
358.448
358.799
359.075
359.282
359.422
359.499
359.518
359.481
359.393
359.258
359.078
358.857
358.598
358.304
357.976
357.618
357.23
356.816
356.376
355.912
355.426
354.918
354.39
353.842
353.277
352.695
352.097
351.483
350.856
350.217
349.565
348.903
348.232
347.552
346.865
346.173
345.477
344.777
344.075
343.373
342.672
341.972
341.274
340.577
339.883
339.192
338.504
337.82
337.139
336.463
335.791
335.125
334.463
333.808
333.159
332.516
331.88
331.252
330.632
330.02
329.417
328.823
328.238
327.664
327.1
326.547
326.005
325.475
324.956
324.449
323.954
323.472
323.002
322.544
322.099
321.667
321.248
320.841
320.447
320.066
319.697
319.34
318.995
318.661
318.34
318.03
317.73
317.442
317.164
316.896
316.638
316.389
316.149
315.918
315.696
315.481
315.274
315.074
314.881
314.695
314.515
314.341
314.173
314.009
313.851
313.697
313.548
313.402
313.261
313.122
312.988
312.856
312.727
312.601
312.477
312.355
312.236
312.119
312.003
311.889
311.776
311.665
311.555
311.447
311.339
311.233
311.127
311.022
310.919
310.816
310.713
310.612
310.511
310.41
310.311
310.211
310.112
330.108
331.214
332.349
333.51
334.694
335.896
337.112
338.335
339.561
340.783
341.996
343.193
344.369
345.516
346.629
347.701
348.729
349.706
350.628
351.492
352.294
353.032
353.705
354.312
354.852
355.326
355.735
356.081
356.365
356.59
356.758
356.871
356.933
356.945
356.911
356.832
356.711
356.551
356.353
356.119
355.851
355.551
355.221
354.861
354.473
354.058
353.618
353.154
352.666
352.157
351.626
351.076
350.506
349.92
349.317
348.698
348.066
347.421
346.766
346.1
345.426
344.746
344.06
343.37
342.677
341.984
341.292
340.6
339.91
339.222
338.536
337.853
337.174
336.498
335.826
335.159
334.497
333.841
333.19
332.546
331.909
331.279
330.657
330.043
329.438
328.843
328.257
327.681
327.115
326.561
326.018
325.486
324.966
324.459
323.963
323.481
323.01
322.553
322.109
321.677
321.258
320.852
320.459
320.078
319.71
319.354
319.01
318.678
318.358
318.049
317.751
317.464
317.187
316.921
316.664
316.417
316.179
315.949
315.728
315.514
315.308
315.11
314.918
314.733
314.554
314.381
314.213
314.051
313.893
313.74
313.592
313.447
313.306
313.168
313.034
312.903
312.774
312.648
312.525
312.404
312.284
312.167
312.052
311.938
311.825
311.714
311.604
311.496
311.388
311.282
311.176
311.071
310.967
310.864
310.762
310.66
310.559
310.458
310.358
310.258
310.159
327.998
328.969
329.967
330.99
332.036
333.102
334.183
335.277
336.379
337.484
338.588
339.686
340.774
341.845
342.895
343.919
344.913
345.871
346.791
347.667
348.498
349.28
350.01
350.687
351.311
351.879
352.392
352.849
353.252
353.602
353.898
354.143
354.338
354.485
354.584
354.639
354.65
354.619
354.548
354.437
354.29
354.106
353.888
353.636
353.352
353.037
352.692
352.319
351.917
351.488
351.034
350.556
350.054
349.529
348.984
348.418
347.835
347.234
346.617
345.987
345.344
344.689
344.026
343.355
342.678
341.996
341.311
340.626
339.942
339.258
338.575
337.895
337.217
336.543
335.872
335.205
334.542
333.885
333.234
332.588
331.95
331.318
330.694
330.079
329.472
328.875
328.287
327.709
327.143
326.587
326.042
325.51
324.989
324.48
323.985
323.501
323.031
322.574
322.129
321.698
321.28
320.874
320.482
320.102
319.735
319.38
319.037
318.707
318.388
318.08
317.784
317.498
317.223
316.958
316.703
316.457
316.22
315.992
315.772
315.56
315.355
315.158
314.968
314.784
314.606
314.433
314.267
314.105
313.948
313.796
313.648
313.504
313.364
313.227
313.093
312.962
312.834
312.708
312.585
312.464
312.345
312.228
312.113
311.999
311.887
311.775
311.666
311.557
311.449
311.343
311.237
311.132
311.028
310.925
310.822
310.72
310.619
310.518
310.417
310.317
310.217
326.088
326.937
327.812
328.712
329.634
330.576
331.535
332.51
333.496
334.491
335.491
336.492
337.49
338.481
339.462
340.429
341.376
342.301
343.2
344.07
344.906
345.706
346.469
347.19
347.869
348.503
349.093
349.636
350.132
350.582
350.984
351.34
351.65
351.914
352.134
352.309
352.442
352.532
352.581
352.59
352.559
352.491
352.385
352.243
352.065
351.853
351.608
351.33
351.02
350.68
350.309
349.91
349.483
349.03
348.551
348.048
347.521
346.973
346.405
345.818
345.214
344.595
343.962
343.317
342.662
341.999
341.329
340.654
339.977
339.299
338.622
337.945
337.27
336.598
335.928
335.262
334.6
333.943
333.291
332.645
332.005
331.372
330.747
330.13
329.521
328.922
328.333
327.754
327.185
326.628
326.082
325.548
325.027
324.518
324.021
323.538
323.067
322.61
322.165
321.734
321.316
320.912
320.52
320.141
319.775
319.421
319.08
318.751
318.433
318.127
317.832
317.548
317.274
317.011
316.757
316.513
316.277
316.05
315.832
315.621
315.418
315.222
315.032
314.849
314.673
314.501
314.336
314.175
314.019
313.867
313.72
313.577
313.437
313.3
313.167
313.037
312.909
312.784
312.661
312.54
312.421
312.304
312.189
312.075
311.963
311.852
311.742
311.633
311.525
311.419
311.313
311.208
311.103
311
310.897
310.794
310.692
310.591
310.49
310.39
310.29
324.383
325.125
325.89
326.679
327.489
328.319
329.167
330.032
330.912
331.803
332.703
333.61
334.52
335.43
336.338
337.24
338.132
339.012
339.876
340.722
341.545
342.344
343.116
343.858
344.568
345.244
345.885
346.488
347.053
347.579
348.065
348.511
348.915
349.278
349.6
349.882
350.122
350.321
350.481
350.6
350.681
350.722
350.725
350.691
350.619
350.511
350.366
350.187
349.973
349.725
349.443
349.13
348.785
348.409
348.004
347.571
347.11
346.624
346.113
345.578
345.022
344.447
343.852
343.242
342.617
341.98
341.332
340.675
340.012
339.344
338.674
338.003
337.333
336.664
335.997
335.333
334.672
334.016
333.364
332.717
332.077
331.443
330.817
330.198
329.589
328.988
328.397
327.817
327.247
326.688
326.141
325.606
325.084
324.574
324.077
323.593
323.122
322.665
322.221
321.79
321.373
320.969
320.578
320.2
319.835
319.482
319.142
318.814
318.498
318.193
317.9
317.617
317.345
317.083
316.83
316.587
316.353
316.128
315.91
315.701
315.499
315.304
315.116
314.934
314.758
314.588
314.423
314.263
314.108
313.957
313.811
313.668
313.528
313.392
313.259
313.129
313.002
312.877
312.754
312.634
312.515
312.398
312.283
312.169
312.057
311.945
311.835
311.726
311.619
311.512
311.405
311.3
311.195
311.091
310.988
310.885
310.783
310.681
310.58
310.479
310.379
322.89
323.535
324.203
324.892
325.601
326.331
327.078
327.843
328.623
329.417
330.224
331.04
331.864
332.693
333.526
334.359
335.19
336.016
336.835
337.643
338.439
339.22
339.983
340.725
341.446
342.141
342.811
343.451
344.062
344.642
345.189
345.702
346.18
346.623
347.029
347.398
347.731
348.026
348.283
348.502
348.683
348.826
348.931
348.999
349.029
349.021
348.977
348.896
348.778
348.624
348.435
348.21
347.952
347.66
347.335
346.978
346.59
346.172
345.726
345.253
344.753
344.229
343.683
343.116
342.529
341.926
341.308
340.677
340.035
339.384
338.727
338.066
337.403
336.739
336.077
335.417
334.759
334.104
333.454
332.808
332.168
331.534
330.907
330.288
329.677
329.076
328.484
327.902
327.331
326.772
326.224
325.688
325.165
324.654
324.157
323.673
323.202
322.744
322.3
321.87
321.453
321.05
320.66
320.282
319.918
319.567
319.228
318.901
318.586
318.283
317.991
317.709
317.439
317.178
316.927
316.685
316.452
316.228
316.012
315.804
315.603
315.41
315.222
315.042
314.867
314.697
314.533
314.374
314.22
314.069
313.923
313.781
313.642
313.506
313.374
313.244
313.117
312.992
312.869
312.749
312.63
312.513
312.398
312.284
312.171
312.06
311.95
311.841
311.732
311.625
311.518
311.413
311.308
311.203
311.099
310.996
310.893
310.791
310.689
310.588
310.486
321.61
322.17
322.751
323.351
323.971
324.609
325.265
325.938
326.628
327.332
328.05
328.78
329.521
330.271
331.028
331.791
332.556
333.323
334.088
334.851
335.608
336.357
337.096
337.823
338.536
339.232
339.91
340.568
341.204
341.816
342.402
342.962
343.493
343.995
344.466
344.906
345.313
345.687
346.026
346.331
346.601
346.834
347.032
347.193
347.318
347.406
347.456
347.47
347.446
347.386
347.288
347.155
346.984
346.779
346.537
346.262
345.952
345.609
345.234
344.828
344.393
343.929
343.438
342.922
342.383
341.823
341.243
340.645
340.033
339.407
338.771
338.127
337.477
336.822
336.167
335.513
334.859
334.208
333.561
332.917
332.279
331.646
331.02
330.401
329.791
329.189
328.596
328.014
327.443
326.882
326.334
325.798
325.274
324.763
324.265
323.781
323.31
322.852
322.409
321.979
321.562
321.16
320.77
320.394
320.031
319.68
319.343
319.017
318.703
318.401
318.11
317.83
317.561
317.301
317.051
316.811
316.58
316.357
316.142
315.935
315.735
315.542
315.356
315.176
315.002
314.833
314.67
314.511
314.357
314.208
314.062
313.92
313.781
313.646
313.514
313.384
313.257
313.132
313.01
312.889
312.77
312.653
312.538
312.423
312.311
312.199
312.088
311.979
311.87
311.762
311.655
311.549
311.443
311.338
311.234
311.13
311.026
310.923
310.821
310.719
310.617
320.545
321.03
321.533
322.054
322.593
323.15
323.724
324.314
324.92
325.542
326.178
326.828
327.49
328.163
328.846
329.538
330.236
330.94
331.647
332.357
333.066
333.774
334.478
335.176
335.867
336.549
337.219
337.876
338.518
339.144
339.75
340.337
340.902
341.444
341.961
342.452
342.915
343.35
343.756
344.131
344.474
344.785
345.063
345.307
345.516
345.69
345.828
345.93
345.996
346.025
346.017
345.971
345.889
345.77
345.614
345.421
345.193
344.929
344.63
344.297
343.932
343.534
343.106
342.65
342.165
341.656
341.122
340.567
339.992
339.4
338.793
338.173
337.544
336.907
336.264
335.618
334.972
334.328
333.685
333.046
332.411
331.781
331.157
330.54
329.93
329.329
328.737
328.156
327.584
327.024
326.475
325.939
325.415
324.904
324.407
323.922
323.452
322.995
322.551
322.122
321.706
321.304
320.915
320.54
320.178
319.828
319.491
319.167
318.854
318.553
318.263
317.984
317.716
317.458
317.209
316.97
316.739
316.517
316.304
316.097
315.899
315.707
315.521
315.342
315.168
315
314.838
314.68
314.526
314.377
314.231
314.09
313.951
313.816
313.684
313.554
313.427
313.302
313.18
313.059
312.94
312.822
312.707
312.592
312.479
312.367
312.256
312.146
312.036
311.928
311.82
311.713
311.607
311.501
311.396
311.291
311.187
311.083
310.979
310.876
310.774
319.693
320.112
320.547
320.998
321.465
321.949
322.449
322.964
323.495
324.041
324.602
325.176
325.764
326.364
326.976
327.598
328.23
328.87
329.516
330.169
330.826
331.485
332.145
332.806
333.464
334.118
334.767
335.408
336.041
336.663
337.273
337.869
338.45
339.013
339.557
340.082
340.584
341.063
341.518
341.946
342.348
342.721
343.065
343.378
343.659
343.908
344.124
344.306
344.453
344.564
344.639
344.678
344.68
344.644
344.572
344.462
344.316
344.132
343.912
343.655
343.364
343.038
342.678
342.287
341.864
341.412
340.933
340.428
339.899
339.348
338.778
338.192
337.591
336.978
336.356
335.728
335.094
334.459
333.825
333.193
332.564
331.939
331.319
330.705
330.098
329.5
328.91
328.329
327.759
327.2
326.652
326.117
325.594
325.083
324.586
324.102
323.632
323.176
322.733
322.304
321.889
321.488
321.1
320.725
320.364
320.016
319.68
319.356
319.044
318.744
318.456
318.178
317.91
317.653
317.405
317.167
316.938
316.716
316.503
316.298
316.1
315.908
315.724
315.545
315.372
315.204
315.042
314.884
314.731
314.582
314.437
314.295
314.157
314.021
313.889
313.759
313.632
313.507
313.384
313.263
313.143
313.026
312.909
312.794
312.68
312.568
312.456
312.345
312.235
312.126
312.018
311.91
311.803
311.696
311.59
311.484
311.378
311.273
311.169
311.065
310.961
319.05
319.411
319.786
320.175
320.58
320.999
321.433
321.881
322.344
322.822
323.313
323.819
324.338
324.869
325.413
325.969
326.535
327.112
327.697
328.291
328.892
329.499
330.11
330.725
331.342
331.96
332.576
333.191
333.802
334.408
335.006
335.596
336.177
336.745
337.3
337.841
338.365
338.871
339.357
339.823
340.266
340.686
341.08
341.448
341.788
342.099
342.38
342.63
342.848
343.032
343.182
343.297
343.377
343.421
343.428
343.398
343.331
343.226
343.084
342.905
342.689
342.437
342.15
341.828
341.472
341.084
340.664
340.216
339.74
339.239
338.715
338.169
337.605
337.025
336.432
335.828
335.215
334.598
333.976
333.354
332.734
332.117
331.504
330.897
330.295
329.701
329.115
328.538
327.97
327.413
326.868
326.334
325.813
325.304
324.808
324.325
323.856
323.401
322.959
322.531
322.117
321.717
321.33
320.956
320.596
320.249
319.914
319.591
319.28
318.981
318.693
318.416
318.15
317.893
317.646
317.409
317.18
316.959
316.747
316.542
316.345
316.154
315.969
315.791
315.618
315.451
315.289
315.131
314.978
314.829
314.683
314.542
314.403
314.268
314.135
314.005
313.877
313.752
313.628
313.507
313.387
313.268
313.151
313.036
312.921
312.808
312.695
312.583
312.472
312.362
312.253
312.144
312.035
311.928
311.82
311.713
311.606
311.5
311.394
311.289
311.184
318.612
318.922
319.245
319.58
319.929
320.291
320.666
321.055
321.457
321.873
322.303
322.745
323.201
323.669
324.15
324.642
325.146
325.662
326.187
326.722
327.267
327.819
328.378
328.944
329.514
330.089
330.666
331.245
331.824
332.402
332.978
333.55
334.116
334.676
335.228
335.769
336.299
336.816
337.319
337.806
338.275
338.725
339.154
339.562
339.945
340.304
340.637
340.942
341.218
341.463
341.678
341.86
342.009
342.124
342.203
342.247
342.255
342.226
342.159
342.056
341.915
341.737
341.522
341.272
340.985
340.664
340.31
339.924
339.507
339.062
338.59
338.093
337.573
337.034
336.477
335.906
335.322
334.729
334.13
333.526
332.919
332.314
331.711
331.113
330.519
329.932
329.352
328.781
328.218
327.666
327.124
326.594
326.075
325.569
325.075
324.595
324.128
323.674
323.235
322.808
322.396
321.997
321.611
321.239
320.879
320.533
320.199
319.877
319.568
319.269
318.982
318.706
318.44
318.185
317.938
317.701
317.473
317.253
317.041
316.837
316.639
316.449
316.264
316.086
315.913
315.746
315.584
315.426
315.273
315.123
314.978
314.836
314.697
314.561
314.428
314.297
314.169
314.043
313.919
313.797
313.676
313.557
313.439
313.322
313.207
313.092
312.978
312.866
312.754
312.642
312.531
312.421
312.312
312.202
312.093
311.985
311.877
311.769
311.662
311.554
311.448
318.372
318.638
318.915
319.203
319.503
319.815
320.139
320.475
320.824
321.185
321.558
321.944
322.342
322.752
323.175
323.609
324.055
324.512
324.98
325.458
325.947
326.444
326.951
327.465
327.986
328.514
329.047
329.584
330.124
330.667
331.211
331.755
332.297
332.836
333.372
333.901
334.424
334.938
335.443
335.935
336.415
336.881
337.33
337.762
338.174
338.566
338.936
339.282
339.603
339.897
340.164
340.401
340.608
340.784
340.927
341.036
341.111
341.151
341.155
341.122
341.053
340.946
340.803
340.624
340.407
340.155
339.869
339.548
339.194
338.809
338.395
337.952
337.484
336.993
336.48
335.949
335.402
334.842
334.272
333.693
333.11
332.523
331.935
331.35
330.768
330.192
329.621
329.058
328.503
327.958
327.422
326.897
326.383
325.881
325.392
324.915
324.451
324
323.563
323.139
322.729
322.332
321.948
321.577
321.22
320.875
320.542
320.221
319.913
319.616
319.329
319.054
318.789
318.534
318.288
318.052
317.824
317.604
317.392
317.188
316.991
316.8
316.616
316.438
316.265
316.097
315.935
315.777
315.623
315.473
315.327
315.185
315.045
314.909
314.775
314.643
314.514
314.387
314.262
314.139
314.017
313.897
313.778
313.66
313.544
313.428
313.313
313.199
313.085
312.973
312.86
312.749
312.637
312.526
312.416
312.306
312.196
312.086
311.977
311.868
311.759
318.322
318.549
318.787
319.034
319.292
319.561
319.84
320.13
320.431
320.744
321.067
321.402
321.749
322.107
322.476
322.857
323.249
323.652
324.066
324.491
324.925
325.37
325.824
326.287
326.758
327.237
327.723
328.215
328.712
329.214
329.72
330.228
330.738
331.248
331.758
332.265
332.769
333.269
333.762
334.248
334.726
335.192
335.647
336.089
336.516
336.926
337.319
337.692
338.044
338.373
338.678
338.958
339.211
339.436
339.631
339.796
339.928
340.028
340.094
340.126
340.122
340.082
340.007
339.895
339.747
339.563
339.343
339.088
338.8
338.478
338.125
337.742
337.33
336.892
336.431
335.947
335.444
334.924
334.39
333.845
333.291
332.731
332.167
331.602
331.036
330.475
329.918
329.367
328.823
328.287
327.76
327.244
326.737
326.242
325.758
325.287
324.828
324.382
323.949
323.528
323.121
322.727
322.346
321.978
321.622
321.279
320.948
320.629
320.322
320.026
319.741
319.467
319.202
318.948
318.703
318.467
318.239
318.02
317.808
317.604
317.406
317.216
317.031
316.853
316.68
316.512
316.349
316.19
316.036
315.886
315.739
315.595
315.455
315.318
315.183
315.051
314.921
314.793
314.666
314.542
314.419
314.298
314.177
314.058
313.94
313.823
313.706
313.591
313.476
313.361
313.247
313.134
313.02
312.908
312.795
312.683
312.571
312.459
312.348
312.236
312.125
318.453
318.648
318.852
319.064
319.286
319.516
319.757
320.007
320.266
320.536
320.816
321.107
321.408
321.719
322.041
322.373
322.716
323.07
323.434
323.808
324.192
324.586
324.99
325.403
325.825
326.255
326.693
327.138
327.591
328.049
328.513
328.981
329.453
329.927
330.404
330.881
331.358
331.833
332.305
332.774
333.237
333.693
334.142
334.581
335.009
335.424
335.826
336.212
336.581
336.931
337.261
337.57
337.856
338.117
338.352
338.56
338.739
338.889
339.007
339.093
339.147
339.167
339.152
339.102
339.018
338.898
338.743
338.553
338.329
338.071
337.781
337.459
337.107
336.727
336.32
335.889
335.436
334.963
334.473
333.969
333.452
332.926
332.392
331.855
331.315
330.775
330.237
329.702
329.173
328.651
328.137
327.632
327.136
326.65
326.176
325.712
325.26
324.821
324.393
323.978
323.576
323.186
322.809
322.444
322.092
321.752
321.423
321.107
320.801
320.507
320.224
319.95
319.687
319.434
319.189
318.954
318.726
318.507
318.296
318.092
317.894
317.704
317.519
317.34
317.166
316.998
316.834
316.675
316.52
316.369
316.221
316.077
315.935
315.797
315.661
315.528
315.396
315.267
315.139
315.014
314.889
314.766
314.644
314.523
314.404
314.285
314.166
314.049
313.932
313.815
313.699
313.584
313.469
313.354
313.239
313.124
313.01
312.896
312.782
312.668
312.554
318.757
318.924
319.099
319.282
319.472
319.671
319.877
320.093
320.317
320.55
320.792
321.043
321.303
321.573
321.853
322.142
322.441
322.75
323.068
323.396
323.734
324.081
324.437
324.803
325.177
325.56
325.952
326.351
326.758
327.171
327.591
328.016
328.447
328.882
329.321
329.762
330.205
330.648
331.092
331.534
331.974
332.41
332.841
333.266
333.684
334.092
334.49
334.877
335.25
335.608
335.95
336.275
336.58
336.864
337.126
337.365
337.578
337.766
337.925
338.056
338.156
338.226
338.264
338.269
338.241
338.179
338.084
337.955
337.792
337.596
337.367
337.107
336.816
336.495
336.146
335.772
335.373
334.952
334.512
334.054
333.581
333.095
332.6
332.097
331.589
331.079
330.567
330.057
329.549
329.045
328.548
328.058
327.577
327.104
326.641
326.189
325.747
325.317
324.898
324.49
324.095
323.711
323.34
322.98
322.633
322.296
321.972
321.658
321.356
321.064
320.783
320.512
320.25
319.998
319.754
319.52
319.293
319.075
318.864
318.66
318.462
318.271
318.086
317.907
317.733
317.564
317.399
317.239
317.083
316.931
316.782
316.637
316.494
316.355
316.217
316.083
315.95
315.819
315.69
315.562
315.436
315.311
315.188
315.065
314.943
314.822
314.702
314.582
314.463
314.345
314.226
314.108
313.991
313.873
313.756
313.639
313.522
313.405
313.288
313.171
313.054
319.225
319.369
319.52
319.677
319.841
320.012
320.19
320.376
320.569
320.77
320.979
321.196
321.421
321.655
321.898
322.149
322.408
322.677
322.954
323.241
323.536
323.84
324.153
324.474
324.804
325.143
325.489
325.843
326.205
326.574
326.95
327.332
327.72
328.113
328.511
328.913
329.317
329.725
330.134
330.543
330.953
331.361
331.766
332.168
332.565
332.957
333.341
333.716
334.082
334.436
334.778
335.106
335.418
335.712
335.989
336.245
336.481
336.693
336.881
337.044
337.181
337.29
337.37
337.42
337.44
337.429
337.386
337.311
337.204
337.065
336.895
336.693
336.461
336.2
335.91
335.593
335.251
334.886
334.499
334.092
333.669
333.23
332.779
332.318
331.848
331.374
330.895
330.415
329.936
329.459
328.985
328.517
328.054
327.599
327.152
326.714
326.286
325.868
325.461
325.064
324.678
324.304
323.94
323.588
323.246
322.916
322.597
322.288
321.99
321.702
321.424
321.156
320.896
320.646
320.405
320.172
319.946
319.729
319.518
319.315
319.118
318.927
318.741
318.562
318.387
318.218
318.053
317.892
317.735
317.581
317.431
317.285
317.141
317
316.861
316.724
316.59
316.457
316.326
316.197
316.069
315.942
315.817
315.692
315.568
315.445
315.322
315.2
315.079
314.957
314.836
314.716
314.595
314.475
314.355
314.235
314.115
313.995
313.875
313.755
313.635
319.85
319.975
320.105
320.24
320.382
320.529
320.683
320.844
321.011
321.184
321.365
321.553
321.748
321.95
322.16
322.377
322.602
322.836
323.076
323.325
323.582
323.847
324.12
324.401
324.69
324.986
325.291
325.602
325.921
326.247
326.58
326.919
327.264
327.615
327.971
328.332
328.696
329.064
329.435
329.807
330.181
330.556
330.929
331.301
331.671
332.037
332.398
332.753
333.101
333.441
333.772
334.091
334.398
334.692
334.97
335.233
335.477
335.703
335.908
336.091
336.251
336.388
336.499
336.583
336.641
336.67
336.671
336.643
336.585
336.497
336.379
336.231
336.055
335.849
335.617
335.357
335.072
334.763
334.431
334.079
333.708
333.321
332.919
332.505
332.081
331.648
331.21
330.767
330.323
329.878
329.434
328.994
328.557
328.126
327.701
327.283
326.873
326.471
326.079
325.696
325.324
324.961
324.608
324.266
323.934
323.612
323.3
322.998
322.706
322.423
322.15
321.886
321.631
321.384
321.145
320.914
320.691
320.475
320.266
320.063
319.867
319.676
319.491
319.312
319.137
318.967
318.801
318.64
318.482
318.327
318.176
318.028
317.883
317.74
317.6
317.462
317.325
317.191
317.058
316.927
316.796
316.668
316.54
316.412
316.286
316.16
316.035
315.911
315.786
315.662
315.539
315.415
315.291
315.168
315.045
314.921
314.798
314.674
314.551
314.427
314.304
320.623
320.731
320.844
320.962
321.084
321.212
321.346
321.485
321.629
321.78
321.936
322.098
322.267
322.442
322.623
322.812
323.007
323.208
323.417
323.633
323.855
324.085
324.322
324.566
324.817
325.075
325.34
325.612
325.891
326.176
326.467
326.765
327.069
327.378
327.692
328.011
328.334
328.661
328.991
329.325
329.66
329.996
330.334
330.671
331.007
331.341
331.673
332
332.323
332.64
332.95
333.252
333.544
333.826
334.096
334.353
334.595
334.822
335.032
335.224
335.397
335.549
335.68
335.787
335.872
335.931
335.966
335.974
335.955
335.91
335.837
335.737
335.61
335.457
335.277
335.071
334.841
334.587
334.311
334.014
333.698
333.364
333.015
332.652
332.277
331.892
331.499
331.1
330.696
330.29
329.883
329.477
329.072
328.671
328.273
327.881
327.495
327.116
326.745
326.381
326.026
325.679
325.341
325.012
324.692
324.381
324.079
323.787
323.503
323.228
322.962
322.704
322.454
322.212
321.978
321.751
321.531
321.317
321.11
320.91
320.715
320.525
320.341
320.162
319.988
319.817
319.651
319.489
319.331
319.175
319.023
318.874
318.727
318.583
318.441
318.301
318.163
318.027
317.892
317.758
317.626
317.494
317.364
317.234
317.105
316.977
316.849
316.722
316.595
316.468
316.341
316.214
316.087
315.96
315.833
315.706
315.579
315.451
315.324
315.196
315.069
321.535
321.629
321.728
321.831
321.938
322.049
322.165
322.286
322.411
322.542
322.677
322.818
322.964
323.115
323.272
323.435
323.603
323.777
323.957
324.144
324.336
324.534
324.738
324.949
325.166
325.389
325.618
325.853
326.094
326.341
326.593
326.851
327.115
327.383
327.657
327.935
328.217
328.503
328.792
329.085
329.38
329.677
329.975
330.274
330.573
330.871
331.168
331.462
331.754
332.041
332.323
332.6
332.869
333.13
333.382
333.624
333.855
334.073
334.277
334.467
334.641
334.798
334.937
335.057
335.157
335.236
335.293
335.328
335.339
335.327
335.291
335.231
335.146
335.037
334.904
334.747
334.568
334.366
334.143
333.899
333.637
333.358
333.062
332.752
332.43
332.096
331.753
331.402
331.044
330.683
330.318
329.952
329.585
329.22
328.856
328.496
328.14
327.789
327.443
327.104
326.771
326.445
326.126
325.815
325.512
325.216
324.929
324.649
324.377
324.113
323.856
323.606
323.364
323.129
322.901
322.68
322.464
322.255
322.052
321.854
321.662
321.475
321.293
321.115
320.941
320.772
320.606
320.444
320.285
320.129
319.976
319.826
319.678
319.532
319.389
319.247
319.107
318.969
318.832
318.696
318.561
318.428
318.295
318.163
318.031
317.9
317.769
317.638
317.508
317.378
317.248
317.117
316.987
316.856
316.725
316.594
316.463
316.331
316.199
316.067
315.935
322.574
322.657
322.744
322.834
322.928
323.025
323.127
323.232
323.341
323.454
323.572
323.694
323.82
323.951
324.086
324.226
324.371
324.521
324.676
324.836
325.001
325.171
325.346
325.526
325.712
325.902
326.098
326.299
326.505
326.717
326.933
327.153
327.379
327.609
327.843
328.081
328.324
328.569
328.818
329.07
329.324
329.58
329.838
330.097
330.357
330.616
330.875
331.133
331.388
331.641
331.891
332.136
332.376
332.61
332.837
333.056
333.267
333.468
333.658
333.836
334.001
334.153
334.291
334.413
334.518
334.606
334.676
334.727
334.758
334.77
334.761
334.731
334.68
334.608
334.514
334.4
334.265
334.11
333.936
333.743
333.532
333.305
333.062
332.805
332.535
332.254
331.963
331.663
331.355
331.042
330.725
330.404
330.081
329.757
329.433
329.111
328.79
328.473
328.159
327.849
327.544
327.244
326.95
326.662
326.38
326.104
325.834
325.571
325.315
325.064
324.821
324.583
324.352
324.127
323.907
323.694
323.486
323.283
323.085
322.892
322.704
322.521
322.341
322.166
321.994
321.827
321.662
321.501
321.342
321.186
321.033
320.882
320.734
320.587
320.443
320.3
320.158
320.018
319.879
319.741
319.604
319.468
319.333
319.198
319.063
318.929
318.796
318.662
318.528
318.395
318.261
318.127
317.993
317.858
317.723
317.588
317.451
317.315
317.177
317.039
316.9
323.724
323.798
323.874
323.954
324.036
324.122
324.21
324.302
324.397
324.495
324.597
324.702
324.811
324.924
325.04
325.16
325.285
325.413
325.545
325.681
325.821
325.965
326.114
326.267
326.424
326.585
326.751
326.921
327.094
327.272
327.454
327.64
327.83
328.023
328.22
328.42
328.624
328.831
329.04
329.252
329.466
329.682
329.899
330.118
330.337
330.557
330.776
330.995
331.212
331.428
331.641
331.851
332.058
332.26
332.457
332.648
332.832
333.009
333.177
333.337
333.486
333.625
333.752
333.867
333.969
334.057
334.13
334.188
334.23
334.256
334.265
334.256
334.23
334.187
334.125
334.045
333.948
333.833
333.702
333.554
333.39
333.211
333.018
332.812
332.593
332.364
332.124
331.876
331.62
331.357
331.089
330.817
330.541
330.263
329.984
329.704
329.425
329.146
328.869
328.595
328.323
328.055
327.79
327.53
327.274
327.023
326.776
326.534
326.297
326.065
325.838
325.616
325.399
325.187
324.98
324.777
324.579
324.385
324.195
324.01
323.828
323.65
323.475
323.304
323.136
322.971
322.809
322.65
322.493
322.338
322.186
322.035
321.887
321.74
321.594
321.45
321.308
321.166
321.025
320.886
320.747
320.608
320.471
320.333
320.196
320.06
319.923
319.786
319.649
319.512
319.375
319.238
319.1
318.961
318.822
318.681
318.54
318.398
318.254
318.11
317.963
324.958
325.024
325.092
325.162
325.234
325.309
325.386
325.466
325.549
325.634
325.721
325.812
325.905
326.002
326.101
326.203
326.309
326.417
326.528
326.643
326.761
326.882
327.006
327.134
327.265
327.399
327.536
327.676
327.82
327.967
328.117
328.27
328.426
328.585
328.747
328.911
329.078
329.247
329.418
329.591
329.767
329.943
330.121
330.3
330.479
330.659
330.839
331.019
331.197
331.375
331.551
331.724
331.895
332.063
332.226
332.385
332.54
332.688
332.83
332.966
333.094
333.213
333.324
333.425
333.517
333.597
333.666
333.723
333.768
333.8
333.818
333.822
333.813
333.789
333.751
333.698
333.631
333.549
333.453
333.343
333.22
333.084
332.936
332.777
332.606
332.425
332.235
332.037
331.832
331.619
331.401
331.178
330.951
330.721
330.489
330.254
330.019
329.783
329.548
329.313
329.079
328.847
328.617
328.389
328.164
327.942
327.722
327.506
327.294
327.084
326.879
326.676
326.477
326.282
326.09
325.902
325.716
325.535
325.356
325.18
325.007
324.837
324.67
324.505
324.342
324.182
324.024
323.869
323.715
323.562
323.412
323.263
323.115
322.969
322.824
322.68
322.537
322.394
322.253
322.112
321.971
321.831
321.691
321.552
321.412
321.273
321.134
320.994
320.854
320.714
320.574
320.433
320.291
320.148
320.005
319.86
319.714
319.566
319.417
319.265
319.11
326.234
326.292
326.352
326.413
326.477
326.542
326.609
326.678
326.749
326.822
326.897
326.974
327.053
327.135
327.218
327.304
327.392
327.482
327.575
327.67
327.767
327.867
327.969
328.073
328.18
328.289
328.4
328.514
328.63
328.748
328.869
328.992
329.116
329.243
329.372
329.503
329.635
329.77
329.905
330.042
330.181
330.32
330.46
330.601
330.743
330.884
331.026
331.167
331.307
331.447
331.585
331.722
331.856
331.989
332.118
332.244
332.367
332.485
332.599
332.708
332.811
332.909
332.999
333.083
333.158
333.226
333.286
333.336
333.377
333.408
333.429
333.439
333.439
333.428
333.405
333.372
333.327
333.271
333.203
333.125
333.036
332.936
332.827
332.708
332.579
332.443
332.298
332.146
331.987
331.822
331.652
331.477
331.297
331.114
330.929
330.74
330.55
330.358
330.166
329.973
329.779
329.586
329.393
329.201
329.011
328.821
328.633
328.447
328.262
328.079
327.898
327.719
327.542
327.367
327.194
327.024
326.855
326.688
326.523
326.36
326.199
326.04
325.882
325.726
325.572
325.419
325.267
325.117
324.968
324.82
324.673
324.527
324.381
324.237
324.093
323.95
323.808
323.666
323.524
323.382
323.241
323.1
322.959
322.818
322.677
322.535
322.394
322.252
322.109
321.966
321.823
321.679
321.534
321.387
321.24
321.091
320.941
320.788
320.633
320.474
320.311
327.488
327.539
327.591
327.645
327.699
327.756
327.813
327.872
327.932
327.994
328.057
328.122
328.188
328.255
328.324
328.395
328.467
328.541
328.616
328.693
328.772
328.852
328.933
329.016
329.101
329.188
329.276
329.365
329.456
329.548
329.642
329.738
329.834
329.932
330.031
330.132
330.233
330.336
330.439
330.543
330.648
330.754
330.86
330.966
331.072
331.179
331.285
331.39
331.496
331.6
331.703
331.805
331.906
332.004
332.101
332.195
332.287
332.375
332.461
332.542
332.62
332.693
332.762
332.826
332.884
332.937
332.983
333.023
333.056
333.083
333.101
333.113
333.116
333.111
333.099
333.078
333.048
333.011
332.965
332.911
332.848
332.778
332.7
332.615
332.522
332.423
332.317
332.205
332.088
331.965
331.838
331.706
331.571
331.431
331.289
331.144
330.997
330.848
330.697
330.544
330.391
330.236
330.082
329.926
329.771
329.615
329.46
329.305
329.15
328.995
328.842
328.688
328.536
328.384
328.233
328.082
327.932
327.783
327.635
327.488
327.341
327.195
327.049
326.904
326.76
326.616
326.473
326.331
326.188
326.046
325.905
325.763
325.622
325.481
325.34
325.2
325.059
324.918
324.778
324.637
324.496
324.355
324.213
324.071
323.929
323.786
323.643
323.5
323.355
323.21
323.064
322.918
322.77
322.621
322.47
322.318
322.164
322.007
321.846
321.682
321.511
328.631
328.676
328.721
328.767
328.814
328.862
328.91
328.96
329.01
329.062
329.114
329.167
329.221
329.277
329.333
329.39
329.448
329.507
329.567
329.628
329.69
329.753
329.816
329.881
329.947
330.013
330.081
330.149
330.218
330.288
330.359
330.431
330.503
330.576
330.65
330.724
330.799
330.874
330.949
331.025
331.102
331.178
331.254
331.331
331.407
331.483
331.559
331.634
331.708
331.782
331.855
331.927
331.998
332.067
332.135
332.201
332.265
332.326
332.386
332.443
332.497
332.548
332.596
332.641
332.682
332.719
332.751
332.78
332.804
332.823
332.837
332.846
332.849
332.847
332.839
332.826
332.806
332.781
332.751
332.714
332.671
332.623
332.57
332.511
332.446
332.377
332.303
332.224
332.141
332.053
331.962
331.867
331.768
331.667
331.562
331.455
331.345
331.233
331.119
331.004
330.886
330.767
330.647
330.525
330.402
330.279
330.154
330.029
329.903
329.776
329.649
329.521
329.392
329.263
329.134
329.004
328.874
328.744
328.613
328.482
328.351
328.219
328.087
327.954
327.821
327.688
327.555
327.421
327.287
327.152
327.017
326.882
326.746
326.61
326.474
326.336
326.199
326.061
325.922
325.783
325.643
325.503
325.362
325.22
325.078
324.935
324.791
324.647
324.501
324.355
324.208
324.059
323.909
323.758
323.606
323.451
323.294
323.134
322.969
322.8
322.623
329.55
329.589
329.628
329.668
329.708
329.749
329.79
329.832
329.874
329.917
329.96
330.004
330.049
330.094
330.14
330.186
330.232
330.279
330.327
330.375
330.424
330.473
330.523
330.573
330.623
330.674
330.726
330.777
330.83
330.882
330.935
330.988
331.041
331.095
331.149
331.203
331.257
331.311
331.365
331.419
331.473
331.527
331.581
331.634
331.687
331.74
331.792
331.844
331.895
331.945
331.994
332.043
332.09
332.137
332.182
332.226
332.268
332.309
332.348
332.386
332.421
332.454
332.485
332.514
332.541
332.564
332.585
332.603
332.618
332.63
332.639
332.644
332.646
332.644
332.638
332.629
332.615
332.598
332.577
332.552
332.523
332.49
332.454
332.413
332.369
332.321
332.27
332.216
332.157
332.096
332.032
331.964
331.894
331.821
331.746
331.667
331.587
331.504
331.419
331.332
331.243
331.152
331.059
330.964
330.868
330.77
330.671
330.569
330.467
330.363
330.258
330.151
330.043
329.933
329.823
329.711
329.598
329.483
329.368
329.251
329.133
329.014
328.894
328.773
328.651
328.528
328.404
328.278
328.152
328.025
327.896
327.767
327.637
327.505
327.373
327.24
327.106
326.971
326.835
326.698
326.56
326.421
326.281
326.14
325.999
325.856
325.712
325.568
325.422
325.275
325.127
324.978
324.827
324.675
324.521
324.364
324.206
324.043
323.877
323.704
323.523
330.102
330.138
330.173
330.209
330.245
330.281
330.318
330.355
330.392
330.43
330.468
330.506
330.545
330.584
330.623
330.662
330.702
330.742
330.782
330.823
330.864
330.905
330.946
330.987
331.029
331.07
331.112
331.154
331.196
331.238
331.28
331.322
331.364
331.406
331.449
331.491
331.532
331.574
331.616
331.657
331.698
331.738
331.779
331.819
331.858
331.897
331.935
331.973
332.01
332.047
332.082
332.117
332.151
332.184
332.216
332.247
332.276
332.304
332.331
332.357
332.381
332.404
332.424
332.444
332.461
332.476
332.49
332.501
332.51
332.518
332.522
332.525
332.525
332.522
332.517
332.509
332.498
332.485
332.469
332.45
332.429
332.404
332.377
332.347
332.314
332.279
332.24
332.2
332.156
332.11
332.061
332.01
331.956
331.899
331.841
331.78
331.716
331.65
331.582
331.512
331.44
331.365
331.289
331.21
331.129
331.047
330.962
330.875
330.787
330.696
330.604
330.51
330.414
330.317
330.217
330.116
330.013
329.909
329.803
329.695
329.586
329.475
329.362
329.248
329.133
329.016
328.897
328.777
328.656
328.533
328.409
328.284
328.157
328.029
327.9
327.77
327.638
327.505
327.371
327.236
327.099
326.961
326.823
326.683
326.542
326.399
326.256
326.111
325.965
325.818
325.67
325.52
325.369
325.217
325.062
324.905
324.746
324.582
324.415
324.24
324.056
309.776
309.508
309.247
308.992
308.743
308.503
308.269
308.043
307.823
307.609
307.399
307.195
306.993
306.794
306.597
306.401
306.206
306.01
305.813
305.615
305.416
305.214
305.01
304.803
304.593
304.381
304.166
303.948
303.728
303.506
303.282
303.058
302.833
302.608
302.386
302.166
301.95
301.739
301.536
301.342
301.159
300.989
300.834
300.694
300.57
300.465
300.377
300.307
300.254
300.219
300.201
309.776
309.509
309.247
308.992
308.744
308.503
308.269
308.043
307.823
307.609
307.4
307.195
306.993
306.795
306.598
306.402
306.206
306.01
305.814
305.616
305.416
305.214
305.01
304.803
304.594
304.381
304.166
303.949
303.729
303.507
303.283
303.058
302.833
302.609
302.386
302.166
301.95
301.74
301.537
301.343
301.16
300.99
300.834
300.694
300.571
300.465
300.377
300.307
300.254
300.219
300.201
309.777
309.509
309.248
308.993
308.745
308.504
308.27
308.044
307.824
307.61
307.4
307.196
306.994
306.795
306.598
306.403
306.207
306.011
305.815
305.617
305.417
305.215
305.011
304.804
304.595
304.383
304.168
303.95
303.73
303.508
303.284
303.06
302.835
302.61
302.387
302.167
301.951
301.741
301.538
301.344
301.161
300.991
300.835
300.695
300.571
300.465
300.377
300.307
300.254
300.219
300.201
309.778
309.511
309.249
308.994
308.746
308.505
308.272
308.045
307.825
307.611
307.402
307.197
306.996
306.797
306.6
306.404
306.209
306.013
305.816
305.618
305.419
305.217
305.013
304.806
304.597
304.385
304.17
303.952
303.732
303.51
303.286
303.062
302.837
302.613
302.39
302.169
301.953
301.743
301.54
301.346
301.162
300.992
300.836
300.696
300.572
300.466
300.378
300.307
300.255
300.219
300.201
309.781
309.513
309.252
308.996
308.748
308.507
308.274
308.047
307.827
307.613
307.404
307.199
306.998
306.799
306.602
306.406
306.211
306.015
305.819
305.621
305.422
305.22
305.016
304.81
304.6
304.388
304.173
303.956
303.736
303.514
303.29
303.066
302.841
302.616
302.393
302.173
301.957
301.746
301.543
301.348
301.165
300.994
300.838
300.697
300.573
300.467
300.379
300.308
300.255
300.22
300.202
309.784
309.516
309.255
308.999
308.751
308.51
308.277
308.05
307.83
307.616
307.407
307.202
307.001
306.802
306.606
306.41
306.215
306.019
305.823
305.625
305.426
305.224
305.021
304.814
304.605
304.393
304.178
303.961
303.741
303.519
303.296
303.071
302.846
302.621
302.398
302.178
301.962
301.751
301.547
301.352
301.168
300.997
300.84
300.699
300.575
300.469
300.38
300.309
300.256
300.22
300.202
309.788
309.521
309.259
309.004
308.756
308.515
308.281
308.055
307.835
307.62
307.412
307.207
307.006
306.807
306.611
306.415
306.22
306.025
305.828
305.631
305.432
305.231
305.027
304.821
304.612
304.4
304.185
303.968
303.748
303.527
303.303
303.079
302.854
302.629
302.406
302.185
301.968
301.757
301.553
301.357
301.173
301.001
300.844
300.703
300.578
300.471
300.382
300.31
300.257
300.221
300.203
309.794
309.527
309.266
309.01
308.762
308.521
308.287
308.06
307.841
307.627
307.418
307.213
307.012
306.814
306.617
306.422
306.227
306.032
305.836
305.639
305.44
305.239
305.036
304.83
304.621
304.41
304.195
303.978
303.759
303.537
303.314
303.089
302.864
302.639
302.415
302.194
301.977
301.765
301.56
301.365
301.179
301.007
300.849
300.707
300.581
300.474
300.384
300.312
300.258
300.222
300.204
309.803
309.536
309.274
309.018
308.77
308.529
308.295
308.069
307.849
307.635
307.426
307.221
307.021
306.823
306.626
306.431
306.237
306.042
305.846
305.65
305.451
305.251
305.048
304.842
304.634
304.423
304.208
303.992
303.772
303.551
303.327
303.102
302.877
302.652
302.428
302.207
301.989
301.776
301.571
301.374
301.188
301.014
300.855
300.712
300.586
300.477
300.387
300.314
300.26
300.224
300.205
309.814
309.547
309.285
309.029
308.78
308.539
308.306
308.079
307.859
307.645
307.437
307.233
307.032
306.834
306.638
306.444
306.249
306.055
305.86
305.664
305.466
305.266
305.063
304.858
304.65
304.439
304.226
304.009
303.79
303.568
303.345
303.12
302.894
302.669
302.444
302.222
302.004
301.79
301.583
301.385
301.198
301.023
300.863
300.718
300.591
300.481
300.39
300.317
300.262
300.225
300.207
309.828
309.561
309.299
309.043
308.794
308.553
308.319
308.093
307.873
307.66
307.451
307.247
307.047
306.849
306.654
306.46
306.266
306.072
305.878
305.682
305.485
305.285
305.083
304.879
304.671
304.461
304.247
304.031
303.812
303.591
303.367
303.142
302.916
302.69
302.465
302.242
302.022
301.808
301.599
301.4
301.211
301.035
300.873
300.727
300.598
300.487
300.394
300.32
300.265
300.227
300.209
309.847
309.58
309.318
309.062
308.813
308.571
308.337
308.111
307.891
307.678
307.469
307.266
307.066
306.869
306.674
306.48
306.287
306.094
305.9
305.705
305.508
305.31
305.108
304.904
304.698
304.488
304.275
304.059
303.84
303.619
303.395
303.17
302.943
302.717
302.491
302.266
302.045
301.829
301.619
301.418
301.227
301.049
300.885
300.737
300.606
300.493
300.4
300.324
300.268
300.23
300.211
309.87
309.604
309.341
309.085
308.836
308.594
308.36
308.134
307.914
307.701
307.493
307.289
307.09
306.893
306.699
306.506
306.314
306.121
305.928
305.734
305.538
305.34
305.14
304.937
304.73
304.521
304.309
304.093
303.874
303.653
303.429
303.204
302.977
302.749
302.522
302.297
302.074
301.856
301.644
301.44
301.247
301.066
300.899
300.749
300.616
300.501
300.406
300.329
300.272
300.233
300.214
309.9
309.634
309.371
309.114
308.865
308.623
308.389
308.163
307.943
307.73
307.522
307.319
307.12
306.924
306.73
306.538
306.347
306.155
305.963
305.77
305.575
305.378
305.178
304.976
304.771
304.562
304.35
304.135
303.917
303.695
303.471
303.245
303.017
302.789
302.56
302.333
302.108
301.888
301.673
301.467
301.27
301.086
300.917
300.764
300.628
300.511
300.414
300.335
300.277
300.237
300.217
309.938
309.672
309.409
309.151
308.901
308.659
308.425
308.198
307.979
307.766
307.558
307.356
307.157
306.962
306.769
306.578
306.387
306.197
306.006
305.814
305.62
305.424
305.226
305.024
304.82
304.612
304.401
304.186
303.968
303.746
303.522
303.295
303.067
302.837
302.607
302.377
302.15
301.927
301.709
301.499
301.299
301.111
300.938
300.781
300.642
300.523
300.423
300.343
300.282
300.242
300.221
309.986
309.719
309.455
309.197
308.947
308.704
308.47
308.243
308.023
307.81
307.603
307.401
307.203
307.009
306.817
306.626
306.437
306.248
306.058
305.867
305.675
305.48
305.283
305.083
304.879
304.672
304.462
304.247
304.029
303.808
303.583
303.356
303.126
302.894
302.662
302.43
302.2
301.973
301.751
301.537
301.333
301.141
300.963
300.802
300.66
300.537
300.434
300.351
300.289
300.247
300.226
310.045
309.777
309.512
309.254
309.003
308.76
308.525
308.298
308.078
307.865
307.658
307.457
307.259
307.066
306.874
306.685
306.497
306.309
306.121
305.931
305.74
305.547
305.352
305.153
304.95
304.744
304.535
304.321
304.103
303.881
303.656
303.428
303.196
302.963
302.728
302.493
302.259
302.028
301.802
301.583
301.373
301.176
300.993
300.827
300.68
300.553
300.446
300.361
300.297
300.254
300.231
310.117
309.848
309.583
309.323
309.071
308.827
308.592
308.364
308.144
307.931
307.725
307.524
307.327
307.134
306.944
306.756
306.569
306.383
306.196
306.008
305.819
305.628
305.433
305.236
305.035
304.83
304.621
304.408
304.19
303.968
303.743
303.513
303.28
303.044
302.806
302.567
302.329
302.093
301.862
301.637
301.421
301.218
301.029
300.857
300.704
300.572
300.462
300.373
300.306
300.261
300.238
310.205
309.935
309.668
309.407
309.154
308.909
308.673
308.445
308.225
308.012
307.805
307.604
307.408
307.216
307.027
306.841
306.655
306.471
306.286
306.1
305.912
305.723
305.531
305.335
305.136
304.932
304.724
304.511
304.294
304.071
303.845
303.613
303.378
303.139
302.898
302.655
302.412
302.17
301.932
301.701
301.478
301.267
301.071
300.892
300.733
300.595
300.48
300.387
300.317
300.27
300.246
310.312
310.041
309.772
309.509
309.255
309.008
308.771
308.542
308.321
308.108
307.901
307.701
307.505
307.314
307.127
306.941
306.758
306.575
306.392
306.208
306.023
305.835
305.645
305.452
305.254
305.051
304.844
304.632
304.415
304.192
303.964
303.732
303.494
303.252
303.006
302.758
302.509
302.261
302.016
301.776
301.544
301.325
301.12
300.933
300.766
300.622
300.501
300.404
300.331
300.281
300.255
310.441
310.167
309.896
309.632
309.375
309.127
308.888
308.658
308.436
308.222
308.016
307.815
307.621
307.431
307.244
307.061
306.879
306.698
306.517
306.336
306.153
305.968
305.78
305.588
305.392
305.192
304.986
304.774
304.557
304.334
304.105
303.87
303.629
303.383
303.133
302.879
302.623
302.367
302.113
301.864
301.623
301.393
301.178
300.981
300.806
300.653
300.525
300.423
300.346
300.293
300.266
310.595
310.319
310.045
309.778
309.519
309.269
309.028
308.796
308.573
308.359
308.152
307.951
307.757
307.568
307.383
307.201
307.021
306.842
306.664
306.485
306.305
306.123
305.937
305.748
305.554
305.355
305.15
304.939
304.722
304.498
304.268
304.031
303.787
303.536
303.28
303.02
302.756
302.491
302.227
301.967
301.714
301.472
301.246
301.038
300.852
300.69
300.554
300.446
300.364
300.308
300.278
310.78
310.5
310.223
309.952
309.69
309.437
309.194
308.96
308.736
308.52
308.312
308.112
307.918
307.73
307.546
307.365
307.188
307.011
306.836
306.66
306.482
306.303
306.12
305.933
305.742
305.544
305.341
305.131
304.914
304.689
304.457
304.217
303.969
303.714
303.452
303.184
302.911
302.635
302.36
302.087
301.821
301.565
301.325
301.104
300.906
300.733
300.588
300.473
300.385
300.325
300.293
310.999
310.715
310.433
310.159
309.893
309.637
309.391
309.154
308.928
308.71
308.501
308.3
308.107
307.919
307.736
307.558
307.382
307.208
307.035
306.862
306.688
306.512
306.332
306.148
305.959
305.763
305.561
305.352
305.135
304.91
304.676
304.433
304.181
303.92
303.65
303.373
303.09
302.803
302.514
302.227
301.945
301.674
301.418
301.182
300.969
300.784
300.628
300.504
300.409
300.344
300.31
311.259
310.969
310.682
310.403
310.133
309.872
309.622
309.383
309.153
308.934
308.723
308.521
308.327
308.14
307.958
307.781
307.608
307.437
307.267
307.097
306.926
306.753
306.576
306.395
306.208
306.015
305.815
305.606
305.389
305.163
304.927
304.68
304.423
304.156
303.879
303.592
303.297
302.996
302.692
302.389
302.09
301.8
301.526
301.272
301.043
300.843
300.675
300.54
300.438
300.367
300.33
311.565
311.268
310.976
310.691
310.415
310.15
309.895
309.651
309.418
309.195
308.983
308.779
308.585
308.397
308.216
308.041
307.869
307.7
307.533
307.366
307.199
307.029
306.856
306.678
306.494
306.303
306.104
305.896
305.679
305.452
305.214
304.964
304.701
304.427
304.141
303.843
303.535
303.22
302.899
302.576
302.258
301.947
301.652
301.378
301.129
300.912
300.73
300.583
300.471
300.394
300.353
311.925
311.62
311.32
311.028
310.746
310.475
310.214
309.965
309.728
309.501
309.286
309.08
308.884
308.696
308.515
308.34
308.17
308.004
307.839
307.675
307.511
307.345
307.175
307
306.819
306.63
306.433
306.226
306.009
305.781
305.54
305.286
305.018
304.736
304.44
304.131
303.809
303.476
303.136
302.793
302.452
302.118
301.799
301.5
301.23
300.993
300.794
300.633
300.51
300.425
300.38
312.347
312.032
311.724
311.424
311.134
310.855
310.587
310.332
310.089
309.857
309.637
309.428
309.23
309.04
308.859
308.684
308.516
308.351
308.189
308.028
307.867
307.704
307.537
307.365
307.187
307
306.805
306.599
306.382
306.152
305.909
305.651
305.377
305.087
304.781
304.458
304.121
303.77
303.409
303.043
302.676
302.315
301.968
301.643
301.347
301.087
300.869
300.692
300.555
300.461
300.412
312.838
312.512
312.194
311.884
311.585
311.298
311.022
310.759
310.509
310.271
310.045
309.832
309.629
309.437
309.254
309.079
308.91
308.747
308.586
308.428
308.269
308.109
307.945
307.776
307.6
307.416
307.222
307.017
306.8
306.569
306.323
306.061
305.781
305.483
305.166
304.829
304.475
304.105
303.721
303.329
302.934
302.543
302.165
301.809
301.484
301.198
300.957
300.76
300.608
300.503
300.448
313.408
313.069
312.739
312.419
312.109
311.812
311.526
311.254
310.995
310.749
310.516
310.296
310.088
309.892
309.706
309.529
309.359
309.195
309.036
308.878
308.722
308.564
308.402
308.235
308.061
307.878
307.686
307.482
307.265
307.033
306.784
306.518
306.232
305.926
305.597
305.247
304.875
304.484
304.076
303.655
303.229
302.805
302.393
302.002
301.643
301.327
301.059
300.839
300.67
300.552
300.49
314.064
313.711
313.368
313.036
312.715
312.405
312.108
311.825
311.555
311.299
311.057
310.829
310.614
310.411
310.22
310.039
309.867
309.701
309.54
309.383
309.227
309.07
308.909
308.744
308.571
308.39
308.198
307.994
307.777
307.544
307.294
307.024
306.732
306.417
306.078
305.714
305.324
304.911
304.477
304.026
303.566
303.106
302.654
302.224
301.828
301.478
301.178
300.932
300.741
300.609
300.538
314.815
314.447
314.09
313.744
313.409
313.086
312.776
312.479
312.196
311.928
311.675
311.436
311.212
311.001
310.802
310.615
310.437
310.267
310.104
309.944
309.786
309.629
309.468
309.302
309.129
308.948
308.757
308.554
308.336
308.102
307.85
307.576
307.28
306.957
306.608
306.23
305.823
305.387
304.927
304.445
303.949
303.448
302.954
302.481
302.044
301.653
301.317
301.04
300.824
300.674
300.593
315.665
315.28
314.909
314.548
314.198
313.86
313.535
313.223
312.926
312.643
312.376
312.124
311.887
311.664
311.455
311.259
311.073
310.896
310.727
310.562
310.401
310.24
310.076
309.909
309.735
309.553
309.361
309.156
308.938
308.703
308.449
308.173
307.872
307.543
307.185
306.794
306.371
305.914
305.427
304.913
304.38
303.837
303.298
302.777
302.292
301.856
301.477
301.164
300.92
300.748
300.657
316.614
316.215
315.828
315.451
315.085
314.731
314.389
314.061
313.746
313.447
313.163
312.895
312.643
312.406
312.183
311.973
311.776
311.589
311.41
311.237
311.068
310.901
310.732
310.56
310.382
310.198
310.003
309.797
309.577
309.341
309.085
308.807
308.502
308.169
307.803
307.402
306.964
306.489
305.977
305.432
304.861
304.275
303.687
303.116
302.577
302.088
301.662
301.307
301.029
300.833
300.728
317.659
317.245
316.843
316.45
316.067
315.695
315.335
314.988
314.655
314.337
314.035
313.748
313.477
313.221
312.981
312.755
312.542
312.34
312.148
311.964
311.784
311.606
311.429
311.249
311.065
310.875
310.677
310.467
310.245
310.006
309.749
309.468
309.162
308.825
308.454
308.045
307.596
307.104
306.57
305.997
305.39
304.761
304.123
303.496
302.9
302.353
301.872
301.469
301.153
300.929
300.808
318.786
318.358
317.94
317.53
317.13
316.74
316.361
315.995
315.642
315.303
314.979
314.671
314.379
314.102
313.841
313.595
313.363
313.142
312.933
312.732
312.537
312.346
312.156
311.965
311.772
311.574
311.369
311.154
310.928
310.686
310.426
310.144
309.836
309.497
309.124
308.71
308.253
307.749
307.197
306.599
305.959
305.289
304.601
303.917
303.259
302.649
302.108
301.652
301.291
301.035
300.896
319.966
319.524
319.09
318.664
318.246
317.838
317.44
317.054
316.68
316.319
315.973
315.642
315.327
315.027
314.742
314.473
314.217
313.975
313.744
313.523
313.309
313.101
312.895
312.69
312.484
312.275
312.061
311.839
311.606
311.36
311.098
310.814
310.505
310.166
309.791
309.376
308.915
308.403
307.838
307.221
306.554
305.846
305.112
304.372
303.65
302.974
302.368
301.852
301.442
301.15
300.99
321.146
320.69
320.241
319.799
319.365
318.94
318.524
318.118
317.724
317.342
316.974
316.62
316.28
315.956
315.647
315.352
315.072
314.805
314.55
314.306
314.071
313.841
313.617
313.395
313.173
312.951
312.725
312.494
312.254
312.003
311.736
311.451
311.141
310.803
310.43
310.015
309.554
309.04
308.468
307.838
307.15
306.412
305.636
304.844
304.061
303.317
302.643
302.065
301.602
301.27
301.087
322.239
321.77
321.308
320.853
320.405
319.964
319.532
319.11
318.698
318.297
317.909
317.534
317.172
316.825
316.492
316.173
315.868
315.576
315.298
315.03
314.772
314.522
314.277
314.037
313.799
313.562
313.324
313.082
312.834
312.576
312.305
312.018
311.708
311.371
311.001
310.59
310.132
309.62
309.047
308.411
307.71
306.95
306.142
305.305
304.467
303.66
302.92
302.279
301.761
301.388
301.181
323.123
322.645
322.173
321.707
321.248
320.796
320.352
319.917
319.492
319.076
318.672
318.28
317.901
317.535
317.182
316.843
316.518
316.206
315.906
315.618
315.34
315.071
314.809
314.553
314.3
314.05
313.801
313.549
313.293
313.03
312.755
312.465
312.156
311.821
311.454
311.048
310.596
310.089
309.52
308.884
308.179
307.407
306.577
305.708
304.826
303.967
303.169
302.471
301.903
301.49
301.261
323.649
323.164
322.686
322.215
321.75
321.291
320.841
320.398
319.965
319.541
319.128
318.726
318.337
317.959
317.595
317.244
316.906
316.582
316.269
315.969
315.678
315.398
315.125
314.858
314.597
314.339
314.082
313.824
313.563
313.296
313.019
312.729
312.42
312.087
311.723
311.321
310.874
310.372
309.809
309.177
308.473
307.698
306.86
305.974
305.068
304.176
303.34
302.601
301.998
301.558
301.312
)
;

boundaryField
{
    inlet
    {
        type            fixedValue;
        value           uniform 300;
    }
    outlet
    {
        type            zeroGradient;
    }
    top
    {
        type            zeroGradient;
    }
    slip-bottom
    {
        type            zeroGradient;
    }
    bottom
    {
        type            zeroGradient;
    }
    interface
    {
        type            fixedGradient;
        gradient        nonuniform List<scalar> 
161
(
2999.99
2999.99
2999.99
2999.99
2999.99
2999.99
2999.99
2999.99
2999.99
2999.99
2999.99
2999.99
2999.99
2999.99
2999.99
2999.99
2999.99
2999.99
2999.99
2999.99
2.01794e-12
2.01794e-12
2.01794e-12
2.01794e-12
2.01794e-12
2.01794e-12
2.01794e-12
2.01794e-12
2.01794e-12
2.01794e-12
2.01794e-12
2.01794e-12
2.01794e-12
2.01794e-12
2.01794e-12
2.01794e-12
2.01794e-12
2.01794e-12
2.01794e-12
2.01794e-12
-1.73372e-12
-1.73372e-12
-1.73372e-12
-1.73372e-12
-1.73372e-12
-1.73372e-12
-1.73372e-12
-1.73372e-12
-1.73372e-12
-1.73372e-12
-1.73372e-12
-1.73372e-12
-1.73372e-12
-1.73372e-12
-1.73372e-12
-1.73372e-12
-7.10543e-13
-7.10543e-13
-7.10543e-13
-7.10543e-13
-7.10543e-13
-7.10543e-13
-7.10543e-13
-7.10543e-13
-7.10543e-13
-7.10543e-13
-7.10543e-13
-7.10543e-13
-7.10543e-13
-7.10543e-13
-7.10543e-13
5.68434e-14
5.68434e-14
5.68434e-14
5.68434e-14
5.68434e-14
5.68434e-14
5.68434e-14
5.68434e-14
5.68434e-14
5.68434e-14
5.68434e-14
5.68434e-14
8.52651e-14
8.52651e-14
8.52651e-14
8.52651e-14
8.52651e-14
8.52651e-14
8.52651e-14
8.52651e-14
8.52651e-14
8.52651e-14
8.52651e-14
-2.84217e-13
-2.84217e-13
-2.84217e-13
-2.84217e-13
-2.84217e-13
-2.84217e-13
-2.84217e-13
-2.84217e-13
-2.84217e-13
-2.84217e-13
1.13687e-12
1.13687e-12
1.13687e-12
1.13687e-12
1.13687e-12
1.13687e-12
1.13687e-12
1.13687e-12
1.13687e-12
4.26326e-13
4.26326e-13
4.26326e-13
4.26326e-13
4.26326e-13
4.26326e-13
4.26326e-13
4.26326e-13
8.52651e-13
8.52651e-13
8.52651e-13
8.52651e-13
8.52651e-13
8.52651e-13
8.52651e-13
8.52651e-13
1.3074e-12
1.3074e-12
1.3074e-12
1.3074e-12
1.3074e-12
1.3074e-12
1.3074e-12
5.68434e-14
5.68434e-14
5.68434e-14
5.68434e-14
5.68434e-14
5.68434e-14
5.68434e-14
1.25056e-12
1.25056e-12
1.25056e-12
1.25056e-12
1.25056e-12
1.25056e-12
6.53699e-13
6.53699e-13
6.53699e-13
6.53699e-13
6.53699e-13
6.53699e-13
2.03215e-12
2.03215e-12
2.03215e-12
2.03215e-12
2.03215e-12
2.03215e-12
)
;
    }
    defaultFaces
    {
        type            empty;
    }
}


// ************************************************************************* //
