/*--------------------------------*- C++ -*----------------------------------*\
  =========                 |
  \\      /  F ield         | OpenFOAM: The Open Source CFD Toolbox
   \\    /   O peration     | Website:  https://openfoam.org
    \\  /    A nd           | Version:  7
     \\/     M anipulation  |
\*---------------------------------------------------------------------------*/
FoamFile
{
    version     2.0;
    format      ascii;
    class       volScalarField;
    location    "2.8";
    object      T;
}
// * * * * * * * * * * * * * * * * * * * * * * * * * * * * * * * * * * * * * //

dimensions      [0 0 0 1 0 0 0];

internalField   nonuniform List<scalar> 
12013
(
300.027
300.082
300.139
300.198
300.26
300.323
300.389
300.457
300.527
300.6
300.675
300.753
300.833
300.916
301.001
301.09
301.182
301.277
301.375
301.477
301.583
301.692
301.806
301.925
302.048
302.177
302.311
302.451
302.597
302.75
302.911
303.08
303.257
303.443
303.639
303.846
304.064
304.296
304.54
304.8
305.076
305.369
305.68
306.013
306.367
306.745
307.149
307.581
308.043
308.539
309.07
309.639
310.251
310.908
311.614
312.372
313.189
314.067
315.014
316.033
317.131
318.316
319.593
320.973
322.463
324.073
325.815
327.701
329.745
331.963
334.374
337
339.867
343.006
346.458
350.271
354.513
359.28
364.715
371.058
378.769
300.027
300.082
300.139
300.199
300.26
300.323
300.389
300.457
300.527
300.6
300.675
300.753
300.833
300.916
301.001
301.09
301.182
301.277
301.375
301.477
301.583
301.692
301.807
301.925
302.049
302.177
302.311
302.451
302.598
302.751
302.911
303.08
303.257
303.443
303.639
303.846
304.065
304.296
304.541
304.8
305.076
305.369
305.681
306.013
306.367
306.745
307.149
307.581
308.043
308.538
309.069
309.638
310.249
310.906
311.611
312.369
313.185
314.063
315.008
316.026
317.123
318.305
319.581
320.958
322.445
324.051
325.788
327.668
329.705
331.914
334.314
336.926
339.773
342.887
346.302
350.065
354.232
358.879
364.102
370.023
376.75
300.027
300.082
300.139
300.199
300.26
300.324
300.389
300.457
300.528
300.6
300.675
300.753
300.833
300.916
301.002
301.09
301.182
301.277
301.375
301.477
301.583
301.693
301.807
301.926
302.049
302.178
302.312
302.452
302.598
302.752
302.912
303.081
303.258
303.444
303.64
303.847
304.066
304.297
304.542
304.801
305.077
305.37
305.681
306.013
306.367
306.745
307.149
307.58
308.042
308.537
309.067
309.636
310.246
310.901
311.606
312.363
313.177
314.052
314.995
316.01
317.104
318.283
319.554
320.925
322.405
324.003
325.73
327.597
329.618
331.808
334.183
336.763
339.569
342.628
345.97
349.629
353.648
358.071
362.943
368.29
374.069
300.027
300.082
300.139
300.199
300.26
300.324
300.389
300.457
300.528
300.6
300.676
300.753
300.833
300.916
301.002
301.091
301.183
301.278
301.376
301.478
301.584
301.694
301.808
301.927
302.05
302.179
302.313
302.453
302.6
302.753
302.914
303.082
303.259
303.445
303.642
303.849
304.067
304.298
304.543
304.803
305.078
305.371
305.682
306.014
306.367
306.745
307.148
307.579
308.04
308.534
309.064
309.631
310.24
310.894
311.597
312.351
313.163
314.035
314.974
315.985
317.073
318.246
319.509
320.871
322.339
323.923
325.633
327.48
329.476
331.634
333.97
336.499
339.241
342.216
345.446
348.955
352.767
356.901
361.364
366.134
371.138
300.027
300.082
300.139
300.199
300.26
300.324
300.39
300.458
300.528
300.601
300.676
300.754
300.834
300.917
301.003
301.091
301.183
301.278
301.377
301.479
301.585
301.695
301.809
301.928
302.051
302.18
302.315
302.455
302.601
302.755
302.915
303.084
303.261
303.448
303.644
303.851
304.069
304.3
304.545
304.804
305.08
305.372
305.683
306.015
306.368
306.745
307.147
307.578
308.038
308.531
309.059
309.625
310.232
310.884
311.583
312.334
313.142
314.01
314.943
315.948
317.028
318.191
319.443
320.791
322.243
323.808
325.494
327.311
329.271
331.385
333.665
336.125
338.779
341.642
344.729
348.052
351.62
355.434
359.48
363.724
368.099
300.027
300.082
300.139
300.199
300.26
300.324
300.39
300.458
300.528
300.601
300.676
300.754
300.834
300.918
301.003
301.092
301.184
301.279
301.378
301.48
301.586
301.696
301.811
301.93
302.053
302.182
302.317
302.457
302.604
302.757
302.918
303.087
303.264
303.45
303.647
303.854
304.072
304.303
304.548
304.807
305.082
305.374
305.685
306.016
306.369
306.745
307.147
307.576
308.035
308.526
309.052
309.616
310.22
310.869
311.564
312.311
313.113
313.975
314.901
315.896
316.966
318.116
319.352
320.682
322.112
323.65
325.304
327.083
328.996
331.052
333.261
335.634
338.181
340.909
343.827
346.939
350.244
353.732
357.383
361.16
365.011
300.027
300.082
300.14
300.199
300.261
300.324
300.39
300.458
300.529
300.602
300.677
300.755
300.835
300.919
301.005
301.094
301.186
301.281
301.38
301.482
301.588
301.699
301.813
301.932
302.056
302.185
302.32
302.46
302.607
302.761
302.922
303.09
303.268
303.454
303.651
303.858
304.076
304.307
304.551
304.81
305.085
305.377
305.687
306.018
306.369
306.745
307.145
307.573
308.03
308.519
309.043
309.604
310.205
310.849
311.539
312.28
313.075
313.929
314.845
315.828
316.884
318.017
319.234
320.54
321.942
323.447
325.061
326.791
328.646
330.632
332.756
335.026
337.447
340.023
342.756
345.645
348.682
351.854
355.138
358.504
361.912
300.027
300.082
300.14
300.199
300.261
300.325
300.391
300.459
300.529
300.602
300.678
300.756
300.836
300.92
301.006
301.095
301.187
301.283
301.382
301.484
301.591
301.701
301.816
301.935
302.059
302.189
302.323
302.464
302.611
302.765
302.926
303.095
303.273
303.459
303.655
303.862
304.081
304.312
304.556
304.815
305.089
305.381
305.69
306.02
306.37
306.744
307.143
307.569
308.024
308.511
309.031
309.588
310.184
310.823
311.507
312.24
313.027
313.869
314.773
315.741
316.779
317.892
319.085
320.362
321.73
323.193
324.759
326.431
328.217
330.121
332.148
334.302
336.585
338.997
341.537
344.199
346.974
349.846
352.797
355.799
358.824
300.027
300.082
300.14
300.199
300.261
300.325
300.391
300.46
300.53
300.603
300.679
300.757
300.838
300.921
301.008
301.097
301.19
301.285
301.384
301.487
301.594
301.705
301.82
301.939
302.064
302.193
302.328
302.469
302.616
302.77
302.932
303.101
303.278
303.465
303.662
303.869
304.087
304.318
304.562
304.82
305.094
305.385
305.693
306.022
306.371
306.744
307.141
307.564
308.016
308.499
309.016
309.568
310.158
310.79
311.466
312.19
312.965
313.795
314.683
315.634
316.651
317.738
318.901
320.144
321.471
322.887
324.396
326.002
327.71
329.522
331.441
333.469
335.605
337.848
340.192
342.632
345.155
347.75
350.397
353.078
355.768
300.027
300.083
300.14
300.2
300.262
300.326
300.392
300.46
300.531
300.604
300.68
300.759
300.839
300.923
301.01
301.099
301.192
301.288
301.388
301.491
301.598
301.709
301.824
301.944
302.069
302.199
302.334
302.475
302.623
302.777
302.939
303.108
303.286
303.473
303.669
303.876
304.094
304.325
304.569
304.827
305.1
305.39
305.697
306.024
306.372
306.743
307.137
307.558
308.006
308.485
308.996
309.543
310.126
310.75
311.416
312.129
312.891
313.704
314.574
315.503
316.495
317.553
318.682
319.884
321.164
322.525
323.971
325.503
327.125
328.838
330.643
332.539
334.524
336.595
338.747
340.972
343.259
345.597
347.971
350.365
352.762
300.027
300.083
300.14
300.2
300.262
300.326
300.393
300.461
300.532
300.606
300.682
300.76
300.842
300.926
301.012
301.102
301.195
301.292
301.392
301.495
301.603
301.714
301.83
301.95
302.075
302.205
302.341
302.483
302.631
302.785
302.947
303.117
303.295
303.482
303.678
303.885
304.103
304.334
304.577
304.834
305.107
305.396
305.702
306.027
306.373
306.741
307.133
307.55
307.994
308.468
308.973
309.512
310.087
310.701
311.356
312.055
312.801
313.596
314.444
315.348
316.311
317.335
318.425
319.582
320.809
322.11
323.485
324.938
326.468
328.076
329.761
331.523
333.357
335.26
337.226
339.247
341.314
343.417
345.544
347.683
349.82
300.027
300.083
300.141
300.201
300.263
300.327
300.394
300.463
300.534
300.608
300.684
300.763
300.844
300.928
301.016
301.106
301.199
301.296
301.397
301.5
301.608
301.72
301.836
301.957
302.083
302.213
302.35
302.492
302.64
302.795
302.957
303.127
303.306
303.493
303.689
303.896
304.114
304.344
304.587
304.844
305.115
305.403
305.707
306.031
306.374
306.739
307.127
307.54
307.979
308.446
308.944
309.475
310.04
310.642
311.284
311.967
312.695
313.469
314.292
315.168
316.097
317.084
318.13
319.237
320.407
321.642
322.943
324.31
325.744
327.244
328.809
330.436
332.122
333.862
335.651
337.481
339.345
341.235
343.14
345.05
346.956
300.027
300.083
300.141
300.201
300.263
300.328
300.395
300.464
300.535
300.609
300.686
300.765
300.847
300.932
301.02
301.11
301.204
301.302
301.402
301.507
301.615
301.728
301.844
301.966
302.092
302.223
302.36
302.503
302.652
302.807
302.97
303.14
303.318
303.506
303.703
303.909
304.127
304.357
304.599
304.855
305.125
305.411
305.714
306.035
306.375
306.736
307.12
307.528
307.961
308.421
308.911
309.432
309.985
310.574
311.2
311.865
312.572
313.322
314.118
314.961
315.855
316.8
317.798
318.851
319.959
321.125
322.348
323.628
324.964
326.356
327.8
329.296
330.838
332.423
334.045
335.698
337.376
339.071
340.777
342.483
344.184
300.027
300.083
300.141
300.202
300.264
300.329
300.396
300.466
300.538
300.612
300.689
300.768
300.851
300.936
301.024
301.115
301.21
301.308
301.409
301.514
301.623
301.736
301.854
301.976
302.103
302.235
302.372
302.516
302.665
302.821
302.984
303.155
303.334
303.521
303.718
303.925
304.142
304.371
304.613
304.867
305.136
305.421
305.721
306.039
306.376
306.733
307.112
307.514
307.94
308.392
308.872
309.381
309.922
310.496
311.104
311.749
312.432
313.156
313.921
314.73
315.584
316.484
317.431
318.427
319.471
320.565
321.708
322.899
324.137
325.421
326.749
328.117
329.522
330.961
332.428
333.918
335.426
336.946
338.472
339.997
341.515
300.028
300.084
300.142
300.203
300.265
300.33
300.398
300.468
300.54
300.615
300.692
300.772
300.855
300.941
301.03
301.122
301.217
301.315
301.417
301.523
301.633
301.747
301.865
301.988
302.116
302.249
302.387
302.531
302.681
302.838
303.001
303.173
303.352
303.54
303.736
303.943
304.16
304.389
304.629
304.883
305.15
305.432
305.73
306.045
306.378
306.73
307.103
307.498
307.916
308.359
308.828
309.324
309.85
310.407
310.996
311.618
312.276
312.971
313.703
314.475
315.286
316.139
317.033
317.97
318.948
319.969
321.032
322.134
323.276
324.456
325.67
326.917
328.193
329.495
330.819
332.16
333.514
334.875
336.24
337.603
338.958
300.028
300.084
300.143
300.203
300.267
300.332
300.4
300.47
300.543
300.618
300.696
300.777
300.86
300.947
301.036
301.129
301.225
301.324
301.427
301.534
301.645
301.759
301.879
302.002
302.131
302.265
302.404
302.549
302.7
302.857
303.022
303.193
303.373
303.561
303.758
303.965
304.181
304.409
304.649
304.9
305.166
305.445
305.74
306.051
306.38
306.727
307.093
307.48
307.889
308.322
308.778
309.261
309.771
310.309
310.876
311.475
312.105
312.769
313.466
314.198
314.966
315.769
316.609
317.485
318.398
319.346
320.328
321.345
322.393
323.472
324.579
325.712
326.868
328.044
329.236
330.441
331.655
332.874
334.095
335.312
336.523
300.028
300.084
300.143
300.205
300.268
300.334
300.402
300.473
300.546
300.622
300.7
300.782
300.866
300.953
301.044
301.137
301.234
301.334
301.438
301.546
301.658
301.774
301.894
302.019
302.149
302.284
302.424
302.57
302.722
302.88
303.045
303.218
303.398
303.586
303.783
303.99
304.206
304.433
304.671
304.921
305.185
305.461
305.753
306.06
306.383
306.724
307.083
307.461
307.86
308.281
308.725
309.192
309.684
310.202
310.747
311.32
311.921
312.552
313.213
313.904
314.627
315.38
316.165
316.981
317.828
318.704
319.609
320.542
321.501
322.485
323.491
324.517
325.562
326.621
327.694
328.775
329.863
330.955
332.046
333.135
334.217
300.028
300.085
300.144
300.206
300.27
300.336
300.405
300.476
300.55
300.627
300.706
300.788
300.873
300.961
301.052
301.147
301.245
301.346
301.452
301.561
301.674
301.791
301.913
302.039
302.17
302.306
302.447
302.594
302.747
302.907
303.073
303.246
303.427
303.615
303.813
304.019
304.235
304.461
304.698
304.946
305.207
305.481
305.768
306.07
306.388
306.722
307.073
307.442
307.831
308.239
308.668
309.119
309.592
310.089
310.61
311.155
311.726
312.324
312.947
313.597
314.274
314.978
315.708
316.465
317.247
318.054
318.884
319.738
320.612
321.507
322.419
323.347
324.289
325.243
326.206
327.176
328.151
329.128
330.104
331.078
332.046
300.028
300.086
300.145
300.207
300.272
300.339
300.408
300.48
300.555
300.632
300.712
300.795
300.881
300.97
301.063
301.158
301.258
301.361
301.467
301.578
301.692
301.811
301.934
302.062
302.194
302.332
302.475
302.623
302.777
302.938
303.105
303.279
303.461
303.65
303.847
304.053
304.268
304.494
304.729
304.975
305.234
305.504
305.787
306.084
306.396
306.722
307.065
307.424
307.801
308.196
308.609
309.043
309.497
309.971
310.467
310.985
311.526
312.089
312.675
313.283
313.915
314.57
315.246
315.945
316.665
317.406
318.166
318.944
319.74
320.551
321.376
322.214
323.063
323.921
324.786
325.656
326.529
327.403
328.277
329.148
330.015
300.028
300.086
300.146
300.209
300.274
300.342
300.412
300.484
300.56
300.638
300.719
300.803
300.891
300.981
301.075
301.172
301.273
301.377
301.485
301.597
301.713
301.834
301.959
302.088
302.222
302.362
302.506
302.656
302.812
302.974
303.142
303.318
303.5
303.69
303.887
304.093
304.308
304.532
304.766
305.01
305.266
305.532
305.811
306.103
306.407
306.726
307.06
307.408
307.773
308.154
308.552
308.967
309.401
309.853
310.324
310.814
311.323
311.852
312.4
312.969
313.556
314.163
314.788
315.431
316.092
316.77
317.464
318.172
318.895
319.629
320.375
321.131
321.895
322.666
323.443
324.223
325.005
325.788
326.57
327.35
328.126
300.029
300.087
300.148
300.211
300.277
300.345
300.416
300.489
300.566
300.645
300.727
300.813
300.901
300.993
301.089
301.187
301.29
301.396
301.506
301.62
301.738
301.86
301.987
302.119
302.255
302.396
302.543
302.695
302.852
303.016
303.186
303.362
303.545
303.736
303.934
304.14
304.354
304.577
304.81
305.052
305.304
305.567
305.841
306.127
306.425
306.736
307.06
307.398
307.749
308.116
308.498
308.895
309.308
309.737
310.183
310.645
311.124
311.619
312.131
312.66
313.205
313.765
314.342
314.933
315.539
316.158
316.79
317.434
318.089
318.753
319.427
320.108
320.796
321.489
322.186
322.886
323.587
324.289
324.99
325.688
326.384
300.029
300.088
300.149
300.213
300.28
300.349
300.421
300.495
300.573
300.653
300.737
300.824
300.914
301.007
301.105
301.205
301.31
301.418
301.53
301.646
301.766
301.891
302.02
302.154
302.293
302.437
302.585
302.739
302.899
303.065
303.236
303.414
303.599
303.79
303.989
304.195
304.409
304.631
304.862
305.102
305.351
305.61
305.879
306.159
306.45
306.753
307.067
307.394
307.733
308.085
308.451
308.83
309.222
309.629
310.05
310.485
310.934
311.397
311.874
312.365
312.869
313.386
313.917
314.459
315.013
315.578
316.153
316.738
317.332
317.933
318.541
319.155
319.774
320.397
321.024
321.652
322.281
322.91
323.538
324.165
324.788
300.029
300.089
300.151
300.216
300.283
300.353
300.426
300.502
300.581
300.663
300.748
300.837
300.928
301.024
301.123
301.226
301.332
301.443
301.558
301.676
301.799
301.927
302.059
302.195
302.337
302.483
302.634
302.791
302.953
303.121
303.295
303.474
303.66
303.853
304.052
304.259
304.473
304.694
304.924
305.161
305.408
305.663
305.928
306.202
306.486
306.78
307.085
307.401
307.727
308.065
308.415
308.776
309.149
309.533
309.93
310.339
310.759
311.192
311.635
312.091
312.557
313.034
313.521
314.019
314.525
315.04
315.564
316.095
316.633
317.177
317.726
318.28
318.838
319.399
319.962
320.526
321.091
321.656
322.22
322.782
323.342
300.03
300.09
300.153
300.219
300.287
300.359
300.433
300.51
300.59
300.674
300.761
300.851
300.945
301.043
301.144
301.249
301.359
301.472
301.589
301.711
301.837
301.968
302.103
302.243
302.387
302.537
302.691
302.851
303.016
303.186
303.362
303.544
303.732
303.926
304.127
304.334
304.548
304.769
304.997
305.233
305.477
305.729
305.989
306.257
306.535
306.821
307.117
307.422
307.736
308.06
308.394
308.738
309.092
309.456
309.83
310.214
310.607
311.011
311.424
311.846
312.277
312.716
313.164
313.62
314.084
314.554
315.031
315.513
316.001
316.494
316.99
317.49
317.993
318.499
319.005
319.513
320.021
320.529
321.036
321.541
322.044
300.03
300.092
300.156
300.223
300.292
300.365
300.44
300.519
300.601
300.686
300.775
300.868
300.964
301.064
301.169
301.277
301.389
301.505
301.626
301.751
301.881
302.015
302.154
302.297
302.445
302.598
302.757
302.92
303.088
303.262
303.441
303.625
303.816
304.012
304.214
304.422
304.637
304.858
305.085
305.32
305.561
305.81
306.066
306.329
306.6
306.879
307.166
307.461
307.764
308.075
308.395
308.722
309.058
309.403
309.755
310.116
310.485
310.862
311.246
311.637
312.036
312.442
312.854
313.273
313.697
314.127
314.561
315
315.443
315.89
316.34
316.792
317.247
317.703
318.16
318.617
319.075
319.532
319.988
320.443
320.896
300.031
300.093
300.159
300.227
300.298
300.372
300.449
300.529
300.613
300.701
300.792
300.887
300.986
301.089
301.197
301.308
301.424
301.544
301.668
301.797
301.931
302.069
302.212
302.36
302.512
302.67
302.832
302.999
303.171
303.349
303.532
303.719
303.913
304.111
304.316
304.526
304.741
304.963
305.19
305.424
305.664
305.91
306.162
306.421
306.686
306.959
307.237
307.523
307.816
308.115
308.421
308.734
309.054
309.38
309.713
310.053
310.399
310.751
311.109
311.474
311.843
312.218
312.598
312.983
313.372
313.766
314.163
314.563
314.967
315.373
315.781
316.191
316.602
317.015
317.428
317.841
318.254
318.666
319.077
319.487
319.896
300.031
300.095
300.162
300.231
300.304
300.379
300.458
300.541
300.627
300.717
300.811
300.909
301.011
301.118
301.229
301.344
301.464
301.588
301.717
301.85
301.989
302.132
302.279
302.432
302.589
302.752
302.919
303.091
303.268
303.45
303.637
303.829
304.026
304.228
304.435
304.647
304.865
305.087
305.315
305.549
305.788
306.032
306.282
306.537
306.798
307.064
307.336
307.613
307.897
308.185
308.479
308.779
309.084
309.395
309.71
310.031
310.356
310.687
311.022
311.361
311.705
312.053
312.405
312.76
313.118
313.479
313.843
314.209
314.577
314.947
315.319
315.692
316.065
316.439
316.813
317.187
317.56
317.933
318.305
318.675
319.044
300.032
300.097
300.165
300.236
300.311
300.388
300.469
300.554
300.643
300.736
300.833
300.934
301.04
301.15
301.265
301.385
301.509
301.638
301.772
301.911
302.054
302.203
302.356
302.515
302.678
302.846
303.019
303.196
303.379
303.566
303.758
303.955
304.157
304.363
304.574
304.789
305.01
305.235
305.464
305.698
305.937
306.181
306.429
306.681
306.939
307.2
307.467
307.737
308.013
308.292
308.576
308.864
309.156
309.453
309.753
310.057
310.365
310.676
310.991
311.309
311.629
311.953
312.28
312.608
312.939
313.272
313.607
313.943
314.281
314.619
314.958
315.298
315.638
315.978
316.318
316.657
316.996
317.334
317.67
318.005
318.339
300.033
300.1
300.169
300.242
300.318
300.398
300.482
300.57
300.661
300.757
300.858
300.963
301.073
301.188
301.307
301.432
301.561
301.696
301.835
301.98
302.13
302.285
302.445
302.61
302.78
302.954
303.134
303.318
303.507
303.701
303.899
304.102
304.309
304.52
304.736
304.956
305.18
305.408
305.64
305.876
306.116
306.36
306.608
306.859
307.114
307.373
307.635
307.901
308.17
308.442
308.717
308.996
309.277
309.561
309.849
310.139
310.431
310.726
311.023
311.322
311.623
311.926
312.23
312.536
312.844
313.152
313.461
313.771
314.082
314.393
314.704
315.015
315.325
315.636
315.945
316.254
316.562
316.869
317.175
317.479
317.781
300.034
300.102
300.174
300.249
300.327
300.41
300.496
300.587
300.682
300.782
300.886
300.996
301.11
301.23
301.355
301.485
301.62
301.761
301.908
302.059
302.216
302.379
302.546
302.718
302.896
303.079
303.266
303.458
303.655
303.856
304.061
304.271
304.485
304.703
304.925
305.15
305.38
305.612
305.848
306.088
306.33
306.576
306.825
307.076
307.331
307.588
307.847
308.109
308.374
308.64
308.909
309.18
309.453
309.728
310.004
310.282
310.562
310.843
311.125
311.408
311.692
311.977
312.263
312.55
312.836
313.123
313.411
313.698
313.985
314.272
314.559
314.844
315.13
315.414
315.697
315.98
316.261
316.54
316.818
317.095
317.37
300.035
300.105
300.179
300.256
300.337
300.423
300.512
300.606
300.705
300.809
300.918
301.033
301.152
301.278
301.409
301.546
301.688
301.836
301.99
302.15
302.315
302.485
302.662
302.843
303.029
303.221
303.417
303.619
303.824
304.034
304.249
304.467
304.689
304.915
305.144
305.377
305.612
305.851
306.093
306.337
306.584
306.833
307.084
307.338
307.593
307.85
308.109
308.37
308.632
308.895
309.159
309.424
309.691
309.958
310.226
310.495
310.764
311.034
311.303
311.573
311.844
312.114
312.384
312.654
312.923
313.192
313.461
313.728
313.995
314.262
314.527
314.791
315.054
315.315
315.576
315.835
316.092
316.348
316.602
316.854
317.104
300.036
300.108
300.185
300.265
300.349
300.437
300.53
300.628
300.731
300.84
300.954
301.074
301.2
301.332
301.47
301.614
301.765
301.921
302.084
302.252
302.427
302.607
302.793
302.985
303.182
303.384
303.591
303.802
304.019
304.239
304.464
304.692
304.924
305.159
305.398
305.639
305.883
306.13
306.378
306.629
306.882
307.136
307.392
307.649
307.908
308.167
308.427
308.688
308.949
309.211
309.473
309.735
309.997
310.259
310.521
310.783
311.044
311.305
311.565
311.824
312.083
312.341
312.598
312.854
313.109
313.362
313.615
313.866
314.116
314.364
314.611
314.856
315.1
315.342
315.582
315.821
316.057
316.292
316.525
316.755
316.984
300.037
300.112
300.191
300.274
300.361
300.453
300.55
300.653
300.761
300.875
300.995
301.121
301.254
301.393
301.539
301.692
301.851
302.017
302.19
302.369
302.554
302.745
302.943
303.146
303.355
303.569
303.788
304.012
304.241
304.473
304.71
304.95
305.194
305.44
305.69
305.942
306.196
306.452
306.71
306.969
307.23
307.491
307.754
308.017
308.28
308.543
308.806
309.07
309.333
309.595
309.857
310.118
310.378
310.637
310.895
311.152
311.407
311.662
311.914
312.166
312.415
312.664
312.91
313.155
313.397
313.638
313.877
314.115
314.35
314.583
314.814
315.043
315.27
315.495
315.718
315.939
316.157
316.373
316.587
316.799
317.008
300.038
300.116
300.198
300.285
300.375
300.471
300.573
300.68
300.794
300.914
301.04
301.174
301.314
301.462
301.617
301.779
301.949
302.125
302.309
302.5
302.697
302.901
303.112
303.329
303.551
303.779
304.012
304.25
304.493
304.74
304.99
305.244
305.501
305.762
306.024
306.289
306.555
306.823
307.092
307.362
307.632
307.903
308.174
308.444
308.714
308.984
309.253
309.52
309.787
310.052
310.316
310.578
310.838
311.096
311.353
311.607
311.859
312.109
312.357
312.602
312.845
313.086
313.324
313.56
313.793
314.023
314.251
314.477
314.7
314.92
315.138
315.353
315.566
315.776
315.984
316.189
316.391
316.591
316.789
316.984
317.176
300.04
300.121
300.206
300.296
300.391
300.491
300.598
300.71
300.83
300.956
301.09
301.232
301.381
301.538
301.703
301.876
302.057
302.246
302.442
302.646
302.858
303.076
303.302
303.533
303.771
304.015
304.264
304.518
304.777
305.04
305.307
305.577
305.85
306.125
306.403
306.682
306.963
307.245
307.527
307.81
308.092
308.374
308.655
308.936
309.215
309.493
309.769
310.043
310.316
310.586
310.853
311.118
311.381
311.641
311.897
312.151
312.402
312.65
312.895
313.136
313.375
313.61
313.842
314.071
314.297
314.519
314.738
314.954
315.167
315.377
315.584
315.788
315.988
316.186
316.381
316.572
316.761
316.947
317.131
317.311
317.489
300.041
300.126
300.215
300.308
300.407
300.513
300.624
300.743
300.869
301.003
301.145
301.295
301.454
301.622
301.798
301.983
302.177
302.379
302.59
302.809
303.036
303.27
303.512
303.761
304.017
304.278
304.545
304.818
305.095
305.376
305.661
305.949
306.24
306.533
306.828
307.124
307.422
307.719
308.017
308.314
308.611
308.906
309.2
309.492
309.783
310.071
310.356
310.639
310.919
311.196
311.47
311.74
312.007
312.27
312.529
312.785
313.036
313.284
313.528
313.768
314.004
314.236
314.464
314.688
314.908
315.125
315.337
315.546
315.751
315.953
316.151
316.345
316.536
316.724
316.908
317.088
317.266
317.44
317.611
317.78
317.945
300.043
300.131
300.223
300.321
300.425
300.535
300.653
300.778
300.911
301.053
301.203
301.363
301.532
301.711
301.9
302.098
302.306
302.523
302.75
302.985
303.229
303.482
303.742
304.01
304.285
304.567
304.854
305.146
305.444
305.745
306.05
306.359
306.67
306.983
307.297
307.612
307.928
308.243
308.558
308.872
309.184
309.495
309.803
310.109
310.413
310.713
311.01
311.303
311.592
311.878
312.159
312.436
312.709
312.977
313.241
313.5
313.755
314.004
314.249
314.49
314.725
314.956
315.182
315.404
315.621
315.834
316.042
316.246
316.446
316.642
316.833
317.02
317.204
317.383
317.559
317.731
317.9
318.065
318.226
318.385
318.539
300.045
300.136
300.232
300.334
300.443
300.558
300.681
300.813
300.954
301.104
301.264
301.434
301.614
301.805
302.007
302.219
302.442
302.675
302.919
303.172
303.435
303.707
303.987
304.276
304.572
304.875
305.184
305.498
305.817
306.14
306.467
306.797
307.129
307.462
307.797
308.132
308.467
308.802
309.135
309.467
309.797
310.124
310.449
310.77
311.088
311.401
311.711
312.016
312.317
312.613
312.904
313.19
313.47
313.746
314.016
314.28
314.54
314.793
315.042
315.284
315.522
315.754
315.981
316.202
316.418
316.63
316.836
317.037
317.234
317.425
317.613
317.795
317.974
318.147
318.317
318.483
318.645
318.802
318.956
319.107
319.254
300.046
300.141
300.241
300.347
300.459
300.58
300.709
300.847
300.995
301.153
301.322
301.503
301.694
301.898
302.113
302.34
302.578
302.828
303.089
303.362
303.644
303.936
304.237
304.546
304.863
305.187
305.517
305.853
306.194
306.539
306.888
307.239
307.593
307.947
308.303
308.659
309.014
309.368
309.721
310.071
310.419
310.763
311.104
311.442
311.775
312.103
312.427
312.745
313.058
313.366
313.668
313.964
314.254
314.538
314.816
315.087
315.353
315.612
315.865
316.113
316.354
316.588
316.817
317.041
317.258
317.469
317.675
317.876
318.071
318.261
318.445
318.625
318.8
318.97
319.135
319.296
319.452
319.604
319.752
319.896
320.036
300.047
300.145
300.248
300.357
300.474
300.599
300.733
300.877
301.031
301.197
301.374
301.563
301.765
301.98
302.208
302.448
302.702
302.968
303.245
303.534
303.833
304.143
304.462
304.79
305.127
305.47
305.821
306.177
306.538
306.903
307.272
307.644
308.017
308.392
308.767
309.141
309.515
309.888
310.258
310.626
310.99
311.351
311.708
312.061
312.408
312.751
313.088
313.419
313.745
314.064
314.377
314.683
314.983
315.276
315.562
315.842
316.114
316.38
316.639
316.891
317.136
317.375
317.607
317.832
318.051
318.264
318.47
318.67
318.865
319.053
319.236
319.414
319.586
319.752
319.914
320.071
320.223
320.37
320.512
320.651
320.785
300.048
300.147
300.252
300.364
300.483
300.611
300.748
300.895
301.054
301.224
301.407
301.603
301.812
302.035
302.272
302.523
302.786
303.062
303.351
303.651
303.963
304.285
304.618
304.959
305.31
305.668
306.033
306.404
306.78
307.16
307.543
307.929
308.317
308.706
309.095
309.483
309.871
310.256
310.64
311.02
311.397
311.77
312.139
312.503
312.862
313.215
313.563
313.905
314.24
314.569
314.891
315.207
315.515
315.816
316.109
316.395
316.674
316.945
317.209
317.465
317.714
317.955
318.19
318.417
318.637
318.85
319.057
319.257
319.45
319.638
319.819
319.994
320.163
320.327
320.485
320.638
320.786
320.929
321.067
321.201
321.33
389.018
397.025
403.752
409.608
414.796
419.425
423.557
427.229
430.454
433.236
435.562
437.411
438.748
439.527
439.681
439.12
437.715
435.27
431.457
425.616
416.104
409.607
404.584
400.434
396.866
393.719
390.891
388.312
385.934
383.719
381.639
379.672
377.801
376.01
374.289
372.626
371.015
369.447
367.916
366.419
364.95
363.506
362.083
360.68
359.294
357.924
356.567
355.222
353.889
352.566
351.252
349.947
348.649
347.359
346.076
344.8
343.53
342.267
341.012
339.764
338.525
337.296
336.078
334.872
333.679
332.502
331.341
330.199
329.076
327.976
326.898
325.845
324.819
323.82
322.85
321.909
320.999
320.121
319.275
318.461
317.68
316.931
316.215
315.532
314.88
314.26
313.67
313.11
312.579
312.075
311.599
311.148
310.722
310.319
309.938
309.578
309.237
308.914
308.609
308.32
308.045
307.784
307.535
307.298
307.072
306.855
306.647
306.448
306.255
306.069
305.89
305.715
305.546
305.381
305.22
305.063
304.909
304.758
304.61
304.465
304.322
304.181
304.043
303.906
303.772
303.639
303.509
303.38
303.254
303.129
303.007
302.886
302.768
302.651
302.537
302.425
302.316
302.209
302.104
302.002
301.903
301.806
301.712
301.62
301.531
301.446
301.363
301.282
301.205
301.131
301.06
300.991
300.926
300.863
300.803
300.746
300.692
300.641
300.592
300.546
300.503
384.264
391.233
397.494
403.109
408.156
412.699
416.777
420.414
423.62
426.392
428.718
430.576
431.932
432.74
432.939
432.445
431.148
428.89
425.458
420.582
414.219
408.69
404.045
400.075
396.609
393.526
390.741
388.193
385.837
383.639
381.573
379.617
377.754
375.971
374.255
372.597
370.99
369.425
367.897
366.402
364.935
363.493
362.072
360.67
359.285
357.915
356.559
355.215
353.882
352.56
351.246
349.942
348.645
347.355
346.072
344.796
343.526
342.263
341.008
339.76
338.521
337.292
336.073
334.867
333.674
332.497
331.336
330.193
329.071
327.97
326.892
325.839
324.813
323.814
322.844
321.903
320.993
320.115
319.269
318.455
317.674
316.926
316.21
315.527
314.875
314.255
313.666
313.106
312.575
312.072
311.596
311.145
310.719
310.316
309.936
309.576
309.235
308.913
308.608
308.318
308.044
307.783
307.534
307.298
307.071
306.855
306.647
306.447
306.255
306.069
305.89
305.715
305.546
305.381
305.22
305.063
304.909
304.759
304.611
304.465
304.322
304.182
304.043
303.907
303.772
303.64
303.509
303.381
303.254
303.13
303.007
302.887
302.768
302.652
302.538
302.426
302.316
302.209
302.105
302.003
301.903
301.806
301.712
301.62
301.532
301.446
301.363
301.283
301.205
301.131
301.06
300.991
300.926
300.863
300.803
300.746
300.692
300.641
300.592
300.546
300.503
380.155
386.129
391.761
396.976
401.762
406.129
410.087
413.642
416.796
419.539
421.857
423.726
425.113
425.976
426.26
425.897
424.8
422.869
419.999
416.145
411.525
407.032
402.956
399.314
396.051
393.101
390.408
387.927
385.621
383.462
381.426
379.494
377.651
375.884
374.181
372.534
370.935
369.378
367.857
366.367
364.904
363.465
362.048
360.649
359.266
357.898
356.543
355.201
353.87
352.548
351.236
349.932
348.635
347.346
346.063
344.787
343.518
342.255
340.999
339.752
338.512
337.283
336.064
334.857
333.664
332.486
331.325
330.182
329.059
327.958
326.88
325.827
324.8
323.801
322.831
321.89
320.981
320.103
319.257
318.443
317.663
316.915
316.2
315.517
314.866
314.246
313.657
313.098
312.568
312.065
311.59
311.14
310.714
310.312
309.931
309.572
309.232
308.91
308.605
308.316
308.042
307.781
307.533
307.297
307.071
306.854
306.647
306.447
306.255
306.07
305.89
305.716
305.547
305.382
305.221
305.064
304.91
304.76
304.612
304.466
304.324
304.183
304.044
303.908
303.774
303.641
303.511
303.382
303.256
303.131
303.008
302.888
302.769
302.653
302.539
302.427
302.318
302.21
302.106
302.004
301.904
301.807
301.713
301.621
301.532
301.447
301.364
301.283
301.206
301.132
301.06
300.992
300.926
300.864
300.804
300.747
300.693
300.641
300.593
300.547
300.503
376.295
381.457
386.464
391.217
395.666
399.787
403.567
406.996
410.063
412.753
415.048
416.923
418.348
419.283
419.684
419.498
418.665
417.13
414.858
411.886
408.406
404.817
401.363
398.139
395.159
392.408
389.858
387.484
385.26
383.165
381.179
379.288
377.478
375.737
374.057
372.429
370.845
369.301
367.79
366.31
364.855
363.422
362.01
360.615
359.236
357.872
356.52
355.18
353.85
352.531
351.22
349.917
348.621
347.333
346.05
344.775
343.505
342.242
340.986
339.738
338.499
337.268
336.049
334.842
333.648
332.469
331.307
330.164
329.04
327.939
326.86
325.807
324.78
323.781
322.811
321.871
320.962
320.084
319.239
318.426
317.646
316.898
316.184
315.502
314.852
314.233
313.645
313.086
312.557
312.055
311.581
311.132
310.707
310.305
309.926
309.567
309.227
308.906
308.602
308.314
308.04
307.78
307.532
307.296
307.071
306.855
306.647
306.448
306.256
306.071
305.892
305.718
305.549
305.384
305.224
305.067
304.913
304.762
304.614
304.469
304.326
304.186
304.047
303.911
303.776
303.644
303.514
303.385
303.258
303.134
303.011
302.89
302.772
302.655
302.541
302.429
302.32
302.212
302.108
302.005
301.906
301.809
301.714
301.623
301.534
301.448
301.365
301.285
301.207
301.133
301.061
300.993
300.927
300.864
300.804
300.747
300.693
300.642
300.593
300.547
300.504
372.564
377.068
381.506
385.795
389.876
393.71
397.27
400.534
403.483
406.096
408.351
410.224
411.686
412.703
413.239
413.255
412.714
411.589
409.881
407.641
405.003
402.174
399.325
396.556
393.915
391.417
389.059
386.833
384.724
382.72
380.809
378.977
377.217
375.517
373.871
372.271
370.712
369.188
367.694
366.227
364.783
363.361
361.957
360.569
359.196
357.836
356.488
355.151
353.825
352.507
351.198
349.897
348.602
347.315
346.033
344.758
343.488
342.225
340.969
339.72
338.479
337.248
336.028
334.82
333.625
332.445
331.283
330.138
329.014
327.912
326.834
325.78
324.753
323.754
322.784
321.844
320.936
320.059
319.214
318.402
317.623
316.877
316.164
315.483
314.834
314.216
313.629
313.072
312.544
312.044
311.57
311.122
310.698
310.298
309.919
309.562
309.223
308.903
308.599
308.312
308.039
307.779
307.532
307.297
307.072
306.856
306.65
306.451
306.259
306.074
305.895
305.722
305.553
305.388
305.228
305.071
304.917
304.767
304.619
304.474
304.331
304.19
304.052
303.916
303.781
303.649
303.518
303.389
303.263
303.138
303.015
302.894
302.776
302.659
302.545
302.433
302.323
302.216
302.111
302.008
301.908
301.811
301.717
301.625
301.536
301.45
301.367
301.286
301.209
301.134
301.063
300.994
300.928
300.866
300.806
300.748
300.694
300.643
300.594
300.548
300.504
368.924
372.882
376.818
380.669
384.379
387.909
391.224
394.297
397.102
399.617
401.816
403.676
405.169
406.268
406.942
407.166
406.916
406.183
404.977
403.344
401.374
399.186
396.895
394.586
392.314
390.108
387.983
385.942
383.983
382.1
380.288
378.539
376.847
375.205
373.607
372.048
370.523
369.028
367.558
366.112
364.686
363.277
361.885
360.507
359.142
357.789
356.447
355.115
353.792
352.477
351.171
349.871
348.579
347.292
346.011
344.736
343.466
342.203
340.946
339.696
338.455
337.223
336.001
334.792
333.596
332.415
331.251
330.106
328.982
327.879
326.8
325.746
324.72
323.721
322.751
321.812
320.904
320.028
319.185
318.374
317.596
316.852
316.14
315.46
314.813
314.197
313.612
313.056
312.53
312.031
311.559
311.112
310.69
310.291
309.914
309.557
309.22
308.9
308.598
308.311
308.039
307.781
307.534
307.3
307.075
306.86
306.654
306.456
306.265
306.08
305.901
305.728
305.559
305.395
305.235
305.078
304.925
304.774
304.627
304.481
304.338
304.198
304.059
303.923
303.788
303.656
303.525
303.396
303.269
303.144
303.021
302.9
302.781
302.665
302.55
302.438
302.328
302.22
302.115
302.012
301.912
301.815
301.72
301.628
301.539
301.453
301.369
301.289
301.211
301.137
301.065
300.996
300.93
300.867
300.807
300.75
300.695
300.644
300.595
300.549
300.505
365.363
368.859
372.355
375.803
379.159
382.384
385.444
388.31
390.955
393.354
395.483
397.317
398.832
400.003
400.809
401.23
401.251
400.87
400.1
398.976
397.555
395.912
394.125
392.258
390.363
388.473
386.61
384.786
383.007
381.275
379.589
377.946
376.343
374.777
373.244
371.74
370.262
368.807
367.372
365.955
364.554
363.166
361.791
360.426
359.073
357.729
356.395
355.069
353.751
352.441
351.137
349.841
348.55
347.264
345.984
344.709
343.44
342.176
340.918
339.667
338.425
337.191
335.969
334.758
333.561
332.379
331.214
330.068
328.943
327.84
326.76
325.707
324.68
323.682
322.713
321.775
320.868
319.994
319.152
318.343
317.567
316.824
316.114
315.436
314.791
314.177
313.594
313.04
312.516
312.019
311.549
311.104
310.683
310.286
309.91
309.555
309.219
308.901
308.599
308.314
308.043
307.785
307.54
307.306
307.082
306.868
306.662
306.464
306.274
306.089
305.911
305.738
305.57
305.406
305.246
305.089
304.936
304.785
304.637
304.492
304.349
304.209
304.07
303.933
303.798
303.666
303.535
303.406
303.278
303.153
303.03
302.909
302.789
302.672
302.558
302.445
302.335
302.227
302.121
302.018
301.918
301.82
301.725
301.633
301.544
301.457
301.373
301.292
301.215
301.14
301.068
300.999
300.933
300.869
300.809
300.752
300.697
300.645
300.596
300.55
300.506
361.881
364.979
368.089
371.174
374.198
377.129
379.935
382.589
385.064
387.336
389.381
391.177
392.701
393.932
394.853
395.449
395.71
395.636
395.237
394.538
393.575
392.399
391.06
389.607
388.08
386.514
384.93
383.347
381.774
380.218
378.683
377.17
375.679
374.209
372.759
371.327
369.911
368.509
367.121
365.743
364.375
363.016
361.665
360.322
358.985
357.654
356.33
355.012
353.701
352.396
351.097
349.803
348.515
347.231
345.952
344.678
343.408
342.144
340.886
339.634
338.39
337.155
335.931
334.719
333.521
332.337
331.172
330.025
328.899
327.796
326.717
325.663
324.637
323.64
322.672
321.735
320.83
319.957
319.117
318.31
317.536
316.796
316.088
315.413
314.77
314.158
313.577
313.026
312.504
312.009
311.541
311.098
310.679
310.283
309.909
309.556
309.221
308.905
308.605
308.32
308.05
307.794
307.549
307.316
307.093
306.879
306.674
306.477
306.287
306.103
305.925
305.753
305.585
305.421
305.261
305.104
304.951
304.801
304.653
304.507
304.364
304.223
304.085
303.948
303.813
303.679
303.548
303.419
303.291
303.166
303.042
302.92
302.8
302.683
302.568
302.455
302.344
302.235
302.129
302.026
301.925
301.827
301.732
301.639
301.549
301.462
301.378
301.297
301.219
301.144
301.071
301.002
300.936
300.872
300.812
300.754
300.699
300.648
300.598
300.552
300.508
358.483
361.235
364.005
366.763
369.483
372.137
374.698
377.142
379.445
381.583
383.535
385.28
386.798
388.072
389.087
389.83
390.294
390.479
390.391
390.046
389.469
388.691
387.746
386.67
385.494
384.246
382.948
381.619
380.269
378.91
377.548
376.186
374.828
373.474
372.126
370.784
369.446
368.113
366.784
365.458
364.136
362.816
361.498
360.182
358.869
357.557
356.248
354.942
353.64
352.342
351.049
349.759
348.474
347.193
345.915
344.642
343.373
342.108
340.849
339.597
338.352
337.116
335.89
334.677
333.477
332.293
331.127
329.979
328.853
327.75
326.671
325.618
324.593
323.597
322.631
321.696
320.792
319.922
319.084
318.279
317.508
316.77
316.065
315.392
314.752
314.143
313.565
313.016
312.496
312.003
311.537
311.097
310.68
310.286
309.914
309.562
309.229
308.914
308.615
308.332
308.063
307.808
307.564
307.332
307.11
306.897
306.693
306.496
306.306
306.123
305.946
305.773
305.605
305.442
305.282
305.125
304.972
304.821
304.673
304.528
304.385
304.243
304.104
303.967
303.831
303.698
303.566
303.436
303.308
303.182
303.057
302.935
302.815
302.697
302.581
302.467
302.356
302.247
302.14
302.036
301.935
301.836
301.74
301.647
301.557
301.469
301.385
301.303
301.225
301.149
301.076
301.007
300.94
300.876
300.815
300.757
300.702
300.65
300.601
300.554
300.51
355.176
357.626
360.094
362.56
365.004
367.401
369.732
371.973
374.105
376.106
377.958
379.642
381.141
382.439
383.523
384.383
385.013
385.41
385.578
385.526
385.27
384.83
384.229
383.49
382.638
381.694
380.678
379.606
378.49
377.342
376.168
374.975
373.768
372.55
371.322
370.086
368.844
367.596
366.341
365.082
363.817
362.547
361.273
359.995
358.713
357.429
356.142
354.854
353.566
352.277
350.991
349.708
348.427
347.149
345.874
344.602
343.334
342.07
340.81
339.557
338.312
337.075
335.848
334.634
333.434
332.249
331.082
329.934
328.808
327.705
326.627
325.575
324.551
323.557
322.592
321.659
320.758
319.89
319.055
318.253
317.484
316.749
316.047
315.377
314.74
314.134
313.558
313.012
312.494
312.004
311.541
311.102
310.687
310.296
309.925
309.575
309.244
308.93
308.633
308.351
308.083
307.829
307.586
307.355
307.134
306.922
306.718
306.522
306.333
306.15
305.973
305.8
305.633
305.469
305.309
305.153
304.999
304.849
304.7
304.555
304.411
304.269
304.13
303.992
303.856
303.721
303.589
303.458
303.33
303.203
303.078
302.955
302.834
302.715
302.598
302.483
302.371
302.261
302.154
302.049
301.947
301.848
301.751
301.657
301.566
301.478
301.393
301.311
301.232
301.155
301.082
301.012
300.945
300.881
300.82
300.761
300.706
300.653
300.604
300.557
300.512
351.97
354.152
356.354
358.56
360.753
362.917
365.032
367.082
369.048
370.913
372.661
374.275
375.741
377.044
378.174
379.122
379.88
380.445
380.82
381.007
381.017
380.861
380.554
380.112
379.553
378.892
378.145
377.325
376.444
375.512
374.537
373.526
372.485
371.416
370.325
369.213
368.082
366.934
365.77
364.591
363.398
362.192
360.974
359.745
358.505
357.257
356
354.737
353.469
352.197
350.922
349.647
348.372
347.099
345.828
344.559
343.292
342.029
340.771
339.518
338.272
337.035
335.808
334.593
333.392
332.207
331.04
329.893
328.767
327.665
326.588
325.538
324.516
323.523
322.561
321.63
320.732
319.866
319.034
318.235
317.469
316.737
316.038
315.371
314.736
314.133
313.56
313.017
312.502
312.014
311.553
311.116
310.704
310.314
309.945
309.597
309.267
308.955
308.659
308.379
308.112
307.859
307.617
307.387
307.166
306.955
306.752
306.556
306.368
306.185
306.008
305.836
305.669
305.505
305.345
305.188
305.035
304.884
304.735
304.589
304.445
304.302
304.162
304.023
303.887
303.752
303.618
303.487
303.357
303.229
303.103
302.979
302.857
302.737
302.619
302.504
302.39
302.28
302.171
302.066
301.963
301.862
301.765
301.67
301.578
301.489
301.403
301.32
301.24
301.163
301.09
301.019
300.951
300.886
300.825
300.766
300.71
300.657
300.607
300.56
300.515
348.873
350.818
352.784
354.758
356.726
358.677
360.595
362.465
364.273
366.006
367.647
369.185
370.606
371.898
373.052
374.058
374.911
375.606
376.142
376.521
376.746
376.826
376.768
376.583
376.282
375.877
375.379
374.799
374.147
373.43
372.658
371.836
370.969
370.063
369.121
368.146
367.141
366.108
365.048
363.965
362.858
361.729
360.58
359.412
358.227
357.025
355.809
354.58
353.341
352.092
350.835
349.574
348.309
347.043
345.777
344.512
343.249
341.989
340.732
339.481
338.236
336.999
335.773
334.558
333.358
332.173
331.007
329.86
328.736
327.635
326.559
325.511
324.49
323.5
322.54
321.612
320.717
319.854
319.024
318.228
317.466
316.736
316.04
315.376
314.745
314.144
313.574
313.033
312.52
312.035
311.576
311.142
310.731
310.343
309.976
309.629
309.301
308.99
308.696
308.417
308.151
307.899
307.658
307.429
307.209
306.998
306.796
306.601
306.412
306.23
306.053
305.882
305.714
305.55
305.39
305.233
305.079
304.928
304.779
304.632
304.487
304.344
304.203
304.063
303.925
303.789
303.655
303.522
303.391
303.262
303.135
303.009
302.886
302.765
302.646
302.529
302.414
302.302
302.193
302.086
301.981
301.88
301.781
301.685
301.592
301.503
301.416
301.332
301.251
301.173
301.099
301.027
300.959
300.893
300.831
300.772
300.715
300.662
300.612
300.564
300.519
345.894
347.63
349.385
351.152
352.92
354.678
356.414
358.119
359.778
361.382
362.918
364.374
365.741
367.007
368.164
369.204
370.121
370.911
371.57
372.097
372.495
372.766
372.914
372.947
372.87
372.692
372.42
372.062
371.626
371.118
370.544
369.911
369.224
368.486
367.702
366.874
366.006
365.1
364.159
363.183
362.176
361.138
360.071
358.977
357.858
356.716
355.552
354.368
353.166
351.95
350.72
349.48
348.232
346.977
345.72
344.462
343.205
341.949
340.696
339.447
338.205
336.97
335.745
334.532
333.333
332.15
330.985
329.84
328.717
327.618
326.544
325.498
324.48
323.492
322.535
321.61
320.717
319.857
319.03
318.237
317.478
316.751
316.058
315.397
314.768
314.169
313.602
313.063
312.553
312.07
311.612
311.18
310.771
310.385
310.02
309.675
309.348
309.038
308.745
308.467
308.203
307.951
307.711
307.483
307.264
307.053
306.851
306.657
306.469
306.287
306.11
305.938
305.771
305.607
305.447
305.289
305.135
304.983
304.833
304.685
304.539
304.395
304.253
304.112
303.973
303.836
303.7
303.566
303.433
303.302
303.174
303.047
302.922
302.799
302.678
302.56
302.444
302.33
302.219
302.11
302.005
301.902
301.801
301.704
301.61
301.519
301.431
301.346
301.264
301.185
301.11
301.037
300.968
300.902
300.839
300.779
300.722
300.668
300.617
300.569
300.523
343.041
344.591
346.16
347.742
349.33
350.914
352.486
354.037
355.558
357.039
358.47
359.843
361.147
362.375
363.519
364.572
365.527
366.38
367.128
367.767
368.298
368.721
369.037
369.25
369.363
369.381
369.309
369.151
368.913
368.601
368.218
367.769
367.259
366.691
366.068
365.394
364.671
363.901
363.087
362.231
361.335
360.4
359.428
358.421
357.382
356.31
355.21
354.083
352.931
351.757
350.564
349.354
348.131
346.896
345.654
344.407
343.158
341.91
340.663
339.42
338.182
336.951
335.729
334.519
333.323
332.142
330.979
329.837
328.716
327.62
326.549
325.505
324.49
323.504
322.55
321.627
320.737
319.88
319.056
318.266
317.509
316.785
316.094
315.435
314.808
314.212
313.647
313.11
312.602
312.12
311.665
311.235
310.827
310.443
310.079
309.735
309.409
309.101
308.809
308.532
308.268
308.018
307.779
307.551
307.332
307.123
306.921
306.727
306.539
306.357
306.181
306.009
305.841
305.677
305.516
305.358
305.203
305.05
304.899
304.75
304.603
304.458
304.314
304.172
304.031
303.892
303.755
303.619
303.484
303.352
303.221
303.092
302.965
302.84
302.717
302.597
302.479
302.363
302.25
302.14
302.032
301.928
301.826
301.727
301.631
301.539
301.449
301.363
301.279
301.199
301.123
301.049
300.979
300.912
300.848
300.787
300.729
300.675
300.623
300.574
300.528
340.321
341.706
343.11
344.528
345.954
347.381
348.804
350.215
351.606
352.971
354.3
355.587
356.825
358.006
359.123
360.17
361.141
362.032
362.839
363.558
364.188
364.728
365.176
365.535
365.805
365.988
366.088
366.106
366.046
365.912
365.706
365.432
365.092
364.69
364.228
363.709
363.134
362.507
361.828
361.099
360.324
359.502
358.636
357.727
356.778
355.791
354.767
353.708
352.618
351.498
350.353
349.184
347.995
346.789
345.571
344.343
343.108
341.871
340.633
339.398
338.167
336.943
335.727
334.521
333.329
332.153
330.994
329.855
328.737
327.644
326.576
325.535
324.523
323.54
322.588
321.668
320.781
319.926
319.105
318.317
317.562
316.84
316.151
315.495
314.87
314.276
313.712
313.177
312.67
312.19
311.737
311.307
310.902
310.518
310.155
309.812
309.488
309.181
308.89
308.613
308.351
308.101
307.863
307.635
307.417
307.208
307.007
306.813
306.625
306.443
306.267
306.094
305.926
305.762
305.6
305.441
305.285
305.131
304.979
304.829
304.681
304.534
304.388
304.244
304.102
303.96
303.821
303.683
303.546
303.411
303.278
303.147
303.017
302.89
302.765
302.642
302.522
302.404
302.288
302.176
302.066
301.959
301.855
301.754
301.657
301.562
301.471
301.383
301.298
301.216
301.138
301.063
300.992
300.923
300.858
300.797
300.738
300.682
300.63
300.58
300.534
337.741
338.979
340.236
341.507
342.789
344.076
345.363
346.645
347.917
349.171
350.403
351.605
352.772
353.898
354.978
356.005
356.974
357.881
358.723
359.495
360.194
360.819
361.369
361.842
362.237
362.557
362.8
362.969
363.065
363.089
363.044
362.93
362.75
362.506
362.2
361.832
361.405
360.921
360.38
359.784
359.135
358.434
357.683
356.882
356.034
355.141
354.204
353.226
352.209
351.156
350.07
348.953
347.81
346.644
345.459
344.259
343.047
341.828
340.605
339.382
338.162
336.947
335.739
334.541
333.356
332.185
331.031
329.897
328.784
327.694
326.63
325.592
324.583
323.603
322.655
321.737
320.852
320
319.18
318.394
317.641
316.921
316.234
315.579
314.956
314.363
313.8
313.267
312.761
312.282
311.829
311.401
310.996
310.614
310.252
309.91
309.586
309.28
308.99
308.714
308.452
308.203
307.965
307.738
307.521
307.312
307.111
306.917
306.73
306.548
306.371
306.198
306.03
305.864
305.702
305.542
305.385
305.23
305.076
304.924
304.774
304.625
304.477
304.331
304.186
304.043
303.9
303.76
303.62
303.483
303.347
303.212
303.08
302.95
302.822
302.696
302.573
302.452
302.334
302.218
302.106
301.996
301.89
301.787
301.687
301.59
301.497
301.406
301.32
301.236
301.157
301.08
301.007
300.937
300.871
300.808
300.748
300.692
300.638
300.588
300.541
335.306
336.414
337.539
338.68
339.832
340.993
342.158
343.322
344.483
345.634
346.772
347.89
348.986
350.052
351.086
352.081
353.034
353.94
354.796
355.597
356.341
357.026
357.648
358.207
358.7
359.128
359.489
359.783
360.011
360.172
360.267
360.297
360.263
360.165
360.005
359.782
359.498
359.155
358.751
358.29
357.77
357.195
356.563
355.878
355.14
354.35
353.511
352.623
351.691
350.716
349.7
348.648
347.562
346.446
345.306
344.144
342.965
341.773
340.573
339.368
338.163
336.962
335.766
334.579
333.402
332.24
331.093
329.965
328.858
327.773
326.713
325.68
324.674
323.698
322.752
321.837
320.954
320.104
319.286
318.502
317.75
317.031
316.345
315.691
315.069
314.477
313.915
313.382
312.877
312.399
311.947
311.519
311.115
310.733
310.372
310.031
309.708
309.402
309.112
308.837
308.576
308.327
308.09
307.863
307.646
307.437
307.237
307.043
306.855
306.673
306.496
306.323
306.153
305.987
305.824
305.663
305.504
305.347
305.192
305.038
304.886
304.734
304.584
304.435
304.287
304.141
303.996
303.851
303.709
303.568
303.428
303.291
303.155
303.021
302.889
302.76
302.633
302.509
302.388
302.269
302.153
302.041
301.931
301.825
301.722
301.623
301.527
301.435
301.346
301.26
301.178
301.1
301.025
300.954
300.886
300.821
300.76
300.703
300.648
300.597
300.548
333.02
334.012
335.021
336.045
337.081
338.128
339.182
340.239
341.297
342.352
343.4
344.438
345.461
346.465
347.447
348.402
349.327
350.218
351.072
351.884
352.652
353.373
354.044
354.664
355.229
355.739
356.193
356.588
356.924
357.2
357.416
357.571
357.666
357.7
357.673
357.585
357.436
357.226
356.956
356.626
356.236
355.787
355.279
354.713
354.089
353.41
352.676
351.889
351.05
350.163
349.229
348.252
347.235
346.182
345.097
343.985
342.849
341.695
340.528
339.35
338.167
336.984
335.805
334.632
333.469
332.317
331.18
330.061
328.961
327.883
326.829
325.8
324.799
323.826
322.883
321.971
321.09
320.242
319.425
318.642
317.892
317.174
316.488
315.835
315.212
314.621
314.059
313.527
313.022
312.544
312.092
311.665
311.261
310.88
310.519
310.178
309.855
309.55
309.26
308.986
308.725
308.476
308.239
308.013
307.796
307.588
307.387
307.193
307.005
306.823
306.645
306.471
306.301
306.134
305.969
305.807
305.646
305.487
305.33
305.173
305.018
304.864
304.711
304.559
304.408
304.258
304.108
303.961
303.814
303.669
303.525
303.383
303.243
303.106
302.97
302.836
302.705
302.577
302.452
302.329
302.21
302.093
301.98
301.871
301.765
301.662
301.563
301.468
301.376
301.288
301.204
301.123
301.046
300.973
300.903
300.837
300.775
300.716
300.66
300.607
300.558
330.886
331.775
332.68
333.6
334.533
335.477
336.43
337.39
338.354
339.319
340.282
341.241
342.193
343.134
344.06
344.97
345.858
346.723
347.561
348.369
349.143
349.882
350.582
351.241
351.856
352.426
352.948
353.421
353.843
354.213
354.529
354.79
354.996
355.145
355.236
355.27
355.245
355.16
355.016
354.812
354.547
354.222
353.837
353.391
352.885
352.32
351.697
351.016
350.279
349.489
348.646
347.755
346.818
345.838
344.82
343.768
342.687
341.581
340.456
339.316
338.166
337.009
335.852
334.698
333.552
332.415
331.292
330.184
329.094
328.024
326.977
325.955
324.958
323.99
323.05
322.141
321.263
320.416
319.601
318.819
318.069
317.351
316.666
316.013
315.39
314.799
314.237
313.704
313.199
312.721
312.269
311.842
311.438
311.056
310.696
310.355
310.032
309.727
309.438
309.163
308.903
308.655
308.418
308.192
307.975
307.766
307.566
307.372
307.184
307.001
306.822
306.648
306.476
306.308
306.141
305.977
305.814
305.653
305.493
305.334
305.176
305.018
304.861
304.705
304.55
304.396
304.242
304.09
303.938
303.788
303.64
303.493
303.348
303.205
303.065
302.926
302.79
302.657
302.527
302.4
302.276
302.155
302.038
301.924
301.814
301.708
301.605
301.507
301.412
301.321
301.234
301.15
301.071
300.995
300.923
300.855
300.791
300.73
300.673
300.619
300.568
328.907
329.704
330.516
331.343
332.183
333.035
333.897
334.767
335.645
336.526
337.41
338.295
339.176
340.053
340.923
341.782
342.628
343.459
344.271
345.062
345.83
346.57
347.282
347.962
348.608
349.217
349.788
350.318
350.805
351.247
351.643
351.991
352.289
352.536
352.73
352.871
352.956
352.985
352.956
352.869
352.723
352.517
352.25
351.923
351.535
351.085
350.575
350.004
349.375
348.687
347.944
347.147
346.298
345.402
344.462
343.481
342.465
341.418
340.346
339.253
338.145
337.025
335.9
334.771
333.647
332.53
331.424
330.331
329.254
328.195
327.158
326.143
325.154
324.191
323.255
322.35
321.474
320.629
319.816
319.034
318.285
317.568
316.883
316.229
315.606
315.014
314.452
313.918
313.413
312.934
312.482
312.054
311.649
311.267
310.906
310.565
310.243
309.938
309.648
309.374
309.114
308.866
308.629
308.403
308.186
307.978
307.777
307.582
307.394
307.21
307.031
306.855
306.683
306.512
306.344
306.178
306.013
305.849
305.685
305.523
305.361
305.199
305.038
304.878
304.718
304.558
304.4
304.242
304.085
303.929
303.775
303.623
303.472
303.323
303.176
303.032
302.891
302.752
302.616
302.483
302.354
302.228
302.106
301.987
301.873
301.762
301.655
301.552
301.454
301.359
301.268
301.182
301.1
301.021
300.947
300.877
300.81
300.748
300.688
300.633
300.58
327.084
327.799
328.528
329.272
330.029
330.797
331.577
332.366
333.164
333.969
334.778
335.591
336.406
337.22
338.031
338.838
339.638
340.429
341.208
341.973
342.723
343.453
344.162
344.848
345.508
346.139
346.741
347.309
347.842
348.338
348.795
349.211
349.583
349.91
350.19
350.421
350.602
350.731
350.805
350.825
350.788
350.693
350.539
350.325
350.05
349.714
349.317
348.858
348.338
347.757
347.118
346.421
345.669
344.865
344.011
343.112
342.171
341.194
340.185
339.15
338.093
337.02
335.935
334.843
333.748
332.657
331.572
330.498
329.438
328.394
327.369
326.365
325.384
324.428
323.499
322.597
321.725
320.883
320.072
319.292
318.543
317.826
317.14
316.486
315.863
315.27
314.707
314.172
313.666
313.187
312.733
312.305
311.9
311.517
311.156
310.814
310.491
310.186
309.897
309.622
309.362
309.114
308.877
308.651
308.434
308.226
308.025
307.83
307.641
307.457
307.276
307.099
306.925
306.753
306.583
306.414
306.246
306.078
305.911
305.745
305.579
305.412
305.246
305.08
304.915
304.749
304.585
304.42
304.257
304.095
303.934
303.774
303.617
303.461
303.307
303.156
303.008
302.862
302.72
302.581
302.445
302.313
302.185
302.061
301.941
301.825
301.713
301.606
301.503
301.404
301.309
301.219
301.133
301.052
300.975
300.902
300.833
300.768
300.706
300.649
300.594
325.417
326.059
326.715
327.384
328.066
328.759
329.465
330.18
330.905
331.638
332.378
333.124
333.874
334.627
335.381
336.134
336.886
337.633
338.374
339.107
339.829
340.54
341.236
341.915
342.575
343.215
343.831
344.421
344.984
345.516
346.017
346.482
346.911
347.302
347.651
347.957
348.218
348.431
348.596
348.709
348.769
348.775
348.725
348.617
348.45
348.223
347.935
347.586
347.175
346.703
346.17
345.578
344.927
344.221
343.461
342.651
341.795
340.897
339.961
338.993
337.998
336.98
335.946
334.899
333.844
332.787
331.73
330.681
329.642
328.617
327.607
326.617
325.648
324.701
323.78
322.885
322.018
321.179
320.371
319.593
318.845
318.129
317.443
316.789
316.165
315.571
315.007
314.471
313.964
313.483
313.029
312.599
312.193
311.81
311.448
311.106
310.783
310.477
310.187
309.913
309.652
309.404
309.168
308.941
308.724
308.516
308.314
308.119
307.93
307.745
307.563
307.385
307.209
307.035
306.862
306.69
306.518
306.347
306.176
306.005
305.833
305.662
305.49
305.318
305.145
304.973
304.801
304.63
304.459
304.289
304.12
303.952
303.786
303.623
303.461
303.302
303.145
302.992
302.842
302.695
302.552
302.413
302.278
302.147
302.021
301.899
301.781
301.668
301.56
301.456
301.357
301.262
301.172
301.087
301.007
300.93
300.859
300.791
300.727
300.667
300.611
323.907
324.484
325.074
325.676
326.291
326.917
327.555
328.203
328.861
329.528
330.204
330.887
331.576
332.27
332.967
333.668
334.369
335.07
335.77
336.465
337.155
337.838
338.512
339.175
339.825
340.461
341.079
341.677
342.255
342.809
343.337
343.837
344.306
344.743
345.145
345.51
345.835
346.119
346.359
346.552
346.698
346.793
346.835
346.823
346.756
346.631
346.447
346.203
345.899
345.533
345.107
344.62
344.073
343.469
342.808
342.094
341.329
340.518
339.664
338.772
337.848
336.895
335.92
334.927
333.921
332.907
331.889
330.872
329.86
328.858
327.869
326.896
325.942
325.008
324.098
323.211
322.351
321.518
320.714
319.939
319.193
318.478
317.793
317.139
316.515
315.92
315.355
314.818
314.31
313.828
313.372
312.942
312.535
312.151
311.788
311.445
311.122
310.816
310.526
310.251
309.991
309.742
309.506
309.279
309.062
308.854
308.652
308.456
308.266
308.08
307.897
307.717
307.539
307.363
307.187
307.011
306.836
306.661
306.485
306.308
306.131
305.953
305.774
305.594
305.415
305.234
305.054
304.874
304.694
304.515
304.337
304.16
303.985
303.811
303.64
303.472
303.306
303.143
302.984
302.829
302.677
302.53
302.386
302.248
302.114
301.984
301.86
301.741
301.626
301.516
301.412
301.312
301.218
301.129
301.044
300.964
300.889
300.818
300.751
300.688
300.63
322.552
323.071
323.602
324.145
324.7
325.265
325.842
326.429
327.026
327.633
328.249
328.872
329.504
330.141
330.785
331.433
332.085
332.739
333.394
334.05
334.703
335.353
335.999
336.638
337.269
337.891
338.5
339.096
339.675
340.237
340.78
341.299
341.795
342.264
342.704
343.112
343.487
343.826
344.127
344.386
344.603
344.774
344.897
344.971
344.992
344.96
344.872
344.727
344.523
344.261
343.938
343.555
343.112
342.61
342.051
341.436
340.768
340.049
339.284
338.477
337.632
336.753
335.846
334.916
333.967
333.005
332.034
331.058
330.083
329.111
328.148
327.198
326.263
325.346
324.45
323.575
322.725
321.9
321.102
320.331
319.59
318.877
318.194
317.54
316.916
316.322
315.756
315.218
314.709
314.226
313.769
313.338
312.93
312.545
312.181
311.838
311.514
311.207
310.918
310.643
310.382
310.134
309.897
309.671
309.454
309.245
309.043
308.847
308.656
308.469
308.285
308.103
307.923
307.743
307.564
307.385
307.205
307.025
306.843
306.66
306.476
306.291
306.104
305.917
305.728
305.538
305.348
305.158
304.968
304.779
304.59
304.402
304.216
304.031
303.849
303.67
303.493
303.32
303.15
302.984
302.822
302.665
302.513
302.365
302.222
302.084
301.952
301.825
301.703
301.587
301.476
301.371
301.271
301.176
301.087
301.003
300.923
300.849
300.778
300.713
300.651
321.353
321.821
322.299
322.789
323.289
323.8
324.321
324.853
325.395
325.946
326.506
327.075
327.652
328.237
328.828
329.426
330.029
330.636
331.246
331.859
332.473
333.087
333.7
334.31
334.915
335.515
336.107
336.69
337.263
337.822
338.366
338.894
339.402
339.89
340.354
340.792
341.202
341.582
341.929
342.241
342.515
342.749
342.94
343.087
343.186
343.235
343.234
343.178
343.068
342.901
342.677
342.394
342.052
341.653
341.195
340.68
340.111
339.49
338.818
338.101
337.342
336.544
335.714
334.854
333.971
333.07
332.154
331.228
330.298
329.366
328.438
327.516
326.606
325.71
324.832
323.974
323.137
322.323
321.534
320.771
320.035
319.327
318.647
317.995
317.373
316.779
316.213
315.675
315.165
314.682
314.224
313.792
313.383
312.997
312.633
312.29
311.965
311.659
311.369
311.094
310.833
310.585
310.349
310.123
309.906
309.697
309.495
309.298
309.107
308.919
308.733
308.549
308.367
308.184
308.001
307.818
307.633
307.447
307.259
307.069
306.877
306.683
306.488
306.29
306.091
305.891
305.69
305.489
305.287
305.085
304.883
304.683
304.484
304.287
304.092
303.9
303.71
303.525
303.343
303.165
302.991
302.823
302.659
302.501
302.348
302.2
302.059
301.923
301.793
301.669
301.551
301.439
301.332
301.232
301.137
301.048
300.963
300.884
300.81
300.741
300.676
320.308
320.729
321.161
321.603
322.054
322.516
322.988
323.469
323.96
324.46
324.97
325.488
326.014
326.549
327.091
327.64
328.195
328.756
329.322
329.892
330.465
331.04
331.617
332.193
332.768
333.341
333.91
334.473
335.029
335.576
336.113
336.638
337.148
337.643
338.118
338.574
339.006
339.414
339.794
340.144
340.463
340.746
340.992
341.199
341.363
341.483
341.556
341.581
341.554
341.475
341.341
341.152
340.907
340.605
340.246
339.832
339.362
338.838
338.264
337.64
336.972
336.262
335.514
334.733
333.924
333.09
332.238
331.37
330.493
329.609
328.724
327.841
326.964
326.096
325.241
324.404
323.584
322.786
322.009
321.257
320.529
319.828
319.153
318.506
317.886
317.294
316.73
316.194
315.684
315.2
314.743
314.31
313.901
313.515
313.15
312.807
312.482
312.176
311.886
311.611
311.351
311.104
310.868
310.642
310.425
310.216
310.014
309.817
309.625
309.436
309.249
309.063
308.878
308.692
308.505
308.317
308.126
307.934
307.738
307.541
307.34
307.137
306.931
306.722
306.512
306.3
306.086
305.871
305.655
305.439
305.224
305.009
304.795
304.583
304.373
304.166
303.962
303.762
303.566
303.374
303.187
303.006
302.829
302.659
302.494
302.335
302.182
302.036
301.897
301.764
301.637
301.517
301.404
301.296
301.195
301.099
301.01
300.926
300.847
300.773
300.705
319.416
319.796
320.186
320.585
320.993
321.411
321.837
322.273
322.718
323.172
323.634
324.105
324.585
325.072
325.568
326.07
326.58
327.096
327.618
328.145
328.677
329.212
329.75
330.291
330.832
331.373
331.913
332.451
332.984
333.513
334.034
334.547
335.05
335.541
336.018
336.479
336.923
337.346
337.747
338.123
338.472
338.792
339.08
339.334
339.551
339.729
339.865
339.958
340.004
340.003
339.951
339.848
339.692
339.482
339.217
338.899
338.526
338.1
337.622
337.094
336.52
335.901
335.241
334.545
333.816
333.058
332.276
331.475
330.658
329.831
328.997
328.16
327.325
326.494
325.671
324.86
324.063
323.285
322.525
321.788
321.072
320.381
319.715
319.074
318.46
317.872
317.311
316.777
316.269
315.786
315.329
314.897
314.489
314.103
313.739
313.395
313.071
312.765
312.476
312.202
311.942
311.696
311.46
311.235
311.019
310.811
310.609
310.412
310.219
310.029
309.841
309.653
309.464
309.275
309.084
308.89
308.693
308.493
308.29
308.083
307.873
307.659
307.441
307.22
306.997
306.77
306.542
306.312
306.08
305.849
305.616
305.385
305.154
304.925
304.699
304.475
304.254
304.037
303.825
303.617
303.414
303.217
303.026
302.841
302.663
302.491
302.326
302.168
302.017
301.874
301.737
301.608
301.486
301.37
301.261
301.159
301.063
300.973
300.889
300.811
300.737
318.675
319.019
319.372
319.732
320.102
320.479
320.865
321.26
321.662
322.074
322.493
322.921
323.357
323.801
324.252
324.711
325.177
325.65
326.129
326.614
327.104
327.599
328.099
328.601
329.107
329.614
330.121
330.629
331.135
331.639
332.139
332.633
333.121
333.6
334.069
334.527
334.97
335.398
335.809
336.199
336.568
336.912
337.23
337.519
337.776
337.999
338.187
338.335
338.443
338.508
338.528
338.501
338.425
338.299
338.122
337.893
337.613
337.281
336.898
336.466
335.986
335.46
334.892
334.284
333.64
332.964
332.26
331.532
330.784
330.021
329.246
328.463
327.677
326.892
326.11
325.335
324.569
323.816
323.08
322.361
321.663
320.986
320.332
319.701
319.095
318.514
317.959
317.429
316.924
316.445
315.99
315.559
315.152
314.767
314.404
314.062
313.739
313.434
313.146
312.873
312.615
312.369
312.135
311.911
311.696
311.488
311.286
311.09
310.897
310.706
310.516
310.326
310.134
309.941
309.745
309.545
309.342
309.134
308.922
308.705
308.483
308.257
308.026
307.792
307.553
307.311
307.066
306.819
306.57
306.319
306.069
305.818
305.568
305.32
305.074
304.83
304.591
304.355
304.123
303.897
303.676
303.462
303.253
303.052
302.858
302.671
302.492
302.32
302.157
302.001
301.853
301.713
301.581
301.456
301.338
301.228
301.124
301.028
300.937
300.853
300.775
318.086
318.398
318.716
319.043
319.377
319.719
320.068
320.425
320.79
321.162
321.542
321.93
322.326
322.729
323.139
323.557
323.981
324.413
324.851
325.295
325.745
326.2
326.66
327.124
327.592
328.063
328.537
329.011
329.487
329.961
330.434
330.904
331.371
331.831
332.285
332.731
333.166
333.59
334
334.395
334.772
335.129
335.465
335.776
336.062
336.319
336.545
336.738
336.895
337.015
337.094
337.132
337.126
337.075
336.977
336.831
336.637
336.393
336.101
335.761
335.373
334.941
334.465
333.948
333.392
332.803
332.181
331.533
330.86
330.168
329.46
328.739
328.011
327.279
326.545
325.814
325.089
324.372
323.666
322.974
322.298
321.64
321.003
320.387
319.793
319.222
318.675
318.153
317.654
317.179
316.729
316.301
315.897
315.515
315.154
314.814
314.492
314.189
313.903
313.632
313.376
313.132
312.899
312.677
312.463
312.256
312.055
311.859
311.666
311.474
311.282
311.09
310.896
310.698
310.497
310.291
310.08
309.863
309.641
309.413
309.179
308.939
308.694
308.444
308.188
307.929
307.665
307.399
307.13
306.859
306.587
306.315
306.043
305.773
305.505
305.239
304.977
304.72
304.467
304.219
303.978
303.743
303.516
303.295
303.083
302.879
302.684
302.497
302.318
302.148
301.987
301.834
301.69
301.554
301.427
301.307
301.195
301.09
300.993
300.902
300.818
317.646
317.929
318.218
318.514
318.816
319.126
319.442
319.765
320.095
320.432
320.777
321.128
321.486
321.851
322.223
322.602
322.988
323.38
323.779
324.184
324.594
325.01
325.431
325.858
326.288
326.722
327.159
327.599
328.041
328.483
328.926
329.368
329.808
330.245
330.677
331.104
331.524
331.935
332.337
332.726
333.102
333.463
333.806
334.13
334.432
334.711
334.964
335.189
335.384
335.546
335.674
335.766
335.819
335.831
335.802
335.729
335.612
335.45
335.242
334.989
334.69
334.348
333.962
333.536
333.071
332.569
332.034
331.47
330.878
330.263
329.628
328.978
328.315
327.643
326.966
326.288
325.61
324.937
324.271
323.615
322.97
322.34
321.726
321.129
320.553
319.997
319.463
318.95
318.461
317.994
317.55
317.128
316.729
316.351
315.994
315.657
315.338
315.038
314.754
314.486
314.232
313.99
313.76
313.539
313.327
313.122
312.922
312.726
312.533
312.34
312.147
311.952
311.754
311.552
311.345
311.132
310.913
310.687
310.454
310.214
309.966
309.712
309.451
309.183
308.909
308.63
308.346
308.058
307.767
307.473
307.178
306.882
306.586
306.29
305.997
305.707
305.42
305.138
304.86
304.589
304.325
304.067
303.817
303.576
303.343
303.119
302.905
302.699
302.503
302.317
302.141
301.973
301.816
301.667
301.528
301.398
301.276
301.162
301.056
300.958
300.867
317.356
317.613
317.875
318.144
318.418
318.698
318.985
319.277
319.576
319.881
320.192
320.509
320.833
321.163
321.5
321.843
322.192
322.547
322.908
323.275
323.648
324.026
324.41
324.798
325.191
325.588
325.989
326.393
326.799
327.208
327.618
328.028
328.438
328.847
329.253
329.656
330.055
330.447
330.833
331.209
331.576
331.931
332.272
332.598
332.907
333.197
333.466
333.712
333.933
334.126
334.291
334.424
334.524
334.589
334.617
334.607
334.558
334.467
334.335
334.162
333.946
333.688
333.39
333.052
332.675
332.262
331.815
331.337
330.829
330.297
329.741
329.166
328.576
327.973
327.36
326.742
326.121
325.5
324.882
324.269
323.664
323.07
322.489
321.921
321.369
320.835
320.319
319.822
319.346
318.891
318.456
318.043
317.651
317.28
316.928
316.596
316.282
315.986
315.706
315.441
315.19
314.951
314.723
314.505
314.294
314.09
313.891
313.696
313.502
313.309
313.114
312.917
312.715
312.508
312.294
312.074
311.846
311.61
311.365
311.112
310.85
310.58
310.301
310.015
309.721
309.421
309.114
308.803
308.487
308.168
307.847
307.524
307.201
306.878
306.558
306.239
305.925
305.615
305.311
305.013
304.722
304.439
304.164
303.898
303.641
303.394
303.158
302.932
302.716
302.511
302.317
302.133
301.96
301.797
301.644
301.501
301.368
301.244
301.128
301.022
300.923
317.213
317.447
317.686
317.93
318.179
318.433
318.692
318.957
319.227
319.503
319.784
320.071
320.363
320.661
320.964
321.274
321.588
321.909
322.235
322.566
322.903
323.245
323.592
323.943
324.299
324.66
325.024
325.392
325.763
326.136
326.511
326.888
327.266
327.644
328.02
328.395
328.768
329.136
329.5
329.858
330.208
330.55
330.881
331.201
331.507
331.798
332.073
332.329
332.565
332.778
332.967
333.13
333.266
333.371
333.446
333.487
333.493
333.464
333.398
333.295
333.154
332.974
332.756
332.501
332.209
331.883
331.522
331.13
330.709
330.26
329.788
329.294
328.781
328.253
327.712
327.161
326.604
326.044
325.482
324.922
324.365
323.816
323.274
322.744
322.225
321.721
321.231
320.758
320.303
319.865
319.446
319.046
318.664
318.302
317.958
317.633
317.325
317.035
316.759
316.499
316.252
316.016
315.791
315.576
315.367
315.164
314.966
314.77
314.576
314.381
314.184
313.983
313.777
313.564
313.344
313.116
312.879
312.632
312.375
312.108
311.831
311.544
311.247
310.941
310.626
310.303
309.973
309.636
309.294
308.948
308.599
308.248
307.895
307.543
307.192
306.843
306.498
306.158
305.823
305.495
305.174
304.861
304.558
304.264
303.981
303.708
303.447
303.197
302.958
302.732
302.517
302.315
302.124
301.944
301.776
301.619
301.473
301.336
301.21
301.093
300.986
317.218
317.432
317.649
317.871
318.098
318.328
318.563
318.803
319.047
319.296
319.549
319.808
320.071
320.339
320.612
320.891
321.174
321.461
321.754
322.052
322.355
322.662
322.974
323.29
323.61
323.935
324.263
324.595
324.931
325.269
325.609
325.951
326.295
326.64
326.984
327.329
327.671
328.012
328.35
328.683
329.012
329.334
329.648
329.954
330.25
330.534
330.805
331.061
331.301
331.524
331.727
331.908
332.067
332.201
332.309
332.39
332.441
332.461
332.45
332.406
332.329
332.218
332.072
331.893
331.68
331.434
331.156
330.848
330.511
330.147
329.759
329.347
328.916
328.467
328.003
327.527
327.041
326.548
326.05
325.551
325.052
324.555
324.063
323.578
323.101
322.635
322.18
321.738
321.31
320.897
320.5
320.119
319.755
319.407
319.076
318.762
318.463
318.18
317.912
317.657
317.414
317.183
316.961
316.748
316.541
316.339
316.14
315.944
315.748
315.551
315.351
315.146
314.934
314.716
314.488
314.252
314.005
313.747
313.477
313.196
312.904
312.6
312.285
311.959
311.622
311.276
310.922
310.56
310.191
309.816
309.437
309.055
308.671
308.287
307.903
307.521
307.142
306.768
306.4
306.038
305.684
305.339
305.004
304.679
304.366
304.064
303.774
303.497
303.233
302.982
302.745
302.52
302.309
302.111
301.925
301.752
301.591
301.441
301.303
301.174
301.056
317.369
317.565
317.764
317.966
318.172
318.382
318.595
318.812
319.033
319.257
319.486
319.718
319.955
320.196
320.441
320.691
320.944
321.202
321.464
321.73
322.001
322.275
322.554
322.836
323.123
323.413
323.707
324.004
324.304
324.607
324.912
325.22
325.529
325.839
326.15
326.462
326.773
327.082
327.39
327.696
327.998
328.295
328.587
328.873
329.151
329.42
329.68
329.928
330.163
330.385
330.591
330.78
330.951
331.102
331.232
331.34
331.423
331.481
331.512
331.516
331.491
331.437
331.353
331.24
331.097
330.924
330.722
330.492
330.235
329.953
329.646
329.317
328.968
328.6
328.216
327.817
327.407
326.988
326.561
326.129
325.694
325.259
324.824
324.393
323.967
323.547
323.135
322.732
322.34
321.96
321.592
321.237
320.896
320.569
320.256
319.957
319.671
319.4
319.141
318.894
318.658
318.432
318.214
318.004
317.799
317.598
317.399
317.201
317.002
316.802
316.598
316.388
316.171
315.946
315.712
315.467
315.21
314.941
314.66
314.366
314.059
313.739
313.406
313.06
312.703
312.334
311.955
311.567
311.17
310.767
310.357
309.944
309.527
309.108
308.69
308.272
307.858
307.448
307.043
306.645
306.255
305.874
305.504
305.144
304.797
304.463
304.142
303.835
303.542
303.264
303.001
302.752
302.518
302.298
302.093
301.901
301.723
301.558
301.406
301.265
301.135
317.666
317.846
318.029
318.214
318.402
318.593
318.787
318.983
319.183
319.386
319.592
319.802
320.015
320.231
320.45
320.673
320.9
321.13
321.363
321.6
321.841
322.085
322.332
322.583
322.837
323.094
323.355
323.618
323.884
324.153
324.424
324.696
324.971
325.247
325.524
325.801
326.078
326.355
326.631
326.905
327.177
327.445
327.71
327.97
328.225
328.473
328.714
328.946
329.168
329.38
329.58
329.767
329.94
330.097
330.237
330.359
330.462
330.544
330.605
330.644
330.659
330.65
330.616
330.557
330.472
330.362
330.227
330.067
329.882
329.675
329.445
329.194
328.923
328.635
328.33
328.01
327.678
327.335
326.982
326.623
326.258
325.89
325.519
325.149
324.781
324.415
324.054
323.699
323.35
323.01
322.679
322.357
322.046
321.745
321.456
321.177
320.91
320.654
320.408
320.172
319.946
319.727
319.515
319.309
319.107
318.907
318.708
318.509
318.308
318.104
317.896
317.681
317.459
317.228
316.987
316.734
316.469
316.191
315.899
315.593
315.273
314.938
314.589
314.226
313.849
313.459
313.057
312.644
312.22
311.788
311.349
310.903
310.453
310
309.546
309.092
308.64
308.192
307.749
307.312
306.883
306.464
306.056
305.659
305.276
304.906
304.55
304.21
303.886
303.577
303.285
303.009
302.75
302.506
302.279
302.067
301.87
301.688
301.52
301.365
301.222
318.109
318.275
318.444
318.614
318.787
318.961
319.138
319.318
319.499
319.683
319.869
320.058
320.249
320.443
320.64
320.839
321.041
321.245
321.453
321.663
321.876
322.091
322.31
322.531
322.755
322.981
323.209
323.44
323.673
323.908
324.145
324.384
324.624
324.865
325.107
325.349
325.592
325.834
326.076
326.316
326.555
326.791
327.025
327.255
327.482
327.703
327.919
328.128
328.331
328.525
328.71
328.885
329.05
329.202
329.342
329.468
329.579
329.674
329.752
329.812
329.854
329.877
329.879
329.862
329.823
329.763
329.683
329.581
329.459
329.316
329.154
328.974
328.776
328.561
328.331
328.087
327.83
327.561
327.284
326.997
326.704
326.406
326.103
325.799
325.493
325.187
324.883
324.581
324.283
323.989
323.701
323.42
323.145
322.877
322.617
322.365
322.122
321.886
321.657
321.436
321.221
321.013
320.809
320.609
320.412
320.215
320.019
319.82
319.618
319.412
319.201
318.983
318.756
318.52
318.274
318.015
317.743
317.458
317.158
316.842
316.511
316.165
315.802
315.424
315.03
314.622
314.2
313.765
313.317
312.859
312.391
311.916
311.434
310.948
310.458
309.968
309.478
308.991
308.509
308.032
307.563
307.104
306.656
306.219
305.797
305.389
304.996
304.62
304.261
303.92
303.596
303.291
303.003
302.734
302.482
302.248
302.03
301.829
301.644
301.473
301.317
318.693
318.848
319.005
319.163
319.322
319.483
319.646
319.81
319.976
320.143
320.312
320.483
320.655
320.83
321.006
321.184
321.363
321.545
321.728
321.914
322.101
322.29
322.481
322.674
322.869
323.065
323.264
323.463
323.664
323.867
324.07
324.275
324.48
324.686
324.893
325.1
325.307
325.513
325.719
325.924
326.127
326.329
326.529
326.726
326.92
327.11
327.297
327.478
327.655
327.825
327.988
328.145
328.293
328.432
328.562
328.681
328.789
328.885
328.968
329.039
329.094
329.136
329.161
329.171
329.165
329.143
329.103
329.047
328.974
328.885
328.78
328.659
328.523
328.373
328.209
328.033
327.845
327.646
327.439
327.222
326.998
326.768
326.533
326.294
326.052
325.808
325.564
325.319
325.075
324.832
324.592
324.355
324.121
323.892
323.667
323.446
323.231
323.02
322.813
322.611
322.413
322.218
322.026
321.836
321.646
321.456
321.264
321.069
320.869
320.664
320.452
320.233
320.004
319.766
319.516
319.254
318.979
318.689
318.384
318.063
317.725
317.371
316.999
316.611
316.205
315.783
315.345
314.892
314.425
313.945
313.453
312.951
312.441
311.924
311.402
310.877
310.352
309.827
309.306
308.79
308.281
307.781
307.291
306.814
306.351
305.903
305.472
305.058
304.662
304.286
303.929
303.592
303.274
302.977
302.699
302.441
302.201
301.98
301.776
301.588
301.417
319.399
319.545
319.692
319.839
319.988
320.137
320.288
320.439
320.591
320.744
320.898
321.053
321.209
321.365
321.523
321.682
321.841
322.002
322.163
322.326
322.489
322.653
322.818
322.984
323.151
323.319
323.487
323.657
323.826
323.997
324.167
324.339
324.51
324.681
324.853
325.024
325.195
325.366
325.535
325.704
325.871
326.037
326.201
326.364
326.523
326.68
326.834
326.984
327.131
327.273
327.41
327.542
327.667
327.787
327.899
328.004
328.1
328.188
328.267
328.336
328.395
328.443
328.48
328.505
328.518
328.518
328.507
328.483
328.446
328.396
328.334
328.26
328.173
328.076
327.967
327.848
327.719
327.581
327.435
327.28
327.119
326.952
326.779
326.601
326.42
326.235
326.048
325.859
325.668
325.477
325.286
325.096
324.906
324.717
324.53
324.344
324.16
323.978
323.797
323.618
323.441
323.264
323.087
322.91
322.731
322.55
322.367
322.179
321.985
321.784
321.576
321.359
321.133
320.896
320.647
320.386
320.111
319.82
319.515
319.192
318.853
318.496
318.121
317.728
317.316
316.886
316.439
315.974
315.494
314.998
314.488
313.965
313.432
312.889
312.34
311.785
311.227
310.669
310.112
309.558
309.011
308.471
307.942
307.425
306.921
306.434
305.963
305.51
305.077
304.665
304.273
303.903
303.555
303.228
302.923
302.64
302.377
302.134
301.911
301.706
301.519
320.174
320.313
320.451
320.59
320.729
320.868
321.008
321.147
321.287
321.427
321.567
321.707
321.848
321.988
322.129
322.27
322.41
322.551
322.692
322.833
322.974
323.115
323.256
323.397
323.538
323.679
323.82
323.961
324.101
324.242
324.382
324.522
324.661
324.8
324.938
325.076
325.213
325.349
325.484
325.618
325.751
325.882
326.011
326.139
326.264
326.387
326.508
326.626
326.741
326.853
326.961
327.065
327.165
327.26
327.35
327.436
327.515
327.589
327.656
327.716
327.769
327.815
327.853
327.882
327.903
327.916
327.92
327.914
327.9
327.877
327.844
327.803
327.753
327.694
327.627
327.552
327.47
327.38
327.283
327.18
327.07
326.955
326.835
326.71
326.582
326.449
326.313
326.174
326.033
325.889
325.744
325.597
325.449
325.3
325.15
325
324.848
324.696
324.543
324.389
324.234
324.077
323.918
323.757
323.593
323.425
323.253
323.075
322.891
322.698
322.498
322.288
322.068
321.836
321.593
321.336
321.066
320.78
320.478
320.16
319.824
319.47
319.097
318.705
318.293
317.862
317.412
316.944
316.456
315.952
315.431
314.896
314.347
313.786
313.215
312.637
312.053
311.467
310.879
310.294
309.712
309.137
308.571
308.017
307.476
306.95
306.442
305.952
305.483
305.035
304.61
304.207
303.828
303.473
303.141
302.833
302.547
302.284
302.041
301.819
301.616
320.917
321.048
321.179
321.31
321.44
321.57
321.7
321.829
321.958
322.086
322.214
322.342
322.468
322.595
322.72
322.845
322.969
323.093
323.216
323.338
323.46
323.581
323.701
323.821
323.939
324.057
324.175
324.291
324.407
324.522
324.636
324.749
324.861
324.972
325.082
325.191
325.299
325.406
325.511
325.615
325.717
325.818
325.917
326.014
326.11
326.203
326.294
326.383
326.469
326.553
326.634
326.712
326.787
326.858
326.926
326.991
327.051
327.107
327.159
327.207
327.249
327.287
327.319
327.346
327.367
327.383
327.393
327.396
327.394
327.385
327.37
327.349
327.322
327.289
327.25
327.205
327.155
327.099
327.038
326.972
326.901
326.826
326.746
326.661
326.573
326.481
326.386
326.287
326.185
326.081
325.973
325.863
325.75
325.634
325.516
325.396
325.273
325.148
325.02
324.889
324.755
324.618
324.477
324.332
324.183
324.028
323.868
323.701
323.528
323.346
323.155
322.954
322.742
322.519
322.284
322.035
321.772
321.494
321.2
320.89
320.561
320.214
319.847
319.461
319.055
318.629
318.182
317.716
317.229
316.723
316.199
315.659
315.102
314.531
313.948
313.355
312.754
312.147
311.537
310.927
310.319
309.716
309.12
308.535
307.962
307.404
306.863
306.342
305.84
305.362
304.906
304.475
304.069
303.688
303.332
303.001
302.695
302.413
302.154
301.916
301.7
321.456
321.582
321.707
321.831
321.955
322.078
322.2
322.322
322.442
322.562
322.681
322.799
322.916
323.032
323.147
323.261
323.373
323.485
323.596
323.706
323.814
323.922
324.028
324.133
324.237
324.34
324.442
324.542
324.641
324.739
324.836
324.932
325.026
325.119
325.21
325.3
325.389
325.476
325.562
325.646
325.728
325.809
325.887
325.965
326.04
326.113
326.184
326.253
326.32
326.384
326.446
326.506
326.563
326.618
326.669
326.718
326.764
326.807
326.846
326.882
326.915
326.944
326.97
326.992
327.009
327.023
327.033
327.039
327.041
327.038
327.031
327.02
327.004
326.984
326.96
326.931
326.899
326.862
326.821
326.777
326.728
326.675
326.619
326.559
326.495
326.428
326.357
326.283
326.206
326.125
326.041
325.953
325.862
325.768
325.671
325.57
325.466
325.358
325.247
325.131
325.012
324.888
324.759
324.626
324.487
324.342
324.191
324.032
323.866
323.692
323.509
323.315
323.111
322.895
322.667
322.426
322.17
321.899
321.612
321.309
320.988
320.648
320.289
319.91
319.51
319.09
318.649
318.188
317.705
317.203
316.681
316.14
315.582
315.009
314.421
313.822
313.212
312.595
311.973
311.349
310.725
310.104
309.49
308.885
308.291
307.711
307.149
306.605
306.082
305.582
305.105
304.654
304.229
303.83
303.458
303.112
302.792
302.497
302.226
301.979
301.753
300.419
300.319
300.242
300.181
300.135
300.099
300.072
300.052
300.037
300.026
300.018
300.012
300.008
300.006
300.004
300.002
300.001
300.001
300
300
300
300
300
300
300
300
300
300
300
300
300
300
300
300
300
300
300
300
300
300
300
300
300
300
300
300
300
300
300
300
300
300.419
300.319
300.242
300.181
300.135
300.099
300.072
300.052
300.037
300.026
300.018
300.012
300.008
300.006
300.004
300.002
300.001
300.001
300
300
300
300
300
300
300
300
300
300
300
300
300
300
300
300
300
300
300
300
300
300
300
300
300
300
300
300
300
300
300
300
300
300.419
300.32
300.242
300.181
300.135
300.099
300.072
300.052
300.037
300.026
300.018
300.012
300.008
300.006
300.004
300.002
300.001
300.001
300
300
300
300
300
300
300
300
300
300
300
300
300
300
300
300
300
300
300
300
300
300
300
300
300
300
300
300
300
300
300
300
300
300.42
300.32
300.242
300.181
300.135
300.099
300.072
300.052
300.037
300.026
300.018
300.012
300.008
300.006
300.004
300.002
300.001
300.001
300
300
300
300
300
300
300
300
300
300
300
300
300
300
300
300
300
300
300
300
300
300
300
300
300
300
300
300
300
300
300
300
300
300.42
300.32
300.242
300.182
300.135
300.099
300.072
300.052
300.037
300.026
300.018
300.012
300.008
300.006
300.004
300.002
300.001
300.001
300
300
300
300
300
300
300
300
300
300
300
300
300
300
300
300
300
300
300
300
300
300
300
300
300
300
300
300
300
300
300
300
300
300.421
300.321
300.243
300.182
300.135
300.099
300.072
300.052
300.037
300.026
300.018
300.012
300.008
300.006
300.004
300.002
300.001
300.001
300
300
300
300
300
300
300
300
300
300
300
300
300
300
300
300
300
300
300
300
300
300
300
300
300
300
300
300
300
300
300
300
300
300.422
300.322
300.243
300.182
300.136
300.1
300.073
300.052
300.037
300.026
300.018
300.012
300.008
300.006
300.004
300.002
300.001
300.001
300
300
300
300
300
300
300
300
300
300
300
300
300
300
300
300
300
300
300
300
300
300
300
300
300
300
300
300
300
300
300
300
300
300.423
300.323
300.244
300.183
300.136
300.1
300.073
300.052
300.037
300.026
300.018
300.013
300.008
300.006
300.004
300.002
300.001
300.001
300
300
300
300
300
300
300
300
300
300
300
300
300
300
300
300
300
300
300
300
300
300
300
300
300
300
300
300
300
300
300
300
300
300.425
300.324
300.245
300.184
300.136
300.1
300.073
300.053
300.038
300.026
300.018
300.013
300.009
300.006
300.004
300.002
300.001
300.001
300
300
300
300
300
300
300
300
300
300
300
300
300
300
300
300
300
300
300
300
300
300
300
300
300
300
300
300
300
300
300
300
300
300.427
300.325
300.246
300.184
300.137
300.101
300.073
300.053
300.038
300.027
300.018
300.013
300.009
300.006
300.004
300.002
300.001
300.001
300
300
300
300
300
300
300
300
300
300
300
300
300
300
300
300
300
300
300
300
300
300
300
300
300
300
300
300
300
300
300
300
300
300.429
300.327
300.247
300.185
300.138
300.101
300.074
300.053
300.038
300.027
300.019
300.013
300.009
300.006
300.004
300.002
300.001
300.001
300
300
300
300
300
300
300
300
300
300
300
300
300
300
300
300
300
300
300
300
300
300
300
300
300
300
300
300
300
300
300
300
300
300.432
300.329
300.249
300.187
300.139
300.102
300.074
300.053
300.038
300.027
300.019
300.013
300.009
300.006
300.004
300.002
300.001
300.001
300
300
300
300
300
300
300
300
300
300
300
300
300
300
300
300
300
300
300
300
300
300
300
300
300
300
300
300
300
300
300
300
300
300.435
300.332
300.251
300.188
300.14
300.103
300.075
300.054
300.038
300.027
300.019
300.013
300.009
300.006
300.004
300.002
300.001
300.001
300
300
300
300
300
300
300
300
300
300
300
300
300
300
300
300
300
300
300
300
300
300
300
300
300
300
300
300
300
300
300
300
300
300.439
300.334
300.253
300.189
300.141
300.103
300.075
300.054
300.039
300.027
300.019
300.013
300.009
300.006
300.004
300.002
300.001
300.001
300
300
300
300
300
300
300
300
300
300
300
300
300
300
300
300
300
300
300
300
300
300
300
300
300
300
300
300
300
300
300
300
300
300.443
300.338
300.255
300.191
300.142
300.104
300.076
300.055
300.039
300.027
300.019
300.013
300.009
300.006
300.004
300.002
300.001
300.001
300
300
300
300
300
300
300
300
300
300
300
300
300
300
300
300
300
300
300
300
300
300
300
300
300
300
300
300
300
300
300
300
300
300.448
300.341
300.258
300.193
300.143
300.105
300.077
300.055
300.039
300.028
300.019
300.013
300.009
300.006
300.004
300.002
300.001
300.001
300
300
300
300
300
300
300
300
300
300
300
300
300
300
300
300
300
300
300
300
300
300
300
300
300
300
300
300
300
300
300
300
300
300.455
300.346
300.261
300.195
300.145
300.106
300.077
300.056
300.04
300.028
300.019
300.013
300.009
300.006
300.004
300.002
300.001
300.001
300
300
300
300
300
300
300
300
300
300
300
300
300
300
300
300
300
300
300
300
300
300
300
300
300
300
300
300
300
300
300
300
300
300.462
300.351
300.264
300.198
300.147
300.108
300.078
300.056
300.04
300.028
300.02
300.013
300.009
300.006
300.004
300.002
300.001
300.001
300
300
300
300
300
300
300
300
300
300
300
300
300
300
300
300
300
300
300
300
300
300
300
300
300
300
300
300
300
300
300
300
300
300.47
300.356
300.268
300.2
300.148
300.109
300.079
300.057
300.041
300.029
300.02
300.014
300.009
300.006
300.004
300.002
300.001
300.001
300
300
300
300
300
300
300
300
300
300
300
300
300
300
300
300
300
300
300
300
300
300
300
300
300
300
300
300
300
300
300
300
300
300.479
300.363
300.273
300.204
300.151
300.11
300.08
300.058
300.041
300.029
300.02
300.014
300.009
300.006
300.004
300.003
300.002
300.001
300
300
300
300
300
300
300
300
300
300
300
300
300
300
300
300
300
300
300
300
300
300
300
300
300
300
300
300
300
300
300
300
300
300.49
300.37
300.278
300.207
300.153
300.112
300.081
300.058
300.041
300.029
300.02
300.014
300.009
300.006
300.004
300.003
300.002
300.001
300
300
300
300
300
300
300
300
300
300
300
300
300
300
300
300
300
300
300
300
300
300
300
300
300
300
300
300
300
300
300
300
300
300.502
300.379
300.284
300.211
300.156
300.114
300.082
300.059
300.042
300.03
300.02
300.014
300.009
300.006
300.004
300.003
300.002
300.001
300
300
300
300
300
300
300
300
300
300
300
300
300
300
300
300
300
300
300
300
300
300
300
300
300
300
300
300
300
300
300
300
300
300.516
300.389
300.29
300.215
300.159
300.116
300.084
300.06
300.043
300.03
300.021
300.014
300.01
300.006
300.004
300.003
300.002
300.001
300
300
300
300
300
300
300
300
300
300
300
300
300
300
300
300
300
300
300
300
300
300
300
300
300
300
300
300
300
300
300
300
300
300.533
300.4
300.298
300.22
300.162
300.118
300.085
300.061
300.043
300.03
300.021
300.014
300.01
300.006
300.004
300.003
300.002
300.001
300
300
300
300
300
300
300
300
300
300
300
300
300
300
300
300
300
300
300
300
300
300
300
300
300
300
300
300
300
300
300
300
300
300.551
300.412
300.306
300.226
300.166
300.12
300.087
300.062
300.044
300.031
300.021
300.015
300.01
300.007
300.004
300.003
300.002
300.001
300
300
300
300
300
300
300
300
300
300
300
300
300
300
300
300
300
300
300
300
300
300
300
300
300
300
300
300
300
300
300
300
300
300.573
300.427
300.316
300.232
300.17
300.123
300.088
300.063
300.045
300.031
300.022
300.015
300.01
300.007
300.004
300.003
300.002
300.001
300
300
300
300
300
300
300
300
300
300
300
300
300
300
300
300
300
300
300
300
300
300
300
300
300
300
300
300
300
300
300
300
300
300.597
300.443
300.327
300.24
300.174
300.126
300.09
300.064
300.045
300.032
300.022
300.015
300.01
300.007
300.004
300.003
300.002
300.001
300
300
300
300
300
300
300
300
300
300
300
300
300
300
300
300
300
300
300
300
300
300
300
300
300
300
300
300
300
300
300
300
300
300.625
300.462
300.339
300.248
300.18
300.129
300.092
300.066
300.046
300.032
300.022
300.015
300.01
300.007
300.004
300.003
300.002
300.001
300
300
300
300
300
300
300
300
300
300
300
300
300
300
300
300
300
300
300
300
300
300
300
300
300
300
300
300
300
300
300
300
300
300.657
300.483
300.353
300.257
300.185
300.133
300.095
300.067
300.047
300.033
300.022
300.015
300.01
300.007
300.004
300.003
300.002
300.001
300
300
300
300
300
300
300
300
300
300
300
300
300
300
300
300
300
300
300
300
300
300
300
300
300
300
300
300
300
300
300
300
300
300.693
300.507
300.369
300.267
300.192
300.137
300.097
300.068
300.048
300.033
300.023
300.015
300.01
300.007
300.004
300.003
300.002
300.001
300
300
300
300
300
300
300
300
300
300
300
300
300
300
300
300
300
300
300
300
300
300
300
300
300
300
300
300
300
300
300
300
300
300.735
300.534
300.387
300.278
300.199
300.141
300.1
300.07
300.049
300.034
300.023
300.016
300.01
300.007
300.004
300.003
300.002
300.001
300
300
300
300
300
300
300
300
300
300
300
300
300
300
300
300
300
300
300
300
300
300
300
300
300
300
300
300
300
300
300
300
300
300.781
300.565
300.406
300.291
300.207
300.146
300.103
300.072
300.05
300.034
300.023
300.016
300.011
300.007
300.004
300.003
300.002
300.001
300
300
300
300
300
300
300
300
300
300
300
300
300
300
300
300
300
300
300
300
300
300
300
300
300
300
300
300
300
300
300
300
300
300.833
300.599
300.428
300.304
300.215
300.152
300.106
300.074
300.051
300.035
300.024
300.016
300.011
300.007
300.004
300.003
300.002
300.001
300
300
300
300
300
300
300
300
300
300
300
300
300
300
300
300
300
300
300
300
300
300
300
300
300
300
300
300
300
300
300
300
300
300.89
300.636
300.452
300.32
300.225
300.157
300.109
300.076
300.052
300.036
300.024
300.016
300.011
300.007
300.004
300.003
300.002
300.001
300
300
300
300
300
300
300
300
300
300
300
300
300
300
300
300
300
300
300
300
300
300
299.999
299.999
299.999
299.999
299.999
299.999
299.999
299.999
299.999
299.999
299.999
300.953
300.678
300.479
300.336
300.235
300.163
300.113
300.078
300.053
300.036
300.024
300.016
300.011
300.007
300.004
300.003
300.002
300.001
300
300
300
300
300
300
300
300
300
300
300
299.999
299.999
299.999
299.999
299.999
299.999
299.999
299.999
299.999
299.999
299.999
299.999
299.999
299.999
299.999
299.999
299.999
299.999
299.999
299.999
299.999
299.999
301.021
300.722
300.507
300.354
300.246
300.17
300.117
300.08
300.055
300.037
300.025
300.017
300.011
300.007
300.005
300.003
300.002
300.001
300
300
300
300
300
300
300
300
300
299.999
299.999
299.999
299.999
299.999
299.999
299.999
299.999
299.999
299.999
299.999
299.999
299.999
299.999
299.999
299.999
299.999
299.999
299.999
299.999
299.999
299.999
299.999
299.999
301.093
300.768
300.536
300.372
300.256
300.176
300.121
300.082
300.056
300.038
300.025
300.017
300.011
300.007
300.005
300.003
300.002
300.001
300
300
300
300
300
300
300
300
300
299.999
299.999
299.999
299.999
299.999
299.999
299.999
299.999
299.999
299.999
299.999
299.999
299.999
299.999
299.999
299.999
299.999
299.999
299.999
299.999
299.999
299.999
299.999
299.999
301.166
300.815
300.565
300.39
300.267
300.183
300.124
300.084
300.057
300.038
300.025
300.017
300.011
300.007
300.005
300.003
300.002
300.001
300
300
300
300
300
300
300
300
299.999
299.999
299.999
299.999
299.999
299.999
299.999
299.999
299.999
299.999
299.999
299.999
299.999
299.999
299.999
299.999
299.999
299.999
299.999
299.999
299.999
299.999
299.999
299.999
299.999
301.235
300.859
300.593
300.406
300.277
300.188
300.128
300.086
300.058
300.039
300.026
300.017
300.011
300.007
300.005
300.003
300.002
300.001
300
300
300
300
300
300
300
300
299.999
299.999
299.999
299.999
299.999
299.999
299.999
299.999
299.999
299.999
299.999
299.999
299.999
299.999
299.999
299.999
299.999
299.999
299.999
299.999
299.999
299.999
299.999
299.999
299.999
301.293
300.896
300.615
300.42
300.285
300.193
300.13
300.088
300.059
300.039
300.026
300.017
300.011
300.007
300.005
300.003
300.002
300.001
300
300
300
300
300
300
300
299.999
299.999
299.999
299.999
299.999
299.999
299.999
299.999
299.999
299.999
299.999
299.999
299.999
299.999
299.999
299.999
299.999
299.999
299.999
299.999
299.999
299.999
299.999
299.999
299.999
299.999
301.33
300.919
300.629
300.428
300.29
300.196
300.132
300.088
300.059
300.039
300.026
300.017
300.011
300.007
300.005
300.003
300.002
300.001
300
300
300
300
300
300
300
299.999
299.999
299.999
299.999
299.999
299.999
299.999
299.999
299.999
299.999
299.999
299.999
299.999
299.999
299.999
299.999
299.999
299.999
299.999
299.999
299.999
299.999
299.999
299.999
299.999
299.999
)
;

boundaryField
{
    inlet
    {
        type            fixedValue;
        value           uniform 300;
    }
    outlet
    {
        type            zeroGradient;
    }
    top
    {
        type            zeroGradient;
    }
    slip-bottom
    {
        type            zeroGradient;
    }
    bottom
    {
        type            zeroGradient;
    }
    interface
    {
        type            fixedGradient;
        gradient        nonuniform List<scalar> 
161
(
2999.99
2999.99
2999.99
2999.99
2999.99
2999.99
2999.99
2999.99
2999.99
2999.99
2999.99
2999.99
2999.99
2999.99
2999.99
2999.99
2999.99
2999.99
2999.99
2999.99
5.40012e-13
5.40012e-13
5.40012e-13
5.40012e-13
5.40012e-13
5.40012e-13
5.40012e-13
5.40012e-13
5.40012e-13
5.40012e-13
5.40012e-13
5.40012e-13
5.40012e-13
5.40012e-13
5.40012e-13
5.40012e-13
5.40012e-13
5.40012e-13
5.40012e-13
5.40012e-13
1.98952e-13
1.98952e-13
1.98952e-13
1.98952e-13
1.98952e-13
1.98952e-13
1.98952e-13
1.98952e-13
1.98952e-13
1.98952e-13
1.98952e-13
1.98952e-13
1.98952e-13
1.98952e-13
1.98952e-13
1.98952e-13
-2.84217e-14
-2.84217e-14
-2.84217e-14
-2.84217e-14
-2.84217e-14
-2.84217e-14
-2.84217e-14
-2.84217e-14
-2.84217e-14
-2.84217e-14
-2.84217e-14
-2.84217e-14
-2.84217e-14
-2.84217e-14
-2.84217e-14
5.68434e-14
5.68434e-14
5.68434e-14
5.68434e-14
5.68434e-14
5.68434e-14
5.68434e-14
5.68434e-14
5.68434e-14
5.68434e-14
5.68434e-14
5.68434e-14
8.52651e-14
8.52651e-14
8.52651e-14
8.52651e-14
8.52651e-14
8.52651e-14
8.52651e-14
8.52651e-14
8.52651e-14
8.52651e-14
8.52651e-14
-2.84217e-13
-2.84217e-13
-2.84217e-13
-2.84217e-13
-2.84217e-13
-2.84217e-13
-2.84217e-13
-2.84217e-13
-2.84217e-13
-2.84217e-13
1.90425e-12
1.90425e-12
1.90425e-12
1.90425e-12
1.90425e-12
1.90425e-12
1.90425e-12
1.90425e-12
1.90425e-12
-8.52651e-14
-8.52651e-14
-8.52651e-14
-8.52651e-14
-8.52651e-14
-8.52651e-14
-8.52651e-14
-8.52651e-14
-5.96856e-13
-5.96856e-13
-5.96856e-13
-5.96856e-13
-5.96856e-13
-5.96856e-13
-5.96856e-13
-5.96856e-13
6.25278e-13
6.25278e-13
6.25278e-13
6.25278e-13
6.25278e-13
6.25278e-13
6.25278e-13
5.68434e-14
5.68434e-14
5.68434e-14
5.68434e-14
5.68434e-14
5.68434e-14
5.68434e-14
1.7053e-12
1.7053e-12
1.7053e-12
1.7053e-12
1.7053e-12
1.7053e-12
9.37916e-13
9.37916e-13
9.37916e-13
9.37916e-13
9.37916e-13
9.37916e-13
2.81375e-12
2.81375e-12
2.81375e-12
2.81375e-12
2.81375e-12
2.81375e-12
)
;
    }
    defaultFaces
    {
        type            empty;
    }
}


// ************************************************************************* //
