"PointID"	"x"	"y"	"z"	"Conservative_1"	"Conservative_2"	"Conservative_3"	"Conservative_4"	"Conservative_5"	"Pressure"	"Temperature"	"Pressure_Coefficient"	"Mach"
0	-3.000000000000000e+00	0.000000000000000e+00	0.000000000000000e+00	1.223524375381033e+00	9.058620354054316e+00	1.127783801353701e-12	1.338384131258720e-02	2.534184290896417e+05	1.013539581259181e+05	2.885748197400928e+02	7.609381739970193e+00	2.174061599719721e-02	
1	-3.000000000000000e+00	0.000000000000000e+00	4.000000000000000e+00	1.223353576670957e+00	1.150979252414000e+01	2.670323747920718e-10	-7.329764325498413e-02	2.533910220309653e+05	1.013347502013321e+05	2.885604127547623e+02	4.900606590338714e+00	2.762848587080241e-02	
2	-5.000000000000000e-02	0.000000000000000e+00	0.000000000000000e+00	1.225803294644949e+00	7.675211520757778e-01	-1.347551402221548e-09	6.923012631251900e-01	2.534194390878943e+05	1.013676013217483e+05	2.880770962834463e+02	9.533397510687241e+00	2.478202541928246e-03	
3	-5.000000000000000e-02	0.000000000000000e+00	1.000000000000000e+00	1.224809896818344e+00	4.063379537727067e+00	-2.352013547902491e-09	8.212680327353613e+00	2.532468038026821e+05	1.012850117736834e+05	2.880758429009668e+02	-2.113697125449678e+00	2.198685535002810e-02	
4	5.000000000000000e-02	0.000000000000000e+00	1.000000000000000e+00	1.218986969178522e+00	1.009211346926040e+00	4.165581935409654e-10	1.712477039923902e+00	2.519742784922424e+05	1.007890631397367e+05	2.880346200797898e+02	-7.205427446950709e+01	4.792784933690381e-03	
5	5.000000000000000e-02	0.000000000000000e+00	0.000000000000000e+00	1.224621743324402e+00	-4.208240416525106e-01	-5.277652756245907e-10	3.523819394731408e-01	2.530267012807458e+05	1.012106313108356e+05	2.879085173278013e+02	-1.260311509863863e+01	1.317640467763000e-03	
6	3.000000000000000e+00	0.000000000000000e+00	0.000000000000000e+00	1.226068208631307e+00	2.914301117777959e+00	-6.615455506471728e-10	-1.493574772875098e-01	2.534174941540622e+05	1.013656085939366e+05	2.880091901498756e+02	9.252375396500854e+00	6.995799801248152e-03	
7	3.000000000000000e+00	0.000000000000000e+00	4.000000000000000e+00	1.224661336904488e+00	1.559339634888616e+01	8.728695135427217e-11	9.409557047092554e-02	2.532988070667369e+05	1.012798117888197e+05	2.880959968556343e+02	-2.847018922626213e+00	3.742098030835350e-02	
8	-3.000000000000000e+00	3.000000000000000e-01	0.000000000000000e+00	1.223524375382719e+00	9.058620354033044e+00	3.743606477458560e-10	1.338384193454472e-02	2.534184290901837e+05	1.013539581261350e+05	2.885748197403127e+02	7.609381770551583e+00	2.174061599711013e-02	
9	-5.000000000000000e-02	3.000000000000000e-01	0.000000000000000e+00	1.225803294643098e+00	7.675211520597993e-01	4.323880179123028e-09	6.923012639629184e-01	2.534194390879520e+05	1.013676013217712e+05	2.880770962839462e+02	9.533397513913247e+00	2.478202543246673e-03	
10	-5.000000000000000e-02	3.000000000000000e-01	1.000000000000000e+00	1.224809896818370e+00	4.063379540713457e+00	2.531020316551292e-09	8.212680331233020e+00	2.532468038029890e+05	1.012850117737918e+05	2.880758429012690e+02	-2.113697110161035e+00	2.198685536153736e-02	
11	5.000000000000000e-02	3.000000000000000e-01	1.000000000000000e+00	1.218986969174661e+00	1.009211350817868e+00	6.282085911961919e-09	1.712477038687238e+00	2.519742784915061e+05	1.007890631394416e+05	2.880346200798587e+02	-7.205427451113120e+01	4.792784935900476e-03	
12	5.000000000000000e-02	3.000000000000000e-01	0.000000000000000e+00	1.224621743321508e+00	-4.208240401609663e-01	5.872201961929463e-09	3.523819410281110e-01	2.530267012804440e+05	1.012106313107148e+05	2.879085173281385e+02	-1.260311511566136e+01	1.317640467416610e-03	
13	3.000000000000000e+00	3.000000000000000e-01	0.000000000000000e+00	1.226068208631314e+00	2.914301120291241e+00	2.025432680890708e-10	-1.493574789458612e-01	2.534174941547271e+05	1.013656085942001e+05	2.880091901506225e+02	9.252375433659440e+00	6.995799807459870e-03	
14	3.000000000000000e+00	3.000000000000000e-01	4.000000000000000e+00	1.224661336903399e+00	1.559339634841785e+01	-5.344484761829765e-10	9.409557163510293e-02	2.532988070667208e+05	1.012798117888155e+05	2.880959968558788e+02	-2.847018923209028e+00	3.742098030726396e-02	
15	-3.000000000000000e+00	3.000000000000000e-01	4.000000000000000e+00	1.223353576673722e+00	1.150979252446699e+01	-2.696805587802572e-10	-7.329764383487017e-02	2.533910220315952e+05	1.013347502015829e+05	2.885604127548241e+02	4.900606625703705e+00	2.762848587153076e-02	
16	-2.132421637270402e+00	0.000000000000000e+00	0.000000000000000e+00	1.223559777412596e+00	8.423582985892914e+00	-2.688632944893400e-09	4.253073865891412e-02	2.534033932871912e+05	1.013497586074829e+05	2.885545137057949e+02	7.017149553357462e+00	2.021689340336028e-02	
17	-1.468963107081476e+00	0.000000000000000e+00	0.000000000000000e+00	1.223888239938552e+00	7.394203154147625e+00	-4.505391599766793e-09	7.779523224242227e-02	2.534235751566568e+05	1.013604945584886e+05	2.885076308238803e+02	8.531174515383773e+00	1.774378043924111e-02	
18	-9.616001634889799e-01	0.000000000000000e+00	0.000000000000000e+00	1.224115120808597e+00	6.015982772684704e+00	-6.213405427902371e-09	1.385057021529970e-01	2.533735241644725e+05	1.013434933541717e+05	2.884057755841829e+02	6.133599516526460e+00	1.443938078202991e-02	
19	-5.736072649935684e-01	0.000000000000000e+00	0.000000000000000e+00	1.225030865722313e+00	4.110818605738627e+00	-4.728025217910878e-09	1.786019888257759e-01	2.534237524101067e+05	1.013667368331537e+05	2.882562815925546e+02	9.411484015464156e+00	9.868531993044610e-03	
20	-2.768996154894059e-01	0.000000000000000e+00	0.000000000000000e+00	1.225373809981959e+00	2.397085469972577e+00	-2.358933933075557e-09	-2.630672160525858e-02	2.533882113534618e+05	1.013543465891048e+05	2.881403833293747e+02	7.664164307544252e+00	5.748971648961970e-03	
21	-5.000000000000000e-02	0.000000000000000e+00	1.999999999995579e-01	1.226101907163173e+00	-1.136701241256693e-02	-2.855123522343303e-09	2.203637226744394e+00	2.534669697015724e+05	1.013859957529587e+05	2.880591986829139e+02	1.212745070634158e+01	5.282379403907115e-03	
22	-5.000000000000000e-02	0.000000000000000e+00	3.999999999989749e-01	1.225609017524917e+00	7.464508324819960e-02	-4.021098641938437e-09	3.748001634586076e+00	2.533695204327533e+05	1.013455149314654e+05	2.880599833821572e+02	6.418690095253264e+00	8.989667453850707e-03	
23	-5.000000000000000e-02	0.000000000000000e+00	5.999999999989468e-01	1.225316773252931e+00	2.568358038225779e-02	-4.584289654704001e-09	5.217976863324829e+00	2.533330531118005e+05	1.013287770156380e+05	2.880811006965407e+02	4.058245048377230e+00	1.251563249931680e-02	
24	-5.000000000000000e-02	0.000000000000000e+00	7.999999999994734e-01	1.226479916750107e+00	-1.757659191497987e-01	-4.238159593558133e-09	7.501598791653409e+00	2.535877139171488e+05	1.014259040258786e+05	2.880837697997841e+02	1.775546832303289e+01	1.798060618609571e-02	
25	5.000000000000000e-02	0.000000000000000e+00	7.999999999999998e-01	1.225447457313241e+00	-2.570019151184382e-02	-4.010782061553429e-10	3.139984552928898e+00	2.532512231066456e+05	1.012988800078544e+05	2.879653900487749e+02	-1.579455853272378e-01	7.532313213641914e-03	
26	5.000000000000000e-02	0.000000000000000e+00	6.000000000013869e-01	1.224381443808574e+00	-1.272503914398862e-01	-3.573809820347347e-09	2.365666620264628e+00	2.530011438976584e+05	1.011995407579719e+05	2.879334679213860e+02	-1.416714737387195e+01	5.688126867773701e-03	
27	5.000000000000000e-02	0.000000000000000e+00	4.000000000016644e-01	1.224606997489544e+00	-4.624922354837979e-02	-4.365242682586655e-09	1.884188380125942e+00	2.530317389391052e+05	1.012121154213803e+05	2.879162059360879e+02	-1.239382014097611e+01	4.524561301785870e-03	
28	5.000000000000000e-02	0.000000000000000e+00	2.000000000008322e-01	1.224745261723637e+00	-2.426723811289560e-02	-3.380425304526855e-09	1.121915474284008e+00	2.530540348804452e+05	1.012214083121532e+05	2.879101347588213e+02	-1.108330106427631e+01	2.693634218431275e-03	
29	2.768996154886466e-01	0.000000000000000e+00	0.000000000000000e+00	1.224524582984839e+00	-1.162310223093104e+00	-3.583991087811243e-09	-2.403450522491605e-04	2.530101238833723e+05	1.012038289019824e+05	2.879120095445330e+02	-1.356241686892621e+01	2.790460139032174e-03	
30	5.736072649914844e-01	0.000000000000000e+00	0.000000000000000e+00	1.224474943694568e+00	-1.849797037658345e+00	-1.185703942600551e-08	9.007803341198488e-02	2.530096378454171e+05	1.012032949203934e+05	2.879221621089252e+02	-1.363772099937585e+01	4.446334171892981e-03	
31	9.616001634848403e-01	0.000000000000000e+00	0.000000000000000e+00	1.224694585314730e+00	-2.224119199069102e+00	-1.511224165582265e-08	1.173411614659554e-02	2.530729095033230e+05	1.012283559519338e+05	2.879418105456791e+02	-1.010351827191990e+01	5.338694808170789e-03	
32	1.468963107074030e+00	0.000000000000000e+00	0.000000000000000e+00	1.224816070201709e+00	-1.389166357741825e+00	-1.338299237514109e-08	-1.148821354473221e-01	2.531126286988948e+05	1.012447342105211e+05	2.879598336553714e+02	-7.793793467627203e+00	3.345404271735094e-03	
33	2.132421637265390e+00	0.000000000000000e+00	0.000000000000000e+00	1.224978011407637e+00	4.749880421737367e-01	-7.186019989761165e-09	-1.494560779311591e-01	2.531679594489898e+05	1.012671432971126e+05	2.879854929749162e+02	-4.633578181837467e+00	1.194868955287496e-03	
34	3.000000000000000e+00	0.000000000000000e+00	9.999999999976482e-01	1.225527508403437e+00	6.349564924001267e+00	1.698857687164797e-09	-1.594346868312567e+00	2.533394885802342e+05	1.013288010698510e+05	2.880316321876389e+02	4.061637265689505e+00	1.570104624579958e-02	
35	3.000000000000000e+00	0.000000000000000e+00	1.999999999994776e+00	1.225179076907097e+00	1.106719397198315e+01	2.107158604168812e-09	-1.451075679006922e+00	2.533246730599813e+05	1.013095312333448e+05	2.880587552195512e+02	1.344131059761035e+00	2.677625609360059e-02	
36	3.000000000000000e+00	0.000000000000000e+00	2.999999999997367e+00	1.224756585601096e+00	1.435687140502741e+01	1.531771164681839e-09	-4.455427454440229e-01	2.532812788805461e+05	1.012788202428915e+05	2.880707714889218e+02	-2.986850530042803e+00	3.446835934473102e-02	
37	2.000000000003705e+00	0.000000000000000e+00	4.000000000000000e+00	1.224410713963209e+00	1.582386949583891e+01	-8.385906518200370e-10	4.218902865934311e-02	2.533231899625594e+05	1.012883752279690e+05	2.881793309879610e+02	-1.639369909892731e+00	3.797579334078354e-02	
38	1.000000000007407e+00	0.000000000000000e+00	4.000000000000000e+00	1.223905864229122e+00	1.534946693757687e+01	-3.117025067696469e-09	5.206478337208047e-02	2.533214686250497e+05	1.012900863115098e+05	2.883030725452073e+02	-1.398066350326789e+00	3.684463849854551e-02	
39	1.102273827768840e-11	0.000000000000000e+00	4.000000000000000e+00	1.223657281440433e+00	1.386977565647328e+01	-4.380526130133324e-09	1.214361908359071e-01	2.533531727734419e+05	1.013098247782838e+05	2.884178337887705e+02	1.385527892231737e+00	3.329403122360682e-02	
40	-9.999999999925877e-01	0.000000000000000e+00	4.000000000000000e+00	1.223220988934399e+00	1.255823058539649e+01	-3.529055253720887e-09	1.288866702271509e-02	2.533186838813853e+05	1.013016876442055e+05	2.884975314766082e+02	2.379980546477563e-01	3.015114861842997e-02	
41	-1.999999999996295e+00	0.000000000000000e+00	4.000000000000000e+00	1.223334822802493e+00	1.181614083082152e+01	-1.757557824612655e-09	5.137393814076218e-02	2.533738558955629e+05	1.013267156028982e+05	2.885419567804514e+02	3.767536722348031e+00	2.836488932576238e-02	
42	-3.000000000000000e+00	0.000000000000000e+00	3.000000000001386e+00	1.223469387537065e+00	1.104228940550701e+01	2.510089557126533e-09	1.089352111488974e-01	2.534159133318983e+05	1.013464311973510e+05	2.885663578808247e+02	6.547905422512186e+00	2.650424615080931e-02	
43	-3.000000000000000e+00	0.000000000000000e+00	2.000000000008237e+00	1.223349852977387e+00	1.025661047312451e+01	1.795926971076857e-09	3.303270454354446e-01	2.533874658873821e+05	1.013377701556623e+05	2.885698907249557e+02	5.326492125556548e+00	2.463224259119071e-02	
44	-3.000000000000000e+00	0.000000000000000e+00	1.000000000004162e+00	1.223471570471912e+00	9.537437555069435e+00	1.546652853722298e-09	2.999139102701491e-01	2.534105474291288e+05	1.013493346595566e+05	2.885741101062675e+02	6.957362791795996e+00	2.290207946390031e-02	
45	-2.132421637270402e+00	3.000000000000000e-01	0.000000000000000e+00	1.223559777411632e+00	8.423582986700582e+00	3.555111712525681e-09	4.253074005621765e-02	2.534033932870539e+05	1.013497586074257e+05	2.885545137058597e+02	7.017149545298603e+00	2.021689340532926e-02	
46	-1.468963107081476e+00	3.000000000000000e-01	0.000000000000000e+00	1.223888239937025e+00	7.394203154900795e+00	7.129749538693548e-09	7.779523494421796e-02	2.534235751563891e+05	1.013604945583796e+05	2.885076308239301e+02	8.531174500017146e+00	1.774378044113709e-02	
47	-9.616001634889799e-01	3.000000000000000e-01	0.000000000000000e+00	1.224115120806886e+00	6.015982772803537e+00	9.651739101467077e-09	1.385057063556749e-01	2.533735241642001e+05	1.013434933540623e+05	2.884057755842747e+02	6.133599501100322e+00	1.443938078256497e-02	
48	-5.736072649935684e-01	3.000000000000000e-01	0.000000000000000e+00	1.225030865720406e+00	4.110818604595456e+00	9.200552930371555e-09	1.786019921885299e-01	2.534237524098656e+05	1.013667368330585e+05	2.882562815927328e+02	9.411484002049141e+00	9.868531990667838e-03	
49	-2.768996154894059e-01	3.000000000000000e-01	0.000000000000000e+00	1.225373809980145e+00	2.397085469239402e+00	7.018366016480203e-09	-2.630672022295706e-02	2.533882113534333e+05	1.013543465890940e+05	2.881403833297704e+02	7.664164306017439e+00	5.748971647171979e-03	
50	-5.000000000000000e-02	3.000000000000000e-01	1.999999999995579e-01	1.226101907161937e+00	-1.136701186359720e-02	2.730258326930455e-09	2.203637228459090e+00	2.534669697018105e+05	1.013859957530527e+05	2.880591986834714e+02	1.212745071960268e+01	5.282379408010762e-03	
51	-5.000000000000000e-02	3.000000000000000e-01	3.999999999989749e-01	1.225609017522817e+00	7.464508462226017e-02	2.312870047380638e-09	3.748001636707124e+00	2.533695204328277e+05	1.013455149314926e+05	2.880599833827277e+02	6.418690099076450e+00	8.989667459008180e-03	
52	-5.000000000000000e-02	3.000000000000000e-01	5.999999999989468e-01	1.225316773250477e+00	2.568358254154614e-02	2.423264648801799e-09	5.217976866222362e+00	2.533330531118131e+05	1.013287770156381e+05	2.880811006971180e+02	4.058245048387491e+00	1.251563250630456e-02	
53	-5.000000000000000e-02	3.000000000000000e-01	7.999999999994734e-01	1.226479916749085e+00	-1.757659174687510e-01	1.389345477998144e-09	7.501598795356239e+00	2.535877139173857e+05	1.014259040259644e+05	2.880837698002676e+02	1.775546833513042e+01	1.798060619487169e-02	
54	5.000000000000000e-02	3.000000000000000e-01	7.999999999999998e-01	1.225447457309899e+00	-2.570018941450462e-02	7.552659909120378e-09	3.139984549281187e+00	2.532512231057908e+05	1.012988800075163e+05	2.879653900485988e+02	-1.579456330175435e-01	7.532313204873900e-03	
55	5.000000000000000e-02	3.000000000000000e-01	6.000000000013869e-01	1.224381443804761e+00	-1.272503893064051e-01	7.736055449966460e-09	2.365666615958925e+00	2.530011438965832e+05	1.011995407575452e+05	2.879334679210688e+02	-1.416714743404559e+01	5.688126857196431e-03	
56	5.000000000000000e-02	3.000000000000000e-01	4.000000000016644e-01	1.224606997486218e+00	-4.624922184372043e-02	6.921253888591650e-09	1.884188378567659e+00	2.530317389381168e+05	1.012121154209860e+05	2.879162059357481e+02	-1.239382019659189e+01	4.524561297960711e-03	
57	5.000000000000000e-02	3.000000000000000e-01	2.000000000008322e-01	1.224745261720939e+00	-2.426723691769834e-02	6.090758496740050e-09	1.121915474888447e+00	2.530540348798248e+05	1.012214083119048e+05	2.879101347587491e+02	-1.108330109930680e+01	2.693634219826040e-03	
58	2.768996154886466e-01	3.000000000000000e-01	0.000000000000000e+00	1.224524582982858e+00	-1.162310219169254e+00	5.053853528464265e-09	-2.403446258689319e-04	2.530101238834742e+05	1.012038289020247e+05	2.879120095451189e+02	-1.356241686296467e+01	2.790460129613305e-03	
59	5.736072649914844e-01	3.000000000000000e-01	0.000000000000000e+00	1.224474943688190e+00	-1.849797031082721e+00	5.963936140601336e-09	9.007802784714850e-02	2.530096378446336e+05	1.012032949200842e+05	2.879221621095452e+02	-1.363772104298645e+01	4.446334155493176e-03	
60	9.616001634848403e-01	3.000000000000000e-01	0.000000000000000e+00	1.224694585309312e+00	-2.224119191276476e+00	6.933949672806451e-09	1.173410537478959e-02	2.530729095030603e+05	1.012283559518344e+05	2.879418105466702e+02	-1.010351828593620e+01	5.338694789344192e-03	
61	1.468963107074030e+00	3.000000000000000e-01	0.000000000000000e+00	1.224816070195586e+00	-1.389166353223266e+00	4.901718782447396e-09	-1.148821455354788e-01	2.531126286983150e+05	1.012447342102908e+05	2.879598336561559e+02	-7.793793500098639e+00	3.345404262935000e-03	
62	2.132421637265390e+00	3.000000000000000e-01	0.000000000000000e+00	1.224978011401342e+00	4.749880453721124e-01	3.827766367759769e-09	-1.494560843738606e-01	2.531679594482869e+05	1.012671432968306e+05	2.879854929755944e+02	-4.633578221600252e+00	1.194868967253369e-03	
63	3.000000000000000e+00	3.000000000000000e-01	9.999999999976482e-01	1.225527508404324e+00	6.349564926363884e+00	-1.049520539657753e-09	-1.594346869155594e+00	2.533394885810259e+05	1.013288010701624e+05	2.880316321883155e+02	4.061637309597668e+00	1.570104625175790e-02	
64	3.000000000000000e+00	3.000000000000000e-01	1.999999999994776e+00	1.225179076906973e+00	1.106719397355614e+01	-1.827831256952251e-09	-1.451075677765649e+00	2.533246730603412e+05	1.013095312334836e+05	2.880587552199752e+02	1.344131079340759e+00	2.677625609693792e-02	
65	3.000000000000000e+00	3.000000000000000e-01	2.999999999997367e+00	1.224756585600898e+00	1.435687140475060e+01	-1.456259219169721e-09	-4.455427439935816e-01	2.532812788807025e+05	1.012788202429555e+05	2.880707714891506e+02	-2.986850521007113e+00	3.446835934395101e-02	
66	2.000000000003705e+00	3.000000000000000e-01	4.000000000000000e+00	1.224410713962854e+00	1.582386949594774e+01	7.331309197311640e-11	4.218902992650574e-02	2.533231899627825e+05	1.012883752280576e+05	2.881793309882971e+02	-1.639369897388879e+00	3.797579334104173e-02	
67	1.000000000007407e+00	3.000000000000000e-01	4.000000000000000e+00	1.223905864228088e+00	1.534946693853208e+01	2.031182007637734e-09	5.206478491840737e-02	2.533214686251514e+05	1.012900863115457e+05	2.883030725455528e+02	-1.398066345270250e+00	3.684463850085998e-02	
68	1.102273827768840e-11	3.000000000000000e-01	4.000000000000000e+00	1.223657281439966e+00	1.386977565809768e+01	3.446539895956996e-09	1.214361929041482e-01	2.533531727736195e+05	1.013098247783474e+05	2.884178337890615e+02	1.385527901201759e+00	3.329403122754521e-02	
69	-9.999999999925877e-01	3.000000000000000e-01	4.000000000000000e+00	1.223220988934624e+00	1.255823058652139e+01	2.420168483949760e-09	1.288866890169367e-02	2.533186838815844e+05	1.013016876442805e+05	2.884975314767688e+02	2.379980652266765e-01	3.015114862112144e-02	
70	-1.999999999996295e+00	3.000000000000000e-01	4.000000000000000e+00	1.223334822802660e+00	1.181614083158239e+01	1.663205614969289e-09	5.137393941659936e-02	2.533738558956598e+05	1.013267156029340e+05	2.885419567805140e+02	3.767536727398414e+00	2.836488932759519e-02	
71	-3.000000000000000e+00	3.000000000000000e-01	3.000000000001386e+00	1.223469387542753e+00	1.104228940561114e+01	-1.781114163726832e-09	1.089352108085102e-01	2.534159133332825e+05	1.013464311979044e+05	2.885663578810588e+02	6.547905500551988e+00	2.650424615091721e-02	
72	-3.000000000000000e+00	3.000000000000000e-01	2.000000000008237e+00	1.223349852979673e+00	1.025661047237963e+01	-1.187886650988798e-09	3.303270452116930e-01	2.533874658879905e+05	1.013377701559082e+05	2.885698907251169e+02	5.326492160238168e+00	2.463224258933346e-02	
73	-3.000000000000000e+00	3.000000000000000e-01	1.000000000004162e+00	1.223471570475190e+00	9.537437554165878e+00	-7.931637534069747e-10	2.999139103225333e-01	2.534105474300580e+05	1.013493346599312e+05	2.885741101065610e+02	6.957362844618771e+00	2.290207946166372e-02	
74	9.825948741531498e-01	0.000000000000000e+00	9.203063592825887e-01	1.224050217734502e+00	2.934072014905606e+00	-1.483887139725432e-08	-1.781615894302517e+00	2.530014525557864e+05	1.011986557853246e+05	2.880088636571777e+02	-1.429194960871457e+01	8.242818004515434e-03	
75	-9.825948741537733e-01	0.000000000000000e+00	9.203063592817843e-01	1.224095585013595e+00	7.627885265081487e+00	-1.062605927114235e-08	3.320189583997559e+00	2.534064448562708e+05	1.013512702810253e+05	2.884325104794115e+02	7.230331550596713e+00	1.996148218407011e-02	
76	3.134793409687708e-02	0.000000000000000e+00	2.553979665792260e+00	1.223347866056995e+00	1.480236157342753e+01	-9.748077128867006e-09	3.127354796403199e+00	2.532587963775738e+05	1.012660982452402e+05	2.883662658240378e+02	-4.780955402601706e+00	3.632809393469211e-02	
77	-9.606257234580401e-04	0.000000000000000e+00	1.748697432502003e+00	1.223893460052433e+00	1.482762773789029e+01	-1.216515426801025e-08	5.777638517552585e+00	2.532712211931768e+05	1.012671058472562e+05	2.882405842928580e+02	-4.638859504138165e+00	3.820285580766593e-02	
78	-1.129679824287611e+00	0.000000000000000e+00	2.119543773237748e+00	1.223373746009790e+00	1.152011095088080e+01	-5.382427667699478e-09	2.505601079656417e+00	2.533415200327245e+05	1.013138854406062e+05	2.884962419330493e+02	1.958178057568246e+00	2.830187754263280e-02	
79	1.132029953157837e+00	0.000000000000000e+00	2.122440212022948e+00	1.224262025053781e+00	1.456589186487294e+01	-7.196849848206032e-09	-4.812568018288679e-01	2.532719781124976e+05	1.012740933111283e+05	2.881736919570138e+02	-3.653460565742072e+00	3.498030645858563e-02	
80	-5.196051848669313e-01	0.000000000000000e+00	1.412361811251357e+00	1.224233565861935e+00	1.025163571504258e+01	-1.075086471352228e-08	6.861880054886472e+00	2.533793508168682e+05	1.013268788236869e+05	2.883305947580491e+02	3.790554743598473e+00	2.960208779857871e-02	
81	5.497855166715109e-01	0.000000000000000e+00	1.395413135418834e+00	1.223859671765026e+00	1.029583548127179e+01	-1.285493196227323e-08	-3.120091285902361e-01	2.530702184365128e+05	1.012107485276112e+05	2.880881255264606e+02	-1.258658473964613e+01	2.473533366019806e-02	
82	5.374226884505656e-01	0.000000000000000e+00	4.938127011549980e-01	1.224505550598270e+00	-9.283163013960116e-01	-1.190197352855585e-08	7.227085577122649e-01	2.530322279953929e+05	1.012126651348593e+05	2.879416228849931e+02	-1.231629743910379e+01	2.824350447491338e-03	
83	-5.374226884502991e-01	0.000000000000000e+00	4.938127011534965e-01	1.224684999683560e+00	4.038397988424951e+00	-8.417293122716291e-09	3.197433584665827e+00	2.533461082042517e+05	1.013341103732633e+05	2.882448827288223e+02	4.810375583595602e+00	1.235756520206840e-02	
84	-1.601042872495425e-04	0.000000000000000e+00	1.423899928231195e+00	1.224663697010594e+00	1.333885487066113e+01	-7.819432925239895e-09	6.420077853650795e+00	2.533314473089214e+05	1.012967907395238e+05	2.881437391188526e+02	-4.525822135342037e-01	3.552163702769896e-02	
85	4.652818771299120e-01	0.000000000000000e+00	8.722244593273728e-01	1.224453933331923e+00	1.081500387233937e+00	-9.481514757671478e-09	4.452336255663349e-01	2.530610338703448e+05	1.012241901218363e+05	2.879865501732565e+02	-1.069099960001128e+01	2.807669454984802e-03	
86	-4.652818771308316e-01	0.000000000000000e+00	8.722244593264402e-01	1.224555309269862e+00	5.325805583934722e+00	-7.844153886569123e-09	6.595941983740227e+00	2.533410309785939e+05	1.013246741456880e+05	2.882485660247008e+02	3.479642601601123e+00	2.034065694310641e-02	
87	-1.779160986901294e+00	0.000000000000000e+00	8.965036540400221e-01	1.223621528107065e+00	8.924295258948320e+00	-4.830718006437960e-09	1.235867130983409e+00	2.534083468323709e+05	1.013500714911469e+05	2.885408424238517e+02	7.061273606954066e+00	2.162216996384479e-02	
88	1.779160986895464e+00	0.000000000000000e+00	8.965036540386054e-01	1.224434600261200e+00	4.479797354871245e+00	-6.291049092568107e-09	-2.419437807186817e+00	2.530997370997735e+05	1.012356606793200e+05	2.880237319780139e+02	-9.073377616696598e+00	1.222187637102927e-02	
89	-3.024549228140815e-01	0.000000000000000e+00	1.271810638079400e+00	1.223954304752371e+00	9.849029160735682e+00	-7.723844607101912e-09	9.233807205153159e+00	2.532314842167028e+05	1.012628104553622e+05	2.882140298618379e+02	-5.244612133378841e+00	3.241021434750511e-02	
90	3.084909891748027e-01	0.000000000000000e+00	1.268420902912950e+00	1.223668512185235e+00	9.108840989472711e+00	-8.577953824638598e-09	1.064677273158373e+00	2.530093585495407e+05	1.011899971280665e+05	2.880740538119987e+02	-1.551302664412771e+01	2.202647350640896e-02	
91	-1.906003421713626e-05	0.000000000000000e+00	1.200234358426896e+00	1.223041788782746e+00	1.022088490847032e+01	-3.287447055111325e-09	6.470264991277401e+00	2.529161756521481e+05	1.011425412637126e+05	2.880865020511280e+02	-2.220543453495377e+01	2.906807704487655e-02	
92	-5.618007820408263e-01	0.000000000000000e+00	2.043746239937465e+00	1.223921332804616e+00	1.281268701854214e+01	-9.449831548487558e-09	4.264715283902162e+00	2.534115096122905e+05	1.013348057295961e+05	2.884267125726451e+02	4.908437398973192e+00	3.240679359176214e-02	
93	-8.083224307437241e-01	0.000000000000000e+00	2.889383374999068e+00	1.223330644599528e+00	1.254801098531849e+01	-3.274648743380506e-09	1.566657494682722e+00	2.533353875832712e+05	1.013080121428153e+05	2.884896813825160e+02	1.129903090582649e+00	3.035819102105227e-02	
94	5.647434910278286e-01	0.000000000000000e+00	2.014946179016490e+00	1.224336163528867e+00	1.567196204796147e+01	-1.281042708633387e-08	1.479640888056810e+00	2.533299019781645e+05	1.012914817563451e+05	2.882057174077407e+02	-1.201275370873489e+00	3.777892509885856e-02	
95	8.221850434196895e-01	0.000000000000000e+00	2.852649226946881e+00	1.223865511325447e+00	1.589359120556003e+01	-5.424988696735506e-09	1.132995407181057e+00	2.532912817224423e+05	1.012750228491779e+05	2.882697016721770e+02	-3.522373547047881e+00	3.825081459383542e-02	
96	-1.158518924678652e+00	0.000000000000000e+00	1.551501353485399e+00	1.223655841375822e+00	1.021422016505321e+01	-7.260009944252492e-09	3.059935617884134e+00	2.533898588081560e+05	1.013373609290849e+05	2.884965656737903e+02	5.268781425035565e+00	2.559112396523932e-02	
97	1.158988950451789e+00	0.000000000000000e+00	1.552080641242281e+00	1.224526569726145e+00	1.117132817861145e+01	-1.110928716915788e-08	-2.354730156319659e+00	2.532226024958016e+05	1.012677522275245e+05	2.880933958481753e+02	-4.547704481100870e+00	2.740063908199725e-02	
98	-2.216781681457610e+00	0.000000000000000e+00	1.838237906171512e+00	1.223470618038069e+00	1.027133285814820e+01	-9.793014564317290e-10	7.714299412015206e-01	2.534062936884735e+05	1.013451741274948e+05	2.885624883718388e+02	6.370628613004436e+00	2.472213169728857e-02	
99	2.216781681455013e+00	0.000000000000000e+00	1.838237906163890e+00	1.224852511264242e+00	1.112031498301583e+01	1.538871448153996e-09	-1.976584240004375e+00	2.532753527414556e+05	1.012893111126607e+05	2.880780481101446e+02	-1.507387863386619e+00	2.710089558671956e-02	
100	9.670971517162510e-01	0.000000000000000e+00	4.607420247048584e-01	1.224603197552099e+00	-7.405238266319678e-01	-1.451530534885870e-08	-5.388237978838964e-01	2.530703532897409e+05	1.012280043398334e+05	2.879622983870887e+02	-1.015310395805616e+01	2.198330504734991e-03	
101	-9.670971517153459e-01	0.000000000000000e+00	4.607420247046419e-01	1.224348335121807e+00	6.280835987149466e+00	-9.810098049794732e-09	1.918738231339656e+00	2.534180273061592e+05	1.013601654672022e+05	2.883982768146611e+02	8.484764800757107e+00	1.575585080152454e-02	
102	1.854114598533743e+00	0.000000000000000e+00	3.012715418354706e+00	1.224443019364885e+00	1.537143392421728e+01	9.827411485317509e-10	-3.141849808996237e-01	2.533053825215005e+05	1.012835428504548e+05	2.881579793211872e+02	-2.320850309581173e+00	3.689795801799008e-02	
103	-1.854114598532094e+00	0.000000000000000e+00	3.012715418358399e+00	1.223177562005783e+00	1.142059764420512e+01	-8.567415438148068e-10	5.438506198815362e-01	2.533432257872316e+05	1.013159155238389e+05	2.885482951928631e+02	2.244468176401496e+00	2.744941458983653e-02	
104	3.467727762006756e-01	0.000000000000000e+00	3.138478024891123e-01	1.224476376768595e+00	-1.108362807903355e+00	-9.085586661325817e-09	9.893348634709823e-01	2.530073832587307e+05	1.012025927817823e+05	2.879198275637158e+02	-1.373673927764037e+01	3.566899524340820e-03	
105	-3.467727761998039e-01	0.000000000000000e+00	3.138478024875392e-01	1.225524406744757e+00	2.434357025709125e+00	-5.907770745311075e-09	2.420917139084993e+00	2.534310260483256e+05	1.013704868454123e+05	2.881508551363698e+02	9.940325118082173e+00	8.232270989660275e-03	
106	2.714569979187768e-01	0.000000000000000e+00	7.206820098998908e-01	1.224066699668056e+00	-1.043463490801533e-01	-6.573802909558755e-09	1.873870634278800e+00	2.529560026495223e+05	1.011818255553343e+05	2.879570878750829e+02	-1.666541315269206e+01	4.507067696542078e-03	
107	-2.714569979194104e-01	0.000000000000000e+00	7.206820098987166e-01	1.224881969575043e+00	2.239168983943814e+00	-5.877682581371957e-09	6.113591249728760e+00	2.533161276564976e+05	1.013195295996727e+05	2.881570625223411e+02	2.754139003347393e+00	1.561972381262484e-02	
108	-2.889797296894188e-01	0.000000000000000e+00	9.267545678931778e-01	1.225102117102039e+00	4.087795404281581e+00	-5.757558236297365e-09	8.727547336429677e+00	2.533945306843056e+05	1.013426494309713e+05	2.881710234501992e+02	6.014586232030846e+00	2.311613237855640e-02	
109	2.889797296888021e-01	0.000000000000000e+00	9.267545678937171e-01	1.222911668889950e+00	1.238583118303994e+00	-5.597468671897344e-09	1.129694631654618e+00	2.527501138081779e+05	1.010995859155704e+05	2.879947912760591e+02	-2.826316237901434e+01	4.029395937824180e-03	
110	-2.096255493199925e-01	0.000000000000000e+00	1.496037590846734e+00	1.224438384635492e+00	1.247044961431702e+01	-9.742805303847337e-09	7.922336447710388e+00	2.533644530686524e+05	1.013101280608969e+05	2.882347069169185e+02	1.428297968821045e+00	3.545223392226562e-02	
111	2.517633613169607e-01	0.000000000000000e+00	1.518247420292257e+00	1.223834798175103e+00	1.341832851803302e+01	-1.058307029134579e-08	3.247594209866509e+00	2.531433946850740e+05	1.012262101392774e+05	2.881379918256525e+02	-1.040612899768025e+01	3.315032034144384e-02	
112	-6.660432832766596e-01	0.000000000000000e+00	1.081962603010036e+00	1.224355684220163e+00	7.751902521756274e+00	-1.023591306644296e-08	5.677689451790870e+00	2.533944897261627e+05	1.013427139740893e+05	2.883468916017145e+02	6.023688349920881e+00	2.305435536857013e-02	
113	6.589236055220503e-01	0.000000000000000e+00	1.065642443794388e+00	1.224063977939055e+00	4.552762685465925e+00	-1.329109889450171e-08	-1.077215936246549e+00	2.530229866428337e+05	1.012056183665738e+05	2.880254411423164e+02	-1.331005971318074e+01	1.123401685388432e-02	
114	-2.065827934826303e-01	0.000000000000000e+00	1.069425960577202e+00	1.224784675725177e+00	6.668159261111649e+00	-4.850109648580958e-09	1.010624105650994e+01	2.533218708372165e+05	1.013048093586519e+05	2.881380846842428e+02	6.782341914956013e-01	2.905084300103755e-02	
115	2.065827934823721e-01	0.000000000000000e+00	1.069425960577464e+00	1.224356063932627e+00	3.844412983960402e+00	-4.627425729148292e-09	8.274021835271036e-01	2.530940845772032e+05	1.012351077510879e+05	2.880406340354466e+02	-9.151353675371539e+00	9.440151019868490e-03	
116	-2.339028924130573e-01	0.000000000000000e+00	4.854032749601151e-01	1.225573798906743e+00	1.373451413348444e+00	-5.437923740771996e-09	4.093935194857225e+00	2.534138240115988e+05	1.013624866750043e+05	2.881165023133914e+02	8.812110422261533e+00	1.035448041706084e-02	
117	2.339028924126051e-01	0.000000000000000e+00	4.854032749623373e-01	1.224566438328099e+00	-4.887605592048566e-01	-7.788710376800512e-09	1.781265834474075e+00	2.530322980124662e+05	1.012123619800372e+05	2.879264434824593e+02	-1.235904949411984e+01	4.434242916932016e-03	
118	-6.934692988371788e-01	0.000000000000000e+00	7.488579429535888e-01	1.224562935333679e+00	5.957897322062600e+00	-1.015672665235056e-08	4.175196362145291e+00	2.534045462316951e+05	1.013531739708432e+05	2.883278467687612e+02	7.498797185619622e+00	1.745310877257088e-02	
119	6.931604137473489e-01	0.000000000000000e+00	7.481498977313378e-01	1.224059284708415e+00	7.202425782996872e-01	-1.331683401037212e-08	-2.715534554232718e-01	2.529702014785474e+05	1.011879837839100e+05	2.879763582629417e+02	-1.579695615428314e+01	1.848464164882260e-03	
120	-1.312362884067610e+00	0.000000000000000e+00	6.646874262097189e-01	1.223694603123973e+00	7.810289706356100e+00	-8.686928215348654e-09	1.667189870350517e+00	2.533756612418204e+05	1.013398403031102e+05	2.884944855446279e+02	5.618432253585819e+00	1.916691033622783e-02	
121	1.312362884063586e+00	0.000000000000000e+00	6.646874262090433e-01	1.224645642483548e+00	1.664131861532885e+00	-1.318817671629217e-08	-1.819589006412953e+00	2.531088699600022e+05	1.012425550046779e+05	2.879937086134725e+02	-8.101113428588240e+00	5.918471199390108e-03	
122	-1.380533872983328e-01	0.000000000000000e+00	3.181603062552175e+00	1.223450074585087e+00	1.392689574992168e+01	-4.860867244131587e-09	1.554867235164374e+00	2.533147668284723e+05	1.012938047206199e+05	2.884210659716077e+02	-8.736820448600866e-01	3.364307318626503e-02	
123	7.419949146702542e-01	0.000000000000000e+00	2.620513753100355e-01	1.224116232951613e+00	-1.956940612578064e+00	-1.249423036664678e-08	1.530185500442936e-01	2.529459269840567e+05	1.011777412731353e+05	2.879338126889628e+02	-1.724139428355512e+01	4.713933251256076e-03	
124	-7.419949146691938e-01	0.000000000000000e+00	2.620513753103896e-01	1.225088366895090e+00	5.004263359308250e+00	-8.361868283062048e-09	1.095017514544010e+00	2.534926255394002e+05	1.013927661631422e+05	2.883167679480856e+02	1.308223990159481e+01	1.228414394205879e-02	
125	2.375341278589752e+00	0.000000000000000e+00	5.856470294858179e-01	1.224421467614219e+00	3.109231532092787e+00	-1.721787125214293e-09	-1.350802400099359e+00	2.530809759054453e+05	1.012305132327503e+05	2.880121761400550e+02	-9.799290262260778e+00	8.137900472429592e-03	
126	-2.375341278594772e+00	0.000000000000000e+00	5.856470294875045e-01	1.223663251334879e+00	8.963591510657070e+00	-2.193266099210668e-09	4.253140933388749e-01	2.534362454679819e+05	1.013613365817004e+05	2.885630743578195e+02	8.649919856209223e+00	2.153472124988626e-02	
127	2.370934994068257e+00	0.000000000000000e+00	2.530901175131019e+00	1.224947072363209e+00	1.391069059528092e+01	2.544270528552403e-09	-9.533153904752071e-01	2.533354431741600e+05	1.013024344903296e+05	2.880931310792431e+02	3.433211577554896e-01	3.345288042211800e-02	
128	-2.370934994068034e+00	0.000000000000000e+00	2.530901175137551e+00	1.223429922909319e+00	1.090553836580806e+01	-4.768176176346423e-10	4.540008629912676e-01	2.534030231130562e+05	1.013417333632613e+05	2.885622895736796e+02	5.885398852247396e+00	2.619843730169610e-02	
129	-1.790781052807056e-01	0.000000000000000e+00	2.118264311918558e+00	1.223638627448767e+00	1.450435713346763e+01	-1.178203528600435e-08	4.708078995724238e+00	2.533122998663526e+05	1.012869116034781e+05	2.883569983677079e+02	-1.845775845699154e+00	3.660865628840751e-02	
130	-7.921348971844293e-01	0.000000000000000e+00	1.723545051111688e+00	1.223530799364389e+00	1.116245450794546e+01	-9.971125031356532e-09	4.517234385859516e+00	2.533231383825179e+05	1.013055525092023e+05	2.884354849497487e+02	7.830361306306212e-01	2.890710413154786e-02	
131	7.983255105839553e-01	0.000000000000000e+00	1.699241333964839e+00	1.223720865301772e+00	1.338013306788767e+01	-1.328444700948142e-08	-9.470712997360327e-01	2.531049667869495e+05	1.012125805143851e+05	2.881260185088981e+02	-1.232823094272979e+01	3.221240803691083e-02	
132	-4.642644325923871e-01	0.000000000000000e+00	2.484420071406212e+00	1.223479033952845e+00	1.344219786815719e+01	-7.243713607726898e-09	3.076475527366520e+00	2.533321164451393e+05	1.013017618794348e+05	2.884368955836347e+02	2.484669912254950e-01	3.310440720402026e-02	
133	-1.296959501136076e+00	0.000000000000000e+00	1.140605243476817e+00	1.223647829655848e+00	8.968983867059913e+00	-8.211788241503540e-09	2.468125009407343e+00	2.533823260301008e+05	1.013387867490398e+05	2.885025137607442e+02	5.469856020277982e+00	2.232616263440487e-02	
134	1.297037838762715e+00	0.000000000000000e+00	1.140701791435802e+00	1.224659062584331e+00	6.434502264440670e+00	-1.168804533099116e-08	-2.678401501354437e+00	2.531713426183785e+05	1.012606039571587e+05	2.880418940446716e+02	-5.555780967604415e+00	1.672714892736600e-02	
135	-4.081579652100921e-01	0.000000000000000e+00	1.105756673356268e+00	1.224527743576370e+00	7.464364297763586e+00	-7.818500882137455e-09	8.396141820740533e+00	2.533517162008112e+05	1.013200725036292e+05	2.882419638183719e+02	2.830701400257773e+00	2.695591813456403e-02	
136	4.130074186115749e-01	0.000000000000000e+00	1.099646911654121e+00	1.223865905398007e+00	4.725620969760575e+00	-9.369701759287866e-09	-1.090344764310347e-01	2.529898243298365e+05	1.011922784524981e+05	2.880340848879252e+02	-1.519130552840274e+01	1.135193335105250e-02	
137	-3.772008574027238e-01	0.000000000000000e+00	1.757108739594634e+00	1.223761985978498e+00	1.296735981451169e+01	-1.175558653440298e-08	6.068411810894018e+00	2.533158988365117e+05	1.012928598762047e+05	2.883448638234058e+02	-1.006927625903455e+00	3.436780195407958e-02	
138	-4.919077155844299e-01	0.000000000000000e+00	7.088942783330604e-01	1.225548251888730e+00	4.505913302394341e+00	-8.096733631078675e-09	4.917879415494944e+00	2.535307087926602e+05	1.014050232900488e+05	2.882434183882527e+02	1.481078691987499e+01	1.599065855758942e-02	
139	4.918304943116507e-01	0.000000000000000e+00	7.087172670283998e-01	1.224495166961078e+00	-4.060538125128428e-01	-9.574669610348187e-09	7.414165304195931e-01	2.530430790731796e+05	1.012171149153493e+05	2.879567239738402e+02	-1.168877233827557e+01	2.029342448881232e-03	
140	-3.812006875457408e-06	0.000000000000000e+00	1.075683673435016e+00	1.227303890549546e+00	7.087819497334451e+00	-7.658950774753755e-10	4.854507315072281e+00	2.537465160779090e+05	1.014865795114956e+05	2.880625824210088e+02	2.631215787556646e+01	2.057282262681941e-02	
141	1.951707213103545e-01	0.000000000000000e+00	2.080383973855081e+00	1.223795891268290e+00	1.558481692584084e+01	-1.305882233151861e-08	3.713218879313998e+00	2.532900424062014e+05	1.012740696876304e+05	2.882833876993025e+02	-3.656792041972919e+00	3.846127959273665e-02	
142	-1.661418383658756e+00	0.000000000000000e+00	1.556854534039652e+00	1.223499202339664e+00	1.001131830274181e+01	-4.045538547956617e-09	1.679226525472291e+00	2.533891646514039e+05	1.013388213386059e+05	2.885376587375740e+02	5.474733973472341e+00	2.436477499557512e-02	
143	1.661832453980385e+00	0.000000000000000e+00	1.557364858964508e+00	1.223784548869239e+00	9.878683723805084e+00	-3.844688537144376e-09	-2.397572778302496e+00	2.530495564534075e+05	1.012029345192547e+05	2.880835667218763e+02	-1.368854614938798e+01	2.441261714276945e-02	
144	5.290562426421479e-01	0.000000000000000e+00	3.385983609739860e+00	1.223526745484914e+00	1.514732263283535e+01	-3.444280185026010e-09	8.152588809285369e-01	2.532750989434215e+05	1.012724260097314e+05	2.883421230844893e+02	-3.888589799551292e+00	3.642064573240143e-02	
145	-1.371705261972805e-01	0.000000000000000e+00	1.258416746755928e+00	1.224516442088783e+00	1.086146428894737e+01	-5.539418690929295e-09	8.951848777823287e+00	2.532900877715301e+05	1.012836783355657e+05	2.881410866402325e+02	-2.301743679925024e+00	3.377799390915374e-02	
146	1.451397844830034e-01	0.000000000000000e+00	1.261553429135801e+00	1.223843144742910e+00	1.030381604470938e+01	-5.792881882080452e-09	3.143120454241849e+00	2.530690441191919e+05	1.012086531534486e+05	2.880860515341334e+02	-1.288208243567719e+01	2.586918782175862e-02	
147	-1.670022720633292e+00	0.000000000000000e+00	3.934843812824604e-01	1.223620404217295e+00	8.109840990127607e+00	-5.541651780083674e-09	5.952527602954258e-01	2.533944876008327e+05	1.013469871383880e+05	2.885323263724812e+02	6.626306358485911e+00	1.951579560908036e-02	
148	1.670022720624052e+00	0.000000000000000e+00	3.934843812811255e-01	1.224677047194735e+00	7.529160614893630e-01	-8.762860751711392e-09	-9.949315100790092e-01	2.531056664936925e+05	1.012420123637083e+05	2.879847799638088e+02	-8.177638738070057e+00	2.994726857651685e-03	
149	1.262577532593635e+00	0.000000000000000e+00	3.364522470067870e+00	1.224046277543559e+00	1.578759167583465e+01	-1.065620510557867e-09	2.828569650934125e-01	2.533059188295397e+05	1.012816291931501e+05	2.882459317746691e+02	-2.590721597783355e+00	3.790157889653364e-02	
150	-1.262577532594160e+00	0.000000000000000e+00	3.364522470071912e+00	1.223182758187803e+00	1.210989213808023e+01	-2.013919801068355e-09	5.923814076050223e-01	2.533260800087968e+05	1.013063962815722e+05	2.885199586755697e+02	9.020281444310618e-01	2.910925808644750e-02	
151	-2.259570044434444e+00	0.000000000000000e+00	1.141342455190163e+00	1.223375227255385e+00	9.608300787242094e+00	-1.767487772771279e-09	7.669337581922566e-01	2.533820373442297e+05	1.013376261993003e+05	2.885634955150313e+02	5.306190847591305e+00	2.313643664007476e-02	
152	2.259570044423067e+00	0.000000000000000e+00	1.141342455181824e+00	1.225610333580298e+00	7.331550896697258e+00	8.967530044092293e-10	-2.295465307245661e+00	2.533759210286138e+05	1.013407371611353e+05	2.880460939572513e+02	5.744910609966420e+00	1.842342156822686e-02	
153	4.855341639785172e-01	0.000000000000000e+00	2.466426775981777e+00	1.224263605423180e+00	1.577588472490216e+01	-1.053109583150656e-08	2.208635004842823e+00	2.533838173822841e+05	1.013120723827845e+05	2.882813886174047e+02	1.702493694045645e+00	3.822756124469365e-02	
154	-1.276009205397341e+00	0.000000000000000e+00	3.037827664393642e-01	1.224181183016565e+00	7.149953130693396e+00	-7.686253813260820e-09	6.581982316327900e-01	2.534604543678860e+05	1.013757589653965e+05	2.884820292435854e+02	1.068381968643307e+01	1.722589116371053e-02	
155	1.276009205392552e+00	0.000000000000000e+00	3.037827664390054e-01	1.224591741295600e+00	-1.083393523078688e+00	-1.279266603319641e-08	-6.447577308859346e-01	2.530681574048031e+05	1.012270033727041e+05	2.879621448537105e+02	-1.029426417937424e+01	3.026328852865807e-03	
156	2.135573730685918e-01	0.000000000000000e+00	1.580206643002382e-01	1.224613228938396e+00	-7.116074572101130e-01	-5.384379111920997e-09	6.506868576865139e-01	2.530281542015227e+05	1.012111098320845e+05	2.879118803069827e+02	-1.253563219793036e+01	2.314793099230042e-03	
157	3.890522885319399e-01	0.000000000000000e+00	1.526836842918348e-01	1.224740580794198e+00	-1.442143611505463e+00	-7.928769722535178e-09	2.737261719046351e-01	2.530581947933213e+05	1.012229260543712e+05	2.879155521664266e+02	-1.086926323915222e+01	3.523451638416075e-03	
158	5.300891290855102e-01	0.000000000000000e+00	2.792970282796143e-01	1.224826238530732e+00	-1.518834726092703e+00	-1.128561787818704e-08	4.521533418695753e-01	2.530829588189537e+05	1.012327734609955e+05	2.879234246253024e+02	-9.480544211601060e+00	3.803536671971383e-03	
159	-2.135573730679655e-01	0.000000000000000e+00	1.580206642994352e-01	1.225574792584433e+00	1.477527512437687e+00	-3.723599246579811e-09	1.349010769000732e+00	2.533961316016326e+05	1.013577994095929e+05	2.881029454660996e+02	8.151094287537951e+00	4.797619611556662e-03	
160	-3.890522885318832e-01	0.000000000000000e+00	1.526836842909433e-01	1.225804487581637e+00	2.914333494607870e+00	-5.137642271142035e-09	7.801372926849853e-01	2.535056280916506e+05	1.014007661786423e+05	2.881710672126028e+02	1.421043275170312e+01	7.232227458151557e-03	
161	-5.300891290842963e-01	0.000000000000000e+00	2.792970282778868e-01	1.224930330232542e+00	3.824266949149579e+00	-7.068194915943710e-09	1.494990333061606e+00	2.533791143018849e+05	1.013488929088791e+05	2.882291931919528e+02	6.895065418015555e+00	9.849172557140608e-03	
162	-7.875523834420067e-02	0.000000000000000e+00	1.120752147839008e+00	1.223592701312725e+00	7.820450318190669e+00	-2.405781715934555e-09	9.506185089533561e+00	2.530306252031261e+05	1.011874825261689e+05	2.880847430197412e+02	-1.586764544226737e+01	2.956644829631406e-02	
163	8.033994118485660e-02	0.000000000000000e+00	1.121379484315036e+00	1.224276596419388e+00	7.089866153876917e+00	-1.818493394718361e-09	1.569687967046442e+00	2.531086798790630e+05	1.012348578651437e+05	2.880586196492790e+02	-9.186593549044225e+00	1.743253554433281e-02	
164	-1.773494387528787e+00	0.000000000000000e+00	2.251338641411685e+00	1.223250770677493e+00	1.090056693585978e+01	-1.475335237428104e-09	1.121745011006397e+00	2.533525641802116e+05	1.013213926296584e+05	2.885466241528949e+02	3.016870632972844e+00	2.630656913220086e-02	
165	1.773729438481018e+00	0.000000000000000e+00	2.251628332197096e+00	1.224699321548360e+00	1.374274965944460e+01	-4.921065808893409e-10	-1.364654056157814e+00	2.533148931710595e+05	1.012948107746617e+05	2.881297255356170e+02	-7.318044476536594e-01	3.313843295018460e-02	
166	5.131609952661074e-01	0.000000000000000e+00	1.722883911813639e+00	1.224931076748584e+00	1.458181597752423e+01	-1.263717471799513e-08	1.355211949386627e+00	2.533914554089589e+05	1.013215653433393e+05	2.881512998890966e+02	3.041227378274632e+00	3.513244640101040e-02	
167	1.562483280349060e-01	0.000000000000000e+00	9.024089340530100e-01	1.224968806644761e+00	-5.386328674521780e-01	-2.436154408017868e-09	2.808620074404992e+00	2.531714463188979e+05	1.012672432328081e+05	2.879879411807819e+02	-4.619484866995620e+00	6.862384713886760e-03	
168	-1.562483280352914e-01	0.000000000000000e+00	9.024089340525773e-01	1.225667425100133e+00	2.159649957143969e+00	-3.956295384562987e-09	9.218549846477156e+00	2.534547899045802e+05	1.013672878910563e+05	2.881081398037509e+02	9.489196313117452e+00	2.270207725837133e-02	
169	-2.398406843342383e+00	0.000000000000000e+00	3.398406843344410e+00	1.223264152187349e+00	1.139765760459801e+01	-8.011741289708583e-10	1.429988403430738e-01	2.533707730832697e+05	1.013270665528439e+05	2.885596259098717e+02	3.817029028889420e+00	2.736294941608738e-02	
170	2.398406843344079e+00	0.000000000000000e+00	3.398406843341552e+00	1.224814473799855e+00	1.544644406546602e+01	1.420822224177598e-09	-1.755587537690204e-01	2.533395483271112e+05	1.012968544981701e+05	2.881084494663551e+02	-4.435907248425333e-01	3.706460808022331e-02	
171	-9.026427775494201e-01	0.000000000000000e+00	1.305047070269513e+00	1.223810619828932e+00	9.317122464695096e+00	-1.048428032279249e-08	4.350250859483027e+00	2.533674473665088e+05	1.013296995649983e+05	2.884382704557680e+02	4.188346495318015e+00	2.467838326838357e-02	
172	9.076093826908616e-01	0.000000000000000e+00	1.295564284189789e+00	1.223992801823983e+00	8.198213854405125e+00	-1.425770457075797e-08	-2.121028588815580e+00	2.530624255651882e+05	1.012132529230698e+05	2.880639188190184e+02	-1.223340529264880e+01	2.033368649024478e-02	
173	1.368927313237185e+00	0.000000000000000e+00	2.720791131917900e+00	1.224153104741834e+00	1.562503615029123e+01	-2.262106160370205e-09	-5.954085569508674e-02	2.532834829944213e+05	1.012735051643410e+05	2.881976588043194e+02	-3.736403280069651e+00	3.750544961170742e-02	
174	-1.365637754737275e+00	0.000000000000000e+00	2.727500735615763e+00	1.223529537264898e+00	1.159185082614325e+01	-1.383061760352795e-09	1.197782764402049e+00	2.534018748509619e+05	1.013385509357853e+05	2.885297351462335e+02	5.436600731257133e+00	2.797051030982572e-02	
175	-6.417906701235564e-01	0.000000000000000e+00	3.487101781524630e+00	1.223101522439131e+00	1.283243467823560e+01	-3.139587562074834e-09	5.323642694954362e-01	2.532805134611614e+05	1.012852321874796e+05	2.884788423391882e+02	-2.082613527061986e+00	3.083998316768403e-02	
176	3.460139993677798e-01	0.000000000000000e+00	2.888128468202591e+00	1.223825838752209e+00	1.526391304331128e+01	-7.150484544050726e-09	2.126786940875602e+00	2.533451356335104e+05	1.012992398638783e+05	2.883479801257388e+02	-1.071973095083792e-01	3.699255013477752e-02	
177	1.788466083363745e-01	0.000000000000000e+00	3.114543483508369e-01	1.224454524560556e+00	-3.373364516550983e-01	-6.418597592254890e-09	1.407246519939397e+00	2.529977697283649e+05	1.011987658388470e+05	2.879140781319170e+02	-1.427642943914399e+01	3.474399549412833e-03	
178	-1.788466083361653e-01	0.000000000000000e+00	3.114543483491244e-01	1.225419916748484e+00	8.086640658062453e-01	-4.091591893411636e-09	2.878300264954753e+00	2.533471291181994e+05	1.013373927922596e+05	2.880813458127732e+02	5.273274892063101e+00	7.170380265462041e-03	
179	2.711768521854932e-01	0.000000000000000e+00	1.797395744097217e+00	1.223027344531864e+00	1.541375521570043e+01	-1.229175787552441e-08	3.570953876499728e+00	2.530606640323675e+05	1.011833285787005e+05	2.882060811921360e+02	-1.645345103645867e+01	3.801234755148547e-02	
180	9.825948741531498e-01	3.000000000000000e-01	9.203063592825887e-01	1.224050217729650e+00	2.934072026940205e+00	1.481666996303007e-08	-1.781615903318222e+00	2.530014525551433e+05	1.011986557850506e+05	2.880088636575396e+02	-1.429194964735688e+01	8.242818040481138e-03	
181	-9.825948741537733e-01	3.000000000000000e-01	9.203063592817843e-01	1.224095585011420e+00	7.627885266442813e+00	1.086733748365913e-08	3.320189592803404e+00	2.534064448562442e+05	1.013512702810017e+05	2.884325104798567e+02	7.230331547268098e+00	1.996148219551793e-02	
182	3.134793409687708e-02	3.000000000000000e-01	2.553979665792260e+00	1.223347866055559e+00	1.480236157808201e+01	9.196891056422945e-09	3.127354801247906e+00	2.532587963777444e+05	1.012660982452808e+05	2.883662658244924e+02	-4.780955396863847e+00	3.632809394804581e-02	
183	-9.606257234580401e-04	3.000000000000000e-01	1.748697432502003e+00	1.223893460050248e+00	1.482762774640083e+01	1.293090259327544e-08	5.777638525166880e+00	2.532712211931700e+05	1.012671058471977e+05	2.882405842932064e+02	-4.638859512377615e+00	3.820285583338439e-02	
184	-1.129679824287611e+00	3.000000000000000e-01	2.119543773237748e+00	1.223373746008041e+00	1.152011095269629e+01	5.122068377244159e-09	2.505601083914491e+00	2.533415200325322e+05	1.013138854405189e+05	2.884962419332132e+02	1.958178045257297e+00	2.830187754909641e-02	
185	1.132029953157837e+00	3.000000000000000e-01	2.122440212022948e+00	1.224262025053893e+00	1.456589187111095e+01	7.098905108881969e-09	-4.812568016417447e-01	2.532719781131537e+05	1.012740933113611e+05	2.881736919576500e+02	-3.653460532909454e+00	3.498030647349338e-02	
186	-5.196051848669313e-01	3.000000000000000e-01	1.412361811251357e+00	1.224233565859746e+00	1.025163571964106e+01	1.100191383440468e-08	6.861880064805843e+00	2.533793508169287e+05	1.013268788236734e+05	2.883305947585265e+02	3.790554741700219e+00	2.960208782101712e-02	
187	5.497855166715109e-01	3.000000000000000e-01	1.395413135418834e+00	1.223859671760978e+00	1.029583549452056e+01	1.416362580698924e-08	-3.120091305699839e-01	2.530702184358525e+05	1.012107485273022e+05	2.880881255265340e+02	-1.258658478321569e+01	2.473533369222115e-02	
188	5.374226884505656e-01	3.000000000000000e-01	4.938127011549980e-01	1.224505550593246e+00	-9.283162923506628e-01	1.216258452553608e-08	7.227085482665965e-01	2.530322279946906e+05	1.012126651345834e+05	2.879416228853894e+02	-1.231629747801698e+01	2.824350416436099e-03	
189	-5.374226884502991e-01	3.000000000000000e-01	4.938127011534965e-01	1.224684999682023e+00	4.038397989811369e+00	9.339111240836420e-09	3.197433592508965e+00	2.533461082044117e+05	1.013341103733173e+05	2.882448827293375e+02	4.810375591211193e+00	1.235756521636079e-02	
190	-1.601042872495425e-04	3.000000000000000e-01	1.423899928231195e+00	1.224663697008107e+00	1.333885487953918e+01	1.017417875172552e-08	6.420077859224841e+00	2.533314473086630e+05	1.012967907393700e+05	2.881437391190002e+02	-4.525822352215031e-01	3.552163705275829e-02	
191	4.652818771299120e-01	3.000000000000000e-01	8.722244593273728e-01	1.224453933329168e+00	1.081500397232569e+00	1.155035834459577e-08	4.452336192054491e-01	2.530610338696929e+05	1.012241901215729e+05	2.879865501731551e+02	-1.069099963715344e+01	2.807669471374134e-03	
192	-4.652818771308316e-01	3.000000000000000e-01	8.722244593264402e-01	1.224555309268106e+00	5.325805586866113e+00	8.650046709927803e-09	6.595941992175088e+00	2.533410309787781e+05	1.013246741457383e+05	2.882485660252574e+02	3.479642608707777e+00	2.034065696328033e-02	
193	-1.779160986901294e+00	3.000000000000000e-01	8.965036540400221e-01	1.223621528106528e+00	8.924295259188577e+00	5.018149998009447e-09	1.235867134447878e+00	2.534083468324101e+05	1.013500714911605e+05	2.885408424240169e+02	7.061273608866685e+00	2.162216996555978e-02	
194	1.779160986895464e+00	3.000000000000000e-01	8.965036540386054e-01	1.224434600260024e+00	4.479797361202935e+00	6.240979655897632e-09	-2.419437813215028e+00	2.530997371002836e+05	1.012356606795100e+05	2.880237319788312e+02	-9.073377589901455e+00	1.222187639127362e-02	
195	-3.024549228140815e-01	3.000000000000000e-01	1.271810638079400e+00	1.223954304749333e+00	9.849029165467771e+00	8.612202153125104e-09	9.233807213835226e+00	2.532314842164342e+05	1.012628104552133e+05	2.882140298621293e+02	-5.244612154380717e+00	3.241021437011199e-02	
196	3.084909891748027e-01	3.000000000000000e-01	1.268420902912950e+00	1.223668512180781e+00	9.108841001115083e+00	1.143927463050426e-08	1.064677272108372e+00	2.530093585485979e+05	1.011899971276550e+05	2.880740538118760e+02	-1.551302670215273e+01	2.202647353397454e-02	
197	-1.906003421713626e-05	3.000000000000000e-01	1.200234358426896e+00	1.223041788780587e+00	1.022088491580133e+01	6.425922575453495e-09	6.470264994914349e+00	2.529161756518635e+05	1.011425412635666e+05	2.880865020512204e+02	-2.220543455555342e+01	2.906807706448221e-02	
198	-5.618007820408263e-01	3.000000000000000e-01	2.043746239937465e+00	1.223921332803368e+00	1.281268702253201e+01	9.061147425863896e-09	4.264715290713216e+00	2.534115096125087e+05	1.013348057296572e+05	2.884267125731130e+02	4.908437407584084e+00	3.240679360601596e-02	
199	-8.083224307437241e-01	3.000000000000000e-01	2.889383374999068e+00	1.223330644598326e+00	1.254801098691429e+01	3.308363962757774e-09	1.566657497050689e+00	2.533353875831421e+05	1.013080121427559e+05	2.884896813826304e+02	1.129903082203652e+00	3.035819102558194e-02	
200	5.647434910278286e-01	3.000000000000000e-01	2.014946179016490e+00	1.224336163526542e+00	1.567196205649914e+01	1.254929074726578e-08	1.479640890923964e+00	2.533299019781721e+05	1.012914817563030e+05	2.882057174081679e+02	-1.201275376816564e+00	3.777892511994817e-02	
201	8.221850434196895e-01	3.000000000000000e-01	2.852649226946881e+00	1.223865511324613e+00	1.589359120828567e+01	4.908164188817689e-09	1.132995408151602e+00	2.532912817227107e+05	1.012750228492707e+05	2.882697016726374e+02	-3.522373533961213e+00	3.825081460052316e-02	
202	-1.158518924678652e+00	3.000000000000000e-01	1.551501353485399e+00	1.223655841375004e+00	1.021422016716498e+01	7.223195640251549e-09	3.059935623821378e+00	2.533898588083895e+05	1.013373609291653e+05	2.884965656742121e+02	5.268781436369682e+00	2.559112397418225e-02	
203	1.158988950451789e+00	3.000000000000000e-01	1.552080641242281e+00	1.224526569721919e+00	1.117132818861910e+01	1.084627078915113e-08	-2.354730159658186e+00	2.532226024955179e+05	1.012677522273719e+05	2.880933958487354e+02	-4.547704502628100e+00	2.740063910722002e-02	
204	-2.216781681457610e+00	3.000000000000000e-01	1.838237906171512e+00	1.223470618035950e+00	1.027133285714975e+01	9.751825902256237e-10	7.714299422407684e-01	2.534062936878336e+05	1.013451741272419e+05	2.885624883716185e+02	6.370628577337776e+00	2.472213169513792e-02	
205	2.216781681455013e+00	3.000000000000000e-01	1.838237906163890e+00	1.224852511265535e+00	1.112031498571588e+01	-1.321485451306767e-09	-1.976584239167027e+00	2.532753527423245e+05	1.012893111129990e+05	2.880780481108026e+02	-1.507387815681948e+00	2.710089559268704e-02	
206	9.670971517162510e-01	3.000000000000000e-01	4.607420247048584e-01	1.224603197546549e+00	-7.405238170722468e-01	1.365748043638886e-08	-5.388238091919115e-01	2.530703532891747e+05	1.012280043396073e+05	2.879622983877502e+02	-1.015310398994684e+01	2.198330502157572e-03	
207	-9.670971517153459e-01	3.000000000000000e-01	4.607420247046419e-01	1.224348335120730e+00	6.280835987775534e+00	1.048786049764953e-08	1.918738239045335e+00	2.534180273062639e+05	1.013601654672379e+05	2.883982768150163e+02	8.484764805797230e+00	1.575585080836628e-02	
208	1.854114598533743e+00	3.000000000000000e-01	3.012715418354706e+00	1.224443019365754e+00	1.537143392464103e+01	-8.467022293532438e-10	-3.141849795394852e-01	2.533053825220807e+05	1.012835428506848e+05	2.881579793216372e+02	-2.320850277134363e+00	3.689795801888512e-02	
209	-1.854114598532094e+00	3.000000000000000e-01	3.012715418358399e+00	1.223177562004440e+00	1.142059764444878e+01	1.142815962223587e-09	5.438506209194209e-01	2.533432257868519e+05	1.013159155236859e+05	2.885482951927441e+02	2.244468154825014e+00	2.744941459057516e-02	
210	3.467727762006756e-01	3.000000000000000e-01	3.138478024891123e-01	1.224476376762928e+00	-1.108362800312081e+00	8.965531625461304e-09	9.893348574420331e-01	2.530073832577203e+05	1.012025927813828e+05	2.879198275639118e+02	-1.373673933397440e+01	3.566899501120525e-03	
211	-3.467727761998039e-01	3.000000000000000e-01	3.138478024875392e-01	1.225524406742974e+00	2.434357026821917e+00	7.296283498232319e-09	2.420917144737678e+00	2.534310260484284e+05	1.013704868454481e+05	2.881508551368908e+02	9.940325123124346e+00	8.232271001114500e-03	
212	2.714569979187768e-01	3.000000000000000e-01	7.206820098998908e-01	1.224066699667048e+00	-1.043463429422402e-01	9.106241780577387e-09	1.873870628545156e+00	2.529560026493118e+05	1.011818255552538e+05	2.879570878750912e+02	-1.666541316404260e+01	4.507067681978156e-03	
213	-2.714569979194104e-01	3.000000000000000e-01	7.206820098987166e-01	1.224881969572565e+00	2.239168986221774e+00	6.259522310156461e-09	6.113591255499747e+00	2.533161276565614e+05	1.013195295996850e+05	2.881570625229589e+02	2.754139005081474e+00	1.561972382751963e-02	
214	-2.889797296894188e-01	3.000000000000000e-01	9.267545678931778e-01	1.225102117099895e+00	4.087795407515322e+00	6.203951833608568e-09	8.727547343159936e+00	2.533945306843782e+05	1.013426494309769e+05	2.881710234507192e+02	6.014586232810669e+00	2.311613239648487e-02	
215	2.889797296888021e-01	3.000000000000000e-01	9.267545678937171e-01	1.222911668887668e+00	1.238583126058244e+00	8.999645771194799e-09	1.129694627691761e+00	2.527501138075753e+05	1.010995859153277e+05	2.879947912759050e+02	-2.826316241324654e+01	4.029395945184519e-03	
216	-2.096255493199925e-01	3.000000000000000e-01	1.496037590846734e+00	1.224438384633300e+00	1.247044962101562e+01	1.083277225241641e-08	7.922336456664456e+00	2.533644530686215e+05	1.013101280608340e+05	2.882347069172557e+02	1.428297959955684e+00	3.545223394739759e-02	
217	2.517633613169607e-01	3.000000000000000e-01	1.518247420292257e+00	1.223834798172732e+00	1.341832852955673e+01	1.255507411647670e-08	3.247594212637573e+00	2.531433946848268e+05	1.012262101391250e+05	2.881379918257769e+02	-1.040612901917670e+01	3.315032036996039e-02	
218	-6.660432832766596e-01	3.000000000000000e-01	1.081962603010036e+00	1.224355684217957e+00	7.751902524642739e+00	1.063020229632938e-08	5.677689461679074e+00	2.533944897262150e+05	1.013427139740846e+05	2.883468916022205e+02	6.023688349255979e+00	2.305435538819733e-02	
219	6.589236055220503e-01	3.000000000000000e-01	1.065642443794388e+00	1.224063977934532e+00	4.552762698305509e+00	1.437658840102771e-08	-1.077215942801887e+00	2.530229866419894e+05	1.012056183662147e+05	2.880254411423586e+02	-1.331005976382822e+01	1.123401688755159e-02	
220	-2.065827934826303e-01	3.000000000000000e-01	1.069425960577202e+00	1.224784675723022e+00	6.668159265031488e+00	5.692293393497718e-09	1.010624106338759e+01	2.533218708371922e+05	1.013048093586109e+05	2.881380846846332e+02	6.782341857166994e-01	2.905084302002239e-02	
221	2.065827934823721e-01	3.000000000000000e-01	1.069425960577464e+00	1.224356063931017e+00	3.844412992273053e+00	8.189604840277241e-09	8.274021816598346e-01	2.530940845768502e+05	1.012351077509368e+05	2.880406340353952e+02	-9.151353696685343e+00	9.440151038447088e-03	
222	-2.339028924130573e-01	3.000000000000000e-01	4.854032749601151e-01	1.225573798903895e+00	1.373451415075965e+00	5.733876483905320e-09	4.093935199183612e+00	2.534138240115653e+05	1.013624866749843e+05	2.881165023140043e+02	8.812110419441856e+00	1.035448042822686e-02	
223	2.339028924126051e-01	3.000000000000000e-01	4.854032749623373e-01	1.224566438324862e+00	-4.887605546085299e-01	8.616652870136802e-09	1.781265828902879e+00	2.530322980117577e+05	1.012123619797578e+05	2.879264434824253e+02	-1.235904953352760e+01	4.434242901126519e-03	
224	-6.934692988371788e-01	3.000000000000000e-01	7.488579429535888e-01	1.224562935330858e+00	5.957897323610212e+00	1.068335012132352e-08	4.175196371318664e+00	2.534045462315483e+05	1.013531739707690e+05	2.883278467692141e+02	7.498797175149466e+00	1.745310878826732e-02	
225	6.931604137473489e-01	3.000000000000000e-01	7.481498977313378e-01	1.224059284704104e+00	7.202425890341041e-01	1.389936858239602e-08	-2.715534646188509e-01	2.529702014777925e+05	1.011879837836047e+05	2.879763582630871e+02	-1.579695619733350e+01	1.848464196799306e-03	
226	-1.312362884067610e+00	3.000000000000000e-01	6.646874262097189e-01	1.223694603122501e+00	7.810289707205377e+00	8.955194081223973e-09	1.667189876438643e+00	2.533756612417907e+05	1.013398403030928e+05	2.884944855449257e+02	5.618432251137584e+00	1.916691034128460e-02	
227	1.312362884063586e+00	3.000000000000000e-01	6.646874262090433e-01	1.224645642478402e+00	1.664131870537559e+00	1.247833435783200e-08	-1.819589016818768e+00	2.531088699595136e+05	1.012425550044713e+05	2.879937086140951e+02	-8.101113457714645e+00	5.918471232425411e-03	
228	-1.380533872983328e-01	3.000000000000000e-01	3.181603062552175e+00	1.223450074584084e+00	1.392689575258163e+01	4.831238444439648e-09	1.554867237628014e+00	2.533147668285049e+05	1.012938047206196e+05	2.884210659718433e+02	-8.736820449031821e-01	3.364307319328166e-02	
229	7.419949146702542e-01	3.000000000000000e-01	2.620513753100355e-01	1.224116232941471e+00	-1.956940603307945e+00	1.116452958740291e-08	1.530185426698818e-01	2.529459269828584e+05	1.011777412726623e+05	2.879338126900024e+02	-1.724139435026491e+01	4.713933227711652e-03	
230	-7.419949146691938e-01	3.000000000000000e-01	2.620513753103896e-01	1.225088366894153e+00	5.004263359043365e+00	9.227435245604385e-09	1.095017520157300e+00	2.534926255394234e+05	1.013927661631499e+05	2.883167679483280e+02	1.308223990268246e+01	1.228414394431984e-02	
231	2.375341278589752e+00	3.000000000000000e-01	5.856470294858179e-01	1.224421467614615e+00	3.109231535210962e+00	1.995376564309546e-09	-1.350802404586876e+00	2.530809759062615e+05	1.012305132330717e+05	2.880121761408762e+02	-9.799290216942778e+00	8.137900483573388e-03	
232	-2.375341278594772e+00	3.000000000000000e-01	5.856470294875045e-01	1.223663251334028e+00	8.963591509775631e+00	2.333528866472123e-09	4.253140949313823e-01	2.534362454677968e+05	1.013613365816287e+05	2.885630743578160e+02	8.649919846100250e+00	2.153472124796962e-02	
233	2.370934994068257e+00	3.000000000000000e-01	2.530901175131019e+00	1.224947072364782e+00	1.391069059609266e+01	-2.281005325122558e-09	-9.533153888077018e-01	2.533354431748836e+05	1.013024344906160e+05	2.880931310796873e+02	3.433211981318727e-01	3.345288042371867e-02	
234	-2.370934994068034e+00	3.000000000000000e-01	2.530901175137551e+00	1.223429922906519e+00	1.090553836430811e+01	7.059495825838273e-10	4.540008637019808e-01	2.534030231122003e+05	1.013417333629241e+05	2.885622895733801e+02	5.885398804702794e+00	2.619843729824351e-02	
235	-1.790781052807056e-01	3.000000000000000e-01	2.118264311918558e+00	1.223638627446884e+00	1.450435713928916e+01	1.146705814552683e-08	4.708079003041341e+00	2.533122998664837e+05	1.012869116034917e+05	2.883569983681900e+02	-1.845775843792691e+00	3.660865630714936e-02	
236	-7.921348971844293e-01	3.000000000000000e-01	1.723545051111688e+00	1.223530799362519e+00	1.116245451143760e+01	9.801573798827419e-09	4.517234393803631e+00	2.533231383826111e+05	1.013055525092150e+05	2.884354849502258e+02	7.830361324283193e-01	2.890710414649283e-02	
237	7.983255105839553e-01	3.000000000000000e-01	1.699241333964839e+00	1.223720865297789e+00	1.338013307911549e+01	1.331757863857607e-08	-9.470713012806729e-01	2.531049667865378e+05	1.012125805141707e+05	2.881260185092256e+02	-1.232823097296232e+01	3.221240806415528e-02	
238	-4.642644325923871e-01	3.000000000000000e-01	2.484420071406212e+00	1.223479033951615e+00	1.344219787137159e+01	6.971493562168169e-09	3.076475532012551e+00	2.533321164452271e+05	1.013017618794511e+05	2.884368955839712e+02	2.484669935239218e-01	3.310440721404474e-02	
239	-1.296959501136076e+00	3.000000000000000e-01	1.140605243476817e+00	1.223647829654314e+00	8.968983868419867e+00	8.163725247419680e-09	2.468125015471182e+00	2.533823260301206e+05	1.013387867490388e+05	2.885025137611031e+02	5.469856020144591e+00	2.232616264142730e-02	
240	1.297037838762715e+00	3.000000000000000e-01	1.140701791435802e+00	1.224659062580748e+00	6.434502274715497e+00	1.139984179347912e-08	-2.678401508112339e+00	2.531713426182409e+05	1.012606039570762e+05	2.880418940452795e+02	-5.555780979242253e+00	1.672714895639591e-02	
241	-4.081579652100921e-01	3.000000000000000e-01	1.105756673356268e+00	1.224527743574182e+00	7.464364301690493e+00	8.519393326190773e-09	8.396141829638010e+00	2.533517162008425e+05	1.013200725036077e+05	2.882419638188258e+02	2.830701397224670e+00	2.695591815680643e-02	
242	4.130074186115749e-01	3.000000000000000e-01	1.099646911654121e+00	1.223865905394093e+00	4.725620981523283e+00	1.171514784890254e-08	-1.090344804732077e-01	2.529898243289721e+05	1.011922784521340e+05	2.880340848878100e+02	-1.519130557974590e+01	1.135193337955645e-02	
243	-3.772008574027238e-01	3.000000000000000e-01	1.757108739594634e+00	1.223761985976438e+00	1.296735982028171e+01	1.187314708174100e-08	6.068411820015125e+00	2.533158988366167e+05	1.012928598762041e+05	2.883448638238892e+02	-1.006927625991698e+00	3.436780197593409e-02	
244	-4.919077155844299e-01	3.000000000000000e-01	7.088942783330604e-01	1.225548251886307e+00	4.505913304167621e+00	8.632883963420477e-09	4.917879423152655e+00	2.535307087926420e+05	1.014050232900267e+05	2.882434183887595e+02	1.481078691674954e+01	1.599065857401499e-02	
245	4.918304943116507e-01	3.000000000000000e-01	7.087172670283998e-01	1.224495166956693e+00	-4.060538032729105e-01	1.177468161168702e-08	7.414165227595441e-01	2.530430790722735e+05	1.012171149149899e+05	2.879567239738491e+02	-1.168877238895588e+01	2.029342422104655e-03	
246	-3.812006875457408e-06	3.000000000000000e-01	1.075683673435016e+00	1.227303890548594e+00	7.087819502925473e+00	4.111483268067673e-09	4.854507317107696e+00	2.537465160779011e+05	1.014865795114764e+05	2.880625824211775e+02	2.631215787284939e+01	2.057282264063008e-02	
247	1.951707213103545e-01	3.000000000000000e-01	2.080383973855081e+00	1.223795891266173e+00	1.558481693333718e+01	1.269452499197141e-08	3.713218885437903e+00	2.532900424062987e+05	1.012740696876236e+05	2.882833876997819e+02	-3.656792042927177e+00	3.846127961368476e-02	
248	-1.661418383658756e+00	3.000000000000000e-01	1.556854534039652e+00	1.223499202337878e+00	1.001131830325086e+01	4.008862196048101e-09	1.679226528559900e+00	2.533891646511094e+05	1.013388213384847e+05	2.885376587376502e+02	5.474733956381896e+00	2.436477499803837e-02	
249	1.661832453980385e+00	3.000000000000000e-01	1.557364858964508e+00	1.223784548870009e+00	9.878683730158627e+00	3.996074442296121e-09	-2.397572780050544e+00	2.530495564543372e+05	1.012029345196047e+05	2.880835667226914e+02	-1.368854610002516e+01	2.441261715853740e-02	
250	5.290562426421479e-01	3.000000000000000e-01	3.385983609739860e+00	1.223526745484450e+00	1.514732263491179e+01	3.522894954807566e-09	8.152588824568864e-01	2.532750989436778e+05	1.012724260098232e+05	2.883421230848602e+02	-3.888589786604172e+00	3.642064573756729e-02	
251	-1.371705261972805e-01	3.000000000000000e-01	1.258416746755928e+00	1.224516442086541e+00	1.086146429513379e+01	7.588371202175385e-09	8.951848784780047e+00	2.532900877713719e+05	1.012836783354600e+05	2.881410866404595e+02	-2.301743694823756e+00	3.377799393127733e-02	
252	1.451397844830034e-01	3.000000000000000e-01	1.261553429135801e+00	1.223843144740066e+00	1.030381605460206e+01	9.060103596434095e-09	3.143120455374575e+00	2.530690441186644e+05	1.012086531532031e+05	2.880860515341038e+02	-1.288208247030341e+01	2.586918784533631e-02	
253	-1.670022720633292e+00	3.000000000000000e-01	3.934843812824604e-01	1.223620404216890e+00	8.109840990669611e+00	5.890353398535566e-09	5.952527634963319e-01	2.533944876009086e+05	1.013469871384163e+05	2.885323263726572e+02	6.626306362473271e+00	1.951579561094052e-02	
254	1.670022720624052e+00	3.000000000000000e-01	3.934843812811255e-01	1.224677047190551e+00	7.529160662569608e-01	8.093055300831620e-09	-9.949315197655711e-01	2.531056664935419e+05	1.012420123636437e+05	2.879847799646088e+02	-8.177638747179627e+00	2.994726883102374e-03	
255	1.262577532593635e+00	3.000000000000000e-01	3.364522470067870e+00	1.224046277543967e+00	1.578759167693170e+01	1.220636871098941e-09	2.828569661363707e-01	2.533059188300178e+05	1.012816291933356e+05	2.882459317751009e+02	-2.590721571626436e+00	3.790157889917034e-02	
256	-1.262577532594160e+00	3.000000000000000e-01	3.364522470071912e+00	1.223182758186593e+00	1.210989213922545e+01	2.190355683086270e-09	5.923814090912525e-01	2.533260800085636e+05	1.013063962814740e+05	2.885199586755757e+02	9.020281305912485e-01	2.910925808939660e-02	
257	-2.259570044434444e+00	3.000000000000000e-01	1.141342455190163e+00	1.223375227252896e+00	9.608300786066692e+00	1.864507964837270e-09	7.669337594425382e-01	2.533820373435868e+05	1.013376261990465e+05	2.885634955148955e+02	5.306190811797411e+00	2.313643663755366e-02	
258	2.259570044423067e+00	3.000000000000000e-01	1.141342455181824e+00	1.225610333582390e+00	7.331550900412565e+00	-3.555443657093759e-10	-2.295465308367796e+00	2.533759210297865e+05	1.013407371615946e+05	2.880460939580653e+02	5.744910674745119e+00	1.842342157747611e-02	
259	4.855341639785172e-01	3.000000000000000e-01	2.466426775981777e+00	1.224263605421364e+00	1.577588473011841e+01	9.840017800153940e-09	2.208635007904709e+00	2.533838173825012e+05	1.013120723828421e+05	2.882813886179964e+02	1.702493702178382e+00	3.822756125812672e-02	
260	-1.276009205397341e+00	3.000000000000000e-01	3.037827664393642e-01	1.224181183016283e+00	7.149953131436344e+00	8.248940734105030e-09	6.581982364693265e-01	2.534604543680180e+05	1.013757589654465e+05	2.884820292437941e+02	1.068381969348842e+01	1.722589116654681e-02	
261	1.276009205392552e+00	3.000000000000000e-01	3.037827664390054e-01	1.224591741287846e+00	-1.083393516530873e+00	1.103275464545389e-08	-6.447577428669498e-01	2.530681574038738e+05	1.012270033723321e+05	2.879621448544758e+02	-1.029426423182763e+01	3.026328854082359e-03	
262	2.135573730685918e-01	3.000000000000000e-01	1.580206643002382e-01	1.224613228937877e+00	-7.116074537082007e-01	5.837787147272627e-09	6.506868571942728e-01	2.530281542016746e+05	1.012111098321461e+05	2.879118803072799e+02	-1.253563218923328e+01	2.314793092228321e-03	
263	3.890522885319399e-01	3.000000000000000e-01	1.526836842918348e-01	1.224740580788777e+00	-1.442143604879722e+00	6.789248094070251e-09	2.737261685693479e-01	2.530581947925579e+05	1.012229260540692e+05	2.879155521668422e+02	-1.086926328173057e+01	3.523451621311099e-03	
264	5.300891290855102e-01	3.000000000000000e-01	2.792970282796143e-01	1.224826238520110e+00	-1.518834717823189e+00	9.987785528754811e-09	4.521533338339750e-01	2.530829588171674e+05	1.012327734602863e+05	2.879234246257824e+02	-9.480544311615464e+00	3.803536647475275e-03	
265	-2.135573730679655e-01	3.000000000000000e-01	1.580206642994352e-01	1.225574792583729e+00	1.477527512596594e+00	5.320755117686713e-09	1.349010771603916e+00	2.533961316019835e+05	1.013577994097320e+05	2.881029454666606e+02	8.151094307156667e+00	4.797619616045060e-03	
266	-3.890522885318832e-01	3.000000000000000e-01	1.526836842909433e-01	1.225804487582463e+00	2.914333493955710e+00	7.127802796369385e-09	7.801372960333826e-01	2.535056280921764e+05	1.014007661788524e+05	2.881710672130059e+02	1.421043278133025e+01	7.232227458707051e-03	
267	-5.300891290842963e-01	3.000000000000000e-01	2.792970282778868e-01	1.224930330231313e+00	3.824266948724480e+00	8.509144396006159e-09	1.494990338280209e+00	2.533791143018988e+05	1.013488929088827e+05	2.882291931922520e+02	6.895065418514232e+00	9.849172560753273e-03	
268	-7.875523834420067e-02	3.000000000000000e-01	1.120752147839008e+00	1.223592701311180e+00	7.820450323151918e+00	4.382351456162675e-09	9.506185094736958e+00	2.530306252030936e+05	1.011874825261270e+05	2.880847430199857e+02	-1.586764544817762e+01	2.956644831356115e-02	
269	8.033994118485660e-02	3.000000000000000e-01	1.121379484315036e+00	1.224276596419039e+00	7.089866160936032e+00	5.930943145584599e-09	1.569687966948280e+00	2.531086798790633e+05	1.012348578651275e+05	2.880586196493151e+02	-9.186593551326235e+00	1.743253556083164e-02	
270	-1.773494387528787e+00	3.000000000000000e-01	2.251338641411685e+00	1.223250770675654e+00	1.090056693572192e+01	1.515477791224196e-09	1.121745012640096e+00	2.533525641797285e+05	1.013213926294651e+05	2.885466241527782e+02	3.016870605705703e+00	2.630656913231798e-02	
271	1.773729438481018e+00	3.000000000000000e-01	2.251628332197096e+00	1.224699321549158e+00	1.374274966196731e+01	3.559877257659501e-10	-1.364654055374948e+00	2.533148931717710e+05	1.012948107749353e+05	2.881297255362076e+02	-7.318044090647137e-01	3.313843295596714e-02	
272	5.131609952661074e-01	3.000000000000000e-01	1.722883911813639e+00	1.224931076744892e+00	1.458181598837255e+01	1.356264181886855e-08	1.355211951192612e+00	2.533914554084079e+05	1.013215653430664e+05	2.881512998891888e+02	3.041227339782138e+00	3.513244642742497e-02	
273	1.562483280349060e-01	3.000000000000000e-01	9.024089340530100e-01	1.224968806646067e+00	-5.386328634858836e-01	6.854951069767616e-09	2.808620071065820e+00	2.531714463191437e+05	1.012672432329102e+05	2.879879411807651e+02	-4.619484852597617e+00	6.862384704217781e-03	
274	-1.562483280352914e-01	3.000000000000000e-01	9.024089340525773e-01	1.225667425097166e+00	2.159649959518688e+00	3.831743538379169e-09	9.218549851375020e+00	2.534547899044616e+05	1.013672878909924e+05	2.881081398042667e+02	9.489196304108440e+00	2.270207727113891e-02	
275	-2.398406843342383e+00	3.000000000000000e-01	3.398406843344410e+00	1.223264152186528e+00	1.139765760423133e+01	8.860830988847494e-10	1.429988399889444e-01	2.533707730829367e+05	1.013270665527120e+05	2.885596259096899e+02	3.817029010298840e+00	2.736294941522355e-02	
276	2.398406843344079e+00	3.000000000000000e-01	3.398406843341552e+00	1.224814473800336e+00	1.544644406536279e+01	-1.298735225116038e-09	-1.755587523583038e-01	2.533395483275104e+05	1.012968544983304e+05	2.881084494666977e+02	-4.435907022420196e-01	3.706460807990056e-02	
277	-9.026427775494201e-01	3.000000000000000e-01	1.305047070269513e+00	1.223810619826666e+00	9.317122467533215e+00	1.048399107287583e-08	4.350250868114854e+00	2.533674473665217e+05	1.013296995649825e+05	2.884382704562574e+02	4.188346493091414e+00	2.467838328334460e-02	
278	9.076093826908616e-01	3.000000000000000e-01	1.295564284189789e+00	1.223992801819190e+00	8.198213867502096e+00	1.449920271631570e-08	-2.121028594355656e+00	2.530624255645908e+05	1.012132529227919e+05	2.880639188193553e+02	-1.223340533184518e+01	2.033368652409044e-02	
279	1.368927313237185e+00	3.000000000000000e-01	2.720791131917900e+00	1.224153104741666e+00	1.562503615213054e+01	1.844473633722040e-09	-5.954085489547954e-02	2.532834829948400e+05	1.012735051644991e+05	2.881976588048091e+02	-3.736403257770806e+00	3.750544961608832e-02	
280	-1.365637754737275e+00	3.000000000000000e-01	2.727500735615763e+00	1.223529537264136e+00	1.159185082692082e+01	1.611779867990916e-09	1.197782766044148e+00	2.534018748508446e+05	1.013385509357348e+05	2.885297351462694e+02	5.436600724129958e+00	2.797051031210293e-02	
281	-6.417906701235564e-01	3.000000000000000e-01	3.487101781524630e+00	1.223101522438174e+00	1.283243467990999e+01	3.267063485938912e-09	5.323642714425935e-01	2.532805134611253e+05	1.012852321874578e+05	2.884788423393517e+02	-2.082613530142289e+00	3.083998317191033e-02	
282	3.460139993677798e-01	3.000000000000000e-01	2.888128468202591e+00	1.223825838750480e+00	1.526391304670462e+01	6.400057816521802e-09	2.126786942971214e+00	2.533451356335373e+05	1.012992398638706e+05	2.883479801261245e+02	-1.071973105898712e-01	3.699255014356649e-02	
283	1.788466083363745e-01	3.000000000000000e-01	3.114543483508369e-01	1.224454524559366e+00	-3.373364487004447e-01	6.664368755155355e-09	1.407246518538883e+00	2.529977697280481e+05	1.011987658387213e+05	2.879140781318391e+02	-1.427642945687471e+01	3.474399544493145e-03	
284	-1.788466083361653e-01	3.000000000000000e-01	3.114543483491244e-01	1.225419916745499e+00	8.086640666601806e-01	4.580644488361443e-09	2.878300268441159e+00	2.533471291181294e+05	1.013373927922281e+05	2.880813458133853e+02	5.273274887622212e+00	7.170380274075710e-03	
285	2.711768521854932e-01	3.000000000000000e-01	1.797395744097217e+00	1.223027344529501e+00	1.541375522531589e+01	1.316136570431226e-08	3.570953881564504e+00	2.530606640322486e+05	1.011833285785984e+05	2.882060811924023e+02	-1.645345105084641e+01	3.801234757679275e-02	
