/*--------------------------------*- C++ -*----------------------------------*\
  =========                 |
  \\      /  F ield         | OpenFOAM: The Open Source CFD Toolbox
   \\    /   O peration     | Website:  https://openfoam.org
    \\  /    A nd           | Version:  7
     \\/     M anipulation  |
\*---------------------------------------------------------------------------*/
FoamFile
{
    version     2.0;
    format      ascii;
    class       volScalarField;
    location    "0.86";
    object      T;
}
// * * * * * * * * * * * * * * * * * * * * * * * * * * * * * * * * * * * * * //

dimensions      [0 0 0 1 0 0 0];

internalField   nonuniform List<scalar> 
12013
(
300.006
300.019
300.034
300.049
300.067
300.087
300.111
300.137
300.168
300.203
300.243
300.289
300.341
300.4
300.466
300.541
300.625
300.718
300.822
300.937
301.063
301.202
301.355
301.521
301.703
301.9
302.113
302.344
302.592
302.86
303.147
303.455
303.785
304.136
304.511
304.911
305.335
305.786
306.264
306.77
307.307
307.874
308.473
309.107
309.775
310.48
311.224
312.008
312.835
313.705
314.623
315.59
316.608
317.681
318.812
320.004
321.26
322.585
323.982
325.457
327.014
328.659
330.398
332.238
334.186
336.251
338.443
340.771
343.247
345.887
348.706
351.724
354.963
358.452
362.228
366.336
370.839
375.828
381.44
387.908
395.682
300.006
300.019
300.034
300.049
300.067
300.087
300.111
300.137
300.168
300.203
300.243
300.289
300.341
300.4
300.466
300.541
300.625
300.718
300.822
300.936
301.063
301.202
301.354
301.521
301.702
301.899
302.113
302.343
302.592
302.86
303.147
303.455
303.784
304.136
304.511
304.91
305.334
305.785
306.263
306.769
307.306
307.873
308.472
309.105
309.774
310.479
311.222
312.006
312.832
313.703
314.62
315.587
316.605
317.677
318.807
319.998
321.254
322.577
323.974
325.447
327.002
328.645
330.382
332.219
334.164
336.225
338.411
340.733
343.202
345.832
348.638
351.64
354.859
358.321
362.06
366.116
370.542
375.408
380.805
386.848
393.635
300.006
300.019
300.034
300.049
300.067
300.087
300.11
300.137
300.168
300.203
300.243
300.289
300.341
300.4
300.466
300.541
300.625
300.718
300.821
300.936
301.063
301.202
301.354
301.52
301.702
301.899
302.112
302.343
302.591
302.859
303.146
303.454
303.783
304.135
304.509
304.908
305.333
305.783
306.261
306.767
307.303
307.87
308.47
309.103
309.771
310.475
311.219
312.002
312.828
313.698
314.614
315.58
316.597
317.668
318.797
319.986
321.24
322.561
323.955
325.425
326.977
328.615
330.347
332.178
334.115
336.166
338.341
340.649
343.101
345.709
348.49
351.457
354.633
358.038
361.699
365.648
369.922
374.56
379.602
385.065
390.9
300.006
300.019
300.034
300.049
300.067
300.087
300.11
300.137
300.168
300.203
300.243
300.288
300.34
300.399
300.466
300.541
300.624
300.717
300.821
300.936
301.062
301.201
301.353
301.52
301.701
301.898
302.111
302.341
302.59
302.857
303.144
303.452
303.781
304.132
304.507
304.906
305.33
305.78
306.258
306.764
307.3
307.866
308.465
309.098
309.765
310.469
311.212
311.995
312.82
313.689
314.604
315.568
316.584
317.653
318.78
319.966
321.217
322.535
323.924
325.389
326.934
328.566
330.288
332.108
334.033
336.069
338.225
340.51
342.935
345.509
348.247
351.161
354.268
357.584
361.13
364.923
368.985
373.328
377.953
382.835
387.892
300.006
300.019
300.034
300.049
300.067
300.087
300.11
300.137
300.167
300.202
300.242
300.288
300.34
300.399
300.465
300.54
300.624
300.717
300.82
300.935
301.061
301.2
301.352
301.518
301.699
301.896
302.109
302.339
302.588
302.855
303.142
303.449
303.778
304.129
304.504
304.902
305.326
305.776
306.253
306.759
307.294
307.86
308.459
309.091
309.757
310.461
311.202
311.984
312.808
313.675
314.589
315.551
316.564
317.63
318.754
319.936
321.182
322.495
323.877
325.335
326.871
328.491
330.201
332.006
333.912
335.926
338.056
340.309
342.694
345.22
347.898
350.739
353.753
356.952
360.347
363.947
367.757
371.773
375.976
380.326
384.752
300.006
300.019
300.033
300.049
300.067
300.087
300.11
300.137
300.167
300.202
300.242
300.288
300.34
300.398
300.465
300.539
300.623
300.716
300.819
300.934
301.06
301.198
301.35
301.517
301.697
301.894
302.107
302.337
302.585
302.852
303.138
303.446
303.774
304.125
304.499
304.897
305.321
305.77
306.247
306.752
307.287
307.852
308.449
309.08
309.746
310.448
311.189
311.969
312.79
313.656
314.567
315.526
316.536
317.598
318.717
319.894
321.134
322.438
323.812
325.259
326.783
328.389
330.081
331.865
333.746
335.731
337.825
340.035
342.368
344.832
347.434
350.181
353.08
356.137
359.357
362.738
366.276
369.959
373.759
377.639
381.54
300.006
300.019
300.033
300.049
300.067
300.087
300.11
300.136
300.167
300.202
300.242
300.287
300.339
300.398
300.464
300.538
300.622
300.715
300.818
300.932
301.058
301.197
301.348
301.514
301.695
301.891
302.104
302.333
302.581
302.848
303.134
303.441
303.769
304.119
304.493
304.89
305.313
305.762
306.238
306.742
307.276
307.841
308.437
309.067
309.731
310.431
311.17
311.948
312.767
313.629
314.537
315.493
316.498
317.555
318.667
319.837
321.068
322.363
323.725
325.158
326.665
328.252
329.921
331.679
333.528
335.475
337.524
339.681
341.95
344.338
346.847
349.484
352.25
355.146
358.171
361.32
364.582
367.94
371.369
374.833
378.29
300.006
300.019
300.033
300.049
300.067
300.087
300.11
300.136
300.166
300.201
300.241
300.287
300.338
300.397
300.463
300.537
300.62
300.713
300.816
300.93
301.056
301.194
301.346
301.511
301.691
301.887
302.099
302.329
302.576
302.842
303.128
303.434
303.762
304.111
304.484
304.881
305.303
305.751
306.226
306.73
307.262
307.825
308.42
309.048
309.711
310.409
311.145
311.92
312.736
313.595
314.498
315.448
316.447
317.498
318.602
319.762
320.982
322.264
323.611
325.026
326.513
328.076
329.717
331.441
333.251
335.152
337.146
339.239
341.433
343.731
346.135
348.646
351.264
353.987
356.809
359.722
362.713
365.764
368.852
371.949
375.023
300.006
300.019
300.033
300.049
300.066
300.086
300.109
300.136
300.166
300.201
300.24
300.286
300.337
300.396
300.462
300.536
300.619
300.711
300.814
300.928
301.053
301.191
301.342
301.507
301.687
301.882
302.094
302.323
302.57
302.835
303.12
303.426
303.753
304.101
304.473
304.869
305.29
305.737
306.211
306.713
307.244
307.805
308.398
309.024
309.684
310.38
311.112
311.884
312.695
313.549
314.447
315.391
316.382
317.424
318.518
319.666
320.872
322.138
323.466
324.86
326.322
327.854
329.461
331.145
332.909
334.755
336.686
338.704
340.812
343.009
345.296
347.671
350.132
352.675
355.291
357.971
360.701
363.466
366.246
369.017
371.756
300.006
300.019
300.033
300.049
300.066
300.086
300.109
300.135
300.165
300.2
300.24
300.285
300.336
300.394
300.46
300.534
300.617
300.709
300.811
300.924
301.05
301.187
301.338
301.502
301.682
301.876
302.087
302.316
302.562
302.826
303.111
303.415
303.741
304.089
304.46
304.854
305.274
305.719
306.192
306.692
307.221
307.78
308.371
308.993
309.65
310.342
311.071
311.837
312.644
313.491
314.382
315.317
316.299
317.33
318.411
319.545
320.734
321.98
323.286
324.654
326.085
327.583
329.149
330.786
332.495
334.279
336.138
338.073
340.084
342.172
344.333
346.565
348.865
351.224
353.637
356.092
358.577
361.078
363.578
366.059
368.504
300.006
300.019
300.033
300.048
300.066
300.086
300.109
300.135
300.165
300.199
300.239
300.284
300.335
300.393
300.458
300.532
300.614
300.706
300.808
300.921
301.045
301.182
301.332
301.496
301.675
301.869
302.079
302.306
302.552
302.815
303.098
303.402
303.727
304.073
304.443
304.836
305.254
305.697
306.167
306.665
307.192
307.748
308.335
308.955
309.607
310.295
311.018
311.779
312.578
313.418
314.3
315.225
316.195
317.213
318.279
319.395
320.564
321.786
323.065
324.402
325.798
327.255
328.774
330.358
332.006
333.719
335.498
337.343
339.251
341.222
343.252
345.338
347.474
349.653
351.868
354.109
356.365
358.623
360.871
363.094
365.277
300.006
300.019
300.033
300.048
300.066
300.085
300.108
300.134
300.164
300.198
300.237
300.282
300.333
300.391
300.456
300.529
300.611
300.702
300.804
300.916
301.04
301.176
301.325
301.489
301.666
301.86
302.069
302.295
302.539
302.802
303.084
303.386
303.709
304.053
304.421
304.812
305.228
305.669
306.137
306.632
307.155
307.708
308.291
308.906
309.554
310.235
310.952
311.705
312.497
313.327
314.198
315.111
316.067
317.068
318.116
319.211
320.356
321.551
322.799
324.1
325.455
326.866
328.333
329.856
331.437
333.074
334.767
336.515
338.315
340.165
342.061
344
345.974
347.978
350.004
352.043
354.087
356.123
358.143
360.134
362.087
300.006
300.019
300.033
300.048
300.065
300.085
300.107
300.133
300.163
300.197
300.236
300.28
300.331
300.388
300.453
300.525
300.607
300.698
300.799
300.91
301.033
301.169
301.317
301.48
301.656
301.848
302.056
302.281
302.524
302.785
303.065
303.365
303.687
304.029
304.395
304.783
305.196
305.635
306.099
306.59
307.11
307.658
308.236
308.845
309.487
310.161
310.87
311.615
312.396
313.215
314.073
314.971
315.91
316.893
317.919
318.989
320.106
321.27
322.482
323.742
325.052
326.411
327.82
329.278
330.786
332.341
333.943
335.59
337.279
339.006
340.769
342.561
344.378
346.214
348.062
349.913
351.76
353.595
355.409
357.194
358.939
300.006
300.019
300.032
300.047
300.065
300.084
300.106
300.132
300.161
300.195
300.234
300.278
300.328
300.385
300.449
300.521
300.602
300.692
300.792
300.903
301.026
301.16
301.307
301.469
301.644
301.835
302.041
302.265
302.506
302.765
303.043
303.341
303.66
304
304.362
304.748
305.158
305.592
306.052
306.539
307.054
307.596
308.169
308.771
309.405
310.071
310.77
311.504
312.273
313.078
313.921
314.801
315.721
316.681
317.682
318.725
319.81
320.938
322.11
323.325
324.584
325.887
327.233
328.622
330.052
331.521
333.029
334.572
336.148
337.753
339.384
341.034
342.701
344.377
346.057
347.734
349.402
351.053
352.681
354.28
355.841
300.006
300.018
300.032
300.047
300.064
300.083
300.105
300.131
300.16
300.193
300.232
300.275
300.325
300.382
300.445
300.517
300.597
300.686
300.785
300.895
301.016
301.15
301.296
301.455
301.629
301.818
302.023
302.245
302.483
302.74
303.016
303.311
303.627
303.964
304.323
304.705
305.111
305.541
305.996
306.477
306.986
307.522
308.086
308.681
309.305
309.961
310.649
311.37
312.124
312.913
313.738
314.598
315.495
316.43
317.403
318.413
319.463
320.551
321.679
322.845
324.049
325.291
326.57
327.885
329.234
330.616
332.027
333.466
334.93
336.414
337.916
339.43
340.953
342.478
344.002
345.519
347.022
348.507
349.968
351.4
352.797
300.006
300.018
300.032
300.047
300.063
300.082
300.104
300.129
300.158
300.191
300.229
300.272
300.322
300.377
300.44
300.511
300.59
300.678
300.777
300.885
301.005
301.137
301.282
301.44
301.612
301.799
302.001
302.22
302.457
302.711
302.983
303.276
303.588
303.921
304.276
304.653
305.054
305.478
305.927
306.402
306.903
307.431
307.987
308.571
309.185
309.828
310.503
311.208
311.946
312.717
313.52
314.357
315.229
316.134
317.075
318.05
319.06
320.105
321.184
322.297
323.443
324.621
325.83
327.069
328.335
329.627
330.942
332.277
333.63
334.997
336.374
337.759
339.145
340.531
341.91
343.278
344.632
345.966
347.276
348.558
349.807
300.006
300.018
300.031
300.046
300.062
300.081
300.103
300.128
300.156
300.189
300.226
300.269
300.317
300.372
300.434
300.504
300.582
300.669
300.766
300.874
300.992
301.122
301.265
301.421
301.591
301.775
301.976
302.192
302.425
302.676
302.945
303.233
303.541
303.869
304.219
304.591
304.985
305.403
305.845
306.312
306.804
307.322
307.868
308.44
309.041
309.67
310.329
311.017
311.735
312.484
313.264
314.075
314.917
315.79
316.695
317.632
318.599
319.596
320.624
321.68
322.765
323.876
325.013
326.173
327.355
328.557
329.776
331.009
332.254
333.508
334.767
336.028
337.288
338.542
339.788
341.021
342.238
343.435
344.608
345.756
346.873
300.006
300.018
300.031
300.045
300.061
300.08
300.101
300.126
300.154
300.186
300.222
300.264
300.312
300.366
300.428
300.496
300.573
300.659
300.754
300.86
300.977
301.105
301.245
301.399
301.566
301.748
301.945
302.158
302.387
302.634
302.899
303.182
303.485
303.808
304.151
304.517
304.904
305.314
305.747
306.204
306.686
307.193
307.726
308.284
308.87
309.483
310.123
310.791
311.487
312.211
312.964
313.746
314.555
315.394
316.26
317.154
318.075
319.022
319.995
320.992
322.012
323.055
324.118
325.199
326.297
327.409
328.534
329.668
330.809
331.955
333.102
334.247
335.388
336.521
337.643
338.752
339.844
340.917
341.968
342.994
343.993
300.006
300.017
300.03
300.044
300.06
300.078
300.099
300.123
300.151
300.182
300.218
300.26
300.306
300.36
300.42
300.487
300.563
300.647
300.74
300.844
300.959
301.084
301.222
301.373
301.537
301.716
301.909
302.118
302.343
302.585
302.844
303.122
303.419
303.735
304.071
304.429
304.807
305.208
305.631
306.077
306.547
307.04
307.558
308.101
308.669
309.263
309.882
310.527
311.198
311.895
312.618
313.367
314.141
314.941
315.765
316.613
317.485
318.379
319.295
320.231
321.186
322.158
323.146
324.149
325.163
326.188
327.22
328.259
329.3
330.343
331.384
332.42
333.45
334.471
335.48
336.475
337.454
338.414
339.353
340.27
341.162
300.006
300.017
300.029
300.043
300.059
300.077
300.097
300.12
300.147
300.178
300.213
300.254
300.3
300.352
300.41
300.476
300.55
300.633
300.724
300.826
300.938
301.061
301.196
301.343
301.504
301.678
301.867
302.071
302.291
302.527
302.781
303.052
303.341
303.65
303.978
304.325
304.694
305.083
305.495
305.928
306.383
306.861
307.362
307.887
308.435
309.007
309.602
310.222
310.865
311.532
312.222
312.935
313.671
314.429
315.208
316.008
316.828
317.667
318.524
319.397
320.285
321.186
322.1
323.024
323.957
324.896
325.839
326.785
327.732
328.677
329.618
330.553
331.48
332.397
333.302
334.193
335.068
335.925
336.763
337.58
338.375
300.005
300.017
300.029
300.042
300.057
300.075
300.095
300.117
300.144
300.174
300.208
300.247
300.292
300.343
300.4
300.464
300.536
300.616
300.706
300.804
300.913
301.033
301.165
301.308
301.464
301.634
301.818
302.017
302.23
302.46
302.706
302.97
303.251
303.55
303.868
304.205
304.562
304.939
305.336
305.754
306.193
306.653
307.135
307.639
308.165
308.712
309.281
309.872
310.484
311.118
311.772
312.447
313.142
313.855
314.587
315.337
316.103
316.885
317.681
318.49
319.311
320.142
320.981
321.828
322.68
323.536
324.394
325.252
326.108
326.961
327.808
328.648
329.479
330.3
331.109
331.904
332.685
333.448
334.194
334.921
335.628
300.005
300.016
300.028
300.041
300.056
300.072
300.092
300.114
300.139
300.168
300.202
300.24
300.283
300.332
300.388
300.45
300.52
300.598
300.684
300.78
300.886
301.002
301.129
301.268
301.419
301.584
301.762
301.954
302.161
302.383
302.621
302.875
303.146
303.435
303.741
304.066
304.409
304.771
305.153
305.554
305.974
306.415
306.875
307.355
307.856
308.376
308.916
309.476
310.054
310.652
311.268
311.901
312.552
313.219
313.901
314.598
315.309
316.032
316.767
317.511
318.265
319.025
319.792
320.563
321.338
322.113
322.889
323.662
324.433
325.198
325.957
326.709
327.451
328.183
328.903
329.611
330.304
330.981
331.643
332.288
332.914
300.005
300.015
300.027
300.039
300.054
300.07
300.088
300.11
300.134
300.162
300.195
300.231
300.273
300.32
300.374
300.434
300.501
300.576
300.66
300.752
300.854
300.966
301.088
301.222
301.368
301.526
301.697
301.882
302.081
302.294
302.523
302.767
303.027
303.303
303.596
303.907
304.235
304.58
304.944
305.325
305.725
306.143
306.579
307.034
307.506
307.997
308.505
309.031
309.573
310.132
310.707
311.297
311.901
312.52
313.151
313.794
314.448
315.111
315.784
316.464
317.15
317.841
318.537
319.234
319.932
320.63
321.327
322.02
322.709
323.393
324.069
324.738
325.397
326.047
326.685
327.311
327.924
328.523
329.107
329.676
330.229
300.005
300.015
300.026
300.038
300.051
300.067
300.085
300.105
300.129
300.156
300.186
300.222
300.262
300.307
300.358
300.416
300.48
300.552
300.632
300.72
300.818
300.925
301.042
301.17
301.31
301.461
301.624
301.8
301.99
302.194
302.411
302.643
302.891
303.153
303.432
303.726
304.037
304.364
304.707
305.067
305.444
305.837
306.247
306.673
307.116
307.574
308.048
308.537
309.041
309.559
310.09
310.634
311.191
311.759
312.337
312.925
313.521
314.125
314.735
315.351
315.971
316.594
317.219
317.845
318.47
319.094
319.715
320.331
320.943
321.549
322.148
322.739
323.322
323.895
324.457
325.008
325.547
326.073
326.586
327.085
327.571
300.005
300.014
300.025
300.036
300.049
300.064
300.081
300.1
300.122
300.148
300.177
300.211
300.249
300.292
300.341
300.396
300.457
300.525
300.601
300.685
300.778
300.879
300.991
301.112
301.244
301.387
301.542
301.709
301.888
302.08
302.286
302.505
302.738
302.985
303.247
303.524
303.815
304.121
304.443
304.779
305.131
305.497
305.878
306.274
306.683
307.107
307.545
307.995
308.458
308.933
309.42
309.917
310.424
310.94
311.464
311.996
312.535
313.079
313.627
314.179
314.734
315.29
315.847
316.403
316.958
317.51
318.059
318.603
319.142
319.675
320.202
320.72
321.231
321.732
322.224
322.705
323.175
323.634
324.082
324.517
324.94
300.004
300.013
300.023
300.034
300.046
300.06
300.076
300.095
300.116
300.14
300.168
300.199
300.235
300.276
300.322
300.373
300.431
300.495
300.567
300.646
300.733
300.828
300.933
301.047
301.171
301.306
301.451
301.607
301.775
301.955
302.147
302.351
302.569
302.799
303.043
303.3
303.57
303.854
304.151
304.462
304.786
305.123
305.474
305.836
306.212
306.599
306.998
307.408
307.829
308.259
308.699
309.148
309.605
310.068
310.539
311.014
311.495
311.98
312.467
312.957
313.448
313.939
314.43
314.919
315.406
315.89
316.37
316.846
317.317
317.781
318.239
318.69
319.134
319.568
319.994
320.411
320.818
321.215
321.602
321.978
322.343
300.004
300.012
300.022
300.032
300.043
300.056
300.071
300.088
300.108
300.131
300.157
300.186
300.22
300.258
300.301
300.349
300.403
300.463
300.529
300.603
300.684
300.773
300.87
300.976
301.091
301.216
301.35
301.495
301.651
301.817
301.994
302.183
302.383
302.595
302.819
303.055
303.303
303.562
303.834
304.117
304.412
304.719
305.037
305.365
305.704
306.054
306.413
306.781
307.158
307.543
307.936
308.336
308.741
309.153
309.569
309.989
310.413
310.839
311.267
311.696
312.125
312.553
312.981
313.406
313.828
314.248
314.663
315.075
315.481
315.881
316.276
316.663
317.044
317.417
317.783
318.14
318.488
318.828
319.158
319.48
319.792
300.004
300.012
300.02
300.029
300.04
300.052
300.066
300.082
300.1
300.121
300.145
300.172
300.203
300.238
300.278
300.322
300.372
300.427
300.488
300.556
300.63
300.712
300.802
300.899
301.004
301.119
301.242
301.374
301.516
301.668
301.829
302.001
302.183
302.375
302.578
302.791
303.015
303.249
303.494
303.749
304.013
304.288
304.572
304.865
305.167
305.477
305.796
306.122
306.455
306.794
307.139
307.49
307.845
308.205
308.568
308.933
309.301
309.67
310.04
310.411
310.781
311.149
311.516
311.881
312.243
312.601
312.956
313.307
313.653
313.994
314.329
314.658
314.981
315.297
315.607
315.909
316.203
316.49
316.769
317.041
317.304
300.003
300.011
300.018
300.027
300.037
300.048
300.06
300.075
300.091
300.11
300.132
300.157
300.185
300.217
300.253
300.294
300.339
300.389
300.445
300.506
300.574
300.648
300.728
300.816
300.912
301.015
301.126
301.245
301.373
301.509
301.654
301.807
301.97
302.142
302.323
302.513
302.712
302.919
303.136
303.361
303.595
303.836
304.086
304.343
304.607
304.879
305.156
305.44
305.729
306.023
306.321
306.624
306.93
307.239
307.55
307.863
308.177
308.492
308.807
309.121
309.435
309.747
310.057
310.366
310.671
310.973
311.272
311.566
311.857
312.142
312.423
312.698
312.968
313.232
313.49
313.741
313.987
314.226
314.458
314.683
314.902
300.003
300.01
300.017
300.024
300.033
300.043
300.054
300.067
300.082
300.099
300.119
300.141
300.167
300.195
300.228
300.264
300.304
300.349
300.399
300.454
300.514
300.58
300.652
300.73
300.815
300.906
301.004
301.11
301.223
301.343
301.47
301.606
301.749
301.899
302.058
302.224
302.397
302.578
302.766
302.962
303.164
303.373
303.588
303.809
304.036
304.269
304.506
304.748
304.994
305.244
305.497
305.754
306.012
306.273
306.535
306.798
307.061
307.325
307.588
307.85
308.111
308.371
308.629
308.885
309.138
309.388
309.635
309.878
310.118
310.353
310.584
310.81
311.031
311.248
311.459
311.665
311.866
312.061
312.251
312.435
312.614
300.003
300.008
300.015
300.022
300.029
300.038
300.048
300.06
300.073
300.088
300.105
300.125
300.147
300.173
300.201
300.233
300.268
300.308
300.351
300.399
300.452
300.51
300.573
300.641
300.715
300.794
300.88
300.971
301.069
301.173
301.283
301.399
301.523
301.652
301.788
301.93
302.078
302.232
302.392
302.558
302.73
302.906
303.088
303.274
303.465
303.66
303.859
304.061
304.267
304.475
304.685
304.897
305.111
305.326
305.542
305.759
305.975
306.191
306.407
306.621
306.835
307.047
307.257
307.465
307.671
307.873
308.073
308.27
308.464
308.654
308.84
309.022
309.2
309.375
309.544
309.71
309.871
310.028
310.18
310.327
310.47
300.002
300.007
300.013
300.019
300.025
300.033
300.042
300.052
300.063
300.076
300.091
300.108
300.128
300.15
300.174
300.201
300.232
300.266
300.303
300.345
300.39
300.439
300.493
300.551
300.614
300.682
300.754
300.832
300.914
301.002
301.095
301.194
301.297
301.406
301.519
301.638
301.762
301.89
302.023
302.161
302.303
302.449
302.599
302.752
302.909
303.068
303.231
303.396
303.563
303.732
303.903
304.075
304.248
304.421
304.595
304.769
304.943
305.116
305.289
305.46
305.631
305.8
305.967
306.133
306.296
306.457
306.615
306.771
306.924
307.074
307.221
307.364
307.505
307.642
307.775
307.905
308.031
308.154
308.273
308.389
308.501
300.002
300.006
300.011
300.016
300.022
300.028
300.036
300.044
300.054
300.065
300.078
300.092
300.108
300.127
300.147
300.17
300.196
300.225
300.256
300.29
300.328
300.37
300.414
300.463
300.515
300.571
300.631
300.695
300.764
300.836
300.913
300.993
301.078
301.167
301.26
301.356
301.457
301.561
301.669
301.78
301.894
302.012
302.132
302.255
302.38
302.507
302.637
302.768
302.901
303.034
303.169
303.305
303.441
303.577
303.714
303.85
303.986
304.122
304.257
304.391
304.523
304.655
304.785
304.913
305.039
305.164
305.286
305.406
305.524
305.639
305.752
305.863
305.97
306.075
306.178
306.277
306.374
306.468
306.559
306.647
306.733
300.002
300.005
300.009
300.013
300.018
300.023
300.03
300.037
300.045
300.054
300.064
300.076
300.09
300.105
300.122
300.141
300.162
300.185
300.21
300.239
300.269
300.303
300.339
300.378
300.421
300.466
300.514
300.566
300.621
300.679
300.74
300.804
300.872
300.942
301.016
301.092
301.171
301.253
301.338
301.425
301.515
301.606
301.7
301.796
301.893
301.992
302.092
302.193
302.295
302.398
302.502
302.606
302.71
302.814
302.918
303.022
303.126
303.229
303.331
303.433
303.533
303.632
303.73
303.827
303.922
304.016
304.107
304.198
304.286
304.372
304.457
304.539
304.619
304.698
304.774
304.848
304.92
304.99
305.058
305.123
305.187
300.001
300.004
300.007
300.011
300.015
300.019
300.024
300.03
300.036
300.043
300.052
300.061
300.072
300.084
300.098
300.113
300.129
300.148
300.168
300.19
300.215
300.241
300.269
300.3
300.333
300.369
300.407
300.447
300.489
300.534
300.581
300.631
300.683
300.737
300.794
300.852
300.913
300.976
301.04
301.106
301.174
301.243
301.314
301.386
301.459
301.533
301.608
301.684
301.76
301.837
301.914
301.991
302.068
302.146
302.223
302.3
302.376
302.452
302.527
302.601
302.675
302.748
302.819
302.89
302.959
303.027
303.094
303.16
303.224
303.286
303.347
303.407
303.465
303.522
303.577
303.63
303.682
303.733
303.782
303.829
303.874
300.001
300.003
300.006
300.008
300.011
300.015
300.019
300.023
300.028
300.034
300.04
300.048
300.056
300.065
300.076
300.087
300.1
300.114
300.13
300.147
300.165
300.185
300.207
300.231
300.256
300.282
300.311
300.341
300.373
300.407
300.442
300.479
300.518
300.558
300.6
300.643
300.688
300.734
300.781
300.829
300.879
300.93
300.981
301.034
301.087
301.14
301.195
301.249
301.304
301.359
301.415
301.47
301.526
301.581
301.636
301.691
301.745
301.799
301.852
301.905
301.957
302.009
302.059
302.109
302.158
302.206
302.253
302.299
302.344
302.388
302.43
302.472
302.513
302.552
302.591
302.628
302.664
302.7
302.734
302.766
302.798
300.001
300.003
300.004
300.006
300.009
300.011
300.014
300.017
300.021
300.026
300.03
300.036
300.042
300.049
300.057
300.065
300.075
300.086
300.097
300.11
300.123
300.138
300.154
300.171
300.189
300.209
300.229
300.251
300.274
300.298
300.324
300.351
300.378
300.407
300.437
300.468
300.499
300.532
300.565
300.6
300.635
300.67
300.706
300.743
300.78
300.818
300.856
300.894
300.932
300.97
301.009
301.047
301.085
301.123
301.161
301.199
301.236
301.273
301.309
301.345
301.381
301.416
301.45
301.484
301.517
301.55
301.582
301.613
301.643
301.673
301.702
301.73
301.757
301.784
301.81
301.835
301.859
301.883
301.906
301.928
301.949
300.001
300.002
300.003
300.005
300.006
300.008
300.01
300.013
300.016
300.019
300.022
300.026
300.031
300.036
300.041
300.048
300.054
300.062
300.07
300.079
300.089
300.099
300.11
300.122
300.135
300.149
300.163
300.179
300.195
300.212
300.229
300.248
300.267
300.287
300.307
300.328
300.35
300.372
300.395
300.418
300.442
300.466
300.491
300.516
300.541
300.566
300.591
300.617
300.642
300.668
300.694
300.719
300.745
300.77
300.795
300.82
300.844
300.869
300.893
300.917
300.94
300.963
300.986
301.008
301.029
301.051
301.071
301.092
301.112
301.131
301.15
301.168
301.186
301.203
301.22
301.236
301.252
301.267
301.282
301.296
301.31
300
300.001
300.002
300.003
300.005
300.006
300.007
300.009
300.011
300.013
300.016
300.019
300.022
300.025
300.029
300.034
300.038
300.044
300.049
300.056
300.062
300.07
300.077
300.086
300.094
300.104
300.114
300.124
300.135
300.146
300.158
300.171
300.184
300.197
300.211
300.225
300.239
300.254
300.269
300.285
300.3
300.316
300.332
300.349
300.365
300.382
300.398
300.415
300.431
300.448
300.465
300.481
300.498
300.514
300.53
300.546
300.562
300.578
300.593
300.608
300.623
300.638
300.652
300.666
300.68
300.694
300.707
300.72
300.732
300.745
300.756
300.768
300.779
300.79
300.801
300.811
300.821
300.831
300.84
300.849
300.858
300
300.001
300.002
300.002
300.003
300.004
300.005
300.007
300.008
300.01
300.012
300.014
300.016
300.018
300.021
300.024
300.028
300.031
300.035
300.04
300.044
300.049
300.055
300.061
300.067
300.073
300.08
300.087
300.095
300.103
300.111
300.119
300.128
300.137
300.146
300.156
300.166
300.176
300.186
300.196
300.206
300.217
300.228
300.239
300.249
300.26
300.271
300.282
300.293
300.304
300.315
300.326
300.337
300.347
300.358
300.368
300.378
300.388
300.398
300.408
300.418
300.427
300.437
300.446
300.454
300.463
300.472
300.48
300.488
300.496
300.503
300.511
300.518
300.525
300.532
300.538
300.545
300.551
300.557
300.563
300.568
300
300.001
300.001
300.002
300.003
300.003
300.004
300.005
300.006
300.008
300.009
300.011
300.013
300.015
300.017
300.019
300.022
300.025
300.028
300.031
300.035
300.039
300.043
300.048
300.052
300.057
300.063
300.068
300.074
300.08
300.086
300.093
300.099
300.106
300.113
300.12
300.128
300.135
300.143
300.151
300.159
300.166
300.174
300.183
300.191
300.199
300.207
300.215
300.223
300.231
300.239
300.247
300.255
300.263
300.27
300.278
300.286
300.293
300.3
300.307
300.314
300.321
300.328
300.335
300.341
300.347
300.353
300.359
300.365
300.371
300.376
300.382
300.387
300.392
300.397
300.402
300.406
300.411
300.415
300.419
300.423
405.918
413.807
420.334
425.916
430.758
434.97
438.614
441.723
444.311
446.379
447.915
448.899
449.298
449.067
448.145
446.45
443.861
440.194
435.134
428.038
417.283
409.577
403.374
398.07
393.377
389.131
385.231
381.609
378.217
375.02
371.992
369.112
366.365
363.738
361.222
358.808
356.489
354.261
352.118
350.056
348.071
346.161
344.322
342.551
340.845
339.203
337.622
336.098
334.631
333.218
331.856
330.544
329.28
328.062
326.889
325.757
324.667
323.615
322.602
321.625
320.682
319.774
318.898
318.053
317.238
316.453
315.696
314.966
314.262
313.584
312.931
312.301
311.695
311.111
310.55
310.009
309.489
308.989
308.508
308.047
307.604
307.179
306.772
306.381
306.007
305.65
305.308
304.981
304.669
304.372
304.089
303.819
303.563
303.319
303.089
302.87
302.663
302.467
302.282
302.108
301.944
301.79
301.646
301.51
301.383
301.265
301.154
301.051
300.956
300.867
300.785
300.709
300.64
300.575
300.516
300.462
300.413
300.368
300.327
300.29
300.256
300.226
300.199
300.174
300.153
300.133
300.116
300.1
300.087
300.075
300.064
300.055
300.047
300.04
300.034
300.028
300.024
300.02
300.017
300.014
300.011
300.009
300.008
300.006
300.005
300.004
300.003
300.002
300.002
300.001
300.001
300.001
300.001
300
300
300
300
300
300
300
300
401.134
407.999
414.075
419.427
424.139
428.272
431.866
434.944
437.515
439.575
441.113
442.105
442.521
442.318
441.438
439.806
437.319
433.833
429.147
423.01
415.399
408.657
402.828
397.704
393.112
388.928
385.071
381.479
378.109
374.928
371.913
369.043
366.304
363.684
361.173
358.764
356.449
354.224
352.084
350.025
348.043
346.135
344.298
342.529
340.825
339.184
337.604
336.082
334.616
333.204
331.844
330.533
329.27
328.053
326.88
325.749
324.659
323.608
322.595
321.619
320.677
319.769
318.893
318.049
317.235
316.45
315.693
314.963
314.26
313.582
312.929
312.3
311.694
311.11
310.548
310.008
309.488
308.988
308.508
308.046
307.604
307.179
306.771
306.381
306.007
305.649
305.307
304.981
304.669
304.372
304.089
303.819
303.563
303.32
303.089
302.87
302.663
302.467
302.283
302.108
301.945
301.79
301.646
301.51
301.383
301.265
301.154
301.052
300.956
300.867
300.785
300.71
300.64
300.575
300.516
300.462
300.413
300.368
300.327
300.29
300.256
300.226
300.199
300.174
300.153
300.133
300.116
300.1
300.087
300.075
300.064
300.055
300.047
300.04
300.034
300.028
300.024
300.02
300.017
300.014
300.011
300.009
300.008
300.006
300.005
300.004
300.003
300.002
300.002
300.001
300.001
300.001
300.001
300
300
300
300
300
300
300
300
396.972
402.855
408.319
413.289
417.754
421.725
425.212
428.219
430.747
432.785
434.32
435.327
435.776
435.627
434.831
433.326
431.034
427.867
423.736
418.613
412.737
407.02
401.752
396.948
392.551
388.496
384.727
381.198
377.876
374.731
371.744
368.897
366.176
363.571
361.072
358.673
356.368
354.15
352.017
349.964
347.987
346.084
344.251
342.486
340.786
339.149
337.572
336.052
334.589
333.179
331.821
330.512
329.251
328.035
326.864
325.735
324.646
323.597
322.585
321.609
320.668
319.761
318.886
318.042
317.229
316.445
315.688
314.959
314.256
313.579
312.926
312.297
311.691
311.108
310.546
310.006
309.487
308.987
308.507
308.046
307.603
307.178
306.771
306.381
306.007
305.649
305.307
304.981
304.669
304.372
304.089
303.819
303.563
303.32
303.089
302.87
302.663
302.468
302.283
302.109
301.945
301.791
301.646
301.511
301.384
301.265
301.155
301.052
300.956
300.868
300.786
300.71
300.64
300.576
300.517
300.463
300.413
300.368
300.327
300.29
300.257
300.226
300.199
300.175
300.153
300.133
300.116
300.1
300.087
300.075
300.064
300.055
300.047
300.04
300.034
300.028
300.024
300.02
300.017
300.014
300.011
300.009
300.008
300.006
300.005
300.004
300.003
300.002
300.002
300.001
300.001
300.001
300.001
300
300
300
300
300
300
300
300
393.038
398.12
402.974
407.5
411.648
415.392
418.718
421.615
424.071
426.07
427.594
428.618
429.112
429.042
428.367
427.039
425.011
422.237
418.698
414.45
409.704
404.877
400.215
395.813
391.686
387.817
384.182
380.752
377.504
374.417
371.475
368.664
365.973
363.393
360.915
358.533
356.242
354.038
351.916
349.873
347.905
346.009
344.184
342.425
340.731
339.098
337.526
336.011
334.552
333.145
331.79
330.484
329.226
328.013
326.844
325.716
324.63
323.582
322.571
321.597
320.657
319.751
318.877
318.035
317.222
316.438
315.683
314.954
314.252
313.575
312.923
312.294
311.689
311.106
310.545
310.005
309.485
308.986
308.506
308.045
307.602
307.178
306.771
306.38
306.007
305.649
305.308
304.981
304.67
304.372
304.089
303.82
303.564
303.32
303.09
302.871
302.664
302.468
302.284
302.109
301.946
301.791
301.647
301.511
301.384
301.266
301.155
301.052
300.957
300.868
300.786
300.71
300.64
300.576
300.517
300.463
300.414
300.368
300.328
300.29
300.257
300.226
300.199
300.175
300.153
300.133
300.116
300.1
300.087
300.075
300.064
300.055
300.047
300.04
300.034
300.028
300.024
300.02
300.017
300.014
300.011
300.009
300.008
300.006
300.005
300.004
300.003
300.002
300.002
300.001
300.001
300.001
300.001
300
300
300
300
300
300
300
300
389.21
393.644
397.943
402.023
405.822
409.3
412.428
415.181
417.54
419.482
420.985
422.025
422.573
422.599
422.07
420.955
419.225
416.866
413.892
410.373
406.46
402.376
398.299
394.332
390.523
386.887
383.425
380.127
376.981
373.975
371.097
368.338
365.69
363.145
360.697
358.34
356.072
353.886
351.78
349.751
347.796
345.912
344.096
342.347
340.661
339.036
337.47
335.961
334.507
333.105
331.754
330.452
329.197
327.987
326.821
325.696
324.611
323.565
322.557
321.584
320.646
319.741
318.868
318.027
317.215
316.432
315.677
314.949
314.248
313.571
312.919
312.291
311.686
311.104
310.543
310.003
309.484
308.985
308.505
308.045
307.602
307.178
306.771
306.381
306.007
305.65
305.308
304.982
304.67
304.373
304.09
303.821
303.564
303.321
303.09
302.872
302.665
302.469
302.284
302.11
301.946
301.792
301.648
301.512
301.385
301.267
301.156
301.053
300.957
300.869
300.787
300.711
300.641
300.576
300.517
300.463
300.414
300.369
300.328
300.291
300.257
300.227
300.199
300.175
300.153
300.133
300.116
300.1
300.087
300.075
300.064
300.055
300.047
300.04
300.034
300.028
300.024
300.02
300.017
300.014
300.011
300.009
300.008
300.006
300.005
300.004
300.003
300.002
300.002
300.001
300.001
300.001
300.001
300
300
300
300
300
300
300
300
385.449
389.345
393.156
396.814
400.263
403.459
406.365
408.952
411.192
413.062
414.535
415.587
416.191
416.322
415.955
415.067
413.646
411.691
409.228
406.32
403.07
399.614
396.074
392.543
389.077
385.709
382.452
379.316
376.298
373.395
370.601
367.911
365.32
362.822
360.414
358.092
355.853
353.693
351.609
349.6
347.662
345.793
343.99
342.252
340.577
338.961
337.404
335.903
334.455
333.059
331.714
330.417
329.166
327.959
326.796
325.674
324.593
323.549
322.542
321.572
320.635
319.732
318.86
318.02
317.209
316.427
315.673
314.945
314.244
313.568
312.917
312.289
311.685
311.102
310.542
310.003
309.484
308.985
308.505
308.045
307.602
307.178
306.771
306.381
306.008
305.65
305.309
304.982
304.671
304.374
304.091
303.822
303.565
303.322
303.091
302.873
302.666
302.47
302.285
302.111
301.947
301.793
301.648
301.513
301.386
301.267
301.157
301.054
300.958
300.869
300.787
300.711
300.641
300.577
300.518
300.464
300.414
300.369
300.328
300.291
300.257
300.227
300.2
300.175
300.153
300.134
300.116
300.101
300.087
300.075
300.064
300.055
300.047
300.04
300.034
300.028
300.024
300.02
300.017
300.014
300.011
300.009
300.008
300.006
300.005
300.004
300.003
300.003
300.002
300.001
300.001
300.001
300.001
300
300
300
300
300
300
300
300
381.74
385.182
388.565
391.837
394.951
397.864
400.54
402.947
405.057
406.841
408.275
409.333
409.992
410.229
410.024
409.363
408.241
406.663
404.655
402.265
399.567
396.649
393.597
390.486
387.371
384.29
381.267
378.317
375.451
372.672
369.981
367.376
364.856
362.419
360.063
357.785
355.583
353.456
351.401
349.416
347.5
345.65
343.865
342.142
340.48
338.876
337.329
335.837
334.398
333.009
331.67
330.378
329.132
327.931
326.771
325.653
324.574
323.533
322.529
321.56
320.625
319.723
318.853
318.013
317.203
316.422
315.669
314.942
314.242
313.566
312.915
312.288
311.684
311.102
310.541
310.002
309.483
308.985
308.505
308.045
307.603
307.178
306.772
306.382
306.008
305.651
305.31
304.983
304.672
304.375
304.092
303.822
303.566
303.323
303.093
302.874
302.667
302.471
302.287
302.112
301.948
301.794
301.649
301.514
301.387
301.268
301.158
301.055
300.959
300.87
300.788
300.712
300.642
300.578
300.518
300.464
300.415
300.37
300.329
300.291
300.258
300.227
300.2
300.175
300.153
300.134
300.116
300.101
300.087
300.075
300.064
300.055
300.047
300.04
300.034
300.028
300.024
300.02
300.017
300.014
300.011
300.009
300.008
300.006
300.005
300.004
300.003
300.003
300.002
300.002
300.001
300.001
300.001
300
300
300
300
300
300
300
300
378.082
381.133
384.141
387.065
389.866
392.507
394.955
397.179
399.15
400.841
402.227
403.285
403.991
404.328
404.278
403.832
402.987
401.749
400.141
398.198
395.971
393.52
390.909
388.195
385.427
382.642
379.87
377.13
374.435
371.8
369.23
366.727
364.293
361.93
359.636
357.413
355.258
353.171
351.152
349.198
347.309
345.483
343.719
342.014
340.368
338.779
337.244
335.763
334.334
332.954
331.622
330.337
329.097
327.9
326.745
325.631
324.555
323.517
322.515
321.548
320.615
319.715
318.846
318.008
317.199
316.418
315.666
314.94
314.24
313.565
312.914
312.287
311.683
311.101
310.541
310.002
309.483
308.985
308.505
308.045
307.603
307.179
306.772
306.382
306.009
305.652
305.31
304.984
304.672
304.375
304.093
303.823
303.567
303.324
303.093
302.875
302.668
302.472
302.288
302.113
301.949
301.795
301.65
301.515
301.388
301.269
301.158
301.055
300.96
300.871
300.789
300.713
300.643
300.578
300.519
300.465
300.415
300.37
300.329
300.292
300.258
300.228
300.2
300.176
300.154
300.134
300.116
300.101
300.087
300.075
300.065
300.055
300.047
300.04
300.034
300.029
300.024
300.02
300.017
300.014
300.011
300.009
300.008
300.006
300.005
300.004
300.003
300.003
300.002
300.002
300.001
300.001
300.001
300
300
300
300
300
300
300
300
374.476
377.187
379.865
382.477
384.992
387.379
389.608
391.651
393.482
395.075
396.407
397.455
398.201
398.625
398.716
398.464
397.867
396.931
395.671
394.114
392.295
390.256
388.043
385.7
383.267
380.78
378.267
375.751
373.249
370.775
368.342
365.956
363.624
361.347
359.128
356.969
354.871
352.833
350.856
348.94
347.084
345.287
343.548
341.865
340.239
338.667
337.147
335.679
334.262
332.892
331.569
330.292
329.058
327.867
326.717
325.607
324.535
323.5
322.501
321.537
320.606
319.707
318.84
318.002
317.194
316.415
315.663
314.937
314.238
313.563
312.913
312.286
311.682
311.101
310.541
310.002
309.483
308.985
308.505
308.045
307.603
307.179
306.772
306.382
306.009
305.652
305.31
304.984
304.673
304.376
304.093
303.824
303.568
303.325
303.094
302.875
302.669
302.473
302.288
302.114
301.95
301.796
301.651
301.515
301.388
301.27
301.159
301.056
300.96
300.871
300.789
300.713
300.643
300.579
300.519
300.465
300.416
300.37
300.329
300.292
300.258
300.228
300.2
300.176
300.154
300.134
300.117
300.101
300.087
300.075
300.065
300.055
300.047
300.04
300.034
300.029
300.024
300.02
300.017
300.014
300.011
300.009
300.008
300.006
300.005
300.004
300.003
300.003
300.002
300.002
300.001
300.001
300.001
300
300
300
300
300
300
300
300
370.926
373.34
375.726
378.06
380.315
382.468
384.491
386.362
388.055
389.549
390.821
391.852
392.625
393.123
393.335
393.252
392.872
392.198
391.241
390.019
388.554
386.878
385.023
383.023
380.911
378.716
376.466
374.183
371.886
369.591
367.311
365.057
362.839
360.662
358.53
356.447
354.414
352.435
350.508
348.636
346.819
345.056
343.347
341.691
340.088
338.536
337.034
335.582
334.178
332.82
331.508
330.239
329.014
327.83
326.685
325.58
324.513
323.481
322.485
321.524
320.595
319.698
318.832
317.996
317.189
316.411
315.659
314.934
314.235
313.561
312.911
312.284
311.681
311.099
310.539
310
309.482
308.983
308.504
308.044
307.602
307.177
306.771
306.381
306.008
305.651
305.309
304.983
304.672
304.375
304.093
303.823
303.568
303.325
303.094
302.875
302.669
302.473
302.288
302.114
301.95
301.796
301.651
301.516
301.389
301.27
301.159
301.056
300.961
300.872
300.789
300.713
300.643
300.579
300.52
300.465
300.416
300.371
300.33
300.292
300.259
300.228
300.201
300.176
300.154
300.134
300.117
300.101
300.088
300.075
300.065
300.055
300.047
300.04
300.034
300.029
300.024
300.02
300.017
300.014
300.011
300.009
300.008
300.006
300.005
300.004
300.003
300.003
300.002
300.002
300.001
300.001
300.001
300
300
300
300
300
300
300
300
367.437
369.589
371.718
373.803
375.826
377.764
379.598
381.305
382.866
384.261
385.471
386.477
387.265
387.821
388.132
388.193
387.998
387.549
386.851
385.917
384.761
383.405
381.872
380.187
378.376
376.464
374.474
372.428
370.345
368.24
366.129
364.023
361.932
359.866
357.833
355.836
353.879
351.966
350.099
348.278
346.506
344.783
343.109
341.485
339.908
338.38
336.9
335.466
334.078
332.734
331.434
330.176
328.96
327.784
326.646
325.547
324.484
323.458
322.465
321.506
320.58
319.686
318.821
317.987
317.181
316.404
315.653
314.929
314.23
313.556
312.907
312.28
311.677
311.096
310.536
309.997
309.479
308.98
308.501
308.041
307.599
307.174
306.768
306.378
306.005
305.648
305.307
304.981
304.67
304.374
304.091
303.822
303.566
303.323
303.093
302.874
302.668
302.472
302.288
302.114
301.95
301.796
301.651
301.515
301.388
301.27
301.159
301.056
300.96
300.872
300.789
300.713
300.643
300.579
300.52
300.466
300.416
300.371
300.33
300.292
300.259
300.228
300.201
300.176
300.154
300.134
300.117
300.101
300.088
300.075
300.065
300.055
300.047
300.04
300.034
300.029
300.024
300.02
300.017
300.014
300.011
300.009
300.008
300.006
300.005
300.004
300.003
300.003
300.002
300.002
300.001
300.001
300.001
300
300
300
300
300
300
300
300
364.015
365.935
367.835
369.7
371.513
373.258
374.918
376.474
377.909
379.207
380.352
381.327
382.119
382.716
383.107
383.284
383.243
382.983
382.505
381.817
380.929
379.854
378.608
377.21
375.68
374.037
372.301
370.491
368.624
366.717
364.784
362.838
360.89
358.949
357.025
355.125
353.254
351.417
349.617
347.856
346.136
344.459
342.826
341.237
339.693
338.193
336.737
335.325
333.955
332.628
331.343
330.097
328.892
327.725
326.596
325.504
324.447
323.426
322.438
321.483
320.559
319.667
318.806
317.973
317.169
316.393
315.643
314.92
314.222
313.548
312.899
312.273
311.67
311.089
310.529
309.991
309.472
308.974
308.495
308.035
307.593
307.169
306.763
306.373
306
305.644
305.303
304.977
304.666
304.37
304.088
303.819
303.563
303.32
303.09
302.872
302.665
302.47
302.286
302.112
301.948
301.794
301.65
301.514
301.387
301.269
301.158
301.055
300.96
300.871
300.789
300.713
300.643
300.579
300.52
300.465
300.416
300.371
300.33
300.292
300.259
300.228
300.201
300.176
300.154
300.134
300.117
300.101
300.088
300.075
300.065
300.055
300.047
300.04
300.034
300.029
300.024
300.02
300.017
300.014
300.012
300.009
300.008
300.006
300.005
300.004
300.003
300.003
300.002
300.002
300.001
300.001
300.001
300
300
300
300
300
300
300
300
360.662
362.376
364.074
365.743
367.369
368.939
370.44
371.857
373.174
374.379
375.457
376.395
377.181
377.804
378.254
378.523
378.607
378.503
378.209
377.73
377.071
376.241
375.249
374.11
372.837
371.447
369.954
368.374
366.724
365.018
363.27
361.492
359.696
357.893
356.092
354.301
352.526
350.774
349.049
347.356
345.696
344.072
342.486
340.939
339.431
337.964
336.537
335.15
333.803
332.495
331.226
329.996
328.804
327.648
326.529
325.445
324.396
323.381
322.398
321.448
320.529
319.64
318.781
317.951
317.149
316.374
315.626
314.904
314.207
313.535
312.886
312.261
311.658
311.077
310.518
309.98
309.462
308.964
308.485
308.025
307.584
307.16
306.754
306.365
305.993
305.636
305.296
304.97
304.66
304.364
304.082
303.813
303.558
303.316
303.086
302.868
302.661
302.466
302.282
302.109
301.945
301.791
301.647
301.512
301.385
301.267
301.157
301.054
300.958
300.87
300.788
300.712
300.642
300.578
300.519
300.465
300.415
300.37
300.329
300.292
300.258
300.228
300.201
300.176
300.154
300.134
300.117
300.101
300.088
300.075
300.065
300.055
300.047
300.04
300.034
300.029
300.024
300.02
300.017
300.014
300.012
300.009
300.008
300.006
300.005
300.004
300.003
300.003
300.002
300.002
300.001
300.001
300.001
300
300
300
300
300
300
300
300
357.381
358.913
360.431
361.924
363.383
364.797
366.154
367.442
368.65
369.765
370.776
371.673
372.443
373.078
373.569
373.908
374.09
374.112
373.97
373.666
373.201
372.581
371.813
370.904
369.865
368.707
367.442
366.084
364.646
363.14
361.579
359.975
358.339
356.683
355.015
353.343
351.676
350.021
348.382
346.764
345.171
343.608
342.076
340.577
339.112
337.682
336.288
334.931
333.61
332.325
331.077
329.865
328.688
327.546
326.439
325.366
324.325
323.318
322.342
321.398
320.484
319.6
318.744
317.917
317.118
316.346
315.6
314.879
314.184
313.513
312.865
312.241
311.639
311.059
310.501
309.963
309.445
308.948
308.47
308.011
307.57
307.147
306.741
306.353
305.981
305.625
305.285
304.96
304.65
304.354
304.073
303.805
303.55
303.308
303.079
302.861
302.655
302.46
302.277
302.103
301.94
301.787
301.643
301.508
301.382
301.264
301.154
301.051
300.956
300.868
300.786
300.71
300.641
300.577
300.518
300.464
300.414
300.369
300.329
300.291
300.258
300.227
300.2
300.176
300.154
300.134
300.117
300.101
300.087
300.075
300.065
300.055
300.047
300.04
300.034
300.029
300.024
300.02
300.017
300.014
300.012
300.009
300.008
300.006
300.005
300.004
300.003
300.003
300.002
300.002
300.001
300.001
300.001
300
300
300
300
300
300
300
300
354.173
355.543
356.9
358.238
359.547
360.82
362.046
363.217
364.322
365.352
366.297
367.147
367.895
368.53
369.046
369.435
369.692
369.812
369.792
369.632
369.33
368.889
368.313
367.606
366.776
365.83
364.777
363.628
362.393
361.082
359.707
358.279
356.808
355.303
353.776
352.233
350.683
349.134
347.591
346.06
344.545
343.051
341.58
340.135
338.719
337.333
335.978
334.655
333.365
332.107
330.883
329.692
328.534
327.409
326.317
325.256
324.227
323.23
322.263
321.326
320.418
319.54
318.69
317.867
317.072
316.303
315.559
314.841
314.148
313.479
312.833
312.21
311.61
311.031
310.474
309.937
309.421
308.925
308.448
307.989
307.549
307.127
306.723
306.335
305.964
305.609
305.269
304.945
304.636
304.341
304.06
303.793
303.539
303.297
303.068
302.851
302.646
302.452
302.269
302.096
301.934
301.781
301.637
301.503
301.377
301.259
301.15
301.048
300.953
300.865
300.783
300.708
300.638
300.575
300.516
300.462
300.413
300.368
300.327
300.29
300.257
300.227
300.2
300.175
300.153
300.134
300.116
300.101
300.087
300.075
300.065
300.055
300.047
300.04
300.034
300.029
300.024
300.02
300.017
300.014
300.011
300.009
300.008
300.006
300.005
300.004
300.003
300.003
300.002
300.002
300.001
300.001
300.001
300
300
300
300
300
300
300
300
351.038
352.263
353.477
354.676
355.851
356.996
358.104
359.167
360.176
361.125
362.004
362.807
363.524
364.15
364.677
365.098
365.409
365.605
365.681
365.635
365.467
365.176
364.763
364.232
363.585
362.828
361.969
361.013
359.969
358.845
357.652
356.397
355.091
353.742
352.36
350.953
349.528
348.094
346.655
345.22
343.791
342.375
340.975
339.594
338.234
336.899
335.589
334.307
333.053
331.828
330.632
329.466
328.331
327.226
326.152
325.107
324.092
323.107
322.151
321.224
320.325
319.454
318.611
317.794
317.004
316.239
315.5
314.786
314.096
313.43
312.787
312.166
311.568
310.991
310.436
309.901
309.387
308.892
308.416
307.959
307.521
307.1
306.696
306.31
305.94
305.586
305.248
304.925
304.616
304.322
304.042
303.776
303.523
303.282
303.054
302.838
302.634
302.441
302.258
302.086
301.924
301.772
301.629
301.495
301.37
301.253
301.144
301.042
300.948
300.86
300.779
300.704
300.635
300.572
300.513
300.46
300.411
300.366
300.326
300.289
300.256
300.226
300.199
300.174
300.153
300.133
300.116
300.1
300.087
300.075
300.064
300.055
300.047
300.04
300.034
300.028
300.024
300.02
300.017
300.014
300.011
300.009
300.008
300.006
300.005
300.004
300.003
300.003
300.002
300.002
300.001
300.001
300.001
300
300
300
300
300
300
300
300
347.974
349.069
350.155
351.229
352.283
353.314
354.314
355.277
356.198
357.069
357.884
358.636
359.319
359.927
360.453
360.892
361.239
361.488
361.637
361.683
361.621
361.453
361.177
360.794
360.306
359.716
359.028
358.248
357.38
356.432
355.412
354.326
353.182
351.989
350.755
349.487
348.192
346.879
345.553
344.221
342.888
341.559
340.237
338.928
337.633
336.357
335.1
333.865
332.654
331.467
330.306
329.172
328.064
326.984
325.931
324.906
323.909
322.94
321.998
321.083
320.195
319.334
318.5
317.691
316.908
316.15
315.416
314.707
314.022
313.36
312.721
312.104
311.509
310.936
310.383
309.851
309.339
308.846
308.373
307.918
307.481
307.062
306.661
306.276
305.907
305.555
305.218
304.897
304.59
304.297
304.019
303.754
303.502
303.263
303.036
302.821
302.617
302.425
302.244
302.073
301.912
301.761
301.619
301.486
301.361
301.245
301.136
301.035
300.942
300.855
300.774
300.7
300.631
300.568
300.51
300.457
300.408
300.364
300.324
300.287
300.254
300.224
300.197
300.173
300.152
300.132
300.115
300.1
300.086
300.074
300.064
300.055
300.047
300.04
300.034
300.028
300.024
300.02
300.017
300.014
300.011
300.009
300.008
300.006
300.005
300.004
300.003
300.003
300.002
300.002
300.001
300.001
300.001
300
300
300
300
300
300
300
300
344.976
345.955
346.926
347.887
348.833
349.759
350.661
351.533
352.37
353.167
353.919
354.62
355.265
355.847
356.363
356.807
357.175
357.461
357.663
357.776
357.799
357.729
357.564
357.305
356.951
356.505
355.968
355.344
354.636
353.85
352.991
352.064
351.077
350.037
348.949
347.821
346.66
345.473
344.265
343.043
341.812
340.577
339.343
338.114
336.893
335.683
334.487
333.308
332.147
331.005
329.886
328.788
327.714
326.665
325.639
324.639
323.664
322.714
321.79
320.891
320.018
319.17
318.347
317.549
316.775
316.026
315.301
314.599
313.92
313.264
312.63
312.019
311.428
310.859
310.311
309.782
309.274
308.784
308.314
307.862
307.428
307.012
306.613
306.23
305.864
305.514
305.18
304.86
304.555
304.264
303.988
303.724
303.474
303.237
303.011
302.798
302.596
302.405
302.225
302.056
301.896
301.746
301.605
301.473
301.349
301.234
301.126
301.026
300.933
300.847
300.767
300.693
300.625
300.563
300.505
300.453
300.405
300.361
300.321
300.285
300.252
300.222
300.196
300.172
300.15
300.131
300.114
300.099
300.086
300.074
300.063
300.054
300.046
300.039
300.033
300.028
300.024
300.02
300.016
300.014
300.011
300.009
300.008
300.006
300.005
300.004
300.003
300.002
300.002
300.001
300.001
300.001
300.001
300
300
300
300
300
300
300
300
342.039
342.913
343.781
344.641
345.488
346.319
347.13
347.918
348.677
349.404
350.094
350.743
351.346
351.899
352.397
352.836
353.211
353.519
353.756
353.919
354.004
354.01
353.934
353.776
353.534
353.209
352.801
352.313
351.748
351.107
350.395
349.617
348.778
347.883
346.938
345.948
344.92
343.86
342.774
341.667
340.544
339.41
338.27
337.128
335.988
334.853
333.726
332.61
331.507
330.419
329.348
328.295
327.261
326.248
325.256
324.286
323.339
322.414
321.512
320.634
319.78
318.949
318.141
317.357
316.596
315.859
315.144
314.452
313.782
313.134
312.508
311.903
311.32
310.756
310.214
309.69
309.187
308.702
308.236
307.788
307.358
306.945
306.55
306.171
305.808
305.461
305.129
304.812
304.51
304.222
303.948
303.687
303.439
303.203
302.98
302.769
302.569
302.38
302.202
302.034
301.875
301.727
301.587
301.457
301.335
301.22
301.114
301.015
300.923
300.838
300.759
300.686
300.618
300.556
300.5
300.448
300.4
300.357
300.317
300.281
300.249
300.22
300.193
300.17
300.149
300.13
300.113
300.098
300.085
300.073
300.063
300.054
300.046
300.039
300.033
300.028
300.023
300.02
300.016
300.014
300.011
300.009
300.007
300.006
300.005
300.004
300.003
300.002
300.002
300.001
300.001
300.001
300.001
300
300
300
300
300
300
300
300
339.158
339.937
340.711
341.478
342.235
342.98
343.708
344.417
345.103
345.764
346.394
346.991
347.55
348.069
348.542
348.967
349.34
349.657
349.915
350.11
350.241
350.303
350.296
350.217
350.065
349.84
349.542
349.17
348.727
348.215
347.635
346.992
346.289
345.531
344.721
343.864
342.967
342.033
341.069
340.078
339.066
338.038
336.998
335.95
334.898
333.845
332.795
331.75
330.713
329.686
328.671
327.67
326.684
325.714
324.763
323.83
322.916
322.022
321.149
320.297
319.466
318.657
317.869
317.103
316.359
315.637
314.936
314.257
313.599
312.962
312.346
311.751
311.176
310.621
310.086
309.57
309.073
308.594
308.134
307.692
307.267
306.86
306.469
306.094
305.736
305.393
305.065
304.752
304.453
304.168
303.897
303.639
303.394
303.162
302.941
302.732
302.535
302.348
302.172
302.006
301.85
301.703
301.566
301.437
301.316
301.203
301.098
301.001
300.91
300.826
300.748
300.676
300.61
300.549
300.493
300.441
300.394
300.352
300.313
300.277
300.245
300.217
300.191
300.167
300.146
300.128
300.111
300.096
300.083
300.072
300.062
300.053
300.045
300.038
300.033
300.027
300.023
300.019
300.016
300.013
300.011
300.009
300.007
300.006
300.005
300.004
300.003
300.002
300.002
300.001
300.001
300.001
300.001
300
300
300
300
300
300
300
300
336.324
337.016
337.705
338.389
339.064
339.728
340.38
341.016
341.634
342.23
342.802
343.347
343.862
344.343
344.788
345.192
345.554
345.87
346.136
346.351
346.511
346.613
346.656
346.638
346.558
346.413
346.203
345.929
345.591
345.189
344.725
344.202
343.622
342.989
342.305
341.574
340.801
339.99
339.145
338.271
337.371
336.451
335.514
334.565
333.606
332.641
331.674
330.707
329.743
328.784
327.833
326.891
325.961
325.043
324.139
323.25
322.377
321.521
320.683
319.862
319.061
318.279
317.516
316.773
316.05
315.348
314.665
314.003
313.361
312.738
312.136
311.553
310.99
310.446
309.921
309.414
308.926
308.456
308.004
307.569
307.151
306.75
306.366
305.997
305.644
305.306
304.984
304.675
304.381
304.101
303.834
303.58
303.339
303.11
302.893
302.687
302.493
302.309
302.136
301.972
301.819
301.674
301.539
301.412
301.294
301.183
301.08
300.983
300.894
300.811
300.735
300.664
300.599
300.539
300.484
300.434
300.387
300.345
300.307
300.273
300.241
300.213
300.187
300.164
300.144
300.126
300.109
300.095
300.082
300.071
300.061
300.052
300.044
300.038
300.032
300.027
300.023
300.019
300.016
300.013
300.011
300.009
300.007
300.006
300.005
300.004
300.003
300.002
300.002
300.001
300.001
300.001
300.001
300
300
300
300
300
300
300
300
333.531
334.145
334.756
335.362
335.962
336.553
337.133
337.701
338.254
338.79
339.306
339.8
340.269
340.711
341.123
341.502
341.846
342.152
342.418
342.64
342.816
342.945
343.023
343.05
343.023
342.94
342.802
342.607
342.355
342.047
341.683
341.265
340.794
340.272
339.703
339.088
338.432
337.737
337.007
336.246
335.457
334.645
333.813
332.964
332.102
331.23
330.351
329.467
328.583
327.699
326.818
325.943
325.075
324.215
323.366
322.528
321.703
320.892
320.095
319.314
318.548
317.799
317.068
316.354
315.657
314.979
314.32
313.679
313.057
312.453
311.868
311.301
310.753
310.223
309.711
309.217
308.74
308.281
307.839
307.414
307.005
306.613
306.236
305.875
305.53
305.199
304.883
304.581
304.292
304.018
303.756
303.507
303.271
303.046
302.833
302.632
302.441
302.261
302.091
301.931
301.781
301.639
301.507
301.382
301.266
301.158
301.057
300.962
300.875
300.794
300.719
300.65
300.586
300.527
300.474
300.424
300.379
300.338
300.301
300.267
300.236
300.208
300.183
300.161
300.141
300.123
300.107
300.093
300.08
300.069
300.059
300.051
300.043
300.037
300.031
300.026
300.022
300.019
300.015
300.013
300.011
300.009
300.007
300.006
300.005
300.004
300.003
300.002
300.002
300.001
300.001
300.001
300.001
300
300
300
300
300
300
300
300
330.773
331.315
331.854
332.39
332.92
333.443
333.957
334.461
334.953
335.431
335.893
336.337
336.761
337.163
337.54
337.89
338.211
338.501
338.757
338.978
339.161
339.304
339.405
339.462
339.473
339.438
339.355
339.223
339.042
338.811
338.53
338.202
337.825
337.402
336.935
336.425
335.875
335.288
334.667
334.014
333.333
332.626
331.897
331.149
330.384
329.607
328.819
328.024
327.223
326.42
325.615
324.813
324.013
323.219
322.431
321.651
320.88
320.12
319.372
318.636
317.913
317.204
316.51
315.831
315.167
314.52
313.888
313.274
312.676
312.096
311.532
310.986
310.456
309.944
309.449
308.97
308.509
308.063
307.634
307.221
306.824
306.443
306.077
305.725
305.389
305.067
304.759
304.464
304.184
303.916
303.661
303.418
303.188
302.969
302.761
302.565
302.379
302.203
302.038
301.882
301.735
301.597
301.468
301.347
301.233
301.128
301.029
300.937
300.852
300.773
300.7
300.633
300.571
300.514
300.461
300.413
300.369
300.329
300.293
300.26
300.23
300.203
300.179
300.157
300.137
300.12
300.104
300.09
300.078
300.067
300.058
300.05
300.042
300.036
300.03
300.026
300.022
300.018
300.015
300.013
300.01
300.008
300.007
300.006
300.005
300.004
300.003
300.002
300.002
300.001
300.001
300.001
300
300
300
300
300
300
300
300
300
328.048
328.523
328.997
329.467
329.932
330.392
330.845
331.29
331.724
332.147
332.557
332.953
333.332
333.692
334.033
334.351
334.646
334.915
335.157
335.369
335.55
335.698
335.811
335.887
335.925
335.924
335.882
335.798
335.673
335.504
335.293
335.039
334.743
334.405
334.027
333.611
333.157
332.668
332.147
331.595
331.014
330.409
329.78
329.13
328.463
327.78
327.085
326.379
325.665
324.945
324.221
323.495
322.77
322.046
321.325
320.609
319.899
319.197
318.503
317.819
317.145
316.483
315.832
315.194
314.569
313.957
313.36
312.777
312.21
311.657
311.12
310.598
310.093
309.602
309.127
308.668
308.225
307.797
307.384
306.986
306.604
306.236
305.882
305.543
305.218
304.907
304.609
304.324
304.052
303.793
303.546
303.312
303.088
302.876
302.675
302.485
302.305
302.135
301.974
301.823
301.681
301.547
301.422
301.304
301.195
301.092
300.997
300.908
300.826
300.749
300.678
300.613
300.553
300.497
300.447
300.4
300.358
300.319
300.283
300.252
300.223
300.196
300.173
300.152
300.133
300.116
300.101
300.088
300.076
300.065
300.056
300.048
300.041
300.035
300.03
300.025
300.021
300.018
300.015
300.012
300.01
300.008
300.007
300.005
300.004
300.003
300.003
300.002
300.002
300.001
300.001
300.001
300
300
300
300
300
300
300
300
300
325.356
325.77
326.182
326.592
326.998
327.399
327.795
328.183
328.564
328.935
329.295
329.644
329.978
330.298
330.602
330.888
331.154
331.399
331.622
331.82
331.993
332.138
332.255
332.341
332.395
332.417
332.405
332.358
332.275
332.156
332
331.807
331.578
331.313
331.012
330.677
330.308
329.908
329.477
329.017
328.53
328.019
327.484
326.929
326.356
325.766
325.161
324.545
323.918
323.283
322.642
321.997
321.348
320.699
320.049
319.402
318.758
318.119
317.485
316.858
316.238
315.628
315.026
314.435
313.854
313.285
312.727
312.182
311.65
311.13
310.625
310.133
309.655
309.191
308.741
308.305
307.884
307.476
307.083
306.704
306.339
305.987
305.649
305.325
305.014
304.716
304.43
304.157
303.896
303.648
303.411
303.185
302.97
302.767
302.574
302.391
302.217
302.054
301.899
301.754
301.617
301.489
301.368
301.255
301.15
301.051
300.959
300.874
300.794
300.721
300.653
300.59
300.532
300.479
300.43
300.385
300.344
300.307
300.273
300.242
300.214
300.189
300.166
300.146
300.128
300.112
300.097
300.084
300.073
300.063
300.054
300.046
300.039
300.034
300.028
300.024
300.02
300.017
300.014
300.012
300.01
300.008
300.006
300.005
300.004
300.003
300.003
300.002
300.002
300.001
300.001
300.001
300
300
300
300
300
300
300
300
300
322.702
323.06
323.416
323.77
324.12
324.467
324.809
325.146
325.475
325.797
326.111
326.414
326.706
326.987
327.253
327.506
327.742
327.961
328.162
328.343
328.503
328.641
328.755
328.844
328.907
328.943
328.951
328.93
328.879
328.798
328.686
328.543
328.369
328.164
327.928
327.663
327.368
327.044
326.693
326.317
325.915
325.49
325.044
324.577
324.092
323.591
323.074
322.545
322.004
321.454
320.895
320.33
319.761
319.188
318.613
318.037
317.462
316.889
316.32
315.754
315.194
314.639
314.092
313.553
313.022
312.499
311.987
311.484
310.992
310.511
310.042
309.584
309.138
308.705
308.284
307.876
307.481
307.098
306.728
306.371
306.026
305.695
305.375
305.068
304.774
304.491
304.22
303.961
303.713
303.477
303.252
303.037
302.833
302.639
302.455
302.281
302.116
301.96
301.813
301.674
301.543
301.421
301.306
301.198
301.097
301.003
300.916
300.834
300.758
300.688
300.623
300.563
300.508
300.457
300.41
300.367
300.328
300.293
300.26
300.231
300.205
300.18
300.159
300.139
300.122
300.107
300.093
300.08
300.07
300.06
300.052
300.044
300.038
300.032
300.027
300.023
300.019
300.016
300.013
300.011
300.009
300.008
300.006
300.005
300.004
300.003
300.003
300.002
300.001
300.001
300.001
300.001
300
300
300
300
300
300
300
300
300
320.098
320.404
320.708
321.01
321.31
321.606
321.899
322.186
322.469
322.745
323.013
323.274
323.526
323.768
323.999
324.218
324.425
324.617
324.794
324.956
325.1
325.226
325.333
325.42
325.486
325.529
325.55
325.547
325.519
325.467
325.389
325.285
325.156
325
324.819
324.612
324.38
324.123
323.842
323.538
323.212
322.866
322.499
322.113
321.711
321.292
320.859
320.412
319.954
319.485
319.007
318.522
318.031
317.534
317.034
316.531
316.027
315.523
315.02
314.519
314.021
313.526
313.037
312.553
312.075
311.604
311.141
310.685
310.238
309.8
309.371
308.952
308.543
308.145
307.757
307.38
307.015
306.66
306.317
305.985
305.665
305.356
305.058
304.771
304.496
304.231
303.978
303.735
303.502
303.28
303.069
302.867
302.675
302.492
302.319
302.155
301.999
301.852
301.713
301.582
301.459
301.343
301.235
301.133
301.038
300.949
300.866
300.789
300.717
300.651
300.589
300.533
300.48
300.432
300.388
300.348
300.311
300.277
300.247
300.219
300.194
300.171
300.15
300.132
300.116
300.101
300.088
300.076
300.066
300.057
300.049
300.042
300.036
300.03
300.026
300.022
300.018
300.015
300.013
300.011
300.009
300.007
300.006
300.005
300.004
300.003
300.002
300.002
300.001
300.001
300.001
300.001
300
300
300
300
300
300
300
300
300
317.562
317.82
318.076
318.331
318.584
318.833
319.08
319.323
319.561
319.794
320.022
320.243
320.456
320.662
320.859
321.046
321.223
321.388
321.542
321.683
321.81
321.922
322.019
322.1
322.164
322.21
322.238
322.246
322.235
322.204
322.152
322.079
321.984
321.869
321.731
321.573
321.393
321.193
320.972
320.732
320.472
320.194
319.898
319.586
319.258
318.915
318.558
318.188
317.807
317.416
317.015
316.606
316.19
315.768
315.342
314.911
314.478
314.043
313.607
313.172
312.737
312.305
311.875
311.449
311.027
310.61
310.199
309.793
309.394
309.002
308.618
308.241
307.873
307.513
307.162
306.82
306.487
306.165
305.851
305.548
305.255
304.971
304.698
304.434
304.18
303.936
303.702
303.478
303.263
303.057
302.861
302.674
302.496
302.326
302.165
302.012
301.867
301.73
301.601
301.479
301.364
301.256
301.155
301.06
300.971
300.888
300.81
300.738
300.671
300.609
300.552
300.499
300.45
300.405
300.364
300.326
300.291
300.26
300.231
300.205
300.181
300.16
300.141
300.124
300.108
300.095
300.082
300.071
300.062
300.053
300.046
300.039
300.033
300.028
300.024
300.02
300.017
300.014
300.012
300.01
300.008
300.007
300.005
300.004
300.003
300.003
300.002
300.002
300.001
300.001
300.001
300
300
300
300
300
300
300
300
300
300
315.117
315.331
315.543
315.755
315.965
316.172
316.377
316.578
316.776
316.97
317.159
317.343
317.521
317.693
317.858
318.015
318.164
318.304
318.434
318.554
318.663
318.761
318.847
318.919
318.978
319.023
319.054
319.069
319.069
319.052
319.019
318.969
318.902
318.818
318.717
318.598
318.462
318.308
318.138
317.952
317.749
317.53
317.296
317.048
316.786
316.51
316.222
315.923
315.612
315.292
314.963
314.626
314.281
313.93
313.574
313.213
312.848
312.48
312.111
311.74
311.369
310.999
310.629
310.262
309.897
309.535
309.177
308.824
308.475
308.131
307.793
307.461
307.136
306.817
306.505
306.201
305.905
305.616
305.336
305.063
304.8
304.544
304.298
304.059
303.83
303.609
303.396
303.192
302.997
302.809
302.63
302.459
302.297
302.141
301.994
301.854
301.721
301.595
301.477
301.365
301.259
301.16
301.066
300.979
300.897
300.82
300.749
300.682
300.621
300.563
300.51
300.461
300.416
300.375
300.336
300.301
300.27
300.24
300.214
300.19
300.168
300.148
300.131
300.115
300.1
300.088
300.076
300.066
300.057
300.049
300.042
300.036
300.031
300.026
300.022
300.019
300.016
300.013
300.011
300.009
300.007
300.006
300.005
300.004
300.003
300.003
300.002
300.002
300.001
300.001
300.001
300
300
300
300
300
300
300
300
300
300
312.789
312.964
313.138
313.31
313.481
313.65
313.817
313.982
314.143
314.302
314.456
314.606
314.752
314.893
315.028
315.157
315.28
315.396
315.504
315.604
315.696
315.778
315.852
315.915
315.967
316.009
316.039
316.058
316.064
316.057
316.038
316.006
315.96
315.9
315.827
315.74
315.639
315.524
315.395
315.253
315.098
314.93
314.749
314.556
314.351
314.134
313.907
313.67
313.423
313.166
312.902
312.63
312.351
312.065
311.774
311.478
311.178
310.875
310.569
310.26
309.951
309.641
309.33
309.02
308.712
308.405
308.1
307.798
307.5
307.205
306.915
306.629
306.347
306.071
305.801
305.536
305.277
305.024
304.778
304.539
304.307
304.082
303.863
303.653
303.449
303.252
303.063
302.881
302.707
302.539
302.379
302.226
302.08
301.94
301.807
301.681
301.562
301.448
301.341
301.24
301.144
301.054
300.97
300.891
300.816
300.747
300.682
300.622
300.566
300.514
300.465
300.421
300.38
300.342
300.307
300.275
300.246
300.219
300.195
300.173
300.153
300.135
300.119
300.105
300.092
300.08
300.07
300.061
300.052
300.045
300.039
300.033
300.028
300.024
300.02
300.017
300.014
300.012
300.01
300.008
300.007
300.006
300.005
300.004
300.003
300.002
300.002
300.001
300.001
300.001
300
300
300
300
300
300
300
300
300
300
300
310.611
310.75
310.889
311.027
311.164
311.299
311.433
311.564
311.693
311.82
311.943
312.064
312.181
312.293
312.402
312.506
312.605
312.698
312.786
312.868
312.943
313.011
313.072
313.125
313.171
313.208
313.236
313.255
313.264
313.265
313.255
313.235
313.204
313.164
313.112
313.05
312.977
312.893
312.798
312.693
312.577
312.45
312.313
312.167
312.01
311.844
311.669
311.485
311.293
311.093
310.886
310.671
310.451
310.224
309.992
309.756
309.515
309.271
309.023
308.773
308.521
308.267
308.013
307.758
307.504
307.25
306.997
306.746
306.496
306.25
306.006
305.765
305.528
305.294
305.065
304.839
304.619
304.403
304.193
303.987
303.787
303.593
303.405
303.222
303.045
302.874
302.71
302.551
302.399
302.252
302.112
301.977
301.848
301.726
301.609
301.497
301.392
301.291
301.196
301.107
301.022
300.942
300.867
300.797
300.73
300.669
300.611
300.557
300.507
300.46
300.417
300.377
300.341
300.307
300.276
300.247
300.221
300.197
300.175
300.156
300.138
300.122
300.107
300.094
300.083
300.072
300.063
300.054
300.047
300.041
300.035
300.03
300.026
300.022
300.018
300.015
300.013
300.011
300.009
300.007
300.006
300.005
300.004
300.003
300.003
300.002
300.002
300.001
300.001
300.001
300
300
300
300
300
300
300
300
300
300
300
308.611
308.72
308.829
308.936
309.043
309.149
309.253
309.356
309.457
309.556
309.653
309.747
309.838
309.927
310.012
310.094
310.172
310.245
310.315
310.38
310.44
310.495
310.544
310.588
310.625
310.657
310.681
310.7
310.711
310.714
310.711
310.7
310.681
310.654
310.619
310.575
310.524
310.464
310.396
310.32
310.236
310.143
310.042
309.933
309.817
309.693
309.561
309.422
309.277
309.125
308.966
308.802
308.632
308.457
308.278
308.094
307.905
307.714
307.519
307.322
307.122
306.92
306.717
306.513
306.309
306.104
305.9
305.696
305.494
305.293
305.093
304.896
304.701
304.508
304.319
304.132
303.949
303.77
303.594
303.422
303.255
303.092
302.933
302.779
302.629
302.484
302.344
302.209
302.079
301.954
301.834
301.719
301.608
301.503
301.402
301.306
301.215
301.128
301.046
300.968
300.894
300.825
300.76
300.698
300.641
300.587
300.536
300.489
300.446
300.405
300.367
300.332
300.3
300.27
300.243
300.218
300.195
300.174
300.155
300.138
300.122
300.108
300.095
300.083
300.073
300.064
300.055
300.048
300.042
300.036
300.031
300.026
300.023
300.019
300.016
300.014
300.011
300.01
300.008
300.007
300.005
300.004
300.004
300.003
300.002
300.002
300.001
300.001
300.001
300
300
300
300
300
300
300
300
300
300
300
300
306.817
306.9
306.983
307.065
307.146
307.227
307.306
307.385
307.462
307.537
307.611
307.683
307.752
307.82
307.885
307.948
308.008
308.065
308.118
308.168
308.215
308.258
308.297
308.331
308.362
308.387
308.408
308.424
308.435
308.441
308.441
308.436
308.424
308.407
308.385
308.356
308.321
308.279
308.232
308.178
308.119
308.053
307.98
307.902
307.818
307.728
307.632
307.53
307.423
307.31
307.193
307.07
306.944
306.812
306.677
306.538
306.395
306.249
306.1
305.949
305.795
305.64
305.482
305.324
305.164
305.004
304.844
304.684
304.524
304.364
304.206
304.049
303.893
303.739
303.587
303.437
303.289
303.144
303.002
302.862
302.726
302.592
302.462
302.336
302.213
302.094
301.978
301.866
301.759
301.654
301.554
301.458
301.366
301.278
301.193
301.112
301.036
300.962
300.893
300.827
300.765
300.706
300.651
300.599
300.55
300.504
300.461
300.421
300.383
300.348
300.316
300.286
300.258
300.233
300.209
300.188
300.168
300.15
300.134
300.119
300.105
300.093
300.082
300.072
300.063
300.055
300.048
300.042
300.036
300.031
300.027
300.023
300.02
300.017
300.014
300.012
300.01
300.008
300.007
300.006
300.005
300.004
300.003
300.002
300.002
300.001
300.001
300.001
300.001
300
300
300
300
300
300
300
300
300
300
300
300
305.249
305.311
305.372
305.433
305.493
305.553
305.612
305.67
305.727
305.783
305.838
305.891
305.943
305.993
306.042
306.088
306.133
306.175
306.215
306.253
306.288
306.321
306.351
306.377
306.401
306.421
306.438
306.451
306.461
306.467
306.47
306.468
306.462
306.452
306.438
306.419
306.396
306.369
306.337
306.3
306.259
306.214
306.163
306.109
306.05
305.986
305.918
305.846
305.769
305.689
305.604
305.516
305.424
305.329
305.23
305.128
305.023
304.915
304.805
304.693
304.578
304.462
304.344
304.225
304.105
303.983
303.862
303.739
303.617
303.495
303.373
303.252
303.131
303.012
302.893
302.776
302.661
302.547
302.435
302.325
302.218
302.112
302.009
301.909
301.81
301.715
301.623
301.533
301.446
301.362
301.281
301.203
301.129
301.057
300.988
300.922
300.859
300.799
300.743
300.688
300.637
300.589
300.543
300.5
300.459
300.421
300.386
300.352
300.321
300.292
300.265
300.24
300.217
300.196
300.176
300.158
300.142
300.127
300.113
300.1
300.089
300.079
300.069
300.061
300.053
300.047
300.041
300.035
300.031
300.026
300.023
300.019
300.016
300.014
300.012
300.01
300.008
300.007
300.006
300.005
300.004
300.003
300.002
300.002
300.001
300.001
300.001
300.001
300
300
300
300
300
300
300
300
300
300
300
300
300
303.919
303.964
304.008
304.052
304.095
304.138
304.18
304.222
304.263
304.303
304.343
304.381
304.418
304.455
304.489
304.523
304.555
304.586
304.615
304.643
304.669
304.693
304.714
304.734
304.752
304.768
304.781
304.791
304.8
304.805
304.808
304.809
304.806
304.801
304.792
304.781
304.766
304.749
304.728
304.704
304.677
304.647
304.613
304.576
304.536
304.493
304.446
304.397
304.344
304.288
304.23
304.168
304.104
304.037
303.967
303.895
303.82
303.744
303.665
303.584
303.502
303.418
303.332
303.246
303.158
303.069
302.98
302.89
302.8
302.709
302.619
302.528
302.438
302.349
302.26
302.172
302.084
301.998
301.913
301.83
301.748
301.667
301.588
301.511
301.435
301.361
301.29
301.22
301.153
301.087
301.024
300.963
300.904
300.848
300.794
300.742
300.692
300.644
300.599
300.556
300.515
300.477
300.44
300.406
300.373
300.342
300.314
300.287
300.262
300.238
300.217
300.196
300.178
300.16
300.144
300.13
300.116
300.104
300.093
300.082
300.073
300.065
300.057
300.05
300.044
300.038
300.033
300.029
300.025
300.022
300.019
300.016
300.014
300.011
300.01
300.008
300.007
300.006
300.005
300.004
300.003
300.002
300.002
300.001
300.001
300.001
300.001
300
300
300
300
300
300
300
300
300
300
300
300
299.999
299.999
302.829
302.86
302.891
302.922
302.952
302.982
303.011
303.04
303.068
303.096
303.124
303.15
303.176
303.202
303.226
303.25
303.272
303.294
303.314
303.334
303.352
303.369
303.384
303.399
303.412
303.423
303.433
303.441
303.447
303.452
303.455
303.456
303.456
303.453
303.449
303.442
303.433
303.423
303.41
303.395
303.378
303.358
303.336
303.313
303.286
303.258
303.227
303.195
303.16
303.122
303.083
303.042
302.998
302.953
302.906
302.856
302.805
302.753
302.699
302.643
302.586
302.527
302.468
302.407
302.346
302.283
302.22
302.156
302.092
302.028
301.963
301.898
301.833
301.769
301.704
301.64
301.577
301.514
301.452
301.39
301.33
301.271
301.212
301.155
301.099
301.044
300.991
300.938
300.888
300.839
300.791
300.745
300.7
300.658
300.616
300.577
300.539
300.503
300.468
300.435
300.403
300.374
300.345
300.319
300.293
300.27
300.247
300.226
300.207
300.188
300.171
300.155
300.141
300.127
300.115
300.103
300.092
300.083
300.074
300.066
300.058
300.052
300.045
300.04
300.035
300.031
300.027
300.023
300.02
300.017
300.015
300.013
300.011
300.009
300.008
300.006
300.005
300.004
300.004
300.003
300.002
300.002
300.001
300.001
300.001
300.001
300
300
300
300
300
300
300
300
300
300
299.999
299.999
299.999
299.999
299.999
301.97
301.991
302.012
302.032
302.052
302.072
302.092
302.112
302.131
302.149
302.168
302.186
302.203
302.22
302.237
302.252
302.268
302.282
302.296
302.309
302.322
302.333
302.344
302.354
302.363
302.371
302.378
302.384
302.389
302.393
302.395
302.397
302.397
302.396
302.394
302.39
302.386
302.379
302.372
302.363
302.352
302.34
302.327
302.312
302.296
302.278
302.259
302.238
302.215
302.191
302.166
302.139
302.111
302.082
302.051
302.019
301.985
301.951
301.915
301.878
301.84
301.801
301.761
301.72
301.678
301.636
301.593
301.55
301.506
301.462
301.417
301.373
301.328
301.283
301.238
301.194
301.149
301.105
301.062
301.018
300.976
300.933
300.892
300.851
300.811
300.772
300.733
300.696
300.659
300.624
300.589
300.556
300.524
300.492
300.462
300.433
300.405
300.378
300.353
300.328
300.305
300.283
300.262
300.242
300.223
300.205
300.188
300.173
300.158
300.144
300.131
300.119
300.108
300.098
300.088
300.079
300.071
300.064
300.057
300.051
300.045
300.04
300.035
300.031
300.027
300.024
300.021
300.018
300.016
300.013
300.011
300.01
300.008
300.007
300.006
300.005
300.004
300.003
300.003
300.002
300.002
300.001
300.001
300.001
300
300
300
300
300
300
300
300
300
300
299.999
299.999
299.999
299.999
299.999
299.999
299.999
301.324
301.337
301.351
301.364
301.377
301.39
301.403
301.415
301.428
301.44
301.452
301.463
301.475
301.486
301.496
301.507
301.517
301.526
301.535
301.544
301.552
301.56
301.567
301.574
301.58
301.585
301.59
301.594
301.598
301.601
301.603
301.604
301.605
301.605
301.604
301.602
301.6
301.596
301.592
301.587
301.581
301.574
301.566
301.557
301.547
301.536
301.525
301.512
301.498
301.484
301.468
301.451
301.434
301.415
301.396
301.376
301.355
301.333
301.31
301.286
301.262
301.237
301.211
301.185
301.158
301.131
301.103
301.074
301.045
301.016
300.987
300.957
300.928
300.898
300.868
300.838
300.808
300.779
300.749
300.72
300.691
300.662
300.633
300.605
300.578
300.551
300.524
300.498
300.473
300.448
300.424
300.401
300.378
300.356
300.335
300.314
300.294
300.275
300.257
300.24
300.223
300.207
300.192
300.178
300.164
300.151
300.139
300.127
300.117
300.107
300.097
300.088
300.08
300.073
300.066
300.059
300.053
300.048
300.042
300.038
300.034
300.03
300.026
300.023
300.02
300.018
300.015
300.013
300.012
300.01
300.009
300.007
300.006
300.005
300.004
300.004
300.003
300.002
300.002
300.001
300.001
300.001
300.001
300
300
300
300
300
300
300
300
300
300
299.999
299.999
299.999
299.999
299.999
299.999
299.999
299.999
300.866
300.875
300.883
300.892
300.9
300.908
300.916
300.924
300.932
300.94
300.947
300.954
300.962
300.969
300.975
300.982
300.988
300.994
301
301.006
301.011
301.016
301.021
301.025
301.029
301.033
301.036
301.039
301.041
301.043
301.045
301.046
301.047
301.047
301.047
301.046
301.045
301.043
301.041
301.038
301.035
301.031
301.027
301.021
301.016
301.01
301.003
300.995
300.987
300.978
300.969
300.959
300.949
300.937
300.926
300.913
300.9
300.887
300.873
300.858
300.843
300.828
300.812
300.795
300.778
300.761
300.743
300.725
300.707
300.688
300.67
300.651
300.631
300.612
300.593
300.573
300.554
300.534
300.515
300.496
300.477
300.457
300.439
300.42
300.402
300.383
300.366
300.348
300.331
300.314
300.298
300.282
300.266
300.251
300.237
300.223
300.209
300.196
300.183
300.171
300.159
300.148
300.138
300.127
300.118
300.109
300.1
300.092
300.084
300.077
300.07
300.064
300.058
300.053
300.048
300.043
300.039
300.035
300.031
300.028
300.025
300.022
300.019
300.017
300.015
300.013
300.011
300.01
300.008
300.007
300.006
300.005
300.004
300.004
300.003
300.003
300.002
300.002
300.001
300.001
300.001
300
300
300
300
300
300
300
300
300
300
299.999
299.999
299.999
299.999
299.999
299.999
299.999
299.999
299.999
299.999
300.574
300.579
300.584
300.59
300.595
300.6
300.605
300.61
300.615
300.62
300.625
300.63
300.634
300.639
300.643
300.648
300.652
300.656
300.659
300.663
300.667
300.67
300.673
300.676
300.679
300.681
300.683
300.685
300.687
300.688
300.69
300.691
300.691
300.692
300.692
300.692
300.691
300.69
300.689
300.688
300.686
300.684
300.681
300.678
300.675
300.671
300.667
300.663
300.658
300.653
300.647
300.641
300.635
300.628
300.621
300.613
300.605
300.597
300.588
300.579
300.57
300.56
300.55
300.539
300.529
300.518
300.507
300.495
300.483
300.471
300.459
300.447
300.435
300.422
300.409
300.397
300.384
300.371
300.358
300.346
300.333
300.32
300.307
300.295
300.282
300.27
300.258
300.246
300.235
300.223
300.212
300.201
300.19
300.18
300.17
300.16
300.15
300.141
300.132
300.124
300.115
300.107
300.1
300.093
300.086
300.079
300.073
300.067
300.062
300.057
300.052
300.047
300.043
300.039
300.035
300.032
300.029
300.026
300.023
300.021
300.018
300.016
300.014
300.013
300.011
300.01
300.008
300.007
300.006
300.005
300.005
300.004
300.003
300.003
300.002
300.002
300.001
300.001
300.001
300.001
300
300
300
300
300
300
300
300
300
299.999
299.999
299.999
299.999
299.999
299.999
299.999
299.999
299.999
299.999
299.999
299.999
300.427
300.431
300.435
300.439
300.443
300.447
300.45
300.454
300.458
300.461
300.465
300.468
300.472
300.475
300.478
300.481
300.484
300.487
300.49
300.493
300.495
300.498
300.5
300.502
300.504
300.506
300.508
300.509
300.511
300.512
300.513
300.514
300.515
300.515
300.515
300.515
300.515
300.515
300.514
300.513
300.512
300.511
300.509
300.507
300.505
300.502
300.5
300.497
300.493
300.49
300.486
300.482
300.477
300.472
300.467
300.462
300.456
300.451
300.444
300.438
300.431
300.424
300.417
300.41
300.402
300.394
300.386
300.378
300.369
300.361
300.352
300.343
300.334
300.325
300.315
300.306
300.297
300.287
300.278
300.268
300.259
300.249
300.24
300.23
300.221
300.211
300.202
300.193
300.184
300.176
300.167
300.159
300.15
300.142
300.134
300.127
300.119
300.112
300.105
300.099
300.092
300.086
300.08
300.074
300.069
300.064
300.059
300.054
300.05
300.046
300.042
300.038
300.035
300.032
300.029
300.026
300.023
300.021
300.019
300.017
300.015
300.013
300.012
300.01
300.009
300.008
300.007
300.006
300.005
300.004
300.004
300.003
300.003
300.002
300.002
300.001
300.001
300.001
300.001
300
300
300
300
300
300
300
300
300
299.999
299.999
299.999
299.999
299.999
299.999
299.999
299.999
299.999
299.999
299.999
299.999
299.999
300
300
300
300
300
300
300
300
300
300
300
300
300
300
300
300
300
300
300
300
300
300
300
300
300
300
300
300
300
300
300
300
300
300
300
300
300
300
300
300
300
300
300
300
300
300
300
300
300
300
300
300
300
300
300
300
300
300
300
300
300
300
300
300
300
300
300
300
300
300
300
300
300
300
300
300
300
300
300
300
300
300
300
300
300
300
300
300
300
300
300
300
300
300
300
300
300
300
300
300
300
300
300
300
300
300
300
300
300
300
300
300
300
300
300
300
300
300
300
300
300
300
300
300
300
300
300
300
300
300
300
300
300
300
300
300
300
300
300
300
300
300
300
300
300
300
300
300
300
300
300
300
300
300
300
300
300
300
300
300
300
300
300
300
300
300
300
300
300
300
300
300
300
300
300
300
300
300
300
300
300
300
300
300
300
300
300
300
300
300
300
300
300
300
300
300
300
300
300
300
300
300
300
300
300
300
300
300
300
300
300
300
300
300
300
300
300
300
300
300
300
300
300
300
300
300
300
300
300
300
300
300
300
300
300
300
300
300
300
300
300
300
300
300
300
300
300
300
300
300
300
300
300
300
300
300
300
300
300
300
300
300
300
300
300
300
300
300
300
300
300
300
300
300
300
300
300
300
300
300
300
300
300
300
300
300
300
300
300
300
300
300
300
300
300
300
300
300
300
300
300
300
300
300
300
300
300
300
300
300
300
300
300
300
300
300
300
300
300
300
300
300
300
300
300
300
300
300
300
300
300
300
300
300
300
300
300
300
300
300
300
300
300
300
300
300
300
300
300
300
300
300
300
300
300
300
300
300
300
300
300
300
300
300
300
300
300
300
300
300
300
300
300
300
300
300
300
300
300
300
300
300
300
300
300
300
300
300
300
300
300
300
300
300
300
300
300
300
300
300
300
300
300
300
300
300
300
300
300
300
300
300
300
300
300
300
300
300
300
300
300
300
300
300
300
300
300
300
300
300
300
300
300
300
300
300
300
300
300
300
300
300
300
300
300
300
300
300
300
300
300
300
300
300
300
300
300
300
300
300
300
300
300
300
300
300
300
300
300
300
300
300
300
300
300
300
300
300
300
300
300
300
300
300
300
300
300
300
300
300
300
300
300
300
300
300
300
300
300
300
300
300
300
300
300
300
300
300
300
300
300
300
300
300
300
300
300
300
300
300
300
300
300
300
300
300
300
300
300
300
300
300
300
300
300
300
300
300
300
300
300
300
300
300
300
300
300
300
300
300
300
300
300
300
300
300
300
300
300
300
300
300
300
300
300
300
300
300
300
300
300
300
300
300
300
300
300
300
300
300
300
300
300
300
300
300
300
300
300
300
300
300
300
300
300
300
300
300
300
300
300
300
300
300
300
300
300
300
300
300
300
300
300
300
300
300
300
300
300
300
300
300
300
300
300
300
300
300
300
300
300
300
300
300
300
300
300
300
300
300
300
300
300
300
300
300
300
300
300
300
300
300
300
300
300
300
300
300
300
300
300
300
300
300
300
300
300
300
300
300
300
300
300
300
300
300
300
300
300
300
300
300
300
300
300
300
300
300
300
300
300
300
300
300
300
300
300
300
300
300
300
300
300
300
300
300
300
300
300
300
300
300
300
300
300
300
300
300
300
300
300
300
300
300
300
300
300
300
300
300
300
300
300
300
300
300
300
300
300
300
300
300
300
300
300
300
300
300
300
300
300
300
300
300
300
300
300
300
300
300
300
300
300
300
300
300
300
300
300
300
300
300
300
300
300
300
300
300
300
300
300
300
300
300
300
300
300
300
300
300
300
300
300
300
300
300
300
300
300
300
300
300
300
300
300
300
300
300
300
300
300
300
300
300
300
300
300
300
300
300
300
300
300
300
300
300
300
300
300
300
300
300
300
300
300
300
300
300
300
300
300
300
300
300
300
300
300
300
300
300
300
300
300
300
300
300
300
300
300
300
300
300
300
300
300
300
300
300
300
300
300
300
300
300
300
300
300
300
300
300
300
300
300
300
300
300
300
300
300
300
300
300
300
300
300
300
300
300
300
300
300
300
300
300
300
300
300
300
300
300
300
300
300
300
300
300
300
300
300
300
300
300
300
300
300
300
300
300
300
300
300
300
300
300
300
300
300
300
300
300
300
300
300
300
300
300
300
300
300
300
300
300
300
300
300
300
300
300
300
300
300
300
300
300
300
300
300
300
300
300
300
300
300
300
300
300
300
300
300
300
300
300
300
300
300
300
300
300
300
300
300
300
300
300
300
300
300
300
300
300
300
300
300
300
300
300
300
300
300
300
300
300
300
300
300
300
300
300
300
300
300
300
300
300
300
300
300
300
300
300
300
300
300
300
300
300
300
300
300
300
300
300
300
300
300
300
300
300
300
300
300
300
300
300
300
300
300
300
300
300
300
300
300
300
300
300
300
300
300
300
300
300
300
300
300
300
300
300
300
300
300
300
300
300
300
300
300
300
300
300
300
300
300
300
300
300
300
300
300
300
300
300
300
300
300
300
300
300
300
300
300
300
300
300
300
300
300
300
300
300
300
300
300
300
300
300
300
300
300
300
300
300
300
300
300
300
300
300
300
300
300
300
300
300
300
300
300
300
300
300
300
300
300
300
300
300
300
300
300
300
300
300
300
300
300
300
300
300
300
300
300
300
300
300
300
300
300
300
300
300
300
300
300
300
300
300
300
300
300
300
300
300
300
300
300
300
300
300
300
300
300
300
300
300
300
300
300
300
300
300
300
300
300
300
300
300
300
300
300
300
300
300
300
300
300
300
300
300
300
300
300
300
300
300
300
300
300
300
300
300
300
300
300
300
300
300
300
300
300
300
300
300
300
300
300
300
300
300
300
300
300
300
300
300
300
300
300
300
300
300
300
300
300
300
300
300
300
300
300
300
300
300
300
300
300
300
300
300
300
300
300
300
300
300
300
300
300
300
300
300
300
300
300
300
300
300
300
300
300
300
300
300
300
300
300
300
300
300
300
300
300
300
300
300
300
300
300
300
300
300
300
300
300
300
300
300
300
300
300
300
300
300
300
300
300
300
300
300
300
300
300
300
300
300
300
300
300
300
300
300
300
300
300
300
300
300
300
300
300
300
300
300
300
300
300
300
300
300
300
300
300
300
300
300
300
300
300
300
300
300
300
300
300
300
300
300
300
300
300
300
300
300
300
300
300
300
300
300
300
300
300
300
300
300
300
300
300
300
300
300
300
300
300
300
300
300
300
300
300
300
300
300
300
300
300
300
300
300
300
300
300
300
300
300
300
300
300
300
300
300
300
300
300
300
300
300
300
300
300
300
300
300
300
300
300
300
300
300
300
300
300
300
300
300
300
300
300
300
300
300
300
300
300
300
300
300
300
300
300
300
300
300
300
300
300
300
300
300
300
300
300
300
300
300
300
300
300
300
300
300
300
300
300
300
300
300
300
300
300
300
300
300
300
300
300
300
300
300
300
300
300
300
300
300
300
300
300
300
300
300
300
300
300
300
300
300
300
300
300
300
300
300
300
300
300
300
300
300
300
300
300
300
300
300
300
300
300
300
300
300
300
300
300
300
300
300
300
300
300
300
300
300
300
300
300
300
300
300
300
300
300
300
300
300
300
300
300
300
300
300
300
300
300
300
300
300
300
300
300
300
300
300
300
300
300
300
300
300
300
300
300
300
300
300
300
300
300
300
300
300
300
300
300
300
299.999
299.999
299.999
299.999
299.999
299.999
299.999
299.999
299.999
299.999
299.999
299.999
299.999
299.999
299.999
299.999
299.999
299.999
299.999
299.999
299.999
299.999
299.999
299.999
299.999
299.999
299.999
299.999
299.999
299.999
299.999
299.999
299.999
299.999
299.999
299.999
299.999
299.999
299.999
299.999
299.999
299.999
299.999
299.999
299.999
299.999
299.999
299.999
299.999
299.999
299.999
299.999
299.999
299.999
299.999
299.999
299.999
299.999
299.999
299.999
299.999
299.999
299.999
299.999
299.999
299.999
299.999
299.999
299.999
299.999
299.999
299.999
299.999
299.999
299.999
299.999
299.999
299.999
299.999
299.999
299.999
299.999
299.999
299.999
299.999
299.999
299.999
299.999
299.999
299.999
299.999
299.999
299.999
299.999
299.999
299.999
299.999
299.999
299.999
299.999
299.999
299.999
299.999
299.999
299.999
299.999
299.999
299.999
299.999
299.999
299.999
299.999
299.999
299.999
299.999
299.999
299.999
299.999
299.999
299.999
299.999
299.999
299.999
299.999
299.999
299.999
299.999
299.999
299.999
299.999
299.999
299.999
299.999
299.999
299.999
299.999
299.999
299.999
299.999
299.999
299.999
299.999
299.999
299.999
299.999
299.999
299.999
299.999
299.999
299.999
299.999
299.999
299.999
299.999
299.999
299.999
299.999
299.999
299.999
299.999
299.999
299.999
299.999
299.999
299.999
299.999
299.999
299.999
299.999
299.999
299.999
299.999
299.999
299.999
299.999
299.999
299.999
299.999
299.999
299.999
299.999
299.999
299.999
299.999
299.999
299.999
299.999
299.999
299.999
299.999
299.999
299.999
299.999
299.999
299.999
299.999
299.999
299.999
299.999
299.999
299.999
299.999
299.999
299.999
299.999
299.999
299.999
299.999
299.999
299.999
299.999
299.999
299.999
299.999
299.999
299.999
299.999
299.999
299.999
299.999
299.999
299.999
299.999
299.999
299.999
299.999
299.999
299.999
299.999
299.999
299.999
299.999
299.999
299.999
299.999
299.999
299.999
299.999
299.999
299.999
299.999
299.999
299.999
299.999
299.999
299.999
299.999
299.999
299.999
299.999
299.999
299.999
299.999
299.999
299.999
299.999
299.999
299.999
299.999
299.999
299.999
299.999
299.999
299.999
299.999
299.999
299.999
299.999
299.999
299.999
299.999
299.999
299.999
299.999
299.999
299.999
299.999
299.999
299.999
299.999
299.999
299.999
299.999
299.999
299.999
299.999
299.999
299.999
299.999
299.999
299.999
299.999
299.999
299.999
299.999
299.999
299.999
299.999
299.999
299.999
299.999
299.999
299.999
299.999
299.999
299.999
299.999
299.999
299.999
299.999
299.999
299.999
299.999
299.999
299.999
299.999
299.999
299.999
299.999
299.999
299.999
299.999
299.999
299.999
299.999
299.999
299.999
299.999
299.999
299.999
299.999
299.999
299.999
299.999
299.999
299.999
299.999
299.999
299.999
299.999
299.999
299.999
299.999
299.999
299.999
299.999
299.999
299.999
299.999
299.999
299.999
299.999
299.999
299.999
299.999
299.999
299.999
299.999
299.999
299.999
299.999
299.999
299.999
299.999
299.999
299.999
299.999
299.999
299.999
299.999
299.999
299.999
299.999
299.999
299.999
299.999
299.999
299.999
299.999
299.999
299.999
299.999
299.999
299.999
299.999
299.999
299.999
299.999
299.999
299.999
299.999
299.999
299.999
299.999
299.999
299.999
299.999
299.999
299.999
299.999
299.999
299.999
299.999
299.999
299.999
299.999
299.999
299.999
299.999
299.999
299.999
299.999
299.999
299.999
299.999
299.999
299.999
299.999
299.999
299.999
299.999
299.999
299.999
299.999
299.999
299.999
299.999
299.999
299.999
299.999
299.999
299.999
299.999
299.999
299.999
299.999
299.999
299.999
299.999
299.999
299.999
299.999
299.999
299.999
299.999
299.999
299.999
299.999
299.999
299.999
299.999
299.999
299.999
299.999
299.999
299.999
299.999
)
;

boundaryField
{
    inlet
    {
        type            fixedValue;
        value           uniform 300;
    }
    outlet
    {
        type            zeroGradient;
    }
    top
    {
        type            zeroGradient;
    }
    slip-bottom
    {
        type            zeroGradient;
    }
    bottom
    {
        type            zeroGradient;
    }
    interface
    {
        type            fixedGradient;
        gradient        nonuniform List<scalar> 
161
(
2999.99
2999.99
2999.99
2999.99
2999.99
2999.99
2999.99
2999.99
2999.99
2999.99
2999.99
2999.99
2999.99
2999.99
2999.99
2999.99
2999.99
2999.99
2999.99
2999.99
-8.2423e-13
-8.2423e-13
-8.2423e-13
-8.2423e-13
-8.2423e-13
-8.2423e-13
-8.2423e-13
-8.2423e-13
-8.2423e-13
-8.2423e-13
-8.2423e-13
-8.2423e-13
-8.2423e-13
-8.2423e-13
-8.2423e-13
-8.2423e-13
-8.2423e-13
-8.2423e-13
-8.2423e-13
-8.2423e-13
-4.26326e-13
-4.26326e-13
-4.26326e-13
-4.26326e-13
-4.26326e-13
-4.26326e-13
-4.26326e-13
-4.26326e-13
-4.26326e-13
-4.26326e-13
-4.26326e-13
-4.26326e-13
-4.26326e-13
-4.26326e-13
-4.26326e-13
-4.26326e-13
-1.42109e-13
-1.42109e-13
-1.42109e-13
-1.42109e-13
-1.42109e-13
-1.42109e-13
-1.42109e-13
-1.42109e-13
-1.42109e-13
-1.42109e-13
-1.42109e-13
-1.42109e-13
-1.42109e-13
-1.42109e-13
-1.42109e-13
5.68434e-14
5.68434e-14
5.68434e-14
5.68434e-14
5.68434e-14
5.68434e-14
5.68434e-14
5.68434e-14
5.68434e-14
5.68434e-14
5.68434e-14
5.68434e-14
8.52651e-14
8.52651e-14
8.52651e-14
8.52651e-14
8.52651e-14
8.52651e-14
8.52651e-14
8.52651e-14
8.52651e-14
8.52651e-14
8.52651e-14
-2.84217e-13
-2.84217e-13
-2.84217e-13
-2.84217e-13
-2.84217e-13
-2.84217e-13
-2.84217e-13
-2.84217e-13
-2.84217e-13
-2.84217e-13
1.13687e-12
1.13687e-12
1.13687e-12
1.13687e-12
1.13687e-12
1.13687e-12
1.13687e-12
1.13687e-12
1.13687e-12
1.84741e-12
1.84741e-12
1.84741e-12
1.84741e-12
1.84741e-12
1.84741e-12
1.84741e-12
1.84741e-12
1.23634e-12
1.23634e-12
1.23634e-12
1.23634e-12
1.23634e-12
1.23634e-12
1.23634e-12
1.23634e-12
1.19371e-12
1.19371e-12
1.19371e-12
1.19371e-12
1.19371e-12
1.19371e-12
1.19371e-12
5.68434e-14
5.68434e-14
5.68434e-14
5.68434e-14
5.68434e-14
5.68434e-14
5.68434e-14
-6.6791e-13
-6.6791e-13
-6.6791e-13
-6.6791e-13
-6.6791e-13
-6.6791e-13
-4.83169e-13
-4.83169e-13
-4.83169e-13
-4.83169e-13
-4.83169e-13
-4.83169e-13
1.10845e-12
1.10845e-12
1.10845e-12
1.10845e-12
1.10845e-12
1.10845e-12
)
;
    }
    defaultFaces
    {
        type            empty;
    }
}


// ************************************************************************* //
