/*--------------------------------*- C++ -*----------------------------------*\
  =========                 |
  \\      /  F ield         | OpenFOAM: The Open Source CFD Toolbox
   \\    /   O peration     | Website:  https://openfoam.org
    \\  /    A nd           | Version:  7
     \\/     M anipulation  |
\*---------------------------------------------------------------------------*/
FoamFile
{
    version     2.0;
    format      ascii;
    class       volScalarField;
    location    "3.67";
    object      T;
}
// * * * * * * * * * * * * * * * * * * * * * * * * * * * * * * * * * * * * * //

dimensions      [0 0 0 1 0 0 0];

internalField   nonuniform List<scalar> 
12013
(
300.032
300.096
300.163
300.232
300.303
300.376
300.45
300.526
300.603
300.682
300.763
300.845
300.928
301.013
301.099
301.187
301.277
301.369
301.462
301.557
301.654
301.754
301.856
301.96
302.067
302.178
302.292
302.41
302.532
302.659
302.79
302.928
303.072
303.223
303.381
303.548
303.724
303.911
304.108
304.319
304.543
304.782
305.037
305.311
305.604
305.92
306.259
306.624
307.017
307.441
307.899
308.394
308.929
309.507
310.133
310.81
311.543
312.337
313.197
314.128
315.138
316.233
317.42
318.708
320.106
321.624
323.273
325.065
327.016
329.141
331.46
333.993
336.769
339.818
343.18
346.907
351.065
355.75
361.106
367.375
375.018
300.032
300.096
300.163
300.232
300.303
300.376
300.45
300.526
300.603
300.682
300.763
300.845
300.928
301.013
301.1
301.188
301.278
301.369
301.462
301.557
301.655
301.754
301.856
301.961
302.068
302.179
302.293
302.411
302.533
302.659
302.791
302.929
303.073
303.223
303.382
303.549
303.725
303.911
304.109
304.319
304.543
304.782
305.038
305.311
305.605
305.92
306.259
306.624
307.017
307.441
307.899
308.393
308.927
309.505
310.13
310.807
311.539
312.332
313.191
314.121
315.13
316.223
317.408
318.693
320.088
321.602
323.246
325.033
326.976
329.092
331.399
333.919
336.675
339.698
343.025
346.701
350.784
355.349
360.494
366.342
373.001
300.032
300.096
300.163
300.232
300.303
300.376
300.45
300.526
300.604
300.683
300.763
300.845
300.929
301.014
301.101
301.189
301.278
301.37
301.463
301.559
301.656
301.755
301.857
301.962
302.069
302.18
302.294
302.412
302.534
302.661
302.793
302.93
303.074
303.225
303.383
303.55
303.726
303.913
304.111
304.321
304.545
304.783
305.039
305.312
305.605
305.92
306.259
306.623
307.016
307.44
307.897
308.39
308.924
309.501
310.125
310.8
311.53
312.321
313.178
314.105
315.111
316.2
317.38
318.66
320.047
321.553
323.187
324.961
326.889
328.985
331.268
333.755
336.471
339.44
342.693
346.266
350.201
354.543
359.338
364.611
370.324
300.032
300.097
300.164
300.233
300.304
300.376
300.451
300.527
300.604
300.684
300.764
300.846
300.93
301.015
301.102
301.19
301.28
301.372
301.465
301.56
301.658
301.757
301.859
301.964
302.072
302.182
302.297
302.414
302.537
302.663
302.795
302.933
303.077
303.228
303.386
303.553
303.729
303.915
304.113
304.323
304.547
304.785
305.041
305.314
305.607
305.921
306.259
306.623
307.015
307.438
307.894
308.386
308.918
309.493
310.115
310.788
311.516
312.303
313.156
314.079
315.079
316.161
317.334
318.604
319.981
321.472
323.089
324.843
326.746
328.811
331.054
333.491
336.142
339.027
342.17
345.593
349.322
353.376
357.762
362.46
367.397
300.032
300.097
300.164
300.233
300.304
300.377
300.451
300.528
300.605
300.685
300.765
300.848
300.932
301.017
301.104
301.192
301.282
301.374
301.467
301.563
301.66
301.76
301.862
301.967
302.075
302.186
302.3
302.418
302.54
302.667
302.799
302.937
303.081
303.232
303.39
303.557
303.733
303.919
304.117
304.326
304.55
304.788
305.043
305.316
305.608
305.922
306.259
306.622
307.013
307.434
307.889
308.38
308.91
309.482
310.101
310.771
311.494
312.277
313.124
314.041
315.032
316.105
317.267
318.523
319.883
321.355
322.948
324.673
326.539
328.56
330.748
333.117
335.68
338.455
341.454
344.691
348.176
351.911
355.882
360.054
364.362
300.032
300.097
300.164
300.233
300.305
300.378
300.452
300.529
300.607
300.686
300.767
300.85
300.934
301.019
301.106
301.195
301.285
301.377
301.471
301.567
301.664
301.764
301.867
301.972
302.08
302.191
302.305
302.423
302.546
302.673
302.805
302.942
303.086
303.237
303.396
303.562
303.738
303.924
304.122
304.331
304.554
304.792
305.047
305.319
305.61
305.923
306.259
306.621
307.011
307.43
307.883
308.371
308.898
309.467
310.082
310.747
311.465
312.241
313.081
313.988
314.969
316.029
317.175
318.413
319.751
321.196
322.758
324.443
326.263
328.227
330.344
332.626
335.082
337.722
340.553
343.581
346.803
350.213
353.788
357.495
361.28
300.032
300.097
300.165
300.234
300.306
300.379
300.454
300.53
300.609
300.688
300.769
300.852
300.937
301.022
301.11
301.199
301.289
301.381
301.475
301.571
301.669
301.77
301.872
301.978
302.086
302.197
302.312
302.43
302.553
302.68
302.812
302.95
303.094
303.245
303.403
303.57
303.745
303.931
304.128
304.338
304.56
304.798
305.051
305.323
305.613
305.925
306.26
306.62
307.007
307.424
307.874
308.359
308.883
309.447
310.057
310.715
311.426
312.194
313.023
313.919
314.885
315.929
317.055
318.269
319.579
320.991
322.512
324.15
325.912
327.805
329.838
332.017
334.349
336.837
339.484
342.289
345.245
348.339
351.549
354.844
358.186
300.032
300.098
300.165
300.235
300.307
300.38
300.455
300.532
300.611
300.691
300.772
300.856
300.94
301.026
301.114
301.203
301.294
301.387
301.481
301.578
301.676
301.777
301.88
301.985
302.094
302.205
302.32
302.439
302.562
302.689
302.821
302.959
303.103
303.254
303.412
303.579
303.755
303.94
304.137
304.346
304.568
304.805
305.057
305.327
305.617
305.927
306.26
306.618
307.003
307.417
307.863
308.344
308.863
309.422
310.025
310.675
311.377
312.134
312.951
313.831
314.78
315.803
316.904
318.09
319.365
320.736
322.209
323.789
325.483
327.295
329.23
331.294
333.488
335.813
338.267
340.847
343.541
346.337
349.213
352.146
355.105
300.032
300.098
300.166
300.236
300.308
300.382
300.458
300.535
300.614
300.694
300.776
300.86
300.945
301.031
301.12
301.209
301.301
301.394
301.489
301.586
301.684
301.785
301.889
301.995
302.104
302.216
302.331
302.45
302.573
302.7
302.833
302.971
303.115
303.266
303.424
303.591
303.766
303.952
304.148
304.356
304.578
304.813
305.065
305.334
305.621
305.93
306.261
306.616
306.997
307.408
307.85
308.326
308.838
309.39
309.985
310.626
311.316
312.06
312.861
313.723
314.65
315.648
316.72
317.871
319.105
320.429
321.845
323.359
324.975
326.696
328.525
330.463
332.511
334.667
336.927
339.284
341.728
344.246
346.821
349.432
352.057
300.032
300.099
300.167
300.237
300.31
300.384
300.46
300.538
300.617
300.698
300.781
300.865
300.951
301.038
301.127
301.217
301.309
301.403
301.498
301.595
301.695
301.796
301.9
302.007
302.116
302.229
302.344
302.464
302.587
302.715
302.848
302.986
303.13
303.281
303.439
303.606
303.781
303.966
304.162
304.369
304.59
304.824
305.074
305.342
305.627
305.933
306.261
306.613
306.991
307.397
307.833
308.303
308.808
309.351
309.936
310.565
311.242
311.97
312.752
313.592
314.494
315.462
316.5
317.611
318.799
320.068
321.421
322.861
324.391
326.013
327.728
329.535
331.433
333.419
335.487
337.63
339.839
342.101
344.403
346.728
349.059
300.033
300.099
300.168
300.239
300.312
300.387
300.464
300.542
300.622
300.704
300.787
300.872
300.958
301.046
301.135
301.226
301.319
301.413
301.51
301.608
301.708
301.81
301.915
302.022
302.132
302.245
302.361
302.481
302.604
302.733
302.866
303.004
303.149
303.3
303.458
303.624
303.799
303.983
304.178
304.385
304.604
304.838
305.086
305.351
305.635
305.938
306.262
306.61
306.983
307.384
307.814
308.276
308.772
309.305
309.878
310.493
311.154
311.863
312.623
313.438
314.311
315.245
316.244
317.309
318.445
319.654
320.937
322.298
323.737
325.255
326.851
328.524
330.272
332.09
333.973
335.914
337.903
339.932
341.987
344.057
346.128
300.033
300.1
300.169
300.241
300.315
300.39
300.468
300.547
300.627
300.71
300.794
300.88
300.967
301.055
301.146
301.238
301.331
301.427
301.524
301.623
301.724
301.827
301.932
302.04
302.151
302.264
302.381
302.501
302.626
302.755
302.888
303.027
303.171
303.322
303.48
303.646
303.821
304.005
304.199
304.405
304.623
304.854
305.101
305.364
305.644
305.944
306.264
306.607
306.975
307.369
307.791
308.244
308.73
309.251
309.81
310.409
311.051
311.739
312.474
313.261
314.101
314.997
315.952
316.967
318.046
319.189
320.399
321.675
323.019
324.43
325.906
327.446
329.046
330.702
332.409
334.16
335.947
337.762
339.596
341.438
343.279
300.033
300.101
300.171
300.243
300.318
300.394
300.472
300.552
300.634
300.718
300.803
300.889
300.977
301.067
301.159
301.252
301.346
301.443
301.541
301.641
301.743
301.847
301.953
302.062
302.174
302.288
302.406
302.527
302.652
302.781
302.915
303.054
303.199
303.35
303.508
303.673
303.847
304.031
304.224
304.428
304.645
304.875
305.119
305.379
305.656
305.952
306.267
306.605
306.966
307.352
307.766
308.208
308.682
309.19
309.733
310.313
310.934
311.597
312.305
313.06
313.863
314.718
315.625
316.587
317.605
318.679
319.811
321.001
322.247
323.55
324.907
326.316
327.774
329.276
330.817
332.391
333.993
335.615
337.249
338.888
340.524
300.034
300.102
300.173
300.246
300.322
300.399
300.478
300.559
300.642
300.727
300.813
300.901
300.99
301.081
301.174
301.268
301.364
301.462
301.561
301.662
301.766
301.871
301.979
302.089
302.201
302.317
302.435
302.557
302.683
302.813
302.947
303.087
303.232
303.383
303.541
303.706
303.88
304.062
304.254
304.457
304.672
304.9
305.141
305.398
305.671
305.962
306.272
306.603
306.957
307.334
307.737
308.168
308.629
309.121
309.646
310.206
310.803
311.44
312.117
312.837
313.601
314.411
315.268
316.173
317.127
318.13
319.182
320.284
321.434
322.63
323.871
325.153
326.475
327.832
329.218
330.631
332.064
333.511
334.966
336.423
337.877
300.034
300.104
300.176
300.25
300.326
300.405
300.485
300.568
300.652
300.738
300.825
300.915
301.006
301.098
301.192
301.288
301.386
301.485
301.586
301.689
301.793
301.9
302.009
302.12
302.234
302.351
302.471
302.594
302.72
302.851
302.986
303.126
303.272
303.423
303.581
303.746
303.919
304.1
304.291
304.492
304.705
304.93
305.168
305.421
305.69
305.975
306.279
306.603
306.948
307.316
307.708
308.126
308.571
309.045
309.551
310.088
310.66
311.267
311.912
312.594
313.317
314.079
314.884
315.73
316.619
317.55
318.522
319.537
320.591
321.683
322.812
323.975
325.168
326.389
327.634
328.898
330.177
331.467
332.761
334.057
335.349
300.035
300.105
300.179
300.254
300.332
300.412
300.494
300.578
300.663
300.751
300.84
300.931
301.024
301.118
301.214
301.312
301.411
301.512
301.615
301.72
301.826
301.935
302.045
302.158
302.274
302.392
302.513
302.637
302.765
302.897
303.033
303.173
303.319
303.471
303.628
303.793
303.965
304.146
304.335
304.535
304.745
304.967
305.202
305.451
305.714
305.994
306.291
306.606
306.942
307.298
307.678
308.081
308.51
308.966
309.45
309.963
310.507
311.083
311.693
312.336
313.015
313.729
314.479
315.266
316.089
316.948
317.842
318.771
319.732
320.725
321.748
322.798
323.872
324.968
326.082
327.211
328.351
329.499
330.65
331.801
332.949
300.035
300.107
300.182
300.259
300.338
300.42
300.504
300.589
300.677
300.767
300.858
300.951
301.046
301.142
301.241
301.34
301.442
301.545
301.65
301.757
301.866
301.976
302.089
302.204
302.321
302.441
302.564
302.689
302.818
302.951
303.088
303.23
303.376
303.528
303.686
303.85
304.021
304.201
304.389
304.586
304.794
305.013
305.244
305.488
305.745
306.018
306.308
306.614
306.939
307.284
307.65
308.037
308.448
308.884
309.345
309.832
310.348
310.891
311.465
312.068
312.702
313.367
314.063
314.79
315.547
316.336
317.153
318
318.873
319.772
320.695
321.639
322.603
323.584
324.58
325.586
326.602
327.622
328.645
329.667
330.686
300.036
300.11
300.186
300.265
300.346
300.43
300.516
300.603
300.693
300.785
300.879
300.974
301.072
301.171
301.272
301.374
301.478
301.584
301.692
301.801
301.912
302.025
302.14
302.258
302.377
302.499
302.624
302.751
302.882
303.016
303.154
303.297
303.444
303.596
303.754
303.918
304.089
304.267
304.453
304.649
304.853
305.069
305.295
305.534
305.786
306.051
306.332
306.629
306.943
307.275
307.626
307.997
308.389
308.803
309.24
309.701
310.186
310.697
311.233
311.795
312.384
313
313.642
314.31
315.005
315.725
316.469
317.237
318.027
318.838
319.668
320.515
321.378
322.255
323.142
324.039
324.941
325.848
326.757
327.665
328.57
300.037
300.113
300.191
300.272
300.355
300.441
300.53
300.62
300.712
300.807
300.904
301.002
301.102
301.205
301.308
301.414
301.521
301.63
301.741
301.853
301.967
302.083
302.201
302.321
302.443
302.568
302.695
302.824
302.957
303.093
303.233
303.376
303.524
303.677
303.835
303.999
304.169
304.346
304.531
304.724
304.926
305.137
305.359
305.592
305.837
306.095
306.367
306.654
306.956
307.274
307.609
307.963
308.335
308.727
309.14
309.573
310.028
310.505
311.004
311.526
312.07
312.637
313.227
313.839
314.473
315.127
315.802
316.496
317.208
317.938
318.682
319.441
320.212
320.993
321.784
322.581
323.383
324.189
324.995
325.801
326.605
300.038
300.116
300.197
300.28
300.366
300.455
300.546
300.639
300.735
300.833
300.933
301.035
301.139
301.244
301.352
301.461
301.572
301.685
301.799
301.915
302.033
302.152
302.274
302.397
302.522
302.649
302.779
302.911
303.046
303.185
303.326
303.471
303.62
303.774
303.932
304.096
304.266
304.442
304.625
304.815
305.014
305.221
305.438
305.666
305.904
306.154
306.416
306.692
306.981
307.286
307.605
307.941
308.293
308.663
309.05
309.456
309.88
310.324
310.786
311.268
311.769
312.289
312.829
313.387
313.962
314.556
315.165
315.791
316.432
317.086
317.752
318.43
319.118
319.814
320.517
321.225
321.938
322.653
323.369
324.084
324.798
300.039
300.12
300.204
300.29
300.379
300.471
300.566
300.663
300.762
300.864
300.967
301.073
301.181
301.291
301.403
301.517
301.632
301.749
301.868
301.988
302.11
302.234
302.359
302.486
302.615
302.746
302.879
303.014
303.152
303.293
303.437
303.583
303.734
303.889
304.048
304.212
304.381
304.556
304.737
304.925
305.121
305.324
305.536
305.758
305.989
306.231
306.483
306.748
307.025
307.315
307.618
307.936
308.268
308.615
308.977
309.356
309.75
310.161
310.588
311.031
311.491
311.966
312.458
312.965
313.486
314.022
314.572
315.135
315.709
316.295
316.891
317.495
318.108
318.727
319.352
319.982
320.614
321.249
321.885
322.52
323.153
300.041
300.125
300.211
300.301
300.394
300.49
300.588
300.69
300.793
300.9
301.008
301.119
301.232
301.347
301.464
301.582
301.703
301.825
301.949
302.074
302.201
302.33
302.46
302.591
302.725
302.86
302.997
303.136
303.277
303.421
303.568
303.717
303.869
304.026
304.186
304.35
304.519
304.693
304.873
305.059
305.251
305.451
305.658
305.873
306.097
306.331
306.574
306.827
307.091
307.367
307.654
307.954
308.266
308.591
308.929
309.281
309.647
310.026
310.419
310.825
311.245
311.679
312.126
312.585
313.057
313.54
314.035
314.54
315.054
315.578
316.11
316.649
317.195
317.746
318.301
318.86
319.422
319.985
320.549
321.113
321.676
300.043
300.13
300.221
300.315
300.412
300.512
300.615
300.722
300.83
300.942
301.056
301.173
301.291
301.412
301.535
301.66
301.786
301.915
302.045
302.176
302.309
302.443
302.579
302.716
302.855
302.995
303.136
303.28
303.425
303.573
303.723
303.875
304.03
304.188
304.35
304.515
304.684
304.858
305.036
305.22
305.41
305.605
305.808
306.017
306.234
306.46
306.693
306.936
307.187
307.449
307.72
308.003
308.295
308.599
308.914
309.241
309.578
309.928
310.288
310.661
311.044
311.439
311.844
312.26
312.685
313.121
313.565
314.018
314.479
314.947
315.421
315.902
316.388
316.878
317.371
317.868
318.367
318.867
319.368
319.869
320.369
300.045
300.137
300.232
300.331
300.433
300.538
300.647
300.759
300.874
300.992
301.112
301.236
301.361
301.489
301.619
301.751
301.885
302.02
302.157
302.296
302.436
302.577
302.719
302.863
303.008
303.154
303.301
303.45
303.601
303.753
303.907
304.062
304.221
304.381
304.545
304.711
304.881
305.055
305.233
305.415
305.602
305.794
305.992
306.196
306.407
306.624
306.848
307.08
307.32
307.568
307.825
308.09
308.365
308.648
308.941
309.244
309.556
309.877
310.208
310.548
310.898
311.257
311.624
312
312.384
312.776
313.175
313.581
313.994
314.412
314.836
315.264
315.697
316.133
316.572
317.013
317.457
317.901
318.346
318.792
319.236
300.047
300.144
300.245
300.349
300.457
300.569
300.684
300.803
300.925
301.051
301.179
301.31
301.444
301.58
301.718
301.859
302.001
302.145
302.29
302.437
302.585
302.735
302.885
303.036
303.189
303.342
303.496
303.651
303.808
303.965
304.124
304.285
304.447
304.611
304.777
304.945
305.117
305.291
305.469
305.65
305.835
306.024
306.218
306.417
306.622
306.832
307.047
307.27
307.498
307.734
307.976
308.226
308.483
308.748
309.021
309.301
309.589
309.885
310.188
310.499
310.818
311.144
311.477
311.817
312.164
312.517
312.875
313.24
313.609
313.983
314.362
314.744
315.13
315.518
315.909
316.302
316.697
317.092
317.488
317.884
318.28
300.05
300.153
300.26
300.371
300.486
300.605
300.728
300.855
300.986
301.12
301.257
301.397
301.541
301.686
301.835
301.985
302.138
302.292
302.447
302.604
302.762
302.921
303.081
303.241
303.402
303.564
303.726
303.889
304.053
304.217
304.382
304.548
304.715
304.883
305.053
305.224
305.398
305.573
305.751
305.932
306.116
306.303
306.494
306.689
306.888
307.091
307.299
307.512
307.731
307.955
308.184
308.42
308.661
308.909
309.163
309.423
309.689
309.961
310.24
310.525
310.816
311.113
311.415
311.723
312.036
312.354
312.677
313.005
313.336
313.671
314.01
314.352
314.696
315.043
315.391
315.742
316.093
316.445
316.798
317.15
317.503
300.054
300.163
300.278
300.396
300.52
300.647
300.78
300.916
301.056
301.201
301.349
301.5
301.655
301.812
301.972
302.135
302.299
302.465
302.632
302.801
302.971
303.141
303.312
303.483
303.654
303.826
303.998
304.17
304.342
304.514
304.686
304.859
305.032
305.206
305.38
305.556
305.732
305.91
306.089
306.271
306.454
306.64
306.828
307.02
307.214
307.412
307.613
307.819
308.028
308.242
308.46
308.682
308.91
309.142
309.379
309.62
309.867
310.119
310.375
310.637
310.903
311.174
311.449
311.729
312.012
312.3
312.591
312.886
313.184
313.485
313.789
314.095
314.403
314.713
315.024
315.337
315.65
315.964
316.279
316.593
316.908
300.058
300.176
300.299
300.426
300.559
300.697
300.84
300.988
301.14
301.296
301.457
301.622
301.79
301.961
302.135
302.311
302.489
302.669
302.851
303.033
303.217
303.4
303.584
303.768
303.952
304.136
304.319
304.502
304.684
304.865
305.047
305.227
305.408
305.588
305.769
305.949
306.13
306.311
306.493
306.676
306.86
307.045
307.232
307.421
307.612
307.805
308.001
308.2
308.401
308.606
308.814
309.025
309.24
309.458
309.68
309.906
310.136
310.369
310.606
310.847
311.091
311.339
311.59
311.845
312.103
312.363
312.627
312.893
313.162
313.433
313.706
313.981
314.257
314.535
314.814
315.094
315.374
315.655
315.937
316.218
316.498
300.062
300.19
300.323
300.462
300.606
300.756
300.911
301.072
301.238
301.409
301.585
301.765
301.948
302.136
302.326
302.519
302.714
302.911
303.109
303.308
303.507
303.707
303.906
304.105
304.304
304.501
304.698
304.893
305.087
305.28
305.472
305.663
305.852
306.041
306.228
306.415
306.601
306.787
306.972
307.158
307.343
307.53
307.716
307.904
308.093
308.283
308.474
308.668
308.863
309.06
309.259
309.461
309.665
309.871
310.08
310.292
310.507
310.724
310.944
311.166
311.392
311.62
311.85
312.083
312.318
312.555
312.795
313.036
313.28
313.525
313.771
314.019
314.268
314.517
314.768
315.019
315.271
315.523
315.774
316.026
316.277
300.068
300.207
300.352
300.503
300.66
300.824
300.995
301.171
301.353
301.541
301.735
301.933
302.136
302.342
302.552
302.764
302.979
303.196
303.413
303.632
303.85
304.069
304.286
304.503
304.719
304.933
305.145
305.355
305.563
305.77
305.974
306.176
306.376
306.574
306.77
306.965
307.158
307.35
307.54
307.73
307.918
308.106
308.294
308.482
308.669
308.857
309.046
309.235
309.425
309.616
309.808
310.002
310.197
310.393
310.591
310.791
310.993
311.196
311.401
311.608
311.817
312.028
312.24
312.454
312.67
312.887
313.105
313.325
313.546
313.769
313.992
314.216
314.441
314.666
314.892
315.118
315.345
315.571
315.797
316.023
316.248
300.074
300.226
300.385
300.551
300.724
300.905
301.093
301.287
301.489
301.697
301.912
302.131
302.356
302.585
302.818
303.054
303.292
303.532
303.773
304.014
304.255
304.496
304.735
304.972
305.208
305.441
305.671
305.899
306.124
306.346
306.565
306.78
306.993
307.202
307.409
307.613
307.814
308.013
308.21
308.405
308.598
308.789
308.979
309.168
309.355
309.543
309.729
309.916
310.102
310.288
310.475
310.662
310.849
311.037
311.226
311.416
311.607
311.798
311.991
312.184
312.379
312.575
312.771
312.969
313.168
313.367
313.568
313.769
313.971
314.174
314.377
314.58
314.784
314.989
315.193
315.397
315.601
315.805
316.009
316.212
316.414
300.082
300.249
300.425
300.608
300.799
300.999
301.207
301.424
301.649
301.881
302.12
302.365
302.616
302.872
303.132
303.396
303.661
303.929
304.197
304.465
304.732
304.999
305.263
305.524
305.783
306.039
306.291
306.539
306.782
307.022
307.258
307.489
307.716
307.939
308.158
308.373
308.584
308.792
308.996
309.198
309.396
309.592
309.785
309.976
310.165
310.353
310.539
310.724
310.908
311.09
311.273
311.454
311.636
311.817
311.998
312.179
312.361
312.542
312.724
312.906
313.089
313.272
313.455
313.639
313.823
314.007
314.192
314.377
314.563
314.748
314.934
315.12
315.305
315.491
315.676
315.861
316.046
316.23
316.414
316.597
316.779
300.091
300.276
300.47
300.674
300.886
301.109
301.342
301.584
301.835
302.096
302.364
302.64
302.922
303.21
303.502
303.798
304.096
304.396
304.696
304.995
305.294
305.59
305.883
306.173
306.459
306.74
307.016
307.287
307.553
307.813
308.068
308.317
308.561
308.799
309.032
309.26
309.482
309.7
309.913
310.123
310.328
310.529
310.727
310.921
311.113
311.302
311.488
311.673
311.855
312.036
312.215
312.393
312.569
312.745
312.92
313.094
313.267
313.44
313.613
313.785
313.957
314.129
314.301
314.472
314.644
314.815
314.986
315.157
315.328
315.499
315.669
315.839
316.009
316.178
316.347
316.515
316.682
316.849
317.014
317.179
317.343
300.101
300.307
300.523
300.75
300.988
301.237
301.498
301.771
302.054
302.347
302.65
302.962
303.281
303.606
303.936
304.27
304.606
304.944
305.281
305.618
305.952
306.282
306.609
306.931
307.247
307.558
307.862
308.159
308.45
308.733
309.01
309.279
309.541
309.796
310.045
310.286
310.522
310.751
310.975
311.192
311.405
311.613
311.816
312.015
312.21
312.401
312.589
312.774
312.956
313.135
313.312
313.487
313.659
313.83
314
314.168
314.335
314.501
314.665
314.829
314.992
315.154
315.316
315.477
315.637
315.797
315.956
316.114
316.272
316.43
316.586
316.742
316.897
317.052
317.205
317.358
317.509
317.66
317.81
317.958
318.106
300.112
300.343
300.584
300.838
301.105
301.385
301.68
301.987
302.307
302.64
302.984
303.337
303.699
304.069
304.443
304.822
305.203
305.584
305.965
306.343
306.718
307.088
307.453
307.811
308.162
308.506
308.841
309.168
309.485
309.794
310.094
310.385
310.668
310.941
311.206
311.464
311.713
311.954
312.189
312.416
312.637
312.852
313.062
313.265
313.464
313.658
313.848
314.034
314.215
314.394
314.569
314.742
314.911
315.079
315.244
315.407
315.568
315.727
315.885
316.041
316.196
316.349
316.502
316.653
316.803
316.952
317.1
317.248
317.394
317.539
317.682
317.825
317.967
318.107
318.247
318.385
318.522
318.658
318.792
318.926
319.058
300.126
300.383
300.654
300.938
301.239
301.555
301.887
302.236
302.6
302.978
303.369
303.772
304.184
304.605
305.031
305.461
305.893
306.325
306.755
307.181
307.603
308.017
308.425
308.823
309.213
309.592
309.961
310.319
310.666
311.002
311.327
311.642
311.945
312.238
312.521
312.794
313.057
313.311
313.557
313.794
314.024
314.246
314.461
314.67
314.873
315.07
315.262
315.448
315.63
315.808
315.982
316.153
316.319
316.483
316.644
316.802
316.958
317.111
317.262
317.411
317.558
317.704
317.847
317.99
318.13
318.269
318.407
318.543
318.677
318.81
318.942
319.072
319.2
319.328
319.453
319.578
319.701
319.822
319.943
320.062
320.179
300.14
300.428
300.731
301.051
301.389
301.746
302.122
302.518
302.931
303.362
303.808
304.268
304.739
305.218
305.703
306.192
306.682
307.171
307.656
308.136
308.609
309.072
309.525
309.968
310.398
310.815
311.219
311.61
311.988
312.352
312.702
313.04
313.364
313.676
313.976
314.264
314.541
314.808
315.064
315.31
315.547
315.776
315.996
316.209
316.415
316.614
316.808
316.995
317.177
317.354
317.526
317.694
317.857
318.017
318.174
318.327
318.477
318.624
318.768
318.91
319.049
319.186
319.321
319.454
319.585
319.713
319.84
319.964
320.087
320.208
320.327
320.444
320.56
320.674
320.786
320.897
321.006
321.114
321.22
321.324
321.427
300.156
300.477
300.815
301.173
301.552
301.955
302.38
302.829
303.299
303.79
304.298
304.822
305.359
305.904
306.455
307.01
307.564
308.116
308.662
309.199
309.726
310.241
310.742
311.229
311.7
312.156
312.595
313.017
313.424
313.814
314.188
314.546
314.889
315.217
315.531
315.832
316.12
316.396
316.66
316.913
317.155
317.388
317.612
317.828
318.035
318.235
318.428
318.614
318.795
318.969
319.139
319.303
319.462
319.617
319.768
319.915
320.059
320.199
320.335
320.469
320.6
320.727
320.852
320.974
321.094
321.211
321.326
321.438
321.549
321.657
321.763
321.867
321.97
322.07
322.169
322.266
322.362
322.455
322.548
322.638
322.727
300.172
300.526
300.9
301.298
301.721
302.172
302.651
303.157
303.69
304.246
304.824
305.42
306.028
306.645
307.267
307.89
308.51
309.125
309.732
310.326
310.907
311.471
312.019
312.548
313.058
313.548
314.018
314.469
314.899
315.311
315.703
316.078
316.435
316.775
317.1
317.409
317.703
317.984
318.252
318.508
318.753
318.987
319.21
319.425
319.631
319.829
320.018
320.201
320.377
320.547
320.711
320.869
321.022
321.17
321.314
321.453
321.588
321.719
321.846
321.969
322.089
322.206
322.32
322.431
322.539
322.644
322.747
322.847
322.945
323.041
323.135
323.226
323.316
323.404
323.49
323.574
323.656
323.736
323.815
323.892
323.968
300.187
300.571
300.978
301.413
301.878
302.376
302.908
303.474
304.071
304.693
305.338
306.001
306.679
307.365
308.056
308.746
309.432
310.108
310.771
311.419
312.048
312.656
313.243
313.807
314.347
314.864
315.356
315.825
316.272
316.696
317.099
317.481
317.844
318.188
318.515
318.825
319.12
319.399
319.665
319.919
320.16
320.39
320.609
320.819
321.019
321.21
321.394
321.57
321.739
321.901
322.057
322.208
322.352
322.492
322.626
322.756
322.881
323.003
323.12
323.234
323.343
323.45
323.553
323.654
323.751
323.846
323.938
324.028
324.115
324.2
324.283
324.363
324.442
324.518
324.593
324.665
324.736
324.805
324.873
324.938
325.003
300.196
300.601
301.031
301.492
301.987
302.521
303.095
303.705
304.347
305.019
305.716
306.435
307.169
307.913
308.66
309.405
310.141
310.864
311.57
312.256
312.917
313.554
314.163
314.745
315.3
315.827
316.328
316.802
317.251
317.676
318.078
318.458
318.817
319.158
319.479
319.784
320.073
320.347
320.606
320.853
321.087
321.311
321.523
321.726
321.919
322.104
322.28
322.449
322.611
322.767
322.916
323.059
323.196
323.329
323.456
323.579
323.697
323.812
323.922
324.028
324.131
324.231
324.327
324.421
324.511
324.599
324.684
324.766
324.846
324.924
324.999
325.073
325.144
325.213
325.281
325.346
325.41
325.471
325.532
325.59
325.647
385.204
393.157
399.837
405.651
410.803
415.403
419.515
423.173
426.394
429.181
431.522
433.397
434.773
435.601
435.818
435.332
434.015
431.671
427.967
422.246
412.858
406.486
401.591
397.573
394.142
391.137
388.457
386.033
383.815
381.767
379.861
378.075
376.391
374.794
373.272
371.815
370.413
369.06
367.749
366.474
365.231
364.015
362.823
361.651
360.496
359.357
358.23
357.114
356.007
354.909
353.817
352.731
351.651
350.574
349.502
348.434
347.37
346.308
345.25
344.195
343.143
342.095
341.049
340.007
338.968
337.933
336.902
335.876
334.856
333.841
332.834
331.835
330.844
329.864
328.895
327.938
326.995
326.066
325.154
324.259
323.383
322.526
321.69
320.876
320.084
319.316
318.573
317.854
317.16
316.493
315.851
315.236
314.647
314.085
313.548
313.037
312.551
312.091
311.654
311.241
310.851
310.483
310.137
309.81
309.503
309.214
308.943
308.688
308.449
308.224
308.012
307.812
307.624
307.447
307.279
307.119
306.968
306.823
306.685
306.552
306.424
306.3
306.18
306.063
305.948
305.836
305.725
305.616
305.508
305.4
305.293
305.185
305.078
304.97
304.862
304.754
304.644
304.534
304.424
304.312
304.199
304.086
303.971
303.856
303.74
303.624
303.507
303.389
303.271
303.153
303.034
302.916
302.798
302.681
302.564
302.447
302.332
302.218
302.105
301.995
301.887
380.453
387.367
393.579
399.15
404.162
408.675
412.732
416.355
419.555
422.332
424.673
426.556
427.95
428.808
429.069
428.65
427.441
425.284
421.962
417.205
410.968
405.565
401.047
397.21
393.881
390.94
388.303
385.909
383.714
381.684
379.792
378.017
376.342
374.752
373.236
371.783
370.386
369.036
367.728
366.456
365.215
364.001
362.811
361.64
360.487
359.349
358.223
357.108
356.002
354.904
353.813
352.727
351.647
350.571
349.499
348.431
347.367
346.306
345.248
344.193
343.141
342.092
341.047
340.005
338.966
337.931
336.9
335.874
334.854
333.839
332.832
331.832
330.842
329.861
328.892
327.935
326.992
326.063
325.151
324.256
323.379
322.522
321.686
320.872
320.081
319.313
318.569
317.85
317.157
316.49
315.848
315.233
314.644
314.082
313.545
313.034
312.549
312.088
311.652
311.239
310.849
310.482
310.135
309.809
309.502
309.213
308.942
308.687
308.448
308.223
308.011
307.812
307.624
307.446
307.278
307.119
306.968
306.823
306.685
306.552
306.424
306.3
306.18
306.063
305.949
305.837
305.726
305.617
305.508
305.401
305.293
305.186
305.079
304.971
304.863
304.755
304.645
304.535
304.425
304.313
304.2
304.087
303.972
303.857
303.741
303.625
303.508
303.39
303.272
303.154
303.035
302.917
302.799
302.681
302.564
302.448
302.333
302.219
302.106
301.995
301.887
376.347
382.265
387.847
393.018
397.766
402.102
406.037
409.577
412.724
415.471
417.802
419.695
421.118
422.029
422.375
422.086
421.077
419.246
416.486
412.751
408.256
403.891
399.944
396.435
393.309
390.502
387.958
385.632
383.487
381.496
379.635
377.884
376.229
374.656
373.154
371.713
370.326
368.985
367.684
366.418
365.182
363.973
362.786
361.619
360.468
359.332
358.208
357.095
355.991
354.894
353.804
352.719
351.64
350.565
349.494
348.426
347.362
346.301
345.244
344.189
343.138
342.089
341.043
340.001
338.962
337.927
336.897
335.87
334.85
333.835
332.827
331.828
330.837
329.856
328.886
327.929
326.985
326.057
325.144
324.249
323.372
322.515
321.679
320.865
320.073
319.305
318.562
317.843
317.15
316.483
315.842
315.227
314.638
314.076
313.539
313.029
312.544
312.084
311.648
311.235
310.846
310.478
310.132
309.806
309.499
309.211
308.94
308.686
308.447
308.222
308.01
307.811
307.624
307.446
307.278
307.119
306.968
306.824
306.685
306.553
306.425
306.301
306.182
306.065
305.95
305.838
305.728
305.618
305.51
305.402
305.295
305.188
305.081
304.973
304.865
304.757
304.648
304.538
304.427
304.315
304.202
304.089
303.975
303.86
303.744
303.627
303.51
303.392
303.274
303.156
303.038
302.919
302.801
302.683
302.566
302.45
302.335
302.22
302.108
301.997
301.888
372.492
377.597
382.552
387.259
391.669
395.758
399.513
402.925
405.983
408.674
410.98
412.877
414.335
415.317
415.777
415.663
414.915
413.478
411.314
408.46
405.104
401.643
398.32
395.23
392.389
389.782
387.383
385.165
383.103
381.177
379.367
377.659
376.038
374.493
373.015
371.594
370.224
368.897
367.609
366.354
365.127
363.925
362.745
361.584
360.438
359.306
358.186
357.076
355.974
354.88
353.791
352.708
351.63
350.556
349.486
348.419
347.356
346.296
345.239
344.184
343.133
342.085
341.039
339.997
338.958
337.923
336.892
335.865
334.844
333.829
332.821
331.82
330.829
329.848
328.878
327.92
326.976
326.047
325.134
324.238
323.361
322.504
321.668
320.853
320.062
319.294
318.55
317.832
317.139
316.472
315.831
315.216
314.628
314.066
313.53
313.02
312.536
312.076
311.641
311.229
310.84
310.473
310.127
309.802
309.496
309.208
308.937
308.683
308.445
308.22
308.009
307.811
307.623
307.446
307.279
307.12
306.969
306.825
306.687
306.555
306.427
306.304
306.184
306.067
305.953
305.841
305.731
305.622
305.513
305.406
305.299
305.192
305.085
304.977
304.869
304.761
304.652
304.542
304.431
304.319
304.207
304.093
303.979
303.864
303.748
303.631
303.514
303.396
303.278
303.16
303.042
302.923
302.805
302.687
302.57
302.453
302.338
302.224
302.111
302
301.891
368.766
373.212
377.597
381.839
385.879
389.679
393.212
396.456
399.393
402.004
404.268
406.16
407.652
408.711
409.302
409.386
408.927
407.896
406.292
404.166
401.65
398.949
396.231
393.599
391.098
388.746
386.541
384.472
382.528
380.695
378.961
377.314
375.745
374.243
372.801
371.412
370.068
368.764
367.495
366.256
365.044
363.855
362.685
361.533
360.395
359.269
358.155
357.049
355.951
354.86
353.775
352.694
351.618
350.546
349.477
348.412
347.349
346.29
345.233
344.179
343.128
342.08
341.035
339.992
338.953
337.917
336.886
335.859
334.837
333.821
332.812
331.811
330.819
329.837
328.866
327.907
326.962
326.033
325.119
324.223
323.346
322.488
321.652
320.837
320.046
319.278
318.534
317.816
317.123
316.457
315.816
315.202
314.615
314.053
313.518
313.009
312.525
312.066
311.631
311.22
310.832
310.466
310.121
309.796
309.491
309.204
308.934
308.681
308.443
308.219
308.009
307.81
307.624
307.447
307.28
307.122
306.971
306.827
306.69
306.558
306.431
306.307
306.188
306.072
305.958
305.846
305.736
305.627
305.519
305.411
305.304
305.198
305.091
304.983
304.876
304.767
304.658
304.548
304.438
304.326
304.213
304.1
303.986
303.87
303.755
303.638
303.521
303.403
303.285
303.166
303.048
302.929
302.811
302.693
302.576
302.459
302.343
302.229
302.116
302.004
301.895
365.131
369.031
372.914
376.715
380.383
383.877
387.162
390.212
393.003
395.513
397.716
399.591
401.11
402.246
402.971
403.257
403.083
402.437
401.33
399.808
397.955
395.893
393.733
391.56
389.429
387.371
385.4
383.518
381.726
380.017
378.385
376.823
375.325
373.884
372.493
371.147
369.841
368.57
367.329
366.115
364.924
363.753
362.6
361.461
360.335
359.219
358.112
357.014
355.922
354.836
353.755
352.678
351.604
350.534
349.468
348.404
347.343
346.284
345.228
344.175
343.124
342.076
341.03
339.987
338.948
337.912
336.879
335.851
334.829
333.812
332.802
331.799
330.806
329.823
328.851
327.891
326.945
326.015
325.1
324.204
323.326
322.468
321.631
320.816
320.025
319.257
318.514
317.796
317.104
316.438
315.798
315.184
314.598
314.037
313.503
312.995
312.512
312.054
311.62
311.21
310.823
310.458
310.114
309.79
309.486
309.2
308.931
308.678
308.441
308.218
308.009
307.811
307.625
307.449
307.283
307.125
306.975
306.832
306.695
306.563
306.436
306.314
306.194
306.078
305.965
305.853
305.743
305.635
305.527
305.42
305.313
305.206
305.1
304.993
304.885
304.777
304.668
304.558
304.447
304.336
304.223
304.11
303.996
303.88
303.764
303.648
303.53
303.413
303.294
303.176
303.057
302.938
302.82
302.701
302.584
302.467
302.351
302.236
302.123
302.011
301.901
361.575
365.013
368.455
371.853
375.164
378.35
381.378
384.219
386.847
389.237
391.365
393.209
394.745
395.949
396.799
397.275
397.365
397.065
396.387
395.365
394.057
392.535
390.876
389.144
387.39
385.648
383.94
382.277
380.667
379.111
377.607
376.155
374.75
373.388
372.066
370.779
369.524
368.298
367.096
365.916
364.755
363.61
362.479
361.36
360.251
359.15
358.056
356.967
355.884
354.805
353.73
352.658
351.588
350.522
349.458
348.396
347.336
346.279
345.224
344.171
343.121
342.073
341.027
339.984
338.943
337.906
336.873
335.844
334.82
333.801
332.79
331.786
330.791
329.806
328.833
327.872
326.925
325.993
325.078
324.18
323.302
322.443
321.606
320.791
320
319.232
318.489
317.772
317.08
316.415
315.776
315.164
314.578
314.019
313.486
312.978
312.497
312.04
311.608
311.199
310.813
310.449
310.107
309.784
309.481
309.196
308.928
308.677
308.441
308.219
308.01
307.813
307.628
307.453
307.288
307.13
306.981
306.838
306.702
306.571
306.445
306.323
306.204
306.088
305.975
305.864
305.754
305.646
305.539
305.432
305.326
305.219
305.113
305.006
304.898
304.79
304.681
304.572
304.461
304.35
304.237
304.124
304.01
303.894
303.778
303.662
303.544
303.426
303.307
303.189
303.07
302.951
302.832
302.713
302.595
302.478
302.361
302.246
302.132
302.02
301.91
358.1
361.14
364.194
367.228
370.206
373.096
375.867
378.493
380.947
383.206
385.247
387.047
388.586
389.844
390.802
391.446
391.768
391.766
391.451
390.846
389.989
388.928
387.712
386.39
385.003
383.583
382.153
380.732
379.328
377.95
376.599
375.279
373.988
372.726
371.491
370.281
369.093
367.925
366.775
365.641
364.52
363.411
362.311
361.219
360.133
359.053
357.977
356.904
355.834
354.765
353.698
352.633
351.57
350.508
349.448
348.389
347.331
346.276
345.222
344.17
343.12
342.071
341.025
339.981
338.94
337.902
336.867
335.836
334.81
333.79
332.777
331.771
330.775
329.788
328.813
327.85
326.902
325.968
325.052
324.153
323.274
322.415
321.578
320.763
319.971
319.204
318.461
317.745
317.054
316.389
315.751
315.14
314.556
313.998
313.466
312.961
312.481
312.026
311.595
311.188
310.803
310.441
310.1
309.779
309.477
309.194
308.927
308.677
308.442
308.222
308.014
307.818
307.634
307.46
307.295
307.139
306.99
306.849
306.713
306.583
306.457
306.335
306.217
306.102
305.99
305.879
305.77
305.662
305.555
305.449
305.343
305.237
305.13
305.024
304.917
304.809
304.7
304.591
304.48
304.369
304.256
304.143
304.029
303.913
303.797
303.68
303.562
303.444
303.325
303.206
303.087
302.967
302.848
302.729
302.611
302.493
302.376
302.26
302.145
302.032
301.921
354.709
357.403
360.116
362.822
365.494
368.105
370.63
373.042
375.32
377.441
379.384
381.129
382.656
383.95
384.994
385.778
386.294
386.542
386.529
386.27
385.789
385.118
384.29
383.339
382.298
381.193
380.047
378.878
377.697
376.515
375.339
374.171
373.015
371.873
370.743
369.626
368.522
367.428
366.344
365.268
364.2
363.137
362.079
361.023
359.97
358.918
357.867
356.816
355.764
354.711
353.657
352.603
351.547
350.492
349.437
348.382
347.327
346.274
345.222
344.17
343.121
342.072
341.026
339.981
338.939
337.899
336.862
335.83
334.802
333.78
332.764
331.756
330.757
329.768
328.791
327.827
326.876
325.942
325.024
324.124
323.244
322.385
321.547
320.732
319.94
319.173
318.431
317.715
317.026
316.362
315.726
315.116
314.533
313.977
313.447
312.943
312.465
312.012
311.583
311.178
310.795
310.435
310.095
309.776
309.476
309.194
308.929
308.681
308.447
308.228
308.021
307.827
307.644
307.471
307.307
307.152
307.004
306.863
306.728
306.599
306.474
306.353
306.236
306.121
306.009
305.899
305.791
305.683
305.577
305.471
305.365
305.26
305.154
305.048
304.941
304.833
304.725
304.615
304.505
304.394
304.281
304.168
304.054
303.938
303.822
303.705
303.587
303.468
303.349
303.229
303.109
302.989
302.869
302.75
302.631
302.512
302.394
302.278
302.162
302.048
301.936
351.412
353.802
356.213
358.627
361.021
363.373
365.664
367.871
369.975
371.955
373.793
375.471
376.973
378.284
379.39
380.283
380.956
381.407
381.64
381.665
381.496
381.153
380.66
380.039
379.315
378.509
377.64
376.724
375.775
374.802
373.813
372.814
371.81
370.804
369.797
368.791
367.786
366.782
365.778
364.776
363.773
362.769
361.763
360.755
359.745
358.731
357.713
356.69
355.664
354.633
353.598
352.56
351.517
350.472
349.424
348.374
347.324
346.274
345.224
344.174
343.125
342.076
341.029
339.984
338.94
337.899
336.86
335.826
334.795
333.771
332.753
331.742
330.741
329.749
328.77
327.803
326.851
325.915
324.995
324.095
323.214
322.353
321.515
320.7
319.909
319.143
318.402
317.687
316.998
316.336
315.701
315.093
314.512
313.958
313.43
312.928
312.452
312.001
311.574
311.17
310.79
310.431
310.094
309.777
309.478
309.198
308.935
308.688
308.456
308.238
308.033
307.84
307.659
307.487
307.324
307.17
307.024
306.884
306.75
306.621
306.497
306.377
306.26
306.147
306.035
305.926
305.818
305.711
305.606
305.5
305.395
305.29
305.184
305.079
304.972
304.865
304.757
304.648
304.537
304.426
304.314
304.2
304.086
303.97
303.853
303.736
303.618
303.498
303.379
303.259
303.138
303.017
302.897
302.776
302.656
302.537
302.418
302.3
302.184
302.069
301.956
348.217
350.339
352.483
354.635
356.778
358.894
360.968
362.98
364.915
366.755
368.484
370.087
371.55
372.859
374.004
374.976
375.768
376.379
376.808
377.062
377.149
377.08
376.872
376.539
376.099
375.568
374.962
374.292
373.573
372.812
372.019
371.2
370.361
369.505
368.635
367.754
366.863
365.964
365.056
364.14
363.216
362.284
361.343
360.395
359.438
358.472
357.497
356.514
355.521
354.52
353.511
352.495
351.471
350.441
349.405
348.365
347.321
346.275
345.228
344.18
343.132
342.084
341.037
339.991
338.946
337.903
336.862
335.825
334.793
333.765
332.744
331.731
330.727
329.733
328.751
327.782
326.828
325.89
324.969
324.067
323.185
322.324
321.486
320.671
319.88
319.114
318.374
317.66
316.973
316.313
315.679
315.073
314.494
313.942
313.416
312.917
312.443
311.994
311.569
311.168
310.79
310.433
310.098
309.783
309.486
309.208
308.947
308.701
308.471
308.255
308.051
307.86
307.68
307.509
307.348
307.195
307.05
306.911
306.778
306.65
306.527
306.408
306.292
306.18
306.069
305.961
305.853
305.747
305.642
305.538
305.433
305.328
305.223
305.118
305.012
304.905
304.797
304.688
304.578
304.467
304.355
304.241
304.126
304.01
303.893
303.775
303.657
303.537
303.416
303.295
303.174
303.053
302.931
302.809
302.688
302.567
302.447
302.328
302.211
302.094
301.98
345.133
347.019
348.926
350.845
352.762
354.664
356.537
358.367
360.141
361.844
363.463
364.984
366.396
367.687
368.848
369.871
370.749
371.48
372.061
372.496
372.788
372.945
372.975
372.889
372.698
372.414
372.048
371.612
371.113
370.562
369.966
369.332
368.664
367.968
367.246
366.502
365.738
364.955
364.155
363.339
362.507
361.66
360.798
359.921
359.029
358.123
357.202
356.267
355.319
354.357
353.383
352.396
351.399
350.39
349.373
348.347
347.315
346.277
345.234
344.19
343.143
342.097
341.049
340.003
338.957
337.912
336.87
335.831
334.795
333.765
332.741
331.725
330.718
329.722
328.737
327.766
326.809
325.869
324.947
324.044
323.161
322.3
321.461
320.646
319.856
319.091
318.352
317.639
316.954
316.295
315.664
315.059
314.482
313.932
313.409
312.912
312.44
311.993
311.571
311.172
310.796
310.442
310.109
309.796
309.501
309.225
308.966
308.722
308.494
308.279
308.077
307.887
307.708
307.539
307.38
307.228
307.084
306.946
306.814
306.688
306.566
306.448
306.333
306.221
306.112
306.004
305.898
305.793
305.688
305.584
305.481
305.377
305.272
305.167
305.062
304.955
304.848
304.739
304.629
304.518
304.406
304.292
304.177
304.061
303.943
303.825
303.705
303.585
303.463
303.341
303.219
303.096
302.973
302.85
302.728
302.606
302.484
302.364
302.244
302.126
302.01
342.172
343.847
345.545
347.255
348.969
350.677
352.367
354.029
355.651
357.222
358.73
360.166
361.517
362.776
363.934
364.982
365.917
366.732
367.427
368
368.454
368.791
369.017
369.138
369.16
369.093
368.943
368.719
368.428
368.077
367.673
367.221
366.727
366.194
365.626
365.027
364.399
363.744
363.063
362.358
361.63
360.879
360.106
359.313
358.498
357.663
356.808
355.933
355.039
354.127
353.196
352.249
351.286
350.308
349.316
348.312
347.297
346.272
345.24
344.201
343.158
342.114
341.068
340.021
338.974
337.929
336.885
335.844
334.806
333.773
332.747
331.728
330.718
329.719
328.732
327.758
326.8
325.858
324.934
324.03
323.146
322.285
321.446
320.631
319.841
319.077
318.339
317.628
316.943
316.286
315.657
315.055
314.48
313.932
313.411
312.916
312.446
312.002
311.582
311.186
310.812
310.46
310.129
309.818
309.525
309.251
308.994
308.752
308.525
308.312
308.112
307.924
307.747
307.579
307.421
307.271
307.128
306.991
306.861
306.736
306.615
306.498
306.385
306.274
306.165
306.059
305.954
305.849
305.746
305.643
305.54
305.436
305.333
305.228
305.123
305.017
304.91
304.802
304.692
304.581
304.468
304.354
304.239
304.122
304.004
303.885
303.765
303.643
303.521
303.398
303.274
303.15
303.025
302.901
302.776
302.652
302.529
302.406
302.285
302.165
302.047
339.341
340.83
342.341
343.866
345.399
346.931
348.455
349.961
351.441
352.886
354.285
355.632
356.917
358.132
359.269
360.323
361.287
362.158
362.931
363.607
364.183
364.661
365.044
365.334
365.535
365.652
365.691
365.656
365.553
365.388
365.165
364.889
364.564
364.194
363.782
363.332
362.845
362.323
361.769
361.184
360.569
359.925
359.252
358.553
357.826
357.073
356.294
355.49
354.662
353.809
352.934
352.036
351.117
350.178
349.221
348.246
347.256
346.252
345.236
344.209
343.175
342.134
341.091
340.046
339
337.954
336.909
335.867
334.827
333.793
332.764
331.742
330.73
329.728
328.739
327.763
326.803
325.859
324.934
324.029
323.144
322.282
321.443
320.629
319.84
319.076
318.339
317.629
316.946
316.291
315.663
315.063
314.49
313.944
313.425
312.932
312.465
312.023
311.605
311.211
310.839
310.489
310.16
309.851
309.561
309.289
309.033
308.793
308.568
308.357
308.159
307.972
307.796
307.63
307.473
307.325
307.183
307.048
306.919
306.796
306.676
306.561
306.448
306.339
306.231
306.126
306.022
305.919
305.816
305.714
305.612
305.509
305.407
305.303
305.198
305.093
304.986
304.878
304.768
304.657
304.545
304.43
304.315
304.197
304.079
303.959
303.837
303.714
303.591
303.466
303.341
303.215
303.089
302.962
302.836
302.709
302.583
302.459
302.335
302.212
302.091
336.649
337.973
339.318
340.678
342.048
343.423
344.795
346.159
347.507
348.831
350.126
351.383
352.595
353.757
354.861
355.902
356.875
357.775
358.599
359.345
360.01
360.594
361.098
361.522
361.868
362.14
362.338
362.468
362.532
362.534
362.477
362.365
362.201
361.988
361.729
361.426
361.081
360.696
360.273
359.813
359.318
358.788
358.224
357.627
356.998
356.336
355.644
354.921
354.169
353.387
352.576
351.738
350.874
349.985
349.071
348.135
347.179
346.204
345.211
344.205
343.185
342.156
341.119
340.078
339.034
337.989
336.945
335.902
334.862
333.825
332.795
331.772
330.758
329.754
328.762
327.785
326.823
325.878
324.951
324.045
323.16
322.297
321.458
320.644
319.855
319.092
318.356
317.647
316.965
316.312
315.685
315.087
314.516
313.972
313.455
312.964
312.499
312.058
311.643
311.25
310.881
310.533
310.206
309.898
309.61
309.34
309.086
308.848
308.624
308.415
308.218
308.033
307.859
307.695
307.539
307.392
307.252
307.119
306.991
306.869
306.751
306.637
306.526
306.418
306.312
306.208
306.105
306.003
305.902
305.801
305.7
305.598
305.496
305.393
305.29
305.185
305.078
304.97
304.861
304.75
304.637
304.523
304.406
304.288
304.169
304.047
303.925
303.801
303.675
303.549
303.422
303.293
303.165
303.036
302.907
302.778
302.649
302.521
302.395
302.269
302.145
334.104
335.281
336.478
337.691
338.917
340.149
341.385
342.618
343.843
345.055
346.247
347.415
348.553
349.655
350.715
351.729
352.693
353.601
354.451
355.24
355.965
356.625
357.219
357.746
358.206
358.602
358.932
359.2
359.407
359.556
359.647
359.684
359.668
359.602
359.488
359.327
359.121
358.871
358.58
358.248
357.875
357.464
357.014
356.526
356.002
355.441
354.844
354.211
353.543
352.842
352.106
351.338
350.539
349.709
348.85
347.963
347.05
346.113
345.154
344.175
343.179
342.168
341.145
340.113
339.075
338.034
336.991
335.95
334.91
333.874
332.843
331.819
330.804
329.799
328.806
327.827
326.864
325.918
324.99
324.083
323.198
322.335
321.495
320.681
319.892
319.13
318.394
317.686
317.006
316.353
315.728
315.131
314.561
314.019
313.503
313.014
312.55
312.112
311.698
311.307
310.939
310.593
310.267
309.962
309.675
309.406
309.154
308.918
308.696
308.488
308.293
308.11
307.937
307.774
307.621
307.475
307.337
307.205
307.079
306.959
306.842
306.73
306.62
306.514
306.409
306.307
306.205
306.105
306.005
305.905
305.805
305.705
305.604
305.502
305.399
305.295
305.189
305.082
304.972
304.861
304.748
304.633
304.516
304.397
304.277
304.154
304.03
303.904
303.777
303.648
303.518
303.388
303.256
303.124
302.992
302.86
302.728
302.597
302.466
302.337
302.21
331.713
332.76
333.825
334.907
336.002
337.107
338.219
339.332
340.444
341.55
342.646
343.727
344.788
345.825
346.835
347.811
348.751
349.651
350.507
351.317
352.077
352.786
353.442
354.044
354.591
355.082
355.518
355.898
356.224
356.497
356.716
356.884
357.001
357.069
357.088
357.06
356.987
356.868
356.704
356.498
356.248
355.957
355.624
355.249
354.834
354.378
353.883
353.347
352.773
352.16
351.508
350.82
350.094
349.334
348.539
347.711
346.852
345.963
345.047
344.105
343.141
342.158
341.157
340.143
339.118
338.085
337.048
336.011
334.974
333.94
332.91
331.887
330.872
329.867
328.874
327.894
326.93
325.983
325.055
324.148
323.262
322.398
321.559
320.744
319.956
319.194
318.459
317.751
317.071
316.419
315.795
315.198
314.63
314.088
313.574
313.086
312.623
312.186
311.773
311.384
311.017
310.673
310.349
310.044
309.759
309.492
309.241
309.006
308.786
308.58
308.386
308.204
308.033
307.872
307.72
307.576
307.44
307.31
307.186
307.067
306.952
306.841
306.734
306.629
306.526
306.425
306.326
306.227
306.128
306.03
305.932
305.833
305.733
305.632
305.53
305.427
305.321
305.214
305.105
304.994
304.88
304.765
304.647
304.527
304.405
304.281
304.155
304.027
303.898
303.767
303.634
303.5
303.366
303.23
303.094
302.958
302.822
302.687
302.552
302.419
302.287
329.482
330.412
331.361
332.326
333.305
334.295
335.294
336.299
337.307
338.314
339.317
340.313
341.298
342.269
343.221
344.152
345.058
345.936
346.782
347.594
348.37
349.106
349.8
350.452
351.06
351.622
352.138
352.606
353.028
353.401
353.728
354.007
354.239
354.425
354.564
354.658
354.706
354.709
354.667
354.581
354.451
354.278
354.06
353.8
353.496
353.148
352.758
352.325
351.849
351.331
350.771
350.169
349.527
348.844
348.123
347.363
346.568
345.737
344.874
343.981
343.059
342.112
341.143
340.155
339.151
338.136
337.112
336.082
335.052
334.023
332.997
331.976
330.963
329.96
328.967
327.989
327.025
326.078
325.15
324.242
323.356
322.492
321.653
320.838
320.05
319.288
318.552
317.845
317.165
316.513
315.889
315.294
314.725
314.184
313.671
313.183
312.721
312.285
311.873
311.484
311.119
310.775
310.452
310.149
309.865
309.598
309.349
309.115
308.897
308.692
308.5
308.319
308.15
307.991
307.84
307.698
307.563
307.435
307.313
307.196
307.084
306.975
306.869
306.766
306.666
306.567
306.469
306.372
306.275
306.179
306.082
305.984
305.886
305.787
305.686
305.583
305.478
305.372
305.263
305.151
305.038
304.922
304.803
304.682
304.558
304.432
304.304
304.174
304.041
303.907
303.771
303.634
303.495
303.356
303.216
303.075
302.934
302.794
302.654
302.515
302.378
327.415
328.243
329.087
329.948
330.823
331.71
332.607
333.513
334.424
335.34
336.256
337.171
338.081
338.984
339.876
340.756
341.62
342.465
343.289
344.089
344.863
345.607
346.321
347.002
347.648
348.258
348.831
349.365
349.859
350.313
350.725
351.096
351.424
351.71
351.954
352.154
352.311
352.425
352.495
352.522
352.505
352.444
352.339
352.189
351.995
351.756
351.472
351.144
350.77
350.351
349.887
349.378
348.825
348.228
347.588
346.906
346.183
345.421
344.621
343.785
342.915
342.015
341.088
340.136
339.163
338.174
337.171
336.159
335.14
334.12
333.101
332.087
331.078
330.078
329.089
328.112
327.15
326.205
325.278
324.37
323.484
322.621
321.781
320.967
320.178
319.415
318.68
317.972
317.292
316.64
316.016
315.42
314.852
314.311
313.797
313.31
312.848
312.412
312
311.612
311.247
310.903
310.581
310.278
309.995
309.73
309.481
309.249
309.031
308.828
308.637
308.458
308.29
308.133
307.984
307.844
307.711
307.585
307.465
307.35
307.24
307.133
307.03
306.929
306.831
306.734
306.638
306.544
306.449
306.354
306.259
306.164
306.067
305.969
305.869
305.768
305.664
305.558
305.449
305.338
305.224
305.107
304.987
304.864
304.739
304.611
304.48
304.347
304.211
304.073
303.934
303.792
303.649
303.504
303.359
303.213
303.067
302.92
302.775
302.63
302.486
325.518
326.254
327.006
327.773
328.555
329.349
330.154
330.97
331.793
332.624
333.458
334.295
335.133
335.968
336.8
337.625
338.441
339.246
340.038
340.815
341.573
342.312
343.028
343.72
344.386
345.025
345.634
346.213
346.759
347.272
347.75
348.192
348.598
348.967
349.297
349.588
349.84
350.051
350.221
350.349
350.436
350.479
350.479
350.435
350.347
350.214
350.035
349.81
349.539
349.221
348.856
348.444
347.985
347.479
346.927
346.329
345.686
345
344.272
343.503
342.696
341.853
340.977
340.071
339.14
338.186
337.213
336.226
335.23
334.226
333.22
332.215
331.215
330.222
329.238
328.266
327.307
326.365
325.439
324.534
323.649
322.786
321.947
321.132
320.343
319.581
318.845
318.137
317.456
316.803
316.179
315.582
315.013
314.471
313.957
313.469
313.007
312.57
312.158
311.77
311.405
311.061
310.739
310.437
310.154
309.889
309.641
309.41
309.193
308.991
308.801
308.624
308.458
308.302
308.155
308.017
307.886
307.762
307.645
307.532
307.424
307.32
307.219
307.121
307.025
306.931
306.838
306.745
306.653
306.561
306.468
306.375
306.28
306.184
306.085
305.985
305.882
305.776
305.668
305.557
305.442
305.324
305.203
305.079
304.952
304.821
304.688
304.551
304.412
304.269
304.125
303.978
303.83
303.68
303.528
303.376
303.223
303.07
302.917
302.765
302.614
323.793
324.448
325.118
325.802
326.5
327.21
327.933
328.666
329.409
330.161
330.919
331.683
332.45
333.22
333.99
334.759
335.524
336.284
337.037
337.782
338.515
339.235
339.941
340.63
341.3
341.951
342.579
343.184
343.763
344.316
344.841
345.337
345.802
346.235
346.634
347
347.33
347.623
347.88
348.097
348.275
348.413
348.509
348.563
348.573
348.54
348.461
348.337
348.166
347.948
347.682
347.368
347.005
346.593
346.133
345.625
345.069
344.465
343.816
343.123
342.386
341.61
340.795
339.946
339.066
338.157
337.225
336.274
335.307
334.329
333.344
332.356
331.369
330.387
329.412
328.447
327.495
326.557
325.636
324.734
323.851
322.99
322.152
321.338
320.55
319.787
319.051
318.342
317.66
317.007
316.381
315.783
315.213
314.67
314.154
313.665
313.202
312.765
312.352
311.963
311.597
311.253
310.931
310.628
310.345
310.081
309.834
309.603
309.387
309.185
308.997
308.821
308.656
308.502
308.357
308.221
308.093
307.971
307.856
307.746
307.64
307.539
307.441
307.346
307.253
307.162
307.071
306.982
306.892
306.803
306.713
306.621
306.529
306.435
306.338
306.239
306.137
306.033
305.925
305.813
305.698
305.58
305.457
305.331
305.201
305.068
304.931
304.79
304.647
304.5
304.35
304.198
304.043
303.886
303.728
303.568
303.407
303.246
303.085
302.924
302.765
322.245
322.827
323.424
324.034
324.657
325.292
325.94
326.599
327.268
327.947
328.635
329.329
330.03
330.736
331.446
332.158
332.87
333.582
334.292
334.998
335.699
336.392
337.076
337.75
338.412
339.06
339.693
340.309
340.905
341.482
342.037
342.568
343.074
343.554
344.006
344.429
344.822
345.182
345.51
345.802
346.059
346.278
346.459
346.601
346.701
346.759
346.774
346.744
346.668
346.546
346.377
346.159
345.892
345.576
345.209
344.793
344.327
343.812
343.247
342.636
341.978
341.276
340.531
339.748
338.928
338.075
337.193
336.287
335.36
334.417
333.462
332.5
331.534
330.568
329.607
328.654
327.711
326.782
325.867
324.97
324.091
323.234
322.398
321.586
320.798
320.036
319.299
318.59
317.908
317.253
316.626
316.027
315.455
314.911
314.394
313.903
313.438
312.999
312.585
312.195
311.828
311.483
311.16
310.857
310.574
310.309
310.062
309.831
309.616
309.415
309.228
309.053
308.89
308.738
308.595
308.461
308.334
308.215
308.103
307.996
307.893
307.795
307.7
307.608
307.519
307.431
307.344
307.257
307.171
307.085
306.997
306.909
306.819
306.727
306.633
306.535
306.435
306.331
306.224
306.113
305.997
305.878
305.754
305.626
305.493
305.356
305.216
305.071
304.922
304.769
304.613
304.454
304.292
304.128
303.961
303.793
303.624
303.453
303.282
303.112
302.943
320.875
321.393
321.924
322.468
323.024
323.593
324.173
324.764
325.367
325.979
326.601
327.231
327.869
328.514
329.165
329.821
330.48
331.143
331.806
332.47
333.132
333.792
334.448
335.098
335.741
336.376
337
337.613
338.213
338.799
339.368
339.919
340.451
340.962
341.451
341.916
342.355
342.767
343.15
343.503
343.824
344.112
344.365
344.582
344.761
344.9
344.999
345.055
345.068
345.036
344.958
344.832
344.658
344.435
344.162
343.838
343.464
343.039
342.563
342.038
341.463
340.842
340.175
339.464
338.714
337.925
337.103
336.251
335.374
334.475
333.56
332.632
331.696
330.757
329.817
328.88
327.951
327.034
326.129
325.24
324.369
323.516
322.685
321.876
321.09
320.329
319.594
318.885
318.202
317.546
316.918
316.318
315.744
315.198
314.679
314.186
313.72
313.279
312.863
312.471
312.102
311.756
311.431
311.128
310.844
310.578
310.331
310.1
309.885
309.685
309.499
309.325
309.164
309.013
308.872
308.74
308.616
308.5
308.39
308.286
308.187
308.092
308.001
307.913
307.827
307.743
307.66
307.577
307.494
307.411
307.328
307.243
307.156
307.066
306.975
306.879
306.781
306.678
306.572
306.46
306.345
306.224
306.099
305.968
305.833
305.692
305.547
305.397
305.243
305.084
304.921
304.754
304.584
304.411
304.235
304.057
303.877
303.696
303.514
303.332
303.151
319.686
320.147
320.62
321.105
321.602
322.11
322.629
323.16
323.701
324.253
324.814
325.384
325.964
326.551
327.146
327.747
328.354
328.966
329.582
330.201
330.822
331.443
332.064
332.684
333.301
333.913
334.52
335.12
335.712
336.294
336.864
337.422
337.966
338.494
339.004
339.495
339.966
340.414
340.838
341.237
341.608
341.951
342.262
342.541
342.787
342.996
343.168
343.3
343.392
343.442
343.447
343.408
343.321
343.187
343.003
342.77
342.486
342.151
341.765
341.328
340.841
340.305
339.72
339.089
338.414
337.698
336.944
336.156
335.337
334.491
333.624
332.74
331.843
330.937
330.028
329.117
328.209
327.308
326.418
325.541
324.68
323.836
323.011
322.208
321.426
320.669
319.935
319.227
318.545
317.889
317.26
316.659
316.084
315.536
315.015
314.52
314.051
313.608
313.19
312.796
312.425
312.077
311.751
311.446
311.161
310.895
310.646
310.415
310.201
310.001
309.815
309.642
309.482
309.333
309.194
309.064
308.943
308.83
308.723
308.623
308.527
308.436
308.349
308.265
308.183
308.103
308.024
307.946
307.868
307.789
307.709
307.628
307.544
307.459
307.37
307.277
307.18
307.08
306.974
306.863
306.747
306.625
306.498
306.365
306.227
306.082
305.932
305.777
305.616
305.45
305.279
305.104
304.924
304.741
304.554
304.365
304.173
303.979
303.785
303.59
303.395
318.68
319.091
319.512
319.945
320.388
320.842
321.307
321.783
322.268
322.764
323.27
323.785
324.31
324.843
325.384
325.933
326.489
327.052
327.62
328.193
328.771
329.351
329.934
330.518
331.103
331.687
332.268
332.847
333.421
333.99
334.551
335.104
335.647
336.178
336.697
337.201
337.69
338.16
338.611
339.041
339.449
339.831
340.188
340.516
340.814
341.081
341.314
341.511
341.671
341.792
341.872
341.91
341.903
341.851
341.752
341.604
341.407
341.16
340.862
340.514
340.114
339.665
339.165
338.618
338.024
337.386
336.707
335.989
335.237
334.454
333.644
332.812
331.962
331.099
330.227
329.351
328.473
327.597
326.728
325.868
325.021
324.189
323.375
322.58
321.806
321.053
320.324
319.619
318.938
318.284
317.655
317.053
316.477
315.928
315.405
314.909
314.438
313.992
313.572
313.175
312.802
312.452
312.124
311.817
311.531
311.263
311.014
310.782
310.567
310.367
310.182
310.01
309.851
309.704
309.567
309.439
309.321
309.211
309.107
309.01
308.919
308.832
308.749
308.67
308.593
308.517
308.443
308.37
308.296
308.222
308.147
308.07
307.991
307.909
307.824
307.734
307.64
307.541
307.437
307.327
307.211
307.088
306.96
306.824
306.682
306.533
306.378
306.216
306.048
305.874
305.695
305.509
305.319
305.124
304.926
304.723
304.518
304.311
304.101
303.891
303.681
317.859
318.225
318.601
318.987
319.383
319.789
320.205
320.631
321.067
321.512
321.967
322.432
322.905
323.388
323.879
324.378
324.885
325.4
325.921
326.448
326.982
327.52
328.062
328.608
329.156
329.707
330.258
330.808
331.358
331.905
332.448
332.986
333.519
334.043
334.559
335.065
335.558
336.038
336.503
336.951
337.381
337.791
338.178
338.542
338.88
339.191
339.472
339.721
339.937
340.118
340.262
340.367
340.431
340.452
340.429
340.36
340.245
340.081
339.867
339.604
339.291
338.927
338.514
338.052
337.542
336.986
336.386
335.745
335.065
334.352
333.607
332.836
332.042
331.23
330.404
329.569
328.729
327.887
327.047
326.213
325.386
324.572
323.772
322.99
322.226
321.482
320.759
320.06
319.384
318.732
318.105
317.504
316.929
316.379
315.855
315.357
314.884
314.437
314.014
313.615
313.24
312.888
312.557
312.248
311.96
311.691
311.44
311.208
310.992
310.792
310.607
310.435
310.277
310.131
309.996
309.871
309.755
309.648
309.548
309.455
309.368
309.286
309.208
309.133
309.061
308.991
308.923
308.855
308.787
308.718
308.648
308.576
308.502
308.425
308.344
308.258
308.167
308.071
307.968
307.859
307.743
307.62
307.489
307.351
307.206
307.053
306.892
306.723
306.547
306.365
306.175
305.979
305.777
305.569
305.357
305.14
304.919
304.696
304.47
304.243
304.015
317.226
317.552
317.888
318.233
318.586
318.949
319.321
319.702
320.093
320.493
320.902
321.319
321.746
322.182
322.626
323.079
323.539
324.008
324.483
324.966
325.455
325.951
326.452
326.957
327.467
327.981
328.497
329.015
329.535
330.054
330.572
331.089
331.602
332.111
332.614
333.11
333.598
334.077
334.544
334.998
335.438
335.862
336.268
336.654
337.019
337.36
337.677
337.966
338.226
338.454
338.65
338.81
338.934
339.018
339.062
339.064
339.021
338.933
338.798
338.615
338.384
338.104
337.775
337.397
336.971
336.498
335.98
335.419
334.818
334.179
333.505
332.801
332.071
331.318
330.547
329.762
328.967
328.167
327.364
326.562
325.766
324.977
324.198
323.432
322.683
321.952
321.24
320.55
319.881
319.235
318.612
318.014
317.441
316.892
316.368
315.87
315.396
314.947
314.523
314.122
313.744
313.39
313.057
312.746
312.455
312.184
311.932
311.698
311.481
311.28
311.095
310.924
310.767
310.622
310.488
310.365
310.252
310.148
310.052
309.963
309.88
309.803
309.73
309.66
309.594
309.53
309.468
309.406
309.344
309.282
309.218
309.152
309.083
309.011
308.935
308.854
308.767
308.673
308.573
308.466
308.35
308.227
308.095
307.955
307.805
307.647
307.481
307.305
307.121
306.928
306.728
306.52
306.305
306.083
305.855
305.622
305.385
305.143
304.898
304.651
304.403
316.783
317.074
317.374
317.682
317.998
318.322
318.655
318.997
319.346
319.705
320.072
320.447
320.831
321.223
321.624
322.033
322.449
322.874
323.306
323.746
324.192
324.645
325.104
325.569
326.04
326.515
326.994
327.476
327.962
328.449
328.937
329.425
329.913
330.399
330.882
331.361
331.834
332.301
332.761
333.21
333.649
334.076
334.488
334.885
335.264
335.624
335.963
336.278
336.569
336.833
337.068
337.272
337.444
337.58
337.68
337.741
337.762
337.74
337.676
337.566
337.411
337.209
336.959
336.663
336.319
335.929
335.493
335.013
334.492
333.931
333.333
332.703
332.042
331.355
330.646
329.918
329.177
328.425
327.667
326.907
326.147
325.391
324.641
323.902
323.174
322.46
321.764
321.086
320.429
319.792
319.177
318.585
318.016
317.47
316.949
316.452
315.978
315.529
315.103
314.701
314.322
313.965
313.63
313.317
313.024
312.751
312.497
312.261
312.043
311.841
311.655
311.484
311.327
311.183
311.051
310.93
310.819
310.718
310.625
310.54
310.462
310.389
310.321
310.258
310.198
310.14
310.084
310.029
309.974
309.918
309.861
309.802
309.74
309.674
309.603
309.527
309.445
309.356
309.258
309.153
309.039
308.916
308.783
308.64
308.488
308.325
308.152
307.969
307.776
307.574
307.362
307.141
306.911
306.674
306.43
306.178
305.922
305.66
305.394
305.125
304.855
316.532
316.792
317.061
317.336
317.619
317.909
318.207
318.512
318.825
319.146
319.475
319.812
320.157
320.509
320.87
321.238
321.613
321.997
322.388
322.786
323.191
323.603
324.021
324.445
324.876
325.311
325.752
326.197
326.645
327.097
327.552
328.008
328.465
328.922
329.379
329.833
330.285
330.733
331.175
331.611
332.04
332.459
332.867
333.263
333.645
334.012
334.361
334.692
335.001
335.288
335.55
335.785
335.992
336.169
336.312
336.422
336.495
336.53
336.526
336.481
336.393
336.261
336.085
335.864
335.598
335.287
334.931
334.532
334.091
333.61
333.09
332.536
331.949
331.333
330.692
330.029
329.348
328.653
327.947
327.235
326.519
325.804
325.091
324.385
323.687
323
322.326
321.668
321.025
320.402
319.799
319.216
318.655
318.116
317.6
317.106
316.635
316.187
315.762
315.359
314.979
314.621
314.285
313.97
313.675
313.399
313.143
312.906
312.686
312.483
312.296
312.124
311.966
311.822
311.691
311.572
311.463
311.364
311.275
311.193
311.119
311.051
310.989
310.931
310.877
310.826
310.777
310.729
310.682
310.633
310.584
310.532
310.477
310.418
310.354
310.284
310.207
310.122
310.029
309.927
309.815
309.692
309.559
309.415
309.259
309.092
308.913
308.723
308.521
308.308
308.084
307.849
307.604
307.35
307.088
306.817
306.539
306.255
305.966
305.673
305.377
316.476
316.71
316.95
317.196
317.45
317.709
317.976
318.249
318.529
318.817
319.111
319.413
319.722
320.038
320.361
320.691
321.029
321.374
321.725
322.084
322.45
322.822
323.2
323.585
323.976
324.372
324.774
325.18
325.591
326.006
326.424
326.845
327.268
327.692
328.117
328.542
328.966
329.388
329.807
330.222
330.631
331.034
331.429
331.814
332.189
332.552
332.901
333.235
333.551
333.849
334.126
334.381
334.611
334.815
334.991
335.137
335.251
335.331
335.376
335.385
335.354
335.284
335.173
335.02
334.825
334.588
334.308
333.986
333.623
333.22
332.779
332.302
331.791
331.25
330.681
330.087
329.473
328.84
328.194
327.538
326.874
326.207
325.539
324.873
324.212
323.559
322.915
322.284
321.666
321.063
320.477
319.908
319.359
318.831
318.323
317.836
317.37
316.926
316.504
316.103
315.724
315.366
315.028
314.712
314.415
314.138
313.88
313.641
313.419
313.214
313.025
312.852
312.693
312.549
312.418
312.299
312.191
312.094
312.007
311.929
311.858
311.795
311.738
311.685
311.638
311.593
311.551
311.511
311.47
311.43
311.388
311.344
311.297
311.246
311.189
311.126
311.055
310.976
310.888
310.789
310.68
310.559
310.427
310.281
310.123
309.953
309.768
309.571
309.36
309.137
308.9
308.652
308.391
308.119
307.837
307.545
307.245
306.937
306.622
306.303
305.979
316.619
316.829
317.044
317.265
317.492
317.724
317.963
318.207
318.458
318.715
318.978
319.248
319.524
319.806
320.095
320.391
320.693
321.002
321.317
321.639
321.966
322.301
322.641
322.987
323.339
323.696
324.059
324.427
324.799
325.176
325.556
325.94
326.326
326.715
327.105
327.497
327.888
328.279
328.669
329.056
329.44
329.819
330.193
330.56
330.919
331.268
331.607
331.934
332.247
332.544
332.825
333.087
333.329
333.549
333.745
333.915
334.058
334.172
334.255
334.305
334.322
334.302
334.247
334.153
334.02
333.849
333.638
333.387
333.098
332.77
332.405
332.004
331.57
331.105
330.61
330.089
329.546
328.982
328.401
327.807
327.202
326.59
325.974
325.356
324.74
324.128
323.522
322.924
322.337
321.762
321.201
320.655
320.125
319.613
319.118
318.642
318.186
317.749
317.332
316.936
316.56
316.204
315.868
315.551
315.254
314.976
314.716
314.475
314.25
314.043
313.853
313.677
313.517
313.371
313.239
313.12
313.012
312.916
312.83
312.754
312.686
312.626
312.573
312.526
312.483
312.445
312.409
312.376
312.343
312.31
312.276
312.24
312.201
312.158
312.109
312.053
311.989
311.917
311.834
311.741
311.635
311.517
311.386
311.241
311.082
310.908
310.72
310.516
310.297
310.064
309.816
309.553
309.277
308.987
308.685
308.371
308.046
307.712
307.37
307.022
306.668
316.963
317.151
317.344
317.542
317.745
317.953
318.167
318.385
318.609
318.839
319.073
319.314
319.56
319.812
320.07
320.333
320.602
320.877
321.158
321.445
321.737
322.035
322.339
322.648
322.962
323.282
323.606
323.936
324.269
324.607
324.949
325.295
325.643
325.994
326.347
326.702
327.058
327.414
327.77
328.125
328.478
328.828
329.174
329.515
329.851
330.179
330.499
330.81
331.11
331.398
331.672
331.931
332.174
332.398
332.602
332.785
332.945
333.081
333.189
333.27
333.322
333.342
333.331
333.286
333.206
333.091
332.941
332.754
332.532
332.273
331.98
331.653
331.293
330.902
330.482
330.035
329.564
329.072
328.561
328.034
327.494
326.943
326.386
325.824
325.26
324.696
324.136
323.58
323.032
322.492
321.963
321.446
320.942
320.452
319.978
319.52
319.079
318.655
318.249
317.862
317.492
317.141
316.809
316.494
316.198
315.92
315.66
315.417
315.191
314.981
314.788
314.61
314.448
314.3
314.165
314.044
313.935
313.838
313.752
313.676
313.609
313.551
313.5
313.456
313.418
313.384
313.354
313.326
313.3
313.274
313.248
313.219
313.188
313.152
313.111
313.063
313.007
312.941
312.865
312.777
312.676
312.562
312.434
312.291
312.132
311.957
311.765
311.557
311.331
311.089
310.83
310.555
310.263
309.955
309.633
309.297
308.948
308.587
308.216
307.836
307.45
317.509
317.678
317.851
318.028
318.21
318.396
318.586
318.781
318.981
319.185
319.394
319.608
319.826
320.05
320.279
320.512
320.751
320.994
321.243
321.496
321.755
322.019
322.287
322.561
322.839
323.122
323.409
323.701
323.996
324.296
324.599
324.906
325.215
325.528
325.842
326.159
326.477
326.796
327.115
327.433
327.751
328.067
328.38
328.691
328.996
329.297
329.592
329.879
330.158
330.427
330.686
330.933
331.166
331.385
331.587
331.772
331.938
332.083
332.206
332.306
332.381
332.43
332.451
332.443
332.406
332.337
332.238
332.106
331.942
331.746
331.517
331.258
330.968
330.648
330.301
329.927
329.529
329.11
328.671
328.214
327.743
327.259
326.766
326.265
325.76
325.253
324.745
324.239
323.737
323.24
322.751
322.27
321.8
321.341
320.894
320.461
320.041
319.636
319.247
318.873
318.516
318.174
317.849
317.541
317.249
316.974
316.715
316.473
316.246
316.035
315.84
315.659
315.494
315.342
315.204
315.08
314.968
314.868
314.779
314.701
314.633
314.575
314.524
314.481
314.444
314.413
314.386
314.362
314.341
314.32
314.3
314.277
314.252
314.223
314.189
314.148
314.099
314.04
313.97
313.889
313.794
313.685
313.561
313.42
313.263
313.089
312.896
312.685
312.455
312.207
311.939
311.652
311.347
311.023
310.682
310.324
309.951
309.562
309.161
308.748
308.326
318.254
318.406
318.561
318.719
318.881
319.047
319.217
319.39
319.567
319.748
319.933
320.122
320.315
320.512
320.713
320.919
321.129
321.343
321.561
321.783
322.01
322.241
322.476
322.715
322.959
323.206
323.457
323.711
323.97
324.231
324.496
324.764
325.035
325.308
325.583
325.86
326.139
326.418
326.698
326.979
327.258
327.537
327.814
328.089
328.36
328.628
328.892
329.149
329.401
329.645
329.88
330.107
330.322
330.526
330.717
330.894
331.056
331.201
331.328
331.435
331.523
331.588
331.631
331.649
331.643
331.61
331.551
331.464
331.349
331.205
331.034
330.835
330.608
330.354
330.075
329.771
329.444
329.096
328.729
328.344
327.943
327.529
327.104
326.671
326.23
325.784
325.335
324.886
324.438
323.992
323.55
323.114
322.685
322.264
321.852
321.45
321.06
320.681
320.315
319.961
319.622
319.296
318.984
318.686
318.403
318.134
317.88
317.641
317.416
317.205
317.009
316.827
316.659
316.504
316.362
316.233
316.117
316.012
315.919
315.837
315.765
315.703
315.649
315.603
315.565
315.533
315.506
315.483
315.463
315.445
315.427
315.408
315.386
315.362
315.332
315.296
315.253
315.2
315.136
315.06
314.972
314.868
314.749
314.614
314.461
314.289
314.098
313.887
313.656
313.404
313.13
312.836
312.52
312.183
311.826
311.449
311.052
310.638
310.206
309.76
309.3
319.191
319.326
319.464
319.605
319.749
319.895
320.045
320.198
320.354
320.513
320.676
320.841
321.01
321.183
321.358
321.538
321.72
321.906
322.095
322.288
322.484
322.684
322.887
323.093
323.302
323.515
323.731
323.95
324.171
324.396
324.623
324.853
325.084
325.318
325.554
325.791
326.03
326.269
326.509
326.749
326.989
327.228
327.467
327.703
327.937
328.169
328.397
328.62
328.839
329.053
329.259
329.459
329.65
329.832
330.004
330.165
330.314
330.449
330.57
330.676
330.766
330.838
330.891
330.925
330.939
330.931
330.901
330.848
330.772
330.672
330.548
330.4
330.228
330.033
329.815
329.576
329.315
329.035
328.737
328.422
328.092
327.749
327.393
327.028
326.655
326.276
325.891
325.504
325.115
324.727
324.339
323.955
323.574
323.199
322.83
322.468
322.114
321.769
321.433
321.107
320.792
320.488
320.195
319.914
319.645
319.388
319.143
318.911
318.692
318.485
318.29
318.108
317.939
317.781
317.636
317.503
317.381
317.271
317.172
317.083
317.005
316.936
316.876
316.824
316.78
316.743
316.711
316.684
316.661
316.641
316.621
316.601
316.58
316.556
316.527
316.494
316.453
316.404
316.344
316.274
316.19
316.092
315.979
315.849
315.701
315.534
315.347
315.14
314.91
314.658
314.383
314.085
313.763
313.417
313.048
312.655
312.24
311.802
311.343
310.864
310.367
320.297
320.416
320.538
320.662
320.789
320.917
321.049
321.182
321.318
321.456
321.597
321.741
321.887
322.035
322.186
322.34
322.496
322.655
322.817
322.981
323.148
323.317
323.489
323.663
323.84
324.02
324.201
324.385
324.571
324.759
324.949
325.141
325.335
325.53
325.727
325.924
326.123
326.322
326.522
326.721
326.921
327.12
327.318
327.515
327.71
327.903
328.093
328.28
328.463
328.642
328.816
328.984
329.146
329.301
329.448
329.587
329.716
329.835
329.943
330.039
330.123
330.192
330.248
330.287
330.311
330.318
330.307
330.278
330.23
330.163
330.077
329.971
329.845
329.7
329.535
329.353
329.152
328.934
328.7
328.451
328.188
327.913
327.626
327.33
327.025
326.713
326.396
326.074
325.749
325.422
325.094
324.767
324.441
324.118
323.799
323.483
323.173
322.869
322.571
322.28
321.997
321.721
321.454
321.196
320.948
320.708
320.479
320.259
320.05
319.851
319.662
319.484
319.316
319.158
319.011
318.875
318.749
318.633
318.527
318.43
318.344
318.266
318.197
318.135
318.082
318.035
317.994
317.959
317.928
317.899
317.873
317.847
317.82
317.792
317.76
317.724
317.681
317.632
317.574
317.505
317.424
317.33
317.222
317.097
316.955
316.794
316.614
316.411
316.187
315.939
315.667
315.37
315.047
314.697
314.321
313.918
313.489
313.032
312.55
312.042
311.509
321.53
321.635
321.741
321.848
321.958
322.069
322.182
322.296
322.413
322.531
322.651
322.773
322.896
323.022
323.149
323.278
323.41
323.543
323.677
323.814
323.952
324.093
324.235
324.379
324.524
324.671
324.82
324.97
325.122
325.275
325.43
325.585
325.742
325.899
326.058
326.217
326.377
326.537
326.697
326.857
327.016
327.176
327.334
327.491
327.647
327.801
327.953
328.102
328.249
328.392
328.531
328.666
328.796
328.921
329.04
329.153
329.258
329.356
329.445
329.526
329.596
329.657
329.706
329.744
329.77
329.783
329.783
329.768
329.739
329.696
329.637
329.563
329.474
329.369
329.249
329.114
328.965
328.801
328.625
328.435
328.234
328.022
327.8
327.569
327.33
327.084
326.832
326.576
326.315
326.051
325.786
325.519
325.252
324.985
324.72
324.456
324.195
323.937
323.683
323.434
323.189
322.949
322.714
322.486
322.264
322.049
321.841
321.639
321.446
321.26
321.081
320.911
320.749
320.595
320.45
320.313
320.184
320.064
319.952
319.849
319.753
319.666
319.586
319.513
319.447
319.388
319.334
319.286
319.241
319.2
319.162
319.125
319.087
319.049
319.008
318.963
318.915
318.86
318.797
318.726
318.645
318.552
318.445
318.324
318.187
318.032
317.857
317.662
317.445
317.204
316.939
316.647
316.328
315.981
315.605
315.198
314.761
314.293
313.794
313.262
312.699
322.816
322.905
322.996
323.088
323.18
323.274
323.37
323.466
323.564
323.662
323.762
323.864
323.966
324.069
324.174
324.28
324.387
324.496
324.605
324.716
324.828
324.94
325.054
325.169
325.285
325.402
325.52
325.639
325.759
325.879
326
326.122
326.244
326.366
326.489
326.612
326.735
326.858
326.981
327.104
327.226
327.347
327.468
327.587
327.705
327.822
327.937
328.05
328.16
328.268
328.373
328.475
328.573
328.667
328.757
328.842
328.921
328.996
329.064
329.126
329.181
329.228
329.267
329.298
329.32
329.333
329.335
329.328
329.31
329.282
329.242
329.191
329.129
329.056
328.971
328.875
328.767
328.649
328.521
328.383
328.235
328.079
327.915
327.743
327.564
327.379
327.188
326.993
326.794
326.591
326.386
326.179
325.97
325.76
325.549
325.339
325.13
324.921
324.714
324.509
324.307
324.107
323.91
323.716
323.526
323.34
323.158
322.981
322.808
322.64
322.478
322.32
322.169
322.023
321.883
321.749
321.622
321.5
321.385
321.276
321.173
321.077
320.987
320.902
320.824
320.75
320.682
320.618
320.557
320.5
320.446
320.393
320.34
320.287
320.232
320.175
320.114
320.048
319.977
319.899
319.812
319.715
319.607
319.486
319.351
319.199
319.031
318.842
318.633
318.401
318.145
317.862
317.552
317.213
316.842
316.439
316.003
315.531
315.022
314.475
313.888
324.043
324.118
324.195
324.271
324.349
324.427
324.506
324.585
324.666
324.746
324.828
324.91
324.993
325.076
325.161
325.245
325.331
325.417
325.503
325.591
325.678
325.766
325.855
325.944
326.034
326.124
326.214
326.305
326.396
326.487
326.578
326.67
326.761
326.853
326.944
327.035
327.126
327.216
327.306
327.396
327.484
327.572
327.659
327.745
327.83
327.913
327.995
328.075
328.153
328.229
328.303
328.374
328.443
328.508
328.571
328.63
328.685
328.736
328.783
328.826
328.864
328.896
328.923
328.944
328.959
328.968
328.97
328.964
328.952
328.932
328.905
328.869
328.826
328.775
328.716
328.65
328.575
328.493
328.403
328.306
328.203
328.092
327.976
327.854
327.726
327.593
327.456
327.315
327.17
327.021
326.87
326.716
326.56
326.403
326.244
326.084
325.923
325.762
325.601
325.44
325.279
325.119
324.96
324.802
324.645
324.49
324.337
324.186
324.038
323.891
323.748
323.607
323.47
323.336
323.205
323.078
322.955
322.835
322.72
322.609
322.502
322.399
322.3
322.206
322.115
322.029
321.946
321.866
321.79
321.716
321.644
321.573
321.503
321.433
321.362
321.288
321.212
321.133
321.049
320.96
320.863
320.759
320.646
320.522
320.386
320.236
320.071
319.888
319.686
319.462
319.216
318.945
318.646
318.318
317.958
317.565
317.136
316.668
316.159
315.605
315.004
325.066
325.13
325.194
325.258
325.322
325.387
325.452
325.518
325.584
325.65
325.716
325.782
325.849
325.916
325.983
326.051
326.118
326.186
326.254
326.322
326.39
326.458
326.527
326.595
326.663
326.732
326.8
326.868
326.936
327.004
327.072
327.139
327.206
327.273
327.339
327.405
327.47
327.534
327.598
327.661
327.724
327.785
327.845
327.905
327.963
328.02
328.075
328.129
328.181
328.232
328.281
328.328
328.372
328.415
328.455
328.493
328.527
328.56
328.589
328.615
328.637
328.656
328.671
328.683
328.69
328.693
328.692
328.686
328.676
328.66
328.64
328.614
328.583
328.547
328.506
328.46
328.408
328.352
328.29
328.224
328.152
328.077
327.996
327.912
327.823
327.731
327.635
327.535
327.432
327.327
327.218
327.107
326.994
326.879
326.761
326.642
326.522
326.4
326.276
326.152
326.027
325.901
325.774
325.648
325.52
325.393
325.266
325.139
325.013
324.887
324.762
324.638
324.515
324.393
324.272
324.154
324.037
323.921
323.808
323.697
323.589
323.482
323.378
323.277
323.177
323.081
322.986
322.894
322.803
322.715
322.627
322.541
322.455
322.369
322.282
322.194
322.103
322.01
321.914
321.813
321.707
321.594
321.475
321.346
321.207
321.057
320.892
320.713
320.517
320.301
320.064
319.803
319.516
319.201
318.855
318.474
318.057
317.599
317.097
316.545
315.938
325.703
325.759
325.815
325.872
325.928
325.985
326.041
326.098
326.154
326.211
326.268
326.324
326.381
326.438
326.495
326.551
326.608
326.664
326.721
326.777
326.833
326.889
326.945
327.001
327.056
327.111
327.166
327.22
327.274
327.328
327.381
327.434
327.486
327.538
327.589
327.639
327.689
327.738
327.786
327.833
327.879
327.925
327.969
328.012
328.054
328.095
328.134
328.172
328.209
328.244
328.278
328.31
328.34
328.368
328.394
328.419
328.441
328.461
328.479
328.494
328.507
328.517
328.524
328.529
328.531
328.53
328.526
328.519
328.508
328.494
328.477
328.456
328.432
328.404
328.372
328.337
328.298
328.256
328.211
328.162
328.109
328.053
327.994
327.932
327.866
327.797
327.726
327.651
327.574
327.494
327.411
327.326
327.238
327.149
327.056
326.962
326.866
326.768
326.667
326.566
326.462
326.357
326.251
326.144
326.035
325.925
325.814
325.703
325.591
325.478
325.365
325.251
325.138
325.024
324.911
324.798
324.686
324.574
324.463
324.353
324.244
324.136
324.029
323.923
323.819
323.716
323.615
323.515
323.416
323.318
323.221
323.124
323.028
322.932
322.835
322.737
322.637
322.535
322.431
322.323
322.21
322.092
321.968
321.836
321.695
321.544
321.381
321.204
321.011
320.801
320.57
320.317
320.04
319.734
319.399
319.029
318.623
318.176
317.682
317.136
316.531
301.683
301.4
301.146
300.925
300.736
300.579
300.451
300.349
300.268
300.204
300.154
300.116
300.086
300.064
300.047
300.034
300.024
300.017
300.012
300.009
300.006
300.004
300.003
300.002
300.001
300.001
300
300
300
300
300
300
300
300
300
300
300
300
300
300
300
300
300
300
300
300
300
300
300
300
300
301.684
301.401
301.147
300.925
300.737
300.58
300.452
300.349
300.268
300.204
300.154
300.116
300.086
300.064
300.047
300.034
300.024
300.017
300.012
300.009
300.006
300.004
300.003
300.002
300.001
300.001
300
300
300
300
300
300
300
300
300
300
300
300
300
300
300
300
300
300
300
300
300
300
300
300
300
301.685
301.402
301.148
300.926
300.737
300.58
300.452
300.349
300.268
300.204
300.154
300.116
300.086
300.064
300.047
300.034
300.024
300.017
300.012
300.009
300.006
300.004
300.003
300.002
300.001
300.001
300
300
300
300
300
300
300
300
300
300
300
300
300
300
300
300
300
300
300
300
300
300
300
300
300
301.688
301.404
301.15
300.927
300.738
300.581
300.453
300.35
300.268
300.204
300.155
300.116
300.086
300.064
300.047
300.034
300.025
300.017
300.012
300.009
300.006
300.004
300.003
300.002
300.001
300.001
300
300
300
300
300
300
300
300
300
300
300
300
300
300
300
300
300
300
300
300
300
300
300
300
300
301.692
301.408
301.152
300.93
300.74
300.582
300.454
300.351
300.269
300.205
300.155
300.116
300.087
300.064
300.047
300.034
300.025
300.018
300.012
300.009
300.006
300.004
300.003
300.002
300.001
300.001
300
300
300
300
300
300
300
300
300
300
300
300
300
300
300
300
300
300
300
300
300
300
300
300
300
301.698
301.413
301.156
300.933
300.743
300.584
300.455
300.352
300.27
300.205
300.155
300.117
300.087
300.064
300.047
300.034
300.025
300.018
300.012
300.009
300.006
300.004
300.003
300.002
300.001
300.001
300
300
300
300
300
300
300
300
300
300
300
300
300
300
300
300
300
300
300
300
300
300
300
300
300
301.706
301.419
301.162
300.937
300.746
300.587
300.457
300.353
300.271
300.206
300.156
300.117
300.087
300.064
300.047
300.034
300.025
300.018
300.012
300.009
300.006
300.004
300.003
300.002
300.001
300.001
300
300
300
300
300
300
300
300
300
300
300
300
300
300
300
300
300
300
300
300
300
300
300
300
300
301.717
301.428
301.169
300.943
300.75
300.59
300.46
300.355
300.272
300.207
300.157
300.118
300.087
300.065
300.047
300.034
300.025
300.018
300.013
300.009
300.006
300.004
300.003
300.002
300.001
300.001
300
300
300
300
300
300
300
300
300
300
300
300
300
300
300
300
300
300
300
300
300
300
300
300
300
301.73
301.44
301.178
300.95
300.756
300.594
300.463
300.357
300.274
300.209
300.158
300.118
300.088
300.065
300.048
300.035
300.025
300.018
300.013
300.009
300.006
300.004
300.003
300.002
300.001
300.001
300
300
300
300
300
300
300
300
300
300
300
300
300
300
300
300
300
300
300
300
300
300
300
300
300
301.748
301.454
301.19
300.959
300.763
300.6
300.467
300.36
300.276
300.21
300.159
300.119
300.089
300.065
300.048
300.035
300.025
300.018
300.013
300.009
300.006
300.004
300.003
300.002
300.001
300.001
300
300
300
300
300
300
300
300
300
300
300
300
300
300
300
300
300
300
300
300
300
300
300
300
300
301.769
301.472
301.204
300.97
300.772
300.606
300.471
300.364
300.279
300.212
300.16
300.12
300.089
300.066
300.048
300.035
300.025
300.018
300.013
300.009
300.006
300.004
300.003
300.002
300.001
300.001
300
300
300
300
300
300
300
300
300
300
300
300
300
300
300
300
300
300
300
300
300
300
300
300
300
301.796
301.494
301.222
300.984
300.782
300.614
300.477
300.368
300.282
300.214
300.162
300.121
300.09
300.067
300.049
300.035
300.025
300.018
300.013
300.009
300.006
300.004
300.003
300.002
300.001
300.001
300
300
300
300
300
300
300
300
300
300
300
300
300
300
300
300
300
300
300
300
300
300
300
300
300
301.829
301.521
301.243
301.001
300.795
300.624
300.484
300.373
300.286
300.217
300.164
300.123
300.091
300.067
300.049
300.036
300.026
300.018
300.013
300.009
300.006
300.004
300.003
300.002
300.001
300.001
300
300
300
300
300
300
300
300
300
300
300
300
300
300
300
300
300
300
300
300
300
300
300
300
300
301.869
301.554
301.269
301.021
300.81
300.635
300.493
300.38
300.29
300.221
300.166
300.124
300.092
300.068
300.05
300.036
300.026
300.019
300.013
300.009
300.006
300.004
300.003
300.002
300.001
300.001
300
300
300
300
300
300
300
300
300
300
300
300
300
300
300
300
300
300
300
300
300
300
300
300
300
301.917
301.593
301.301
301.046
300.829
300.649
300.503
300.387
300.296
300.224
300.169
300.126
300.094
300.069
300.05
300.037
300.026
300.019
300.013
300.009
300.006
300.004
300.003
300.002
300.001
300.001
300
300
300
300
300
300
300
300
300
300
300
300
300
300
300
300
300
300
300
300
300
300
300
300
300
301.974
301.64
301.338
301.074
300.851
300.665
300.515
300.396
300.302
300.229
300.172
300.129
300.095
300.07
300.051
300.037
300.027
300.019
300.013
300.009
300.006
300.004
300.003
300.002
300.001
300.001
300
300
300
300
300
300
300
300
300
300
300
300
300
300
300
300
300
300
300
300
300
300
300
300
300
302.042
301.695
301.382
301.109
300.877
300.684
300.529
300.406
300.31
300.234
300.176
300.131
300.097
300.071
300.052
300.038
300.027
300.019
300.014
300.01
300.007
300.004
300.003
300.002
300.001
300.001
300
300
300
300
300
300
300
300
300
300
300
300
300
300
300
300
300
300
300
300
300
300
300
300
300
302.124
301.762
301.435
301.15
300.908
300.707
300.546
300.419
300.319
300.241
300.181
300.134
300.099
300.073
300.053
300.038
300.028
300.02
300.014
300.01
300.007
300.005
300.003
300.002
300.001
300.001
300
300
300
300
300
300
300
300
300
300
300
300
300
300
300
300
300
300
300
300
300
300
300
300
300
302.22
301.84
301.497
301.198
300.944
300.734
300.566
300.433
300.329
300.248
300.186
300.138
300.102
300.075
300.054
300.039
300.028
300.02
300.014
300.01
300.007
300.005
300.003
300.002
300.001
300.001
300
300
300
300
300
300
300
300
300
300
300
300
300
300
300
300
300
300
300
300
300
300
300
300
300
302.333
301.933
301.57
301.254
300.987
300.766
300.589
300.45
300.341
300.257
300.192
300.142
300.105
300.077
300.056
300.04
300.029
300.02
300.014
300.01
300.007
300.005
300.003
300.002
300.001
300.001
300
300
300
300
300
300
300
300
300
300
300
300
300
300
300
300
300
300
300
300
300
300
300
300
300
302.467
302.042
301.657
301.321
301.037
300.803
300.617
300.47
300.355
300.267
300.199
300.147
300.108
300.079
300.057
300.041
300.029
300.021
300.015
300.01
300.007
300.005
300.003
300.002
300.001
300.001
300
300
300
300
300
300
300
300
300
300
300
300
300
300
300
300
300
300
300
300
300
300
300
300
300
302.625
302.17
301.759
301.4
301.097
300.847
300.649
300.493
300.372
300.278
300.207
300.152
300.112
300.081
300.059
300.042
300.03
300.021
300.015
300.01
300.007
300.005
300.003
300.002
300.001
300.001
300
300
300
300
300
300
300
300
300
300
300
300
300
300
300
300
300
300
300
300
300
300
300
300
300
302.81
302.321
301.878
301.493
301.166
300.899
300.687
300.521
300.391
300.292
300.216
300.159
300.116
300.084
300.061
300.043
300.031
300.022
300.015
300.011
300.007
300.005
300.003
300.002
300.001
300.001
300
300
300
300
300
300
300
300
300
300
300
300
300
300
300
300
300
300
300
300
300
300
300
300
300
303.027
302.498
302.019
301.601
301.248
300.96
300.732
300.553
300.414
300.307
300.227
300.166
300.121
300.087
300.063
300.045
300.032
300.022
300.016
300.011
300.007
300.005
300.003
300.002
300.001
300.001
300
300
300
300
300
300
300
300
300
300
300
300
300
300
300
300
300
300
300
300
300
300
300
300
300
303.281
302.706
302.184
301.729
301.345
301.032
300.785
300.591
300.441
300.326
300.239
300.174
300.126
300.091
300.065
300.046
300.033
300.023
300.016
300.011
300.008
300.005
300.003
300.002
300.001
300.001
300
300
300
300
300
300
300
300
300
300
300
300
300
300
300
300
300
300
300
300
300
300
300
300
300
303.578
302.948
302.377
301.879
301.458
301.117
300.847
300.635
300.472
300.347
300.254
300.184
300.133
300.095
300.068
300.048
300.034
300.024
300.017
300.011
300.008
300.005
300.004
300.002
300.001
300.001
300
300
300
300
300
300
300
300
300
300
300
300
300
300
300
300
300
300
300
300
300
300
300
300
300
303.924
303.232
302.603
302.054
301.592
301.218
300.92
300.687
300.508
300.372
300.27
300.195
300.14
300.1
300.071
300.05
300.035
300.025
300.017
300.012
300.008
300.005
300.004
300.002
300.001
300.001
300
300
300
300
300
300
300
300
300
300
300
300
300
300
300
300
300
300
300
300
300
300
300
300
300
304.326
303.563
302.868
302.26
301.75
301.335
301.006
300.748
300.55
300.401
300.29
300.208
300.149
300.106
300.075
300.052
300.037
300.026
300.018
300.012
300.008
300.006
300.004
300.002
300.001
300.001
300
300
300
300
300
300
300
300
300
300
300
300
300
300
300
300
300
300
300
300
300
300
300
300
300
304.793
303.947
303.177
302.502
301.936
301.474
301.107
300.82
300.6
300.435
300.313
300.223
300.158
300.112
300.079
300.055
300.038
300.027
300.018
300.013
300.009
300.006
300.004
300.002
300.001
300.001
300
300
300
300
300
300
300
300
300
300
300
300
300
300
300
300
300
300
300
300
300
300
300
300
300
305.331
304.393
303.536
302.786
302.155
301.638
301.225
300.904
300.658
300.474
300.339
300.24
300.17
300.119
300.083
300.058
300.04
300.028
300.019
300.013
300.009
300.006
300.004
300.002
300.002
300.001
300
300
300
300
300
300
300
300
300
300
300
300
300
300
300
300
300
300
300
300
300
300
300
300
300
305.948
304.908
303.955
303.12
302.412
301.83
301.364
301.002
300.726
300.52
300.369
300.26
300.182
300.127
300.088
300.061
300.042
300.029
300.02
300.014
300.009
300.006
300.004
300.003
300.002
300.001
300
300
300
300
300
300
300
300
300
300
300
300
300
300
300
300
300
300
300
300
300
300
300
300
300
306.65
305.5
304.444
303.51
302.713
302.055
301.527
301.117
300.805
300.573
300.404
300.283
300.197
300.136
300.094
300.065
300.044
300.03
300.021
300.014
300.009
300.006
300.004
300.003
300.002
300.001
300
300
300
300
300
300
300
300
300
300
300
300
300
300
300
300
300
300
300
300
300
300
300
300
300
307.443
306.181
305.009
303.963
303.063
302.317
301.717
301.25
300.897
300.635
300.445
300.309
300.213
300.147
300.101
300.069
300.047
300.032
300.022
300.015
300.01
300.006
300.004
300.003
300.002
300.001
300
300
300
300
300
300
300
300
300
300
300
300
300
300
300
300
300
300
300
300
300
300
300
300
300
308.331
306.953
305.656
304.484
303.468
302.62
301.937
301.405
301.002
300.705
300.49
300.338
300.232
300.158
300.108
300.073
300.05
300.034
300.023
300.015
300.01
300.007
300.004
300.003
300.002
300.001
300
300
300
300
300
300
300
300
300
300
300
300
300
300
300
300
300
300
300
300
300
300
300
300
300
309.31
307.815
306.385
305.078
303.932
302.969
302.19
301.582
301.122
300.785
300.542
300.371
300.253
300.171
300.116
300.078
300.052
300.035
300.024
300.016
300.011
300.007
300.005
300.003
300.002
300.001
300.001
300
300
300
300
300
300
300
300
300
300
300
300
300
300
300
300
300
300
300
300
300
300
300
300
310.366
308.759
307.194
305.741
304.454
303.362
302.475
301.781
301.257
300.873
300.599
300.407
300.275
300.185
300.124
300.083
300.055
300.037
300.025
300.016
300.011
300.007
300.005
300.003
300.002
300.001
300.001
300
300
300
300
300
300
300
300
300
300
300
300
300
300
300
299.999
299.999
299.999
299.999
299.999
299.999
299.999
299.999
299.999
311.475
309.765
308.068
306.467
305.029
303.798
302.791
302.002
301.406
300.97
300.661
300.446
300.299
300.199
300.133
300.088
300.059
300.039
300.026
300.017
300.011
300.007
300.005
300.003
300.002
300.001
300.001
300
300
300
300
300
300
300
300
300
300
300
300
299.999
299.999
299.999
299.999
299.999
299.999
299.999
299.999
299.999
299.999
299.999
299.999
312.594
310.798
308.979
307.234
305.642
304.265
303.13
302.237
301.563
301.072
300.725
300.485
300.323
300.214
300.141
300.093
300.062
300.041
300.027
300.018
300.012
300.008
300.005
300.003
300.002
300.001
300.001
300
300
300
300
300
300
300
300
300
300
300
299.999
299.999
299.999
299.999
299.999
299.999
299.999
299.999
299.999
299.999
299.999
299.999
299.999
313.656
311.795
309.875
307.998
306.26
304.737
303.472
302.474
301.72
301.173
300.788
300.523
300.346
300.227
300.149
300.098
300.064
300.042
300.028
300.018
300.012
300.008
300.005
300.003
300.002
300.001
300.001
300
300
300
300
300
300
300
300
300
300
299.999
299.999
299.999
299.999
299.999
299.999
299.999
299.999
299.999
299.999
299.999
299.999
299.999
299.999
314.557
312.657
310.664
308.682
306.819
305.167
303.784
302.687
301.859
301.26
300.841
300.556
300.365
300.238
300.156
300.102
300.067
300.044
300.029
300.019
300.012
300.008
300.005
300.003
300.002
300.001
300.001
300
300
300
300
300
300
300
300
300
300
299.999
299.999
299.999
299.999
299.999
299.999
299.999
299.999
299.999
299.999
299.999
299.999
299.999
299.999
315.134
313.223
311.194
309.15
307.206
305.465
303.998
302.831
301.952
301.317
300.875
300.576
300.376
300.245
300.16
300.104
300.068
300.044
300.029
300.019
300.012
300.008
300.005
300.003
300.002
300.001
300.001
300
300
300
300
300
300
300
300
300
300
299.999
299.999
299.999
299.999
299.999
299.999
299.999
299.999
299.999
299.999
299.999
299.999
299.999
299.999
)
;

boundaryField
{
    inlet
    {
        type            fixedValue;
        value           uniform 300;
    }
    outlet
    {
        type            zeroGradient;
    }
    top
    {
        type            zeroGradient;
    }
    slip-bottom
    {
        type            zeroGradient;
    }
    bottom
    {
        type            zeroGradient;
    }
    interface
    {
        type            fixedGradient;
        gradient        nonuniform List<scalar> 
161
(
2999.99
2999.99
2999.99
2999.99
2999.99
2999.99
2999.99
2999.99
2999.99
2999.99
2999.99
2999.99
2999.99
2999.99
2999.99
2999.99
2999.99
2999.99
2999.99
2999.99
-1.39266e-12
-1.39266e-12
-1.39266e-12
-1.39266e-12
-1.39266e-12
-1.39266e-12
-1.39266e-12
-1.39266e-12
-1.39266e-12
-1.39266e-12
-1.39266e-12
-1.39266e-12
-1.39266e-12
-1.39266e-12
-1.39266e-12
-1.39266e-12
-1.39266e-12
-1.39266e-12
-1.39266e-12
-1.39266e-12
7.10543e-13
7.10543e-13
7.10543e-13
7.10543e-13
7.10543e-13
7.10543e-13
7.10543e-13
7.10543e-13
7.10543e-13
7.10543e-13
7.10543e-13
7.10543e-13
7.10543e-13
7.10543e-13
7.10543e-13
7.10543e-13
3.12639e-13
3.12639e-13
3.12639e-13
3.12639e-13
3.12639e-13
3.12639e-13
3.12639e-13
3.12639e-13
3.12639e-13
3.12639e-13
3.12639e-13
3.12639e-13
3.12639e-13
3.12639e-13
3.12639e-13
5.68434e-14
5.68434e-14
5.68434e-14
5.68434e-14
5.68434e-14
5.68434e-14
5.68434e-14
5.68434e-14
5.68434e-14
5.68434e-14
5.68434e-14
5.68434e-14
8.52651e-14
8.52651e-14
8.52651e-14
8.52651e-14
8.52651e-14
8.52651e-14
8.52651e-14
8.52651e-14
8.52651e-14
8.52651e-14
8.52651e-14
-2.84217e-13
-2.84217e-13
-2.84217e-13
-2.84217e-13
-2.84217e-13
-2.84217e-13
-2.84217e-13
-2.84217e-13
-2.84217e-13
-2.84217e-13
1.13687e-12
1.13687e-12
1.13687e-12
1.13687e-12
1.13687e-12
1.13687e-12
1.13687e-12
1.13687e-12
1.13687e-12
4.26326e-13
4.26326e-13
4.26326e-13
4.26326e-13
4.26326e-13
4.26326e-13
4.26326e-13
4.26326e-13
3.12639e-13
3.12639e-13
3.12639e-13
3.12639e-13
3.12639e-13
3.12639e-13
3.12639e-13
3.12639e-13
9.66338e-13
9.66338e-13
9.66338e-13
9.66338e-13
9.66338e-13
9.66338e-13
9.66338e-13
5.68434e-14
5.68434e-14
5.68434e-14
5.68434e-14
5.68434e-14
5.68434e-14
5.68434e-14
2.84217e-13
2.84217e-13
2.84217e-13
2.84217e-13
2.84217e-13
2.84217e-13
8.52651e-14
8.52651e-14
8.52651e-14
8.52651e-14
8.52651e-14
8.52651e-14
-5.82645e-13
-5.82645e-13
-5.82645e-13
-5.82645e-13
-5.82645e-13
-5.82645e-13
)
;
    }
    defaultFaces
    {
        type            empty;
    }
}


// ************************************************************************* //
